1.0 0.000662
0.9997482719467791 0.0006890554714166515
0.9989933412559274 0.0007701152665011951
0.9977359680786584 0.0009048476436744977
0.9959774184831784 0.0010926602584380208
0.9937194631798641 0.0013326415998462528
0.9909643757383074 0.0016234801935572922
0.9877149302980233 0.001963362748218465
0.983974398775126 0.0023498576838323596
0.9797465475677883 0.0027804570341089536
0.9750356337637961 0.0032537909252722064
0.9698464008540231 0.003769333104820313
0.9641840739561369 0.004327710447980417
0.9580543545533489 0.004930967038419142
0.9514634147535033 0.00558104592623604
0.9444178910742889 0.006278810870694272
0.9369248777608271 0.0070235289603830615
0.9289919196423689 0.007812751110668972
0.9206270045352917 0.00864563585579857
0.9118385552000445 0.009521363149010994
0.9026354208601434 0.01043758554628326
0.893026868291752 0.01139277259105705
0.8830225724928248 0.01238440880859946
0.8726326069412035 0.013408973660479767
0.8618674334514785 0.014464499284484709
0.8507378916408297 0.015549331298955695
0.8392551880144495 0.016659616212497907
0.8274308846815424 0.01779236773350627
0.8152768877132616 0.01894601158752811
0.8028054351543036 0.020117121767168254
0.7900290847002358 0.02130288730361499
0.7769607010529604 0.022501853936719312
0.763613442967051 0.023711954503372195
0.7500007500000012 0.024930915777026285
0.7361363289797306 0.026156228581649562
0.7220341402029695 0.027388489401226093
0.7077083833784252 0.028623930423860036
0.6931734833288772 0.029861218003941592
0.6784440754666049 0.031096205050665064
0.6635349910567673 0.032326841095732396
0.6484612422835757 0.033547780214173636
0.6332380071342982 0.03475879610642527
0.6178806141163117 0.03595229704755472
0.6024045268225945 0.037128947893439686
0.5868253283611998 0.038281256488337516
0.5711587056643863 0.03940875886750794
0.5554204336932068 0.04050412326211587
0.53962635955346 0.041564858637070656
0.5237923865389984 0.042586520233093804
0.5079344581184592 0.04356578944479057
0.49206854188154264 0.04449974533474697
0.4762106134610034 0.04538483256881929
0.4603766404465418 0.04621515425861271
0.4445825663067951 0.046990130726085266
0.42884429433561555 0.04770721856486455
0.4131776716388019 0.04836447182655883
0.3975984731774073 0.04895809075498908
0.38212238588369013 0.049485775439153085
0.36676499286570347 0.04994770134952176
0.35154175771642593 0.05033842268363404
0.3364680089432345 0.05065835422905538
0.3215589245333967 0.050903745832695205
0.30682951667112446 0.05107090035918676
0.2922946166215764 0.05115980370131659
0.27796885979703195 0.05116716541100567
0.26386667102027084 0.051090282006621204
0.25000225000000004 0.05092738701821555
0.23638955703295023 0.050676044719129315
0.2230422989470406 0.0503333921250206
0.20997391529976522 0.04990064734480552
0.19719756484569737 0.04937213412593171
0.18472611228673938 0.048748741305011084
0.17257211531845837 0.04802844532775011
0.16074781198555124 0.04721138731522911
0.14926510835917092 0.04629469875841097
0.13813556654852208 0.045279260849233186
0.1273703930587972 0.044163759038461856
0.11698042750717567 0.04295038443524946
0.10697613170824836 0.04163892743573596
0.09736757913985698 0.040228948304316545
0.08816444479995575 0.03872588398968243
0.07937599546470865 0.037130188386169896
0.07101108035763132 0.03544267647692233
0.06307812223917314 0.033669680121466636
0.05558510892571125 0.031818676840916243
0.04853958524649679 0.029894296339501737
0.041948645446651354 0.027903379700481533
0.03581892604386319 0.025851748151714725
0.030156599145976966 0.023743412705851983
0.024967366236203895 0.02157901408232645
0.020256452432211736 0.01936392363006539
0.01602860122487397 0.017109079184568762
0.012288069701976805 0.014825795407236464
0.009038624261692541 0.012531251419349422
0.006283536820135871 0.010246297482656659
0.004025581516821576 0.007997943537322758
0.002267031921341565 0.005822560607958678
0.001009658744072489 0.0037606082581784165
0.0002547280532210335 0.0018872523113494443
3e-06 0.0007602243693039521
3e-06 -0.000144
0.0002547280532210335 -0.0011178410990694099
0.001009658744072489 -0.002230970928422627
0.002267031921341565 -0.002960049339918026
0.004025581516821576 -0.004081770906002003
0.006283536820135871 -0.0049994045497357975
0.009038624261692541 -0.0059998082615912674
0.012288069701976805 -0.006925908298606887
0.01602860122487397 -0.007809267761570334
0.020256452432211736 -0.008639720247674633
0.024967366236203895 -0.00940122076304199
0.030156599145976966 -0.010093766408704262
0.03581892604386319 -0.010715300884215519
0.041948645446651354 -0.011264349051618829
0.04853958524649679 -0.011738891734628581
0.05558510892571125 -0.012139499642021169
0.06307812223917314 -0.012469947365711068
0.07101108035763132 -0.012735226164659458
0.07937599546470865 -0.01293548925024949
0.08816444479995575 -0.013070981334996346
0.09736757913985698 -0.013148008406288379
0.10697613170824836 -0.013171628637544263
0.11698042750717567 -0.013148342413954144
0.1273703930587972 -0.01308410528359289
0.13813556654852208 -0.012984224412881933
0.14926510835917092 -0.012859360286043276
0.16074781198555124 -0.01271926477068445
0.17257211531845837 -0.01256372760067767
0.18472611228673938 -0.012395571639138197
0.19719756484569737 -0.012214858058181167
0.20997391529976522 -0.012029890452009095
0.2230422989470406 -0.011839841321631317
0.23638955703295023 -0.011645517473470307
0.25000225000000004 -0.011447856359265643
0.26386667102027084 -0.011245720109250868
0.27796885979703195 -0.011041274841438327
0.2922946166215764 -0.010832849591942197
0.30682951667112446 -0.01062210679584856
0.3215589245333967 -0.010407321225671482
0.3364680089432345 -0.010190845189234809
0.35154175771642593 -0.009972310475151966
0.36676499286570347 -0.009750355778067874
0.38212238588369013 -0.009527520174965198
0.3975984731774073 -0.009302942740163961
0.4131776716388019 -0.00907559722870537
0.42884429433561555 -0.008848922642383503
0.4445825663067951 -0.008620071018478262
0.4603766404465418 -0.008390701929844424
0.4762106134610034 -0.00815952041578463
0.49206854188154264 -0.007930146997094384
0.5079344581184592 -0.007698619580155085
0.5237923865389984 -0.007468350051989143
0.53962635955346 -0.0072393517550498375
0.5554204336932068 -0.007008959888866625
0.5711587056643863 -0.006780400716020478
0.5868253283611998 -0.006552737520958061
0.6024045268225945 -0.00632640026071324
0.6178806141163117 -0.006101545075495113
0.6332380071342982 -0.005878225604011766
0.6484612422835757 -0.005656514134482123
0.6635349910567673 -0.0054382948868179175
0.6784440754666049 -0.005221667572711868
0.6931734833288772 -0.005006665593427621
0.7077083833784252 -0.004795537662383342
0.7220341402029695 -0.004588286345732354
0.7361363289797306 -0.004382436061953069
0.7500007500000012 -0.004181259974301555
0.763613442967051 -0.0039835667108395565
0.7769607010529604 -0.0037897513539397842
0.7900290847002358 -0.0036002641256746987
0.8028054351543036 -0.003413947265850363
0.8152768877132616 -0.003233462935580223
0.8274308846815424 -0.003056510945303771
0.8392551880144495 -0.0028839019892474916
0.8507378916408297 -0.0027173485307924075
0.8618674334514785 -0.002555342722309087
0.8726326069412035 -0.0023994930827053924
0.8830225724928248 -0.002248229428109158
0.893026868291752 -0.0021026058227956437
0.9026354208601434 -0.0019624447606205824
0.9118385552000445 -0.0018288515720605643
0.9206270045352917 -0.0017023570189667585
0.9289919196423689 -0.0015807822602849166
0.9369248777608271 -0.0014652504392016269
0.9444178910742889 -0.0013567809106568786
0.9514634147535033 -0.0012541767557931894
0.9580543545533489 -0.0011577307636369454
0.9641840739561369 -0.001068662564142196
0.9698464008540231 -0.000986777862993694
0.9750356337637961 -0.0009113309109355751
0.9797465475677883 -0.0008424462366534913
0.983974398775126 -0.000780803120873246
0.9877149302980233 -0.0007267215449791252
0.9909643757383074 -0.000679919496305497
0.9937194631798641 -0.0006401280489051772
0.9959774184831784 -0.0006073017106372361
0.9977359680786584 -0.0005815301309045212
0.9989933412559274 -0.0005629629850124106
0.9997482719467791 -0.0005517504350930059
1.0 -0.000548
