1.000007 0.0012215216921034984
0.9997552769813552 0.001248095071993334
0.9990003613891628 0.0013276996027739275
0.9977430133594328 0.0014599810456277463
0.9959844989350503 0.001644324404554504
0.9937265887909774 0.001879817410441487
0.9909715564513348 0.0021652001566283253
0.9877221760001544 0.0024988016341025592
0.9839817192881122 0.002878468927633705
0.9797539526380522 0.003302011439530585
0.9750431330526187 0.00376809673493189
0.9698540039278153 0.004276077933302893
0.9641917902768068 0.004826566287588332
0.9580621934687745 0.005421680170065899
0.9514713854881205 0.0060630036399108
0.9444260027198024 0.006750615901754227
0.9369331392670566 0.007484045839043729
0.9290003398082366 0.008262115225755253
0.9206355919999635 0.00908261019577777
0.9118473184342304 0.009944335182726865
0.9026443681575681 0.010848032442906646
0.8930360077608047 0.0117897987837289
0.8830319120483937 0.012765640608598427
0.8726421542967068 0.013774488402975356
0.8618771961110976 0.014816020430701649
0.8507478768919527 0.01588541330793173
0.839265402920334 0.016979955884993972
0.827441336074203 0.018098184366394182
0.8152875821865907 0.019237430386751533
0.8028163790574323 0.02039313919407502
0.7900402841311401 0.02156444994558968
0.7769721618523219 0.022750135295167923
0.7636251707123749 0.023947523286837618
0.7500127500000012 0.025154434669138078
0.7361486062689829 0.02636873560803991
0.7220466995368435 0.027589867927733942
0.7077212292282953 0.028816175213739775
0.6931866198776203 0.030045290019360127
0.6784575066043891 0.03127247397465748
0.6635487203771342 0.032496083842627914
0.6484752730798224 0.033711842424449225
0.6332523423961613 0.0349164004539774
0.6178952565269566 0.03610785558726271
0.602419478755914 0.03728422958193816
0.5868405918794233 0.03843528097000739
0.5711742825160037 0.039566858562898904
0.5554363253112078 0.040665039487053314
0.5396425670538915 0.041731787306947585
0.5238089107198401 0.0427621060650262
0.5079512994588208 0.043751614952070764
0.492085700541181 0.04470026496444095
0.4762280892801617 0.04560079980386602
0.46039443294611043 0.04645121920827191
0.4446006746887941 0.047248128071217935
0.4288627174839983 0.04799063687766698
0.4131964081205787 0.04867688504854089
0.397617521244088 0.04930215188142967
0.38214174347304525 0.049864122554865026
0.3667846576038404 0.05036489525220805
0.35156172692017923 0.05079721048492423
0.3364882796228677 0.05116124274920306
0.32157949339561265 0.05145526470664542
0.3068503801223814 0.05167214844913863
0.29231577077170645 0.051816742828668313
0.27799030046315804 0.05188137265653734
0.2638883937310186 0.051863930765232415
0.25002425000000006 0.051765491775844205
0.23641182928762636 0.05158063966966476
0.2230648381476793 0.05130916740974889
0.20999671586886096 0.05094791833676692
0.19722062094256876 0.05049439886088902
0.18474941781341023 0.04994867311019096
0.17259566392579784 0.04930769254968434
0.16077159707966684 0.048573433902587004
0.149289123108048 0.047740849879146334
0.13815980388890312 0.046812220801142966
0.12739484570329396 0.04578158689822339
0.11700508795160688 0.044656527968814926
0.1070009922391958 0.04343185588222795
0.09739263184243231 0.042110018354335095
0.08818968156577006 0.040692665054141146
0.07940140800003696 0.039178335461704586
0.07103666019176368 0.03757024249080713
0.06310386073294384 0.035874776816279055
0.055610997280197805 0.03409337006516542
0.048565614511879664 0.03222915693131304
0.04197480653122568 0.030287216549207463
0.035845209723193355 0.02826535366400188
0.030182996072184828 0.02615946851222831
0.024993866947381305 0.023963803986516458
0.020283047361947883 0.021670227322794104
0.016055280711887936 0.019287855491643288
0.01231482399984566 0.016831612900585005
0.00906544354866517 0.014306455086412127
0.006310411209022634 0.01173542612451466
0.004052501064949884 0.009162091834680957
0.0022939866405672963 0.006629886744900426
0.0010366386108372082 0.004193572942365408
0.0002817230186448654 0.0019320944262484635
3e-05 0.0008790982405579012
3e-05 0.000612
0.0002817230186448654 -0.005088154684891001
0.0010366386108372082 -0.00024273732310965422
0.0022939866405672963 -0.005590199735262906
0.004052501064949884 -0.003988883889196354
0.006310411209022634 -0.005584005401670122
0.00906544354866517 -0.006237102864571248
0.01231482399984566 -0.006083660802271616
0.016055280711887936 -0.00648275371179952
0.020283047361947883 -0.0070605144299649295
0.024993866947381305 -0.007339877839982429
0.030182996072184828 -0.007495737380013484
0.035845209723193355 -0.007690905832978113
0.04197480653122568 -0.007855026288501297
0.048565614511879664 -0.007944632813785891
0.055610997280197805 -0.00799405767253801
0.06310386073294384 -0.00801537874233242
0.07103666019176368 -0.008002804344437444
0.07940140800003696 -0.007962258700577339
0.08818968156577006 -0.00789975297473519
0.09739263184243231 -0.007817688507870062
0.1070009922391958 -0.007719148280855919
0.11700508795160688 -0.007606259732137245
0.12739484570329396 -0.007481896121266799
0.13815980388890312 -0.007351473772784197
0.149289123108048 -0.007218826616130001
0.16077159707966684 -0.007086844799715439
0.17259566392579784 -0.006961101574172971
0.18474941781341023 -0.00683804856553604
0.19722062094256876 -0.006717917535470041
0.20999671586886096 -0.006620936479562357
0.2230648381476793 -0.0065351982005191775
0.23641182928762636 -0.006444079596308462
0.25002425000000006 -0.006349135366092263
0.2638883937310186 -0.006251006562395423
0.27799030046315804 -0.00615391608105963
0.29231577077170645 -0.006052156738420122
0.3068503801223814 -0.005951325073582668
0.32157949339561265 -0.0058478724231968175
0.3364882796228677 -0.005743387315843963
0.35156172692017923 -0.005638345249797993
0.3667846576038404 -0.005530908957226726
0.38214174347304525 -0.005423863790025408
0.397617521244088 -0.005316028567216159
0.4131964081205787 -0.005206639212569212
0.4288627174839983 -0.005096945442993686
0.4446006746887941 -0.0049871059237705075
0.46039443294611043 -0.004877061020299949
0.4762280892801617 -0.004764933612967879
0.492085700541181 -0.004654682948632452
0.5079512994588208 -0.004542909024750845
0.5238089107198401 -0.0044313296972671315
0.5396425670538915 -0.004321981234559664
0.5554363253112078 -0.004210041356332767
0.5711742825160037 -0.004100145779342671
0.5868405918794233 -0.003990774779952134
0.602419478755914 -0.0038821076025688486
0.6178952565269566 -0.0037740754840654028
0.6332523423961613 -0.003666835822823846
0.6484752730798224 -0.003558785585953704
0.6635487203771342 -0.0034547955441666996
0.6784575066043891 -0.003349915066597181
0.6931866198776203 -0.0032459138516400987
0.7077212292282953 -0.0031443558085837067
0.7220466995368435 -0.0030453327713977595
0.7361486062689829 -0.002944878385425712
0.7500127500000012 -0.0028484720477899633
0.7636251707123749 -0.002753452390812794
0.7769721618523219 -0.0026604812527823785
0.7900402841311401 -0.0025690053060312768
0.8028163790574323 -0.0024783920329718677
0.8152875821865907 -0.0023926601775538887
0.827441336074203 -0.0023075456443570675
0.839265402920334 -0.0022231519126994495
0.8507478768919527 -0.0021432243880876935
0.8618771961110976 -0.002065196528873026
0.8726421542967068 -0.001991206901020628
0.8830319120483937 -0.0019173013272296003
0.8930360077608047 -0.0018465658292836063
0.9026443681575681 -0.0017795480314823898
0.9118473184342304 -0.0017155530350196901
0.9206355919999635 -0.001654401927969828
0.9290003398082366 -0.0015962717731169015
0.9369331392670566 -0.0015409624047948776
0.9444260027198024 -0.0014882770502591188
0.9514713854881205 -0.0014383440506262227
0.9580621934687745 -0.0013917584320469474
0.9641917902768068 -0.001349250498695158
0.9698540039278153 -0.001310287668321401
0.9750431330526187 -0.001273881611439547
0.9797539526380522 -0.0012401893812339121
0.9839817192881122 -0.0012101371105199899
0.9877221760001544 -0.0011841587408159275
0.9909715564513348 -0.0011618732323605187
0.9937265887909774 -0.0011428866458297491
0.9959844989350503 -0.0011270902731650191
0.9977430133594328 -0.0011145520233387333
0.9990003613891628 -0.0011054235567121247
0.9997552769813552 -0.0010998666754410231
1.000007 -0.001098
