1.000008 0.00024241395458966924
0.999756269429491 0.00026740068385230854
0.9990013311893099 0.0003427497584085899
0.9977439454382714 0.00046953883326107844
0.9959853782572426 0.0006492685495775727
0.9937274003743076 0.0008834236643888176
0.9909722853817938 0.0011728671964654515
0.9877228074469578 0.0015170760443858032
0.9839822385186332 0.0019132287952826007
0.9797543450326565 0.0023554503550591434
0.9750433841193848 0.0028402533873876385
0.9698540993171271 0.003370147185281681
0.9641917157958021 0.003949791265622941
0.9580619350956361 0.004575618865833881
0.9514709293861948 0.005236390405876885
0.9444253352515323 0.0059268393690972586
0.9369322470077126 0.006652601801918978
0.9289992095594352 0.0074161198781124635
0.9206342108029559 0.00821431170983983
0.9118456735829519 0.009047602214779184
0.9026424472114312 0.009917562021119588
0.8930337985572259 0.01082137382060344
0.8830294027150405 0.011757381133418756
0.8726393332634519 0.012724650797666331
0.8618740521216692 0.013720756925256051
0.8507443990152683 0.014746955884182992
0.8392615805615075 0.015797052125489992
0.8274371589852122 0.01686744005474324
0.815283040476597 0.01796212438979475
0.8028114632027394 0.019071777139787627
0.7900349849847838 0.020196461361817925
0.77696647065328 0.021331841585117382
0.7636190790943892 0.022478577773592853
0.7500062500000013 0.02363611843486236
0.7361416903351046 0.02480237685053966
0.7220393605360327 0.025972287915483935
0.7077134604534903 0.02714711529064261
0.6931784150545057 0.02832599417651433
0.678448859897713 0.029501797037336092
0.6635396263965839 0.030674825587815507
0.6484657268854525 0.0318332602314609
0.6332423395033667 0.032964250411250985
0.6178847929109893 0.03407536260376605
0.6024085508559349 0.03515681007602098
0.5868291966020883 0.03620827124793444
0.5711624172385777 0.03722653248537643
0.5554239878842063 0.03820720994415565
0.5396297558032443 0.03914937231072219
0.5237956244485776 0.04004683520379304
0.5079375374482784 0.0409001379330868
0.4920714625517235 0.041705592785489694
0.47621337555142434 0.04246115607013465
0.4603792441967576 0.04316646919141008
0.4445850121157956 0.04381984228650544
0.4288465827614242 0.04441672340361269
0.41317980339791366 0.0449615530499746
0.397600449144067 0.045448859751243034
0.38212420708901257 0.045877991083641816
0.36676666049663503 0.04624918969181509
0.3515432731145493 0.04655931110997615
0.33646937360341794 0.046808385842218296
0.3215601401022888 0.04699292576068491
0.306830584945496 0.047113868953148154
0.29229553954651144 0.047168347928920246
0.27796963946396896 0.04715464614329854
0.263867309664897 0.04707130166999144
0.25000275000000005 0.04691401594774892
0.2363899209056122 0.04668156583972161
0.2230425293467213 0.04637015024213251
0.2099740150152174 0.045977382361578306
0.19719753679726168 0.0454988753331536
0.18472595952340395 0.044932965624494454
0.17257184101478865 0.044277874174709374
0.16074741943849347 0.04353170592247131
0.1492646009847324 0.042693494258810215
0.13813494787833155 0.041762837393506794
0.12736966673654881 0.040740119304951514
0.11697959728496009 0.039625985643878064
0.10697520144277466 0.03841992110430866
0.09736655278856933 0.037123806495614566
0.0881633264170486 0.03574016884027506
0.07937478919704449 0.03426948149621166
0.07100979044056516 0.03271277403190805
0.0630767529922878 0.0310729979479473
0.05558366474846797 0.029354904774240347
0.04853807061380536 0.027561247706544067
0.0419470649043642 0.025695601634348447
0.03581728420419811 0.023760405918729695
0.030154900682873038 0.021761084962216345
0.024965615880615192 0.019705998971338113
0.020254654967343667 0.017605111427539486
0.016026761481366992 0.015473357668245133
0.012286192553042379 0.013321507634543043
0.009036714618206227 0.011170385108909357
0.006281599625692489 0.009048763939596614
0.004023621742757422 0.006968649772566595
0.0022650545617287003 0.0049790345901234954
0.0010076688106901298 0.0031329709654137066
0.0002527305705091176 0.001453383259867056
1e-06 0.0007405950410721585
1e-06 -9.4e-05
0.0002527305705091176 -0.0011767231575574837
0.0010076688106901298 -0.002650904686901505
0.0022650545617287003 -0.003389147419867145
0.004023621742757422 -0.004514306623740051
0.006281599625692489 -0.005379079311901472
0.009036714618206227 -0.006270689548764626
0.012286192553042379 -0.007113325644173889
0.016026761481366992 -0.00786600221132829
0.020254654967343667 -0.008562524785951861
0.024965615880615192 -0.009188564982725904
0.030154900682873038 -0.009735213316797497
0.03581728420419811 -0.010207078694225625
0.0419470649043642 -0.010610023348768566
0.04853807061380536 -0.010942689012401037
0.05558366474846797 -0.01120493281919086
0.0630767529922878 -0.011396938385014689
0.07100979044056516 -0.011519214864379484
0.07937478919704449 -0.011573155841938677
0.0881633264170486 -0.011561200494095519
0.09736655278856933 -0.011486227691710102
0.10697520144277466 -0.011351094282255628
0.11697959728496009 -0.011159763386023112
0.12736966673654881 -0.010916178913511262
0.13813494787833155 -0.010623564221551434
0.1492646009847324 -0.010284723565883523
0.16074741943849347 -0.009903460840520874
0.17257184101478865 -0.009482726120296412
0.18472595952340395 -0.009025619970049657
0.19719753679726168 -0.008536816306039216
0.2099740150152174 -0.008020221388258546
0.2230425293467213 -0.007478501676913601
0.2363899209056122 -0.006915512736935401
0.25000275000000005 -0.006333920706581967
0.263867309664897 -0.005737691638887616
0.27796963946396896 -0.0051280076657525524
0.29229553954651144 -0.004508627683588388
0.306830584945496 -0.0038816817678498598
0.3215601401022888 -0.0032508755250618276
0.33646937360341794 -0.0026177277848027348
0.3515432731145493 -0.0019863761101116748
0.36676666049663503 -0.0013600689857692248
0.38212420708901257 -0.0007429231532726383
0.397600449144067 -0.00013658374230277233
0.41317980339791366 0.00045356049332534974
0.4288465827614242 0.0010269280419208323
0.4445850121157956 0.0015789839416685074
0.4603792441967576 0.0021074937614614917
0.47621337555142434 0.0026117508859737023
0.4920714625517235 0.0030879763942797973
0.5079375374482784 0.0035370087704634165
0.5237956244485776 0.003960511764961273
0.5396297558032443 0.004348719845026738
0.5554239878842063 0.004699728136892414
0.5711624172385777 0.005012457629982165
0.5868291966020883 0.00528306115813364
0.6024085508559349 0.005516071785616411
0.6178847929109893 0.005709794223309165
0.6332423395033667 0.005862896088363994
0.6484657268854525 0.005979135498626468
0.6635396263965839 0.0060587540981826326
0.678448859897713 0.006099122578751749
0.6931784150545057 0.00610284524089211
0.7077134604534903 0.006075224873670468
0.7220393605360327 0.006014123961468128
0.7361416903351046 0.0059222380285588435
0.7500062500000013 0.00580345417059744
0.7636190790943892 0.005657106094622556
0.77696647065328 0.005484595360930508
0.7900349849847838 0.00529028340960992
0.8028114632027394 0.005078848686406389
0.815283040476597 0.004848516068752224
0.8274371589852122 0.004602822850606645
0.8392615805615075 0.004345398030884364
0.8507443990152683 0.004077307606855864
0.8618740521216692 0.003801264707642189
0.8726393332634519 0.0035205125850619632
0.8830294027150405 0.0032364044344186005
0.8930337985572259 0.002950068151526798
0.9026424472114312 0.002665565156218666
0.9118456735829519 0.0023850692509674964
0.9206342108029559 0.0021074918542381043
0.9289992095594352 0.0018349336480974587
0.9369322470077126 0.0015699860828034715
0.9444253352515323 0.0013143025070205137
0.9514709293861948 0.0010687440778256992
0.9580619350956361 0.0008337370370743524
0.9641917157958021 0.0006103172869737828
0.9698540993171271 0.00039988295898484163
0.9750433841193848 0.000204046844744874
0.9797543450326565 2.4682105976730015e-05
0.9839822385186332 -0.00013682023869093893
0.9877228074469578 -0.00027868943239354825
0.9909722853817938 -0.0003993956808510579
0.9937274003743076 -0.0004987447090832016
0.9959853782572426 -0.0005774543166085944
0.9977439454382714 -0.000636722645701622
0.9990013311893099 -0.0006778664721748033
0.999756269429491 -0.0007020345527023381
1.000008 -0.00071
