1.0 0.000267
0.9997482737088806 0.0002934676705136205
0.9989933483025598 0.00037314479522353823
0.9977359839269294 0.0005067862560823249
0.9959774466413335 0.000695426267041535
0.9937195071437538 0.000940045755827199
0.990964438987867 0.0012411131945274513
0.9877150162937691 0.0015980052929403825
0.9839745109546711 0.0020083156847125598
0.9797466893423806 0.0024674584675473186
0.9750358085148839 0.0029728437684272357
0.9698466119298503 0.0035250177435063442
0.9641843246683713 0.004125232120586617
0.9580546481737477 0.004770846567945808
0.9514637545106193 0.00545700792270241
0.9444182801502186 0.006182710937184349
0.9369253192880074 0.006950686662377228
0.9289924167004225 0.007760548406311218
0.9206275601479268 0.00860867750447347
0.9118391723320096 0.00948827542822003
0.902636102414242 0.010395286479699253
0.8930276171059205 0.011332415807537528
0.8830233913372739 0.01229934932969036
0.8726334985156295 0.013290571856859447
0.8618684003823451 0.014299328032728377
0.8507389364787228 0.015329533838795149
0.8392563132315091 0.016382215462305255
0.8274320926689736 0.017452754929021444
0.8152781807789267 0.018534897413236925
0.8028068155203986 0.01962593432019961
0.7900305545010523 0.02072652270064941
0.7769622623327369 0.021832950072158713
0.7636150976779144 0.02293695536012591
0.7500025000000012 0.024045106522528305
0.7361381760309689 0.025145187909311705
0.7220360859698254 0.026241302392196346
0.7077104294258797 0.027329728616102455
0.6931756311209372 0.028736587761854084
0.6784463263648294 0.03030654527179788
0.6635373463188956 0.031863088681793175
0.6484637030622621 0.0334027266530094
0.6332405744759503 0.034923368327123734
0.6178832889600373 0.03641798297567327
0.6024073099992563 0.037886482941649334
0.586828220592578 0.039323059518534785
0.5711617075624523 0.040720868438801794
0.5554235457595071 0.042082604575677515
0.539629582178611 0.04339250533476735
0.523795720002293 0.04465211426388149
0.5079379025875856 0.045852425168701506
0.4920720974124161 0.04699413985060105
0.4762142799977088 0.048072607657567275
0.46038041782139083 0.04908759756053543
0.44458645424049476 0.050035796307752976
0.4288482924375495 0.05091442944183338
0.41318177940742384 0.05172073447367974
0.3976026900007456 0.052455572342329136
0.38212671103996443 0.05311219531964159
0.36676942552405145 0.05369255092755673
0.35154629693773964 0.05419254584223777
0.3364726536811061 0.05460935831374475
0.3215636736351723 0.05494073903721077
0.3068343688790644 0.05518414910063077
0.292299570574122 0.05533536229728796
0.27797391403017613 0.05539430007552424
0.2638718239690326 0.05535526612689432
0.25000750000000005 0.05521645514252082
0.23639490232208688 0.054975370916795156
0.22304773766726416 0.05462754934747892
0.20997944549894873 0.054172371415095906
0.19720318447960236 0.05360647208066444
0.18473181922107418 0.05292742419922372
0.17257790733102718 0.0521351286430846
0.16075368676849172 0.051227579396855995
0.14927106352127792 0.05020251630757597
0.13814159961765543 0.04906078743525366
0.12737650148437105 0.047803917647331606
0.11698660866272659 0.04643058310275723
0.10698238289407996 0.044942840304323016
0.09737389758575835 0.04334371900341826
0.08817082766799075 0.041635429296064584
0.07938243985207355 0.03982337395630795
0.07101758329957764 0.03791114758418227
0.06308468071199289 0.035902202892605935
0.05559171984978154 0.03380262120284384
0.048546245489380795 0.03162091804742543
0.041955351826252374 0.029368172561964324
0.03582567533162875 0.02705302731186396
0.030163388070149715 0.024687754838274196
0.02497419148511599 0.022282235743895974
0.02026331065761939 0.01985406787122231
0.01603548904532886 0.017418465233634176
0.012294983706230904 0.014994036075809262
0.00904556101213296 0.012584789538627425
0.006290492856246238 0.010229101355856174
0.004032553358666483 0.007962103333235588
0.002274016073070571 0.005734550641857669
0.0010166516974401407 0.0037578776262682037
0.00026172629111937464 0.0017131903850749065
1e-05 0.0006851168335341729
1e-05 -0.000322
0.00026172629111937464 -0.0015790635940269812
0.0010166516974401407 -0.002976949557147945
0.002274016073070571 -0.004138134097424068
0.004032553358666483 -0.005356246651538782
0.006290492856246238 -0.006424962292656246
0.00904556101213296 -0.007562449131973375
0.012294983706230904 -0.008638614576256674
0.01603548904532886 -0.009672709226833772
0.02026331065761939 -0.01067906231197616
0.02497419148511599 -0.01163649643227768
0.030163388070149715 -0.012534202325635091
0.03582567533162875 -0.013375187733159957
0.041955351826252374 -0.01415688284059885
0.048546245489380795 -0.014875314058676158
0.05559171984978154 -0.015527323579934093
0.06308468071199289 -0.016112483789230147
0.07101758329957764 -0.016631961598966842
0.07938243985207355 -0.01708901380701659
0.08817082766799075 -0.017486759619075067
0.09737389758575835 -0.017825252989742985
0.10698238289407996 -0.018103491859264124
0.11698660866272659 -0.018323328189542708
0.12737650148437105 -0.018487122125713882
0.13814159961765543 -0.018595999215243696
0.14927106352127792 -0.01865190783914963
0.16075368676849172 -0.01866171030563063
0.17257790733102718 -0.018628920809642627
0.18473181922107418 -0.0185554598534641
0.19720318447960236 -0.018444368545487033
0.20997944549894873 -0.01829815309303309
0.22304773766726416 -0.018119072867997278
0.23639490232208688 -0.017910285325994885
0.25000750000000005 -0.017673754773853908
0.2638718239690326 -0.017411427432915245
0.27797391403017613 -0.01712365451370554
0.292299570574122 -0.016812988626217627
0.3068343688790644 -0.016482353903787036
0.3215636736351723 -0.01612877689765336
0.3364726536811061 -0.015756387865201886
0.35154629693773964 -0.015366116640154935
0.36676942552405145 -0.014961137536753844
0.38212671103996443 -0.014540792507670668
0.3976026900007456 -0.014109074036726312
0.41318177940742384 -0.013666366600153246
0.4288482924375495 -0.01321312753630943
0.44458645424049476 -0.012752611751683572
0.46038041782139083 -0.012286043941998863
0.4762142799977088 -0.0118149817492679
0.4920720974124161 -0.011339875011352769
0.5079379025875856 -0.010864832303948496
0.523795720002293 -0.010390048308021933
0.539629582178611 -0.009917035903625613
0.5554235457595071 -0.009447786707144624
0.5711617075624523 -0.00898309089383291
0.586828220592578 -0.00852572120237904
0.6024073099992563 -0.008073944986637343
0.6178832889600373 -0.007633534773659514
0.6332405744759503 -0.007203879952082857
0.6484637030622621 -0.006784438142307551
0.6635373463188956 -0.006377196407993848
0.6784463263648294 -0.005983429100797736
0.6931756311209372 -0.005604552504502129
0.7077104294258797 -0.0052409413111688865
0.7220360859698254 -0.00489284180486608
0.7361381760309689 -0.00455896922373856
0.7500025000000012 -0.00424348986893701
0.7636150976779144 -0.003944908170264395
0.7769622623327369 -0.0036628453070713055
0.7900305545010523 -0.003397765844647192
0.8028068155203986 -0.0031493184518796456
0.8152781807789267 -0.002918457091597113
0.8274320926689736 -0.002704062700273115
0.8392563132315091 -0.0025043783132530613
0.8507389364787228 -0.00231630510182905
0.8618684003823451 -0.00213693953665994
0.8726334985156295 -0.0019670267965393694
0.8830233913372739 -0.001808624736622091
0.8930276171059205 -0.001658236006855922
0.902636102414242 -0.0015170363169438117
0.9118391723320096 -0.0013858282075524578
0.9206275601479268 -0.0012625394591762307
0.9289924167004225 -0.0011474331715465426
0.9369253192880074 -0.0010408217926491873
0.9444182801502186 -0.0009419782260350858
0.9514637545106193 -0.000850613628862564
0.9580546481737477 -0.0007667913996841632
0.9641843246683713 -0.0006902513939093718
0.9698466119298503 -0.000620559670028108
0.9750358085148839 -0.0005574974344628109
0.9797466893423806 -0.0005010689076787194
0.9839745109546711 -0.0004512167361176957
0.9877150162937691 -0.0004077106470145919
0.990964438987867 -0.00037026196560161785
0.9937195071437538 -0.0003386880994442039
0.9959774466413335 -0.00031288989510475844
0.9977359839269294 -0.0002928245646057065
0.9989933483025598 -0.00027848299087400154
0.9997482737088806 -0.0002698717349981873
1.0 -0.000267
