1.0 0.000422
0.9997482744640671 0.00044482720949092267
0.9989933513225451 0.0005133855593300822
0.9977359907190456 0.000627870101898281
0.9959774587091142 0.0007884893755035721
0.9937195259854208 0.0009952922909629712
0.9909644660948211 0.0012479291744171852
0.9877150531490888 0.0015453503248916787
0.9839745590316191 0.0018854463436071057
0.9797467501029202 0.0022648231354283894
0.9750358834082073 0.002681675326483075
0.9698467023909191 0.0031372691738729168
0.9641844321164718 0.003634325969477355
0.9580547740110616 0.004173185731645427
0.9514639001208118 0.004752340295292363
0.9444184468970456 0.005367231946875112
0.9369255085139417 0.006009891293603352
0.9289926297253027 0.006679280768742556
0.9206277982676275 0.007381186591510609
0.9118394368171374 0.008112513657670037
0.9026363945088557 0.008868143042366147
0.8930279380262783 0.009649274069082767
0.8830237422706092 0.010452974087062238
0.8726338806189551 0.011273661068087826
0.8618688147812881 0.01210899515265377
0.8507393842663912 0.01296480921669724
0.8392567954673917 0.0138340955925789
0.8274326103778726 0.014712489390758005
0.8152787349499261 0.01560415429583243
0.802807407105868 0.016502803834587635
0.790031184415688 0.017404487142453632
0.7769629314526412 0.018316383190259966
0.763615806839713 0.019228165397985823
0.7500032500000012 0.02013925236342698
0.7361389676243567 0.021051342892062515
0.7220369198699065 0.021960240446991987
0.7077113063033602 0.02286947516786126
0.6931765516032488 0.02407263924842591
0.678447291035497 0.025479453188148257
0.6635383557169507 0.026873586494445687
0.6484647576816991 0.028263465108605525
0.6332416747652297 0.0296425404290619
0.6178844353216342 0.031008777342110168
0.6024085027892542 0.03235674624749399
0.5868294601203116 0.033684745454621065
0.571162994090195 0.03499070455490035
0.5554248795022073 0.03626778600983856
0.5396309633036758 0.03751580466412926
0.5237971486294193 0.03872537978080247
0.5079393787886399 0.039897278969197245
0.4920736212113618 0.041026406212232525
0.47621585137058253 0.042106387365173484
0.46038203669632605 0.043135143435934276
0.44458812049779456 0.04410924718327059
0.4288500059098069 0.045023356186184055
0.41318353987969025 0.0458744507627174
0.39760449721074764 0.0466587238974854
0.38212856467836764 0.04737298569375741
0.3667713252347719 0.048015712828169646
0.35154824231830256 0.04858106072512182
0.33647464428305107 0.0490656198434255
0.32156570896450465 0.04946893632773252
0.3068364483967529 0.04978836232203103
0.29230169369664144 0.050018474094531314
0.277976080130095 0.050159633060462255
0.2638740323756447 0.050206028006019685
0.25000975000000003 0.050156527015653894
0.2363971931602883 0.05000986690638794
0.22305006854735995 0.04976505514429176
0.2099818155843131 0.04941796863526849
0.19720559289413303 0.048967784757982497
0.1847342650500748 0.048414022797969414
0.1725803896221281 0.04775448387535669
0.16075620453260903 0.0469903950011867
0.14927361573360945 0.046120531730855355
0.13814418521871258 0.04514451975882156
0.12737911938104557 0.044064124391614966
0.11698925772939126 0.04287803467687258
0.10698506197372207 0.0415900199738815
0.09737660549114463 0.04020144515320548
0.08817356318286289 0.0387126791640108
0.07938520173237279 0.037125658448445086
0.07102037027469749 0.035442727206134235
0.06308749148605848 0.03366627686990307
0.05559455310295452 0.031799775991273795
0.04854909987918822 0.029848821242479565
0.04195822598893851 0.027820857236365414
0.03582856788352826 0.025721889267118218
0.03016629760908089 0.023559831924401392
0.024977116591792595 0.02134507122446843
0.02026624989707981 0.019090518879031838
0.01603844096838095 0.016814283339006877
0.012297946850911233 0.014522449328652777
0.009048533905178855 0.012228767972099278
0.006293474014579252 0.00997750428696083
0.00403554129088573 0.007777320122770823
0.0022770092809544307 0.005616528056404909
0.0010196486774548485 0.003678988065076791
0.0002647255359329494 0.0016750828248139303
1.3e-05 0.0007196465993413158
1.3e-05 -0.000359
0.0002647255359329494 -0.0014804948100181584
0.0010196486774548485 -0.0029275303025655982
0.0022770092809544307 -0.003932787303759981
0.00403554129088573 -0.005111345334511511
0.006293474014579252 -0.006102281682778608
0.009048533905178855 -0.007138028293363272
0.012297946850911233 -0.008121798945500918
0.01603844096838095 -0.009046175624138269
0.02026624989707981 -0.009929226238133713
0.024977116591792595 -0.010760079068253239
0.03016629760908089 -0.011531490362008893
0.03582856788352826 -0.01224223533045877
0.04195822598893851 -0.012890729222331984
0.04854909987918822 -0.013474602465772206
0.05559455310295452 -0.013993535619177322
0.06308749148605848 -0.014449410298839218
0.07102037027469749 -0.014842354430050782
0.07938520173237279 -0.015173127694978878
0.08817356318286289 -0.015443938488088416
0.09737660549114463 -0.015658171548691525
0.10698506197372207 -0.015819606768013892
0.11698925772939126 -0.01593115354333892
0.12737911938104557 -0.015995253771511942
0.13814418521871258 -0.016012548518692882
0.14927361573360945 -0.015982493447180234
0.16075620453260903 -0.015907830823126252
0.1725803896221281 -0.015792267180620136
0.1847342650500748 -0.01563749415522349
0.19720559289413303 -0.015447243245829698
0.2099818155843131 -0.015226535870394967
0.22305006854735995 -0.014979446206944271
0.2363971931602883 -0.01470885706799126
0.25000975000000003 -0.014418383344621559
0.2638740323756447 -0.014114410369242495
0.277976080130095 -0.013794074611578746
0.29230169369664144 -0.013463403883075082
0.3068364483967529 -0.013124258844535388
0.32156570896450465 -0.012777122489743232
0.33647464428305107 -0.012424925742146166
0.35154824231830256 -0.012069596824495184
0.3667713252347719 -0.011710070887253819
0.38212856467836764 -0.011348149524562222
0.39760449721074764 -0.01098334759189425
0.41318353987969025 -0.010618127013610519
0.4288500059098069 -0.010252238613802317
0.44458812049779456 -0.009886934191396426
0.46038203669632605 -0.00952287757470061
0.47621585137058253 -0.009158199565459223
0.4920736212113618 -0.008798175482578949
0.5079393787886399 -0.00844065730476673
0.5237971486294193 -0.008084518496126498
0.5396309633036758 -0.007731447225618769
0.5554248795022073 -0.007380108620788705
0.571162994090195 -0.007027992509532952
0.5868294601203116 -0.006680320730237257
0.6024085027892542 -0.006332703494328318
0.6178844353216342 -0.005987646508527112
0.6332416747652297 -0.0056475432433696965
0.6484647576816991 -0.005312480837847552
0.6635383557169507 -0.004983199287843311
0.678447291035497 -0.00466049053902618
0.6931765516032488 -0.004344397157486546
0.7077113063033602 -0.0040378648335122275
0.7220369198699065 -0.0037365684352753323
0.7361389676243567 -0.003443436503397619
0.7500032500000012 -0.003159757907085924
0.763615806839713 -0.002885148250568197
0.7769629314526412 -0.002618218019980322
0.790031184415688 -0.0023611176108160542
0.802807407105868 -0.002111651681905504
0.8152787349499261 -0.0018742265231755934
0.8274326103778726 -0.0016492182677846628
0.8392567954673917 -0.001444790459307403
0.8507393842663912 -0.0012583430980047687
0.8618688147812881 -0.0010888403329929056
0.8726338806189551 -0.0009378495882654813
0.8830237422706092 -0.0008041067783858648
0.8930279380262783 -0.0006863984276854691
0.9026363945088557 -0.0005862625015666435
0.9118394368171374 -0.0005030891214830215
0.9206277982676275 -0.0004333110858707178
0.9289926297253027 -0.00037762903113128894
0.9369255085139417 -0.0003365064916448026
0.9444184468970456 -0.0003081364625896317
0.9514639001208118 -0.000290315474947728
0.9580547740110616 -0.0002809135891343398
0.9641844321164718 -0.0002798470446302037
0.9698467023909191 -0.0002879476320679137
0.9750358834082073 -0.0003034719182546021
0.9797467501029202 -0.0003220367721483176
0.9839745590316191 -0.00034046360810890546
0.9877150531490888 -0.0003575412946873396
0.9909644660948211 -0.00037315869694094523
0.9937195259854208 -0.000387113977711903
0.9959774587091142 -0.0003991233747224738
0.9977359907190456 -0.00040887650327652535
0.9989933513225451 -0.00041608267735915576
0.9997482744640671 -0.00042050761144952136
1.0 -0.000422
