1.0 0.000346
0.9997482742123383 0.00036825561678120494
0.9989933503158833 0.00043501829282650904
0.9977359884550069 0.0005462640539294425
0.9959774546865207 0.0007019149327765624
0.993719519704865 0.0009017825143724164
0.9909644570591697 0.001145490015302923
0.9877150408639823 0.0014323739983557694
0.9839745430059698 0.0017613671186756193
0.979746729849407 0.002130906763014499
0.9750358584437662 0.0025395377772661
0.9698466722372295 0.0029861893655597966
0.9641843963004383 0.0034698354486957864
0.9580547320652903 0.0039891288880659174
0.951463851584081 0.004542475031127655
0.9444183913147699 0.00512814081930643
0.9369254454386303 0.005744276592369129
0.9289925587170094 0.0063893091828358785
0.920627718894394 0.007061786873319129
0.9118393486554282 0.007758736083057815
0.9026362971439844 0.008477465606337544
0.8930278310528258 0.009217829055912
0.8830236252928308 0.009978088258687609
0.8726337532511799 0.010754769492419304
0.8618686766483071 0.01154441027724232
0.8507392350038351 0.012347170229614972
0.8392566347220975 0.013161676533998782
0.8274324378082396 0.013984124995966402
0.8152785502262596 0.014811683214479128
0.8028072099107115 0.015643896710734528
0.7900309744441427 0.016478324050265045
0.7769627084126731 0.01731308029056332
0.7636155704524468 0.018145563329834198
0.7500030000000012 0.01897355895697313
0.7361387037598941 0.019797040081223193
0.7220366419032128 0.020612355241756954
0.7077110140108667 0.021420528136781712
0.6931762447758115 0.022516404937924693
0.6784469694786078 0.02381624995514138
0.6635380192509324 0.025105489863097758
0.6484644061418867 0.026386118414449086
0.6332413080021366 0.02765448219187976
0.6178840532011018 0.028908752390425004
0.6024081051925883 0.03014850642966023
0.5868290469444004 0.031372184037158385
0.5711625652476141 0.03257630949720031
0.5554244349213072 0.033761373359223905
0.5396305029286541 0.034926041436992766
0.5237966724203772 0.0360673667689553
0.5079388867216219 0.03718678399723437
0.49207311327837994 0.03827744458688712
0.47621532757962465 0.03932094054314221
0.4603814970713477 0.040305505849836346
0.4445875650786947 0.041232650629713055
0.4288494347523878 0.042096031216179185
0.4131829530556015 0.04289515186940795
0.39760389480741365 0.04362602257400955
0.38212794679889994 0.044287387961994266
0.3667706919978651 0.04487587208265102
0.35154759385811496 0.04539132219157155
0.3364739807490694 0.04583021005154541
0.3215650305213939 0.046188966837737384
0.3068357552241901 0.0464676184206214
0.29230098598913495 0.04666253921197079
0.2779753580967887 0.04676966881715214
0.26387329624010736 0.04679138956002003
0.25000900000000004 0.046724183077407326
0.2363964295475545 0.046565778756307886
0.22304929158732803 0.046318005018569856
0.2099810255558583 0.04597746208839233
0.19720479008928948 0.04554474821670406
0.18473344977374126 0.04502066316582522
0.17257956219176113 0.04440391741316957
0.16075536527790327 0.04369481699265516
0.14927276499616562 0.0428942593484256
0.13814332335169355 0.042003009176095445
0.12737824674882073 0.04102225790352104
0.1169883747071697 0.03995102132224584
0.1069841689471747 0.03879191432053685
0.09737570285601586 0.037545361993905256
0.08817265134457218 0.0362098520943944
0.07938428110560639 0.034785877419989834
0.07101944128299087 0.033274134688830045
0.06308655456136995 0.031674240105243785
0.05559360868523019 0.029984450229091884
0.048548148415919076 0.028207730641063557
0.041957267934709795 0.02635104185876779
0.035827603699561755 0.024418427996999018
0.030165327762770502 0.0224175204731212
0.02497614155623373 0.02035604724653363
0.020265270150593005 0.018246986277499586
0.016037456994030256 0.016103941459166014
0.012296959136017789 0.013937751895119766
0.009047542940830223 0.011755668450887415
0.0062924802951349135 0.009600238174601683
0.004034545313479314 0.007497604813273106
0.002276011544993144 0.00540823414217769
0.0010186496841166127 0.003538795947943531
0.00026372578766175784 0.0015867556886670021
1.2e-05 0.0006254680638734994
1.2e-05 -0.000384
0.00026372578766175784 -0.0015216772306026606
0.0010186496841166127 -0.002896072342727294
0.002276011544993144 -0.003911938931276727
0.004034545313479314 -0.0050639540554132285
0.0062924802951349135 -0.006026600325437647
0.009047542940830223 -0.007037996052983224
0.012296959136017789 -0.00798836005203415
0.016037456994030256 -0.008879870329293358
0.020265270150593005 -0.009732052606989828
0.02497614155623373 -0.010533898012446127
0.030165327762770502 -0.011278366467314815
0.035827603699561755 -0.011965576054070344
0.041957267934709795 -0.012593456441389593
0.048548148415919076 -0.013158623390635954
0.05559360868523019 -0.013659516732403152
0.06308655456136995 -0.014097138925431213
0.07101944128299087 -0.014472631193873969
0.07938428110560639 -0.01478885178169181
0.08817265134457218 -0.015049663105899225
0.09737570285601586 -0.01525634070931294
0.1069841689471747 -0.015408977241972138
0.1169883747071697 -0.015510963697195772
0.12737824674882073 -0.01556305333625016
0.13814332335169355 -0.015566643133894985
0.14927276499616562 -0.01552602754135733
0.16075536527790327 -0.015444257585625063
0.17257956219176113 -0.015324204077231122
0.18473344977374126 -0.01516956672701751
0.19720479008928948 -0.014982478282681405
0.2099810255558583 -0.014765661738155649
0.22304929158732803 -0.014523057889360659
0.2363964295475545 -0.01425785677768783
0.25000900000000004 -0.013974777488699628
0.26387329624010736 -0.013678696312392978
0.2779753580967887 -0.013373106226606934
0.29230098598913495 -0.013057114349528321
0.3068357552241901 -0.012733645534117283
0.3215650305213939 -0.01240416708597473
0.3364739807490694 -0.012069218781466613
0.35154759385811496 -0.011729630650209712
0.3667706919978651 -0.011391819614103623
0.38212794679889994 -0.011056402907654509
0.39760389480741365 -0.010716873827256097
0.4131829530556015 -0.010382568413205832
0.4288494347523878 -0.010049482059728936
0.4445875650786947 -0.009723804203211506
0.4603814970713477 -0.009397940175681482
0.47621532757962465 -0.009072171634305487
0.49207311327837994 -0.008740932515232846
0.5079388867216219 -0.008410781435292038
0.5237966724203772 -0.008081341493297952
0.5396305029286541 -0.007750149835322202
0.5554244349213072 -0.007419408410147219
0.5711625652476141 -0.0070888674503905855
0.5868290469444004 -0.006760680211448905
0.6024081051925883 -0.006434720492248556
0.6178840532011018 -0.0061100676530754855
0.6332413080021366 -0.005789229984494361
0.6484644061418867 -0.005471513896829477
0.6635380192509324 -0.005157875071917185
0.6784469694786078 -0.004849654802495722
0.6931762447758115 -0.004544754895888644
0.7077110140108667 -0.00424852184307402
0.7220366419032128 -0.003957783009646116
0.7361387037598941 -0.003671633366436616
0.7500030000000012 -0.00339125608659091
0.7636155704524468 -0.0031206700240662623
0.7769627084126731 -0.0028548671387815844
0.7900309744441427 -0.0025974403791230775
0.8028072099107115 -0.0023480433635454244
0.8152785502262596 -0.002107066362605506
0.8274324378082396 -0.0018786527771384011
0.8392566347220975 -0.0016707993496912188
0.8507392350038351 -0.001477780305215804
0.8618686766483071 -0.0013017720537272584
0.8726337532511799 -0.0011439570230394268
0.8830236252928308 -0.0009993670077462476
0.8930278310528258 -0.0008756701128717457
0.9026362971439844 -0.0007703634152125546
0.9118393486554282 -0.0006788259466225011
0.920627718894394 -0.0006003174866459177
0.9289925587170094 -0.0005360897345248186
0.9369254454386303 -0.00048647966853367737
0.9444183913147699 -0.00044981461535382436
0.951463851584081 -0.00042347344999099217
0.9580547320652903 -0.0004046150911564486
0.9641843963004383 -0.000393085667626772
0.9698466722372295 -0.0003900349867449257
0.9750358584437662 -0.00039382338647819175
0.979746729849407 -0.0003999499595525037
0.9839745430059698 -0.0004053946312518291
0.9877150408639823 -0.00041016067610191205
0.9909644570591697 -0.0004156020480235529
0.993719519704865 -0.0004220611893588782
0.9959774546865207 -0.00042913860852635433
0.9977359884550069 -0.000436030174341845
0.9989933503158833 -0.00044180972028778117
0.9997482742123383 -0.0004456530165727985
1.0 -0.000447
