1.0 0.0
0.9997482711915926 0.000222165620598485
0.9989933382359422 0.0007624032285677464
0.9977359612865423 0.0013320948913869302
0.9959774064153977 0.0017494794174802407
0.9937194443381971 0.0022494024931099827
0.9909643486313533 0.0029605311738762
0.9877148934427036 0.003775967873584913
0.9839743506981782 0.0046548303225783065
0.9797464868072487 0.005639575132792335
0.9750355588704727 0.0067333945789073155
0.9698463103929542 0.00789451014743302
0.9641839665080364 0.009098378518506464
0.958054228716035 0.010342334497836706
0.9514632691433107 0.011634844606191184
0.9444177243274618 0.012996891936662057
0.9369246885348927 0.014447150979520708
0.9289917066174888 0.0159989980769231
0.9206267664155909 0.01766251660156201
0.9118382907149167 0.019441794251530895
0.9026351287655296 0.021325439882057914
0.8930265473713942 0.023278962624055488
0.8830222215594895 0.02527556846836588
0.872632224837878 0.02730900098356688
0.8618670190525357 0.029352271818295205
0.8507374438531613 0.03133531691724247
0.8392547057785669 0.03323133177314295
0.8274303669726433 0.035131614605831495
0.8152763335422621 0.037166875515174926
0.8028048435688343 0.039505064835374144
0.7900284547856001 0.04229003878512569
0.7769600319330563 0.04553759687331303
0.7636127338052524 0.04922678448176284
0.7500000000000012 0.053299999999999625
0.7361355373863427 0.05765918379151349
0.7220333063028884 0.06209465404677434
0.7077075065009447 0.06637769879144163
0.6931725628465657 0.07039893651547667
0.6784431107959373 0.07409820803202019
0.6635339816587122 0.07749329386712869
0.6484601876641387 0.0806284368083824
0.6332369068450188 0.08350401156187238
0.6178794677547149 0.08610438030538171
0.6024033340325966 0.08844629909261405
0.5868240888334664 0.09056355751539258
0.5711574191366438 0.0924744820682812
0.5554190999505066 0.09418749957880675
0.5396249784283953 0.09570633028784703
0.5237909579118721 0.0970315263475719
0.5079329819174049 0.0981646646072313
0.4920670180825969 0.09910833884906503
0.4762090420881297 0.09986528871440463
0.46037502157160654 0.10043829162404469
0.44458090004949524 0.10082878227467416
0.42884258086335814 0.10103645430156996
0.41317591116653546 0.10105773942506119
0.3975966659674052 0.10088464383903398
0.38212053224528686 0.10051172214243806
0.36676309315498296 0.09993761916752866
0.35153981233586296 0.0991634419967101
0.33646601834128953 0.09819347495232104
0.32155688920406433 0.09703375906448013
0.3068274371534359 0.09569257015586269
0.29229249349905695 0.09418023807771102
0.2779666936971131 0.09251080679656964
0.2638644626136587 0.09069626712577647
0.25000000000000006 0.08874
0.2363872661947488 0.08664594083739705
0.22303996806694482 0.08442373263739564
0.20997154521440087 0.08208587245638765
0.19719515643116664 0.07965023665179707
0.18472366645773874 0.07713392090577328
0.17256963302735745 0.07454313934444302
0.1607452942214339 0.0718826619939161
0.14926255614683936 0.06916545182658619
0.1381329809474649 0.06640639583370371
0.12736777516212267 0.06361081244591736
0.116977778440511 0.060781460623702724
0.10697345262860625 0.05792617574896778
0.09736487123447068 0.05505546207980596
0.0881617092850836 0.05217298264890909
0.0793732335844094 0.049279417499521576
0.07100829338251147 0.04636647149517512
0.06307531146510753 0.043423429062347724
0.05558227567253826 0.040447838549838216
0.04853673085668936 0.03744530121912324
0.041945771283965205 0.03442375844648587
0.03581603349196366 0.03139427192307245
0.030153689607045786 0.02837360969291891
0.02496444112952728 0.025383156410313433
0.020253513192751316 0.02242246593101532
0.016025649301821876 0.019472097025375376
0.012285106557296477 0.016567920958574987
0.009035651368646647 0.013790270223165936
0.006280555661802856 0.011120844861043363
0.00402259358460233 0.008456933036037607
0.0022640387134577056 0.005934308389806824
0.0010066617640577813 0.0038270955534765796
0.0002517288084074587 0.0024222674053233943
0.0 0.0019287307781549556
0.0 0.0
0.0002517288084074587 -0.0008924534228236265
0.0010066617640577813 -0.00296340365079364
0.0022640387134577056 -0.0048243293455879285
0.00402259358460233 -0.005590685724619329
0.006280555661802856 -0.006358809106446886
0.009035651368646647 -0.00768465899293857
0.012285106557296477 -0.008960883301457594
0.016025649301821876 -0.009968474524049345
0.020253513192751316 -0.010984451701458859
0.02496444112952728 -0.012100597682809522
0.030153689607045786 -0.013196227033633847
0.03581603349196366 -0.014219267447440545
0.041945771283965205 -0.015200289936230786
0.04853673085668936 -0.01614960405937566
0.05558227567253826 -0.017050126271632163
0.06307531146510753 -0.01789547153004266
0.07100829338251147 -0.018693679041598382
0.0793732335844094 -0.019451139857256355
0.0881617092850836 -0.020168894783971884
0.09736487123447068 -0.02084722222497291
0.10697345262860625 -0.02148413163639275
0.116977778440511 -0.02207791293335748
0.12736777516212267 -0.02262649639722131
0.1381329809474649 -0.02312756103285793
0.14926255614683936 -0.023577310553553225
0.1607452942214339 -0.023974224641888697
0.17256963302735745 -0.02432145809715678
0.18472366645773874 -0.024622777585133898
0.19719515643116664 -0.024879744780019794
0.20997154521440087 -0.025096006820281007
0.22303996806694482 -0.02528091976247509
0.2363872661947488 -0.025444270566501784
0.25000000000000006 -0.02559
0.2638644626136587 -0.025721328572205143
0.2779666936971131 -0.025842605154095616
0.29229249349905695 -0.025957915186452123
0.3068274371534359 -0.026066899962381537
0.32155688920406433 -0.02616666244068417
0.33646601834128953 -0.026247834970691185
0.35153981233586296 -0.02629827807002018
0.36676309315498296 -0.0263060993962193
0.38212053224528686 -0.02626005336224749
0.3975966659674052 -0.02615509441480318
0.41317591116653546 -0.02599032252625778
0.42884258086335814 -0.025772770015304564
0.44458090004949524 -0.025514137903199608
0.46037502157160654 -0.02521983003212739
0.4762090420881297 -0.0248902912162857
0.4920670180825969 -0.02452151147195613
0.5079329819174049 -0.024105867814698326
0.5237909579118721 -0.02363770353544875
0.5396249784283953 -0.023113853105591012
0.5554190999505066 -0.022542254169123116
0.5711574191366438 -0.021943156481410726
0.5868240888334664 -0.021320865863822126
0.6024033340325966 -0.02065727460984482
0.6178794677547149 -0.019938451355272353
0.6332369068450188 -0.019159366553048836
0.6484601876641387 -0.018311430851834485
0.6635339816587122 -0.01737763325406585
0.6784431107959373 -0.016351192053348174
0.6931725628465657 -0.015248523107438206
0.7077075065009447 -0.014090951474927211
0.7220333063028884 -0.012905201927812988
0.7361355373863427 -0.011710104329294011
0.7500000000000012 -0.010499999999999893
0.7636127338052524 -0.009269290083726709
0.7769600319330563 -0.00802808168921832
0.7900284547856001 -0.006788031749498096
0.8028048435688343 -0.0055536930027780965
0.8152763335422621 -0.004330332805908374
0.8274303669726433 -0.0031379533165539833
0.8392547057785669 -0.0020010380965648253
0.8507374438531613 -0.0009535535525710145
0.8618670190525357 -2.7517580273128377e-05
0.872632224837878 0.0007621366889191067
0.8830222215594895 0.0014105918165582133
0.8930265473713942 0.0019217824128473255
0.9026351287655296 0.002304866537033102
0.9118382907149167 0.002573962911727569
0.9206267664155909 0.002745461758472861
0.9289917066174888 0.002833453246579121
0.9369246885348927 0.0028495658784844407
0.9444177243274618 0.0027907627112079723
0.9514632691433107 0.0026461115745732215
0.958054228716035 0.0024321822313574876
0.9641839665080364 0.0021855987617303806
0.9698463103929542 0.0019253508067301995
0.9750355588704727 0.0016550919851478366
0.9797464868072487 0.0013926723428776154
0.9839743506981782 0.0011681766390374002
0.9877148934427036 0.0009637203262122493
0.9909643486313533 0.000719914061994916
0.9937194443381971 0.0004621405270406465
0.9959774064153977 0.00028309947211852096
0.9977359612865423 0.00018051652155182167
0.9989933382359422 9.49811706862718e-05
0.9997482711915926 2.6760877837146955e-05
1.0 0.0
