1.0 0.0035
0.9997482711915926 0.0035642172130521516
0.9989933382359422 0.0037566529053530222
0.9977359612865423 0.004076660059337694
0.9959774064153977 0.004523163052503703
0.9937194443381971 0.005094661756261775
0.9909643486313533 0.0057892372517571065
0.9877148934427036 0.006604559140197407
0.9839743506981782 0.007537894418956468
0.9797464868072487 0.008586117888566823
0.9750355588704727 0.009745724049697506
0.9698463103929542 0.011012840443353444
0.9641839665080364 0.012383242381858756
0.958054228716035 0.013852369012715375
0.9514632691433107 0.015415340652186214
0.9444177243274618 0.017066977320455742
0.9369246885348927 0.018801818405493498
0.9289917066174888 0.02061414337830244
0.9206267664155909 0.02249799347809566
0.9118382907149167 0.024447194282126664
0.9026351287655296 0.02645537907141259
0.8930265473713942 0.028516012900457008
0.8830222215594895 0.030622417276304156
0.872632224837878 0.03276779534985646
0.8618670190525357 0.03494525752036972
0.8507374438531613 0.03714784735241246
0.8392547057785669 0.039368567703347325
0.8274303669726433 0.04160040695856527
0.8152763335422621 0.04383636527128286
0.8028048435688343 0.046069480703702446
0.7900284547856001 0.048292854096704335
0.7769600319330563 0.0504996663677936
0.7636127338052524 0.05268320701662911
0.7500000000000012 0.05483690301976144
0.7361355373863427 0.056954343064217886
0.7220333063028884 0.059029301076900194
0.7077075065009447 0.06105575898896866
0.6931725628465657 0.06302793065128698
0.6784431107959373 0.06494034159941749
0.6635339816587122 0.0667878634967148
0.6484601876641387 0.06856567073524873
0.6332369068450188 0.07026925327093021
0.6178794677547149 0.0718944317423792
0.6024033340325966 0.07343737117791413
0.5868240888334664 0.07489453390568093
0.5711574191366438 0.07626233814078809
0.5554190999505066 0.07753739256598298
0.5396249784283953 0.07871667643573062
0.5237909579118721 0.0797975527122945
0.5079329819174049 0.0807777791718728
0.4920670180825969 0.08165556423616836
0.4762090420881297 0.08243071733247731
0.46037502157160654 0.08310471716275261
0.44458090004949524 0.08367948871839122
0.42884258086335814 0.08415731969196054
0.41317591116653546 0.0845408368944073
0.3975966659674052 0.08483297834442612
0.38212053224528686 0.08503483033349185
0.36676309315498296 0.08514208005920945
0.35153981233586296 0.08515009627452905
0.33646601834128953 0.08505498122481839
0.32155688920406433 0.08485361528228819
0.3068274371534359 0.08454369522069011
0.29229249349905695 0.0841235691831027
0.2779666936971131 0.08358817158997617
0.2638644626136587 0.08292959795236182
0.25000000000000006 0.08214150997377424
0.2363872661947488 0.08121937118912027
0.22303996806694482 0.08016047767660274
0.20997154521440087 0.07896397072485642
0.19719515643116664 0.0776307823858378
0.18472366645773874 0.07615282921495527
0.17256963302735745 0.07450176370620817
0.1607452942214339 0.07265313808210896
0.14926255614683936 0.07058993217433727
0.1381329809474649 0.06831092114758817
0.12736777516212267 0.0658493808409115
0.116977778440511 0.06324398436940064
0.10697345262860625 0.060531215384490335
0.09736487123447068 0.05774516632271662
0.0881617092850836 0.05489830145422126
0.0793732335844094 0.05197083087745388
0.07100829338251147 0.048952053478818015
0.06307531146510753 0.04586206495392919
0.05558227567253826 0.04274494932272536
0.04853673085668936 0.03964269716081474
0.041945771283965205 0.03656435916577053
0.03581603349196366 0.033465905769406334
0.030153689607045786 0.030328562587195573
0.02496444112952728 0.027164072666161762
0.020253513192751316 0.024008245940423358
0.016025649301821876 0.020914730487472978
0.012285106557296477 0.01794909168504626
0.009035651368646647 0.015183280144412252
0.006280555661802856 0.012690563224315285
0.00402259358460233 0.010540988076424077
0.0022640387134577056 0.008797436611316278
0.0010066617640577813 0.007512324583853114
0.0002517288084074587 0.006724988264419328
0.0 0.0064597929792321335
0.0 0.0
0.0002517288084074587 -0.00023389626865884196
0.0010066617640577813 -0.0009080658939246574
0.0022640387134577056 -0.0019427415920261213
0.00402259358460233 -0.0032142407947029477
0.006280555661802856 -0.004568727555764483
0.009035651368646647 -0.005841215745776553
0.012285106557296477 -0.006879553374848226
0.016025649301821876 -0.007573058251240511
0.020253513192751316 -0.007885409013449323
0.02496444112952728 -0.007891333566474684
0.030153689607045786 -0.007757957746252746
0.03581603349196366 -0.007532028373472553
0.041945771283965205 -0.007223168188949775
0.04853673085668936 -0.006854541941903135
0.05558227567253826 -0.006458050477303169
0.06307531146510753 -0.0060176142361736025
0.07100829338251147 -0.005478601859375879
0.0793732335844094 -0.004771158291662625
0.0881617092850836 -0.0038768885266371104
0.09736487123447068 -0.002850413276311109
0.10697345262860625 -0.001763492909519613
0.116977778440511 -0.0006398078283422647
0.12736777516212267 0.0005319674020128726
0.1381329809474649 0.0017666272418728158
0.14926255614683936 0.0030822027558280547
0.1607452942214339 0.00449335841959669
0.17256963302735745 0.005982916763418379
0.18472366645773874 0.0075192474386413235
0.19719515643116664 0.00906518007812963
0.20997154521440087 0.010581591252509504
0.22303996806694482 0.012053543326882545
0.2363872661947488 0.013479279205528319
0.25000000000000006 0.01485793228312601
0.2638644626136587 0.016189455505286828
0.2779666936971131 0.017474618108154198
0.29229249349905695 0.01871499425526787
0.3068274371534359 0.019912684125524445
0.32155688920406433 0.02106363143008221
0.33646601834128953 0.022156456275417652
0.35153981233586296 0.023179081689039406
0.36676309315498296 0.024119161741790317
0.38212053224528686 0.024964168789584944
0.3975966659674052 0.025701485735785463
0.41317591116653546 0.026321394114973463
0.42884258086335814 0.026832603662861592
0.44458090004949524 0.027251715439225128
0.46037502157160654 0.02759623185302551
0.4762090420881297 0.027884361526271616
0.4920670180825969 0.02813483250959736
0.5079329819174049 0.02836584334987618
0.5237909579118721 0.02857676344468027
0.5396249784283953 0.028748537177151496
0.5554190999505066 0.028861666463873895
0.5711574191366438 0.028897182938532773
0.5868240888334664 0.028836838223073237
0.6024033340325966 0.02866330914504207
0.6178794677547149 0.028367935660757355
0.6332369068450188 0.027961528715821866
0.6484601876641387 0.027457754148612158
0.6635339816587122 0.02687010791354926
0.6784431107959373 0.026211811691301518
0.6931725628465657 0.025495714617375955
0.7077075065009447 0.02473390732233032
0.7220333063028884 0.023932416765391453
0.7361355373863427 0.0230922973038059
0.7500000000000012 0.022214780937691962
0.7636127338052524 0.021301463597093832
0.7769600319330563 0.020354301401183925
0.7900284547856001 0.01937560378052096
0.8028048435688343 0.018368027187348455
0.8152763335422621 0.017335100434214597
0.8274303669726433 0.01628166294244828
0.8392547057785669 0.015212728083975877
0.8507374438531613 0.014133314940228025
0.8618670190525357 0.013048429155867253
0.872632224837878 0.011963044132646601
0.8830222215594895 0.010882082619529936
0.8930265473713942 0.00981039875142333
0.9026351287655296 0.008752760585078605
0.9118382907149167 0.007713833176968528
0.9206267664155909 0.006698162244229415
0.9289917066174888 0.0057101584461484245
0.9369246885348927 0.004754082320166629
0.9444177243274618 0.003834029902997349
0.9514632691433107 0.002953919064241628
0.958054228716035 0.0021174765768381515
0.9641839665080364 0.001328225945823523
0.9698463103929542 0.0005894760142142359
0.9750355588704727 -9.568963764097511e-05
0.9797464868072487 -0.0007244224851470861
0.9839743506981782 -0.0012941180329460618
0.9877148934427036 -0.0018024239586043257
0.9909643486313533 -0.002247247417961143
0.9937194443381971 -0.00262676150505719
0.9959774064153977 -0.0029394108608475095
0.9977359612865423 -0.003183916426027115
0.9989933382359422 -0.0033592793342748454
0.9997482711915926 -0.003464783943072347
1.0 -0.0035
