1.0 0.0
0.9997482711915926 0.00039779057966634983
0.9989933382359422 0.0013105425595750404
0.9977359612865423 0.0021032383705936143
0.9959774064153977 0.002404087331943059
0.9937194443381971 0.0028069080662273187
0.9909643486313533 0.0036023270604240132
0.9877148934427036 0.004447696185096272
0.9839743506981782 0.005214084922499875
0.9797464868072487 0.006045222340877103
0.9750355588704727 0.006990975158663036
0.9698463103929542 0.00799315447269664
0.9641839665080364 0.009029033556771433
0.958054228716035 0.010118142817439462
0.9514632691433107 0.011264788032136548
0.9444177243274618 0.012453510459965574
0.9369246885348927 0.013675653566959538
0.9289917066174888 0.014932419182925155
0.9206267664155909 0.016222056262868857
0.9118382907149167 0.017537625950783228
0.9026351287655296 0.018877573751653796
0.8930265473713942 0.020248721784075576
0.8830222215594895 0.021641211088466138
0.872632224837878 0.023014586170427287
0.8618670190525357 0.02436764045716241
0.8507374438531613 0.025786591823034687
0.8392547057785669 0.027442195049354013
0.8274303669726433 0.029652696424076433
0.8152763335422621 0.032653920610443435
0.8028048435688343 0.03635533757614268
0.7900284547856001 0.040573455781818375
0.7769600319330563 0.04504261336314081
0.7636127338052524 0.04951668809908278
0.7500000000000012 0.05394999999999962
0.7361355373863427 0.05832154479774807
0.7220333063028884 0.06252472933403004
0.7077075065009447 0.06644903673884207
0.6931725628465657 0.07010805028988443
0.6784431107959373 0.07354789947113351
0.6635339816587122 0.07674977241875004
0.6484601876641387 0.07967821615414812
0.6332369068450188 0.08236097201295323
0.6178794677547149 0.08485105541828498
0.6024033340325966 0.0871531615400848
0.5868240888334664 0.08924773663901446
0.5711574191366438 0.09113383885042549
0.5554190999505066 0.092823398864734
0.5396249784283953 0.09433660493272275
0.5237909579118721 0.09569771688351551
0.5079329819174049 0.09689544884304076
0.4920670180825969 0.09788938300654926
0.4762090420881297 0.0986723255222292
0.46037502157160654 0.09927099682638724
0.44458090004949524 0.09970280744874688
0.42884258086335814 0.09997228046343982
0.41317591116653546 0.10007765979858561
0.3975966659674052 0.10000959377973373
0.38212053224528686 0.09976247102850706
0.36676309315498296 0.09933702436107952
0.35153981233586296 0.09873341414364324
0.33646601834128953 0.09794910070382812
0.32155688920406433 0.09698492872973596
0.3068274371534359 0.09584874049677139
0.29229249349905695 0.09454924838639163
0.2779666936971131 0.09309418688661533
0.2638644626136587 0.09149021305690835
0.25000000000000006 0.08974
0.2363872661947488 0.08784631030446265
0.22303996806694482 0.08581245471707134
0.20997154521440087 0.0836441792613912
0.19719515643116664 0.08135398728500594
0.18472366645773874 0.07895479545277108
0.17256963302735745 0.07645047437894892
0.1607452942214339 0.07384422490107041
0.14926255614683936 0.07114636654894219
0.1381329809474649 0.06836985314457428
0.12736777516212267 0.06552297864280772
0.116977778440511 0.06261178373172112
0.10697345262860625 0.05962973295124012
0.09736487123447068 0.05656919734325736
0.0881617092850836 0.05345112107556376
0.0793732335844094 0.050310469552164734
0.07100829338251147 0.04715490640483737
0.06307531146510753 0.04397782571900308
0.05558227567253826 0.04079403347012637
0.04853673085668936 0.0376334196114422
0.041945771283965205 0.03450745463444512
0.03581603349196366 0.03141507263196689
0.030153689607045786 0.02838408201491657
0.02496444112952728 0.025464764769670044
0.020253513192751316 0.022632258667304585
0.016025649301821876 0.019797395855988928
0.012285106557296477 0.016999486444452473
0.009035651368646647 0.014387426922825526
0.006280555661802856 0.011922997310884585
0.00402259358460233 0.00941177014420723
0.0022640387134577056 0.006961941198549778
0.0010066617640577813 0.004866730811484727
0.0002517288084074587 0.003448687425592595
0.0 0.002946899273426768
0.0 0.0
0.0002517288084074587 -0.0012903680778047733
0.0010066617640577813 -0.004282732837801994
0.0022640387134577056 -0.006970244646842588
0.00402259358460233 -0.00809722601770886
0.006280555661802856 -0.009308360474254974
0.009035651368646647 -0.011389293737351992
0.012285106557296477 -0.013324892016818326
0.016025649301821876 -0.014774534776071995
0.020253513192751316 -0.016254239035601727
0.02496444112952728 -0.01791612500898941
0.030153689607045786 -0.019497531151532802
0.03581603349196366 -0.020910356470150618
0.041945771283965205 -0.02227283039998973
0.04853673085668936 -0.023626358737444057
0.05558227567253826 -0.024912249376867684
0.06307531146510753 -0.026111501812556465
0.07100829338251147 -0.027260417973430175
0.0793732335844094 -0.02837155591174272
0.0881617092850836 -0.029416828360444142
0.09736487123447068 -0.03038847411804366
0.10697345262860625 -0.03131420275538593
0.116977778440511 -0.032209661670236076
0.12736777516212267 -0.03305975944082552
0.1381329809474649 -0.03385982115030685
0.14926255614683936 -0.03463146456083603
0.1607452942214339 -0.03538589354566677
0.17256963302735745 -0.03609901913128637
0.18472366645773874 -0.036755207993243666
0.19719515643116664 -0.03737682919656415
0.20997154521440087 -0.037982574765794905
0.22303996806694482 -0.03855445903075506
0.2363872661947488 -0.03907531130434105
0.25000000000000006 -0.03956
0.2638644626136587 -0.04002478058009701
0.2779666936971131 -0.04045471632995201
0.29229249349905695 -0.04083268343392232
0.3068274371534359 -0.04117758994612716
0.32155688920406433 -0.041514467752123335
0.33646601834128953 -0.04182685125445934
0.35153981233586296 -0.042086383377524635
0.36676309315498296 -0.042300647155777166
0.38212053224528686 -0.042491009294599806
0.3975966659674052 -0.04265025491938734
0.41317591116653546 -0.04275770803851267
0.42884258086335814 -0.04281662703313402
0.44458090004949524 -0.04284366125837565
0.46037502157160654 -0.04282811377410468
0.4762090420881297 -0.042740539284805305
0.4920670180825969 -0.042580068739018234
0.5079329819174049 -0.04236967223872705
0.5237909579118721 -0.04210492841309048
0.5396249784283953 -0.04175432876197596
0.5554190999505066 -0.04131841903636555
0.5711574191366438 -0.040835613726109256
0.5868240888334664 -0.040315656811016586
0.6024033340325966 -0.03972692633195072
0.6178794677547149 -0.039055864635703874
0.6332369068450188 -0.03832165629790275
0.6484601876641387 -0.03752832753002872
0.6635339816587122 -0.03664656313682193
0.6784431107959373 -0.035670542194067345
0.6931725628465657 -0.03465221009950867
0.7077075065009447 -0.033615650010329214
0.7220333063028884 -0.03249578399701892
0.7361355373863427 -0.031251327425595894
0.7500000000000012 -0.029949999999999893
0.7636127338052524 -0.028633424585784904
0.7769600319330563 -0.02717945581085685
0.7900284547856001 -0.02548293872426869
0.8028048435688343 -0.02364269478828387
0.8152763335422621 -0.021773439757330877
0.8274303669726433 -0.01981535243354504
0.8392547057785669 -0.017687290236058955
0.8507374438531613 -0.015484031362221599
0.8618670190525357 -0.01334266533448885
0.872632224837878 -0.011288067807498225
0.8830222215594895 -0.009304299717245206
0.8930265473713942 -0.007452172916739616
0.9026351287655296 -0.005816284814723161
0.9118382907149167 -0.004395664246995744
0.9206267664155909 -0.0031445724196350615
0.9289917066174888 -0.0020609540569497273
0.9369246885348927 -0.0011674343782403839
0.9444177243274618 -0.00045819322522470805
0.9514632691433107 9.263754586915217e-05
0.958054228716035 0.0004950373742209124
0.9641839665080364 0.000747556548139487
0.9698463103929542 0.0008736417561258598
0.9750355588704727 0.0009162409203069596
0.9797464868072487 0.0008735998269087808
0.9839743506981782 0.0007056171447555916
0.9877148934427036 0.0004777436752891258
0.9909643486313533 0.00034612524952804257
0.9937194443381971 0.0002124036760146261
0.9959774064153977 -0.0002235102126993393
0.9977359612865423 -0.0006795795779568754
0.9989933382359422 -0.0005906668497752574
0.9997482711915926 -0.0002022844216196147
1.0 0.0
