1.0 0.00029
0.9997482711915926 0.0003674122709074401
0.9989933382359422 0.0006004008085844831
0.9977359612865423 0.000990707255907248
0.9959774064153977 0.001539529773072869
0.9937194443381971 0.002243686950210727
0.9909643486313533 0.0030811236813276404
0.9877148934427036 0.004006078951042703
0.9839743506981782 0.005010972867289149
0.9797464868072487 0.006134671858693316
0.9750355588704727 0.007370822750037224
0.9698463103929542 0.008662788124594695
0.9641839665080364 0.009989515656113859
0.958054228716035 0.011372426827579205
0.9514632691433107 0.01282847513436499
0.9444177243274618 0.014366783061586105
0.9369246885348927 0.015989171961548358
0.9289917066174888 0.017687841063056715
0.9206267664155909 0.01946280517368349
0.9118382907149167 0.0213255975023711
0.9026351287655296 0.023282264173795413
0.8930265473713942 0.025327935034982745
0.8830222215594895 0.027463447323360902
0.872632224837878 0.029701130287091107
0.8618670190525357 0.03204891256912548
0.8507374438531613 0.03450205692920129
0.8392547057785669 0.037056854610654805
0.8274303669726433 0.039716078529510125
0.8152763335422621 0.0424822760816364
0.8028048435688343 0.045354632624206304
0.7900284547856001 0.04833084375645066
0.7769600319330563 0.051406158214132865
0.7636127338052524 0.05457474971023875
0.7500000000000012 0.05782999999999971
0.7361355373863427 0.06116494547421417
0.7220333063028884 0.06457359531876673
0.7077075065009447 0.06804953519834141
0.6931725628465657 0.07158411673091564
0.6784431107959373 0.07516741731419839
0.6635339816587122 0.07878803524927093
0.6484601876641387 0.08243448587854602
0.6332369068450188 0.08610082248408639
0.6178794677547149 0.0897824358671717
0.6024033340325966 0.09346400958249212
0.5868240888334664 0.09712449276209952
0.5711574191366438 0.10074524299196944
0.5554190999505066 0.1043086619584315
0.5396249784283953 0.10779001648355659
0.5237909579118721 0.11115902273770954
0.5079329819174049 0.11437898423124285
0.4920670180825969 0.11740837271632021
0.4762090420881297 0.12021241051726202
0.46037502157160654 0.12276353593579055
0.44458090004949524 0.1250347990526976
0.42884258086335814 0.12699980330631955
0.41317591116653546 0.12863850867416995
0.3975966659674052 0.12993918700178939
0.38212053224528686 0.1308962683479505
0.36676309315498296 0.13151219946206025
0.35153981233586296 0.1317904694711416
0.33646601834128953 0.13173413987587942
0.32155688920406433 0.13134890944216798
0.3068274371534359 0.13064485055632452
0.29229249349905695 0.12963390732159946
0.2779666936971131 0.12832973785066656
0.2638644626136587 0.12674688260586672
0.25000000000000006 0.1249
0.2363872661947488 0.12280419482897323
0.22303996806694482 0.12047398719956041
0.20997154521440087 0.11792413909051032
0.19719515643116664 0.1151681389383268
0.18472366645773874 0.11221999618843168
0.17256963302735745 0.1090939314573463
0.1607452942214339 0.10580449843555575
0.14926255614683936 0.1023621937263393
0.1381329809474649 0.09877722337937576
0.12736777516212267 0.09505821723429574
0.116977778440511 0.09121515942068985
0.10697345262860625 0.08726029321210657
0.09736487123447068 0.0832084068993808
0.0881617092850836 0.0790714007000375
0.0793732335844094 0.07486134739776282
0.07100829338251147 0.07058707225031942
0.06307531146510753 0.06625813640926884
0.05558227567253826 0.06188953682668189
0.04853673085668936 0.057501581671896625
0.041945771283965205 0.053103485910137506
0.03581603349196366 0.04869874510585586
0.030153689607045786 0.04431384404841322
0.02496444112952728 0.03999381371693164
0.020253513192751316 0.035731255861850456
0.016025649301821876 0.031473395377366466
0.012285106557296477 0.027290311122845714
0.009035651368646647 0.023353696877825514
0.006280555661802856 0.019562513615701563
0.00402259358460233 0.01559152661259989
0.0022640387134577056 0.011637860935038982
0.0010066617640577813 0.00821412959270835
0.0002517288084074587 0.005880861478019305
0.0 0.005052669389464828
0.0 0.0
0.0002517288084074587 -0.0029004906417003026
0.0010066617640577813 -0.009801507619870552
0.0022640387134577056 -0.01655973285930844
0.00402259358460233 -0.020445489196871777
0.006280555661802856 -0.024466965682995487
0.009035651368646647 -0.030093355713131358
0.012285106557296477 -0.035495924868779144
0.016025649301821876 -0.040049527981931066
0.020253513192751316 -0.0446655935382925
0.02496444112952728 -0.049624145978158125
0.030153689607045786 -0.05448552442093667
0.03581603349196366 -0.05907346225548678
0.041945771283965205 -0.0635282182668895
0.04853673085668936 -0.06791925744239574
0.05558227567253826 -0.07221690569762143
0.06307531146510753 -0.07640913251814382
0.07100829338251147 -0.08050715815765498
0.0793732335844094 -0.08451618272622673
0.0881617092850836 -0.08842553101238605
0.09736487123447068 -0.09222595556150708
0.10697345262860625 -0.09590745763265887
0.116977778440511 -0.09945725451466911
0.12736777516212267 -0.10285370312641004
0.1381329809474649 -0.10607667229258651
0.14926255614683936 -0.1091081319689451
0.1607452942214339 -0.11193126926003051
0.17256963302735745 -0.11452837569420837
0.18472366645773874 -0.11688449722179015
0.19719515643116664 -0.11898888580191445
0.20997154521440087 -0.1208350201410082
0.22303996806694482 -0.1224222053538148
0.2363872661947488 -0.12374897469002816
0.25000000000000006 -0.1248
0.2638644626136587 -0.12555956101671314
0.2779666936971131 -0.12602103605764758
0.29229249349905695 -0.12618067389536472
0.3068274371534359 -0.12603091696662594
0.32155688920406433 -0.1255655715159215
0.33646601834128953 -0.12478933549648573
0.35153981233586296 -0.1237111592817902
0.36676309315498296 -0.12233201532801947
0.38212053224528686 -0.12065034331499012
0.3975966659674052 -0.11866902171977661
0.41317591116653546 -0.11639293123569455
0.42884258086335814 -0.11381654734663699
0.44458090004949524 -0.1109287382674696
0.46037502157160654 -0.10772780779763533
0.4762090420881297 -0.10421994812095293
0.4920670180825969 -0.1004210651702005
0.5079329819174049 -0.09635538222655152
0.5237909579118721 -0.09204840516958393
0.5396249784283953 -0.08752656931537246
0.5554190999505066 -0.08281978827371461
0.5711574191366438 -0.07796175725921675
0.5868240888334664 -0.07299107284268926
0.6024033340325966 -0.06795234250493973
0.6178794677547149 -0.06288902430084665
0.6332369068450188 -0.05784216563840129
0.6484601876641387 -0.05285049842272655
0.6635339816587122 -0.04794967806311809
0.6784431107959373 -0.043174939861275824
0.6931725628465657 -0.038563099888572906
0.7077075065009447 -0.034145573442101694
0.7220333063028884 -0.02994267894837942
0.7361355373863427 -0.025973118409301648
0.7500000000000012 -0.022259999999999683
0.7636127338052524 -0.018824818715844648
0.7769600319330563 -0.015686959507234532
0.7900284547856001 -0.012860916070860977
0.8028048435688343 -0.010351301715239456
0.8152763335422621 -0.008156298789576199
0.8274303669726433 -0.006262544155115862
0.8392547057785669 -0.004653672341443108
0.8507374438531613 -0.003320656854516502
0.8618670190525357 -0.0022548855869496047
0.872632224837878 -0.001437896788340772
0.8830222215594895 -0.0008476587035836169
0.8930265473713942 -0.00046953192099279486
0.9026351287655296 -0.00029141391479492647
0.9118382907149167 -0.0002959275784439739
0.9206267664155909 -0.00046225395416769086
0.9289917066174888 -0.0007655504904421802
0.9369246885348927 -0.0011794663938908866
0.9444177243274618 -0.0016870027951095834
0.9514632691433107 -0.002277296699729897
0.958054228716035 -0.0029343386383500086
0.9641839665080364 -0.0036375090834242633
0.9698463103929542 -0.004343768269310091
0.9750355588704727 -0.004994283116803723
0.9797464868072487 -0.005583499104283101
0.9839743506981782 -0.006151484111857968
0.9877148934427036 -0.006662000715235639
0.9909643486313533 -0.007011069458865845
0.9937194443381971 -0.007194593353305476
0.9959774064153977 -0.007288985919402911
0.9977359612865423 -0.007346313354831372
0.9989933382359422 -0.0073926117631408685
0.9997482711915926 -0.007426991885208459
1.0 -0.00744
