1.0002 -0.00161
0.9999482208458309 -0.0015549474011689376
0.9991931369035894 -0.0013887063615422787
0.9979355084787995 -0.0011081420739693397
0.9961766018966808 -0.0007084113706017391
0.9939181882270648 -0.0001835295333584801
0.9911625415010795 0.0004728470239491868
0.9879124364213921 0.0012664329178495898
0.9841711455683178 0.002201134385990381
0.9799424361046102 0.0032776946162377182
0.9752305659822468 0.004492194243658994
0.9700402796550328 0.005838381306023847
0.964376803301338 0.007315137900154136
0.9582458395617781 0.00892198340749939
0.9516535617971393 0.010658108385528175
0.9446066078723273 0.012523443099323576
0.9371120734725997 0.014518396838835846
0.9291775049588122 0.016643150405005854
0.920810891768874 0.018895754463792075
0.9120206583730597 0.02127276296887893
0.9028156557912828 0.023770659500377475
0.8932051526808684 0.026386786421127295
0.8831988260038014 0.029118353909607438
0.8728067512828455 0.031962780135614266
0.8620393924563462 0.03491735967341948
0.850907591341932 0.037979066896673914
0.8394225567197225 0.04114416032621536
0.8275958530460378 0.04440628888929242
0.8154393888089706 0.04775916356269292
0.802965404537548 0.05120122228551388
0.7901864604765573 0.05473178308786165
0.7771154239394429 0.05834912302294227
0.7637654563520134 0.06204361284177213
0.7501500000000012 0.06580361713579821
0.73628276449382 0.06963631361309024
0.722177712964149 0.07353860147990965
0.7078490480022449 0.07748903489082759
0.693311197359135 0.08148022532389546
0.6785787994180965 0.08550001273661816
0.663666688455044 0.08952215041787034
0.6485898797016715 0.0935195298679292
0.6333635542263878 0.09745623062392754
0.6180030436482659 0.10128334653237213
0.6025238146994031 0.10494615819362856
0.5869414536512331 0.10841399682937848
0.571271650620471 0.11164153291426665
0.5555301837704968 0.1145831783363348
0.539732903424081 0.11722308917774892
0.5238957161034545 0.11956443280356907
0.5080345685137884 0.12159038641427927
0.4921654314862134 0.12330146789131746
0.47630428389654733 0.12471754091829343
0.46046709657592083 0.1258338338533441
0.44466981622950513 0.1266446907489075
0.4289283493795308 0.127176067962305
0.41325854634876874 0.12740766423470296
0.3976761853005987 0.12735398483090707
0.3821969563517359 0.12703391138145387
0.36683644577361396 0.1264558900296442
0.3516101202983301 0.12563067791484311
0.3365333115449578 0.12457921075684086
0.32162120058190513 0.12330981533099021
0.3068888026408666 0.1218320447963455
0.29235095199775674 0.12015979789435509
0.27802228703585247 0.11830503754177145
0.2639172355061814 0.11627314280923019
0.25005000000000005 0.11407421077714319
0.23643454364798774 0.11171655695537695
0.2230845760605582 0.10919906485251853
0.21001353952344373 0.10654398874506485
0.19723459546245287 0.10376199201413956
0.1847606111910303 0.10084313775406431
0.17260414695396292 0.09780749658268904
0.16077744328027818 0.09466523756023168
0.14929240865806873 0.0914108611145854
0.1381606075436544 0.08806453649503566
0.1273932487171551 0.084637444804163
0.1170011739961991 0.08111986225975952
0.10699484731913196 0.07752341002016586
0.09738434420871758 0.073867164207578
0.08817934162694062 0.07015865233421809
0.07938910823112627 0.0664011349241831
0.07102249504118797 0.0625963452575466
0.06308792652740056 0.05875506926200735
0.05559339212767277 0.05489171423382852
0.0485464382028607 0.05100548717568766
0.041954160438222 0.0470989308918716
0.03582319669866205 0.04318068563161446
0.030159720344967195 0.039267804061236394
0.024969434017753186 0.03538104870176623
0.020257563895389866 0.03151502703265812
0.01602885443168224 0.027676521464244378
0.012287563578607935 0.023896081529735793
0.009037458498920375 0.020153802305464326
0.006281811772935216 0.016463877851887247
0.00402339810331925 0.01288435790018046
0.002264491521200397 0.009362380454197978
0.0010068630964105928 0.006098712662516152
0.00025177915416914017 0.002791412446091733
0.0 0.0011260475606929032
0.0 -0.00039
0.00025177915416914017 -0.002792797784845205
0.0010068630964105928 -0.005228687014192722
0.002264491521200397 -0.00755230160623092
0.00402339810331925 -0.009610204212409624
0.006281811772935216 -0.011472381992231457
0.009037458498920375 -0.013150043770523472
0.012287563578607935 -0.014685277862460891
0.01602885443168224 -0.01609692914819757
0.020257563895389866 -0.017396394831939048
0.024969434017753186 -0.018583500793093646
0.030159720344967195 -0.019641388209492405
0.03582319669866205 -0.02057444949032969
0.041954160438222 -0.021366870204606803
0.0485464382028607 -0.02201337074642371
0.05559339212767277 -0.022530022098671863
0.06308792652740056 -0.022933969019645322
0.07102249504118797 -0.02324442601942849
0.07938910823112627 -0.02348229465440569
0.08817934162694062 -0.0236689389997776
0.09738434420871758 -0.02382046718024594
0.10699484731913196 -0.023931115378979018
0.1170011739961991 -0.023994083283340947
0.1273932487171551 -0.024010876351059692
0.1381606075436544 -0.023986149762139856
0.14929240865806873 -0.023922098777222563
0.16077744328027818 -0.023821012244858646
0.17260414695396292 -0.02368945672203354
0.1847606111910303 -0.02353424432806047
0.19723459546245287 -0.02334992322288258
0.21001353952344373 -0.023130332649617048
0.2230845760605582 -0.022881545653097683
0.23643454364798774 -0.022609139610069908
0.25005000000000005 -0.022313150173707195
0.2639172355061814 -0.021991686735334946
0.27802228703585247 -0.021643769450244155
0.29235095199775674 -0.021275946309540075
0.3068888026408666 -0.0208911019310426
0.32162120058190513 -0.02048665593181411
0.3365333115449578 -0.02006824581882735
0.3516101202983301 -0.019635309158419077
0.36683644577361396 -0.019177315180069904
0.3821969563517359 -0.018701114644033283
0.3976761853005987 -0.018214549018740592
0.41325854634876874 -0.01771621561355425
0.4289283493795308 -0.017194813323738532
0.44466981622950513 -0.016654100725676056
0.46046709657592083 -0.016103824956509905
0.47630428389654733 -0.015531036282427746
0.4921654314862134 -0.014941269299706128
0.5080345685137884 -0.014343193162468383
0.5238957161034545 -0.013730657224923103
0.539732903424081 -0.013098682416911695
0.5555301837704968 -0.012449387550480548
0.571271650620471 -0.011788389711357252
0.5869414536512331 -0.011114173650726464
0.6025238146994031 -0.010432789908743535
0.6180030436482659 -0.009753028829671951
0.6333635542263878 -0.00907811164684361
0.6485898797016715 -0.008410600480018206
0.663666688455044 -0.007756005526663431
0.6785787994180965 -0.007122675420685842
0.693311197359135 -0.006510877005942661
0.7078490480022449 -0.005920415423455156
0.722177712964149 -0.005353409908277649
0.73628276449382 -0.00480448378241196
0.7501500000000012 -0.004268306325832686
0.7637654563520134 -0.003744489079173342
0.7771154239394429 -0.0032254312367843256
0.7901864604765573 -0.002701316207439501
0.802965404537548 -0.0021739768427040777
0.8154393888089706 -0.0016509831829958695
0.8275958530460378 -0.0011447117927804154
0.8394225567197225 -0.0006618634759799
0.850907591341932 -0.00020283528136582794
0.8620393924563462 0.0002251848983678119
0.8728067512828455 0.0006099510417382615
0.8831988260038014 0.0009416230419390149
0.8932051526808684 0.001212935714913972
0.9028156557912828 0.0014184862349339278
0.9120206583730597 0.0015547314905455642
0.920810891768874 0.0016176748558014288
0.9291775049588122 0.0016027790543474579
0.9371120734725997 0.0015095190137464276
0.9446066078723273 0.001341661458720622
0.9516535617971393 0.0011055365828659329
0.9582458395617781 0.0008082798751935194
0.964376803301338 0.00045871099347598304
0.9700402796550328 6.71745686146849e-05
0.9752305659822468 -0.0003553780802704645
0.9799424361046102 -0.0007964540118083549
0.9841711455683178 -0.0012464806292933972
0.9879124364213921 -0.0016978215797102687
0.9911625415010795 -0.0021378108810873797
0.9939181882270648 -0.002550417174563763
0.9961766018966808 -0.0029183435516680935
0.9979355084787995 -0.00322485494483489
0.9991931369035894 -0.003455308177196792
0.9999482208458309 -0.003598363930889862
1.0002 -0.0036468642732031447
