1.0 0.00221
0.9997482711915926 0.002244114780210838
0.9989933382359422 0.0023467042451472096
0.9977359612865423 0.0025184954125511178
0.9959774064153977 0.002760672232395898
0.9937194443381971 0.003074834331482746
0.9909643486313533 0.0034629399800394983
0.9877148934427036 0.0039272339956096846
0.9839743506981782 0.004470161491303242
0.9797464868072487 0.00509426855798995
0.9750355588704727 0.005802091141374257
0.9698463103929542 0.006596033533320537
0.9641839665080364 0.007478238040653545
0.958054228716035 0.00845045259510601
0.9514632691433107 0.009514290984510065
0.9444177243274618 0.010671600693573176
0.9369246885348927 0.01192398261137202
0.9289917066174888 0.013272664936600443
0.9206267664155909 0.014718262111332632
0.9118382907149167 0.016260319008853323
0.9026351287655296 0.017897491333331905
0.8930265473713942 0.019627568894214048
0.8830222215594895 0.021447791924274037
0.872632224837878 0.023354706591540268
0.8618670190525357 0.025344156575648934
0.8507374438531613 0.02741323109404697
0.8392547057785669 0.029559645803929724
0.8274303669726433 0.031778450396014284
0.8152763335422621 0.034055913351778294
0.8028048435688343 0.036374855646571
0.7900284547856001 0.03872173021051348
0.7769600319330563 0.041086634771094394
0.7636127338052524 0.04346263485128828
0.7500000000000012 0.04584999999999979
0.7361355373863427 0.04824627537888966
0.7220333063028884 0.050631598610187956
0.7077075065009447 0.05298236432775552
0.6931725628465657 0.05528755186678866
0.6784431107959373 0.05754044616498158
0.6635339816587122 0.05972692474408076
0.6484601876641387 0.061830309995096464
0.6332369068450188 0.06384519412331269
0.6178794677547149 0.06577103416868998
0.6024033340325966 0.06759737670857786
0.5868240888334664 0.0693096919166482
0.5711574191366438 0.07089807775824902
0.5554190999505066 0.07235444075878802
0.5396249784283953 0.07366947273246224
0.5237909579118721 0.0748374305229999
0.5079329819174049 0.0758666528992079
0.4920670180825969 0.07675884351902455
0.4762090420881297 0.07748803625846526
0.46037502157160654 0.07804429576675734
0.44458090004949524 0.07845805171817259
0.42884258086335814 0.07874297459763573
0.41317591116653546 0.07888097900266827
0.3975966659674052 0.07886360680184427
0.38212053224528686 0.07869669753251345
0.36676309315498296 0.0783932388847369
0.35153981233586296 0.07797132353944539
0.33646601834128953 0.07743688343441334
0.32155688920406433 0.0767860798859314
0.3068274371534359 0.07601854623700359
0.29229249349905695 0.07513757377130173
0.2779666936971131 0.07415712786048524
0.2638644626136587 0.0730993281057354
0.25000000000000006 0.0719698947573361
0.2363872661947488 0.07075714203369783
0.22303996806694482 0.0694602574408828
0.20997154521440087 0.06809693938209604
0.19719515643116664 0.06668311686493968
0.18472366645773874 0.06522395298446808
0.17256963302735745 0.06372248155849235
0.1607452942214339 0.062179643095126406
0.14926255614683936 0.06059556900168281
0.1381329809474649 0.05896995702668399
0.12736777516212267 0.05729830960553182
0.116977778440511 0.05557792909717911
0.10697345262860625 0.05381062134453593
0.09736487123447068 0.0520030657981262
0.0881617092850836 0.050163812286657956
0.0793732335844094 0.048288790803888565
0.07100829338251147 0.04635017275365039
0.06307531146510753 0.044329672067011
0.05558227567253826 0.04222208540727307
0.04853673085668936 0.04003678907770206
0.041945771283965205 0.03779388119131283
0.03581603349196366 0.035519458701462926
0.030153689607045786 0.03324420077427476
0.02496444112952728 0.030957939949941574
0.020253513192751316 0.02850908077717869
0.016025649301821876 0.025818760389029655
0.012285106557296477 0.02291552877422227
0.009035651368646647 0.019904201831291605
0.006280555661802856 0.01691124542537138
0.00402259358460233 0.013764391533420956
0.0022640387134577056 0.010479932523794524
0.0010066617640577813 0.007512740317169138
0.0002517288084074587 0.005434294598466407
0.0 0.004686804079074111
0.0 0.0
0.0002517288084074587 -0.0017585933264415798
0.0010066617640577813 -0.005959685702254061
0.0022640387134577056 -0.010154890899655579
0.00402259358460233 -0.01283788329638685
0.006280555661802856 -0.015387088050633867
0.009035651368646647 -0.018104006404029427
0.012285106557296477 -0.020670155931959932
0.016025649301821876 -0.02289154079648144
0.020253513192751316 -0.024656885434295343
0.02496444112952728 -0.02597258168629059
0.030153689607045786 -0.027008409287357864
0.03581603349196366 -0.028039212438894425
0.041945771283965205 -0.029103361161493067
0.04853673085668936 -0.030157392280288645
0.05558227567253826 -0.031143595671036157
0.06307531146510753 -0.031989233229874715
0.07100829338251147 -0.03265339215370053
0.0793732335844094 -0.03316172097901172
0.0881617092850836 -0.03356471953285571
0.09736487123447068 -0.033927472720220626
0.10697345262860625 -0.03426632401421556
0.116977778440511 -0.03456943703300794
0.12736777516212267 -0.03482477204028362
0.1381329809474649 -0.03503582524699868
0.14926255614683936 -0.03521860795926194
0.1607452942214339 -0.035390635122465826
0.17256963302735745 -0.03555813302675327
0.18472366645773874 -0.03572384794137173
0.19719515643116664 -0.03588855790293049
0.20997154521440087 -0.03604965160150314
0.22303996806694482 -0.036205256602092305
0.2363872661947488 -0.036358701324722596
0.25000000000000006 -0.03651457503590993
0.2638644626136587 -0.036671901330471754
0.2779666936971131 -0.03682629580925376
0.29229249349905695 -0.03697446634257752
0.3068274371534359 -0.0371139606776896
0.32155688920406433 -0.03723551112877804
0.33646601834128953 -0.037322373484055656
0.35153981233586296 -0.037375746444704275
0.36676309315498296 -0.037419459962629756
0.38212053224528686 -0.037446889529854796
0.3975966659674052 -0.037413610894544085
0.41317591116653546 -0.037309838621905574
0.42884258086335814 -0.03716398402993804
0.44458090004949524 -0.036977584811588124
0.46037502157160654 -0.03672822200047488
0.4762090420881297 -0.03640724269680979
0.4920670180825969 -0.03601653269492296
0.5079329819174049 -0.03556317786225641
0.5237909579118721 -0.03505357864767435
0.5396249784283953 -0.03447472878691053
0.5554190999505066 -0.03381335012284926
0.5711574191366438 -0.03308448107377411
0.5868240888334664 -0.03230217675440917
0.6024033340325966 -0.03145376999490367
0.6178794677547149 -0.030533003501996194
0.6332369068450188 -0.029561582585782013
0.6484601876641387 -0.02855312379990455
0.6635339816587122 -0.02749613762001921
0.6784431107959373 -0.026388743703195005
0.6931725628465657 -0.02525286541184218
0.7077075065009447 -0.024102483888660566
0.7220333063028884 -0.022931042089837258
0.7361355373863427 -0.021737585315259038
0.7500000000000012 -0.02053999999999989
0.7636127338052524 -0.019353973906029425
0.7769600319330563 -0.018179602361748197
0.7900284547856001 -0.01701524313770938
0.8028048435688343 -0.01587137030142168
0.8152763335422621 -0.01476258042446331
0.8274303669726433 -0.013694701720554403
0.8392547057785669 -0.012664707197018656
0.8507374438531613 -0.011671286022465133
0.8618670190525357 -0.010721266108536926
0.872632224837878 -0.009822487647571026
0.8830222215594895 -0.008980350293094777
0.8930265473713942 -0.008197391871412838
0.9026351287655296 -0.007474949189136584
0.9118382907149167 -0.006811796269743101
0.9206267664155909 -0.006203531831238913
0.9289917066174888 -0.005645878899960616
0.9369246885348927 -0.005135776539428607
0.9444177243274618 -0.004674415941808508
0.9514632691433107 -0.004263148751673231
0.958054228716035 -0.0039018395182727917
0.9641839665080364 -0.0035889321747190283
0.9698463103929542 -0.0033203915945045535
0.9750355588704727 -0.0030913365539783745
0.9797464868072487 -0.002897318335831239
0.9839743506981782 -0.0027343327476859673
0.9877148934427036 -0.0025988154273360676
0.9909643486313533 -0.0024876368407575054
0.9937194443381971 -0.00239809722628681
0.9959774064153977 -0.002327921716524237
0.9977359612865423 -0.002275255844789214
0.9989933382359422 -0.0022386616156512542
0.9997482711915926 -0.0022171142895323994
1.0 -0.00221
