1.0 0.00224
0.9997482711915926 0.0022708221994997314
0.9989933382359422 0.002363436112415659
0.9977359612865423 0.00251828283009282
0.9959774064153977 0.0027360946686481504
0.9937194443381971 0.003017890927225727
0.9909643486313533 0.003364971974391469
0.9877148934427036 0.00377891168739352
0.9839743506981782 0.00426154827592068
0.9797464868072487 0.004814973528779174
0.9750355588704727 0.005441520528553006
0.9698463103929542 0.006143749885788261
0.9641839665080364 0.0069244345505250215
0.958054228716035 0.007786541369984048
0.9514632691433107 0.008732811504558057
0.9444177243274618 0.009764997494144563
0.9369246885348927 0.010884247767308394
0.9289917066174888 0.012091091441873248
0.9206267664155909 0.013385373525477168
0.9118382907149167 0.014766278112802414
0.9026351287655296 0.016232157168273663
0.8930265473713942 0.017780471144442336
0.8830222215594895 0.019408365511237296
0.872632224837878 0.02111255381206251
0.8618670190525357 0.022888662756721682
0.8507374438531613 0.02472882395911883
0.8392547057785669 0.02662210128300555
0.8274303669726433 0.028558448054402857
0.8152763335422621 0.030537277748594074
0.8028048435688343 0.03256066868957804
0.7900284547856001 0.03462340116766635
0.7769600319330563 0.03671219050216781
0.7636127338052524 0.03881043929132322
0.7500000000000012 0.04089617849869929
0.7361355373863427 0.042951076097986714
0.7220333063028884 0.04498359201143148
0.7077075065009447 0.04700710158998282
0.6931725628465657 0.04900420821638425
0.6784431107959373 0.05094437178574288
0.6635339816587122 0.0528107658225018
0.6484601876641387 0.05459444791809117
0.6332369068450188 0.056289644770130084
0.6178794677547149 0.057893113275377356
0.6024033340325966 0.059406979585301174
0.5868240888334664 0.06083222720696228
0.5711574191366438 0.06214055912751362
0.5554190999505066 0.06330027226703983
0.5396249784283953 0.06433155019850761
0.5237909579118721 0.0652629724357878
0.5079329819174049 0.0660838675188409
0.4920670180825969 0.06677418427457438
0.4762090420881297 0.06731512956831727
0.46037502157160654 0.0677052083792544
0.44458090004949524 0.06797791255337755
0.42884258086335814 0.06814754495674598
0.41317591116653546 0.06819206562825347
0.3975966659674052 0.0681066353863978
0.38212053224528686 0.06791028535807818
0.36676309315498296 0.06761171232533877
0.35153981233586296 0.06720870509726405
0.33646601834128953 0.06670958126058579
0.32155688920406433 0.06613129716490304
0.3068274371534359 0.06548027550792201
0.29229249349905695 0.06475449228470424
0.2779666936971131 0.06395759293972267
0.2638644626136587 0.0630982618981904
0.25000000000000006 0.062180927882112165
0.2363872661947488 0.06120521818822439
0.22303996806694482 0.06017637212364437
0.20997154521440087 0.05910933186442678
0.19719515643116664 0.058016422138523836
0.18472366645773874 0.056898836037664415
0.17256963302735745 0.05575577715457482
0.1607452942214339 0.05458679780419262
0.14926255614683936 0.05339204050701918
0.1381329809474649 0.052171276994193556
0.12736777516212267 0.05092096689601527
0.116977778440511 0.04963873365360963
0.10697345262860625 0.048318903390240406
0.09736487123447068 0.04695000879865307
0.0881617092850836 0.045525032035936795
0.0793732335844094 0.04404045443924934
0.07100829338251147 0.04249445696589273
0.06307531146510753 0.040890375052935225
0.05558227567253826 0.03923415257556121
0.04853673085668936 0.037502410461395914
0.041945771283965205 0.03566411758515173
0.03581603349196366 0.033711557002297436
0.030153689607045786 0.03165724137669556
0.02496444112952728 0.029507284150272685
0.020253513192751316 0.027205512580021796
0.016025649301821876 0.02474159913098931
0.012285106557296477 0.022166559894923703
0.009035651368646647 0.019528745561092943
0.006280555661802856 0.016656358876724453
0.00402259358460233 0.01356969074765251
0.0022640387134577056 0.010556038567530013
0.0010066617640577813 0.00801014372728993
0.0002517288084074587 0.006306626848288003
0.0 0.005707583929178339
0.0 0.0
0.0002517288084074587 -0.0014775156004172862
0.0010066617640577813 -0.0052892775591523306
0.0022640387134577056 -0.009864607231184408
0.00402259358460233 -0.013553880946903208
0.006280555661802856 -0.016058900528026256
0.009035651368646647 -0.018637404281172852
0.012285106557296477 -0.021313969194477866
0.016025649301821876 -0.02379522368232695
0.020253513192751316 -0.025952242264236737
0.02496444112952728 -0.027765137188390427
0.030153689607045786 -0.02933897257441362
0.03581603349196366 -0.030861553764680263
0.041945771283965205 -0.03235234652416259
0.04853673085668936 -0.03378026835650284
0.05558227567253826 -0.035115462106228026
0.06307531146510753 -0.036330333318449884
0.07100829338251147 -0.0374130482000615
0.0793732335844094 -0.03837759250700153
0.0881617092850836 -0.03925413978097679
0.09736487123447068 -0.04008370484800784
0.10697345262860625 -0.04087613161937371
0.116977778440511 -0.04162438579414248
0.12736777516212267 -0.04232270397178588
0.1381329809474649 -0.042973562605624696
0.14926255614683936 -0.043586370037903305
0.1607452942214339 -0.044171849385386715
0.17256963302735745 -0.04473266558317179
0.18472366645773874 -0.045269361598859297
0.19719515643116664 -0.04578284233135836
0.20997154521440087 -0.0462741500877484
0.22303996806694482 -0.04674406040673341
0.2363872661947488 -0.04719021808853699
0.25000000000000006 -0.047609692433362105
0.2638644626136587 -0.048001760263871325
0.2779666936971131 -0.04836667293261052
0.29229249349905695 -0.048697068000390434
0.3068274371534359 -0.04897901180951686
0.32155688920406433 -0.0492100787484856
0.33646601834128953 -0.04940089285827085
0.35153981233586296 -0.04954733186944848
0.36676309315498296 -0.04962656651915089
0.38212053224528686 -0.04962737458134993
0.3975966659674052 -0.04955354744059514
0.41317591116653546 -0.04940528421376299
0.42884258086335814 -0.04917798188441612
0.44458090004949524 -0.04886313313297938
0.46037502157160654 -0.048450392787971995
0.4762090420881297 -0.04794293768815593
0.4920670180825969 -0.04735237983934906
0.5079329819174049 -0.046687091666242464
0.5237909579118721 -0.045948864141111725
0.5396249784283953 -0.04511142224033103
0.5554190999505066 -0.04415426262818868
0.5711574191366438 -0.04311715032112435
0.5868240888334664 -0.04203345675179646
0.6024033340325966 -0.040874369930152664
0.6178794677547149 -0.03961865216069848
0.6332369068450188 -0.038287410562641754
0.6484601876641387 -0.036901026448071916
0.6635339816587122 -0.0354672426690473
0.6784431107959373 -0.03399268347804703
0.6931725628465657 -0.032484606196353766
0.7077075065009447 -0.030954401266155823
0.7220333063028884 -0.029420916738722436
0.7361355373863427 -0.027892717278332195
0.7500000000000012 -0.026354819052027977
0.7636127338052524 -0.024799864486888683
0.7769600319330563 -0.023253292808717844
0.7900284547856001 -0.021742379936734377
0.8028048435688343 -0.020273710749351602
0.8152763335422621 -0.01884587522152759
0.8274303669726433 -0.0174625170099674
0.8392547057785669 -0.01613181090801156
0.8507374438531613 -0.01485957296231413
0.8618670190525357 -0.013645289984663831
0.872632224837878 -0.012487142708243018
0.8830222215594895 -0.011388157295803735
0.8930265473713942 -0.010357977056239037
0.9026351287655296 -0.00940441816690352
0.9118382907149167 -0.008529182152859657
0.9206267664155909 -0.0077274401931472815
0.9289917066174888 -0.00699420309334587
0.9369246885348927 -0.006325470902842702
0.9444177243274618 -0.005720042873575616
0.9514632691433107 -0.005176705453312212
0.958054228716035 -0.004693407744695764
0.9641839665080364 -0.004267285713070575
0.9698463103929542 -0.0038941399975956515
0.9750355588704727 -0.0035694826951365713
0.9797464868072487 -0.0032891146116925847
0.9839743506981782 -0.003049153905039142
0.9877148934427036 -0.002846060123032057
0.9909643486313533 -0.002676656093124784
0.9937194443381971 -0.0025381475392376902
0.9959774064153977 -0.002428140314752898
0.9977359612865423 -0.0023446551537523973
0.9989933382359422 -0.0022861398565880474
0.9997482711915926 -0.0022514788403807046
1.0 -0.00224
