1.0 -9.3e-05
0.9997482714433215 -1.783128665998668e-05
0.9989933392426039 0.00020744596469184117
0.997735963550581 0.0005821446044533371
0.9959774104379913 0.001105117786713184
0.9937194506187528 0.0017747566281582816
0.9909643576670046 0.0025889870374202527
0.9877149057278102 0.003545265820195642
0.9839743667238274 0.004640576193386004
0.9797465070607619 0.005871422867806761
0.9750355838349138 0.007233826883387651
0.9698463405466439 0.008723320402919253
0.9641840023240699 0.010334941690019667
0.9580542706618063 0.01206323051383442
0.9514633176800416 0.013902224236822244
0.9444177799097375 0.015845454852613582
0.9369247516102042 0.017885947248199804
0.9289917776257821 0.020016218968479927
0.9206268457888245 0.022228281761369796
0.911838378876626 0.02451364517820425
0.9026352261304009 0.026863322497013835
0.8930266543448468 0.029267839225455887
0.883022338537268 0.031717244425775205
0.8726323522056532 0.034201125086259526
0.8618671571855167 0.03670862374236781
0.8507375931157175 0.039228459526210055
0.839254866523861 0.04174926012368368
0.8274305395422763 0.04426392856387593
0.8152765182659286 0.04676945235499049
0.8028050407639907 0.04926405188934718
0.7900286647571454 0.051747142526602605
0.7769602549730243 0.05421935462600863
0.7636129701925186 0.05667900274774269
0.7500002500000013 0.05911511728561896
0.7361358012508054 0.06151459095553321
0.7220335842695821 0.06386380388662602
0.7077077987934383 0.066148687165334
0.6931728696740028 0.06835540630619667
0.6784434323528266 0.07047133600555107
0.6635343181247306 0.07248399542813745
0.6484605392039511 0.07438092172861308
0.6332372736081119 0.07615042889861455
0.6178798498752471 0.0777921788910441
0.6024037316292625 0.07931572229206904
0.5868245020093775 0.08073204014786012
0.5711578479792246 0.08205315013372134
0.5554195445314067 0.083284110263636
0.5396254388034168 0.08441060100149714
0.5237914341209142 0.08541537111898816
0.507933473984423 0.08628143652465516
0.4920675260155788 0.08699404826538668
0.4762095658790876 0.08755151129191868
0.4603755611965849 0.08795800024421986
0.4445814554685952 0.08821827410343097
0.4288431520207772 0.08833753719302313
0.4131764979906243 0.08831940795846588
0.3975972683707392 0.08816572185166097
0.38212115012475456 0.0878787399938707
0.36676372639188975 0.08746126157112477
0.35154046079605056 0.08691593654861472
0.3364666818752712 0.08624379629680808
0.3215575676471751 0.08544611635333763
0.3068281303259987 0.08452488498411893
0.29229320120656344 0.08348268417306273
0.27796741573041933 0.0823198413059451
0.26386519874919606 0.08103464055559476
0.25000075000000005 0.07962652084598883
0.2363880298074826 0.07809624489035387
0.22304074502697674 0.0764461740481518
0.20997233524285563 0.0746830335683842
0.19719595923601022 0.07281635173877321
0.18472448173407227 0.07085625330714826
0.17257046045772442 0.06881337432884767
0.1607461334761397 0.06669844483363842
0.14926340688428322 0.06451112599239636
0.13813384281448396 0.06224027986026212
0.1273686477943475 0.059878852333357845
0.11697866146273254 0.057424558591813744
0.10697434565515361 0.05487961918607284
0.09736577386959945 0.0522506609790222
0.08816262112337431 0.04955208714857607
0.07937415421117582 0.046804171176668734
0.07100922237421808 0.04402844566470405
0.06307624838979607 0.041247282722636086
0.05558322009026259 0.03848363042044028
0.0485376823199585 0.035760745624745016
0.04194672933819392 0.03309440799398377
0.03581699767593017 0.03042141728824311
0.03015465945335618 0.027667157450992047
0.024965416165086154 0.024808650260760172
0.020254492939238124 0.02186538838825939
0.016026633276172576 0.018889299121341005
0.012286094272189919 0.015955198043367553
0.009036642332995276 0.013151864700411848
0.0062815493812471935 0.01057386239409817
0.004023589562008745 0.008314213057678306
0.0022650364494189923 0.006458025833152662
0.001007660757396017 0.005077164598105054
0.0002527285566786503 0.004226025433511096
1e-06 0.0039384800276916
1e-06 -9.3e-05
0.0002527285566786503 -0.000801253757210478
0.001007660757396017 -0.0027658131335299868
0.0022650364494189923 -0.005536085512234586
0.004023589562008745 -0.008460711813452483
0.0062815493812471935 -0.010835561455965243
0.009036642332995276 -0.012108045046623087
0.012286094272189919 -0.012134900934475331
0.016026633276172576 -0.01148489629608548
0.020254492939238124 -0.011074428493124995
0.024965416165086154 -0.01109563139074799
0.03015465945335618 -0.011590378322211105
0.03581699767593017 -0.012545857394019328
0.04194672933819392 -0.013878940312038488
0.0485376823199585 -0.01542001563680094
0.05558322009026259 -0.016903846427948645
0.06307624838979607 -0.018148834625205244
0.07100922237421808 -0.019143315111902422
0.07937415421117582 -0.019902556553281697
0.08816262112337431 -0.020463168586467635
0.09736577386959945 -0.02088554255146041
0.10697434565515361 -0.02125613756612323
0.11697866146273254 -0.02168957671665163
0.1273686477943475 -0.022320458746116708
0.13813384281448396 -0.023201741067320536
0.14926340688428322 -0.024323945628012295
0.1607461334761397 -0.025669967612257656
0.17257046045772442 -0.027215581210142642
0.18472448173407227 -0.028929222038998857
0.19719595923601022 -0.030770810089421834
0.20997233524285563 -0.03268326142104616
0.22304074502697674 -0.034595543293810156
0.2363880298074826 -0.03642703511552913
0.25000075000000005 -0.03808780721814002
0.26386519874919606 -0.03948610621698328
0.27796741573041933 -0.04059357399685912
0.29229320120656344 -0.04142262675937884
0.3068281303259987 -0.041989841807734546
0.3215575676471751 -0.0423153885632066
0.3364666818752712 -0.042420577388693446
0.35154046079605056 -0.04232427490321179
0.36676372639188975 -0.042047040906298794
0.38212115012475456 -0.04161169285178873
0.3975972683707392 -0.04104198244599771
0.4131764979906243 -0.04035285907880149
0.4288431520207772 -0.03955455717568463
0.4445814554685952 -0.03865805865755182
0.4603755611965849 -0.03767501387948309
0.4762095658790876 -0.03661515090115645
0.4920675260155788 -0.03548435333075777
0.507933473984423 -0.03428841404787612
0.5237914341209142 -0.03303340109667241
0.5396254388034168 -0.031725868140919954
0.5554195445314067 -0.030374061063818857
0.5711578479792246 -0.028986862816527226
0.5868245020093775 -0.027573162353151905
0.6024037316292625 -0.026141737547898846
0.6178798498752471 -0.024699372005329834
0.6332372736081119 -0.023250230571293225
0.6484605392039511 -0.021798254892774843
0.6635343181247306 -0.02034732539096324
0.6784434323528266 -0.018902133372945173
0.6931728696740028 -0.017475019172051767
0.7077077987934383 -0.016081554081349345
0.7220335842695821 -0.014736144951531123
0.7361358012508054 -0.013451899937530135
0.7500002500000013 -0.012237873605931739
0.7636129701925186 -0.011085249791165768
0.7769602549730243 -0.009979485371512456
0.7900286647571454 -0.00890752037152976
0.8028050407639907 -0.00785784972019307
0.8152765182659286 -0.006821501370131907
0.8274305395422763 -0.005811000092396503
0.839254866523861 -0.004855978135817857
0.8507375931157175 -0.003982028304216479
0.8618671571855167 -0.0032098942752094
0.8726323522056532 -0.0025555939274176727
0.883022338537268 -0.002030138251851202
0.8930266543448468 -0.0016266225120972868
0.9026352261304009 -0.0013219803097433674
0.911838378876626 -0.001095205787188149
0.9206268457888245 -0.0009282686879167287
0.9289917776257821 -0.0008059477275744236
0.9369247516102042 -0.0007156435433797915
0.9444177799097375 -0.000647174619068905
0.9514633176800416 -0.0005925596906444825
0.9580542706618063 -0.0005457902074896048
0.9641840023240699 -0.0005025964535022418
0.9698463405466439 -0.00046021092380272427
0.9750355838349138 -0.00041713250463207264
0.9797465070607619 -0.0003728949180424377
0.9839743667238274 -0.0003278427699989124
0.9877149057278102 -0.00028291838203901984
0.9909643576670046 -0.00023946239448988292
0.9937194506187528 -0.00019903090556542278
0.9959774104379913 -0.00016323165790326765
0.997735963550581 -0.0001335815049787947
0.9989933392426039 -0.00011138708733173722
0.9997482714433215 -9.765032586264197e-05
1.0 -9.3e-05
