1.0 0.0125
0.9997482711915926 0.012547268709475042
0.9989933382359422 0.01268899718383919
0.9977359612865423 0.012924954614089854
0.9959774064153977 0.01325476346760572
0.9937194443381971 0.013677910113249389
0.9909643486313533 0.014193759500621853
0.9877148934427036 0.014801573700028495
0.9839743506981782 0.015500534057920099
0.9797464868072487 0.01628976667333379
0.9750355588704727 0.017168370854698214
0.9698463103929542 0.018135450173769305
0.9641839665080364 0.019190145694886415
0.958054228716035 0.020331670923594905
0.9514632691433107 0.02155934798934678
0.9444177243274618 0.02287256813960289
0.9369246885348927 0.024270228956589094
0.9289917066174888 0.025750843819203867
0.9206267664155909 0.027312754590310958
0.9118382907149167 0.02895412351576459
0.9026351287655296 0.030672924375176915
0.8930265473713942 0.03246697708600247
0.8830222215594895 0.034334342975041045
0.872632224837878 0.036273245852147036
0.8618670190525357 0.038281879093177845
0.8507374438531613 0.04035840736934023
0.8392547057785669 0.04250097035365362
0.8274303669726433 0.04470768606006054
0.8152763335422621 0.04697665381667217
0.8028048435688343 0.0493059568199866
0.7900284547856001 0.05169358710104435
0.7769600319330563 0.05413688127328407
0.7636127338052524 0.056632759805037895
0.7500000000000012 0.059177999999999786
0.7361355373863427 0.06176932620437287
0.7220333063028884 0.06440368312952845
0.7077075065009447 0.06707802230889486
0.6931725628465657 0.06978923111135976
0.6784431107959373 0.07253421279208538
0.6635339816587122 0.07530990629826358
0.6484601876641387 0.07811321686666524
0.6332369068450188 0.08094145474869623
0.6178794677547149 0.08379323834827626
0.6024033340325966 0.08666749137459252
0.5868240888334664 0.08956318411584303
0.5711574191366438 0.09247924215957627
0.5554190999505066 0.09541458308934866
0.5396249784283953 0.09836813995787215
0.5237909579118721 0.1013388856003431
0.5079329819174049 0.10432580319179507
0.4920670180825969 0.10732727192287944
0.4762090420881297 0.11032851653795767
0.46037502157160654 0.11330172864980044
0.44458090004949524 0.11621884281259982
0.42884258086335814 0.11905152063908542
0.41317591116653546 0.12177099555939848
0.3975966659674052 0.12434953661331398
0.38212053224528686 0.12675933188819283
0.36676309315498296 0.12897056212984534
0.35153981233586296 0.13095496426896613
0.33646601834128953 0.13268882793182704
0.32155688920406433 0.13416239736304564
0.3068274371534359 0.1353716207291089
0.29229249349905695 0.13631398435591324
0.2779666936971131 0.1369855787749961
0.2638644626136587 0.13738172618027747
0.25000000000000006 0.1375
0.2363872661947488 0.1373385960787117
0.22303996806694482 0.1368914452547008
0.20997154521440087 0.1361542337359372
0.19719515643116664 0.13512623853452443
0.18472366645773874 0.13380596007872045
0.17256963302735745 0.13218724598821394
0.1607452942214339 0.13026830254231053
0.14926255614683936 0.12805277870318485
0.1381329809474649 0.1255438002152019
0.12736777516212267 0.12273253417373943
0.116977778440511 0.11961596681618912
0.10697345262860625 0.1162006106166473
0.09736487123447068 0.11250177037272618
0.0881617092850836 0.10853641894575554
0.0793732335844094 0.10431968575478473
0.07100829338251147 0.09987663134959421
0.06307531146510753 0.09522996831962946
0.05558227567253826 0.09034904467545533
0.04853673085668936 0.08521434901171851
0.041945771283965205 0.07984230968490345
0.03581603349196366 0.07427513797735143
0.030153689607045786 0.06853883479545658
0.02496444112952728 0.06267711473983291
0.020253513192751316 0.05677563003383704
0.016025649301821876 0.050857747413313545
0.012285106557296477 0.04465790303792402
0.009035651368646647 0.03813121394501963
0.006280555661802856 0.03150960656297591
0.00402259358460233 0.025189382936029774
0.0022640387134577056 0.019633299232660897
0.0010066617640577813 0.015288540986849898
0.0002517288084074587 0.0125217280390837
0.0 0.011571842945169815
0.0 0.0
0.0002517288084074587 -0.0011525802420631016
0.0010066617640577813 -0.004294703912885335
0.0022640387134577056 -0.008568438865304548
0.00402259358460233 -0.012839057698007432
0.006280555661802856 -0.01613345978418128
0.009035651368646647 -0.018245374418843344
0.012285106557296477 -0.02030078357426802
0.016025649301821876 -0.02302745722445668
0.020253513192751316 -0.026084010516405052
0.02496444112952728 -0.028931311847326193
0.030153689607045786 -0.031433143560905215
0.03581603349196366 -0.033646613020519515
0.041945771283965205 -0.035744606544954816
0.04853673085668936 -0.03788764996569993
0.05558227567253826 -0.04005371255911718
0.06307531146510753 -0.04219243733072535
0.07100829338251147 -0.0442435271444729
0.0793732335844094 -0.04615497101365804
0.0881617092850836 -0.04792623983638615
0.09736487123447068 -0.04957854573613556
0.10697345262860625 -0.05114453210669581
0.116977778440511 -0.05263198552246811
0.12736777516212267 -0.05403185453833936
0.1381329809474649 -0.055336888473445374
0.14926255614683936 -0.056542031565389256
0.1607452942214339 -0.05764431753466687
0.17256963302735745 -0.058641879548726364
0.18472366645773874 -0.05953474486612872
0.19719515643116664 -0.06032527300144891
0.20997154521440087 -0.061017458081009536
0.22303996806694482 -0.061611408035584105
0.2363872661947488 -0.0621056923827266
0.25000000000000006 -0.06249999999999999
0.2638644626136587 -0.06279487729920064
0.2779666936971131 -0.06299080605782675
0.29229249349905695 -0.06308894984792139
0.3068274371534359 -0.06309136186999503
0.32155688920406433 -0.06299963214725077
0.33646601834128953 -0.06281460679533674
0.35153981233586296 -0.06253770153955739
0.36676309315498296 -0.062170895358882886
0.38212053224528686 -0.06171658482468104
0.3975966659674052 -0.06117769101333792
0.41317591116653546 -0.06055751418188682
0.42884258086335814 -0.05985889957547583
0.44458090004949524 -0.05908473986349211
0.46037502157160654 -0.05823825753875102
0.4762090420881297 -0.057322420613824
0.4920670180825969 -0.056340108407051816
0.5079329819174049 -0.05529449867104358
0.5237909579118721 -0.05418951913329875
0.5396249784283953 -0.05302981750589557
0.5554190999505066 -0.051820253858109455
0.5711574191366438 -0.05056565233310326
0.5868240888334664 -0.04927067285070325
0.6024033340325966 -0.04794005215825898
0.6178794677547149 -0.04657858087782787
0.6332369068450188 -0.045191049009021406
0.6484601876641387 -0.04378225212923999
0.6635339816587122 -0.042357032104524045
0.6784431107959373 -0.04092051875958334
0.6931725628465657 -0.03947785526291627
0.7077075065009447 -0.03803405666544925
0.7220333063028884 -0.03659409611023566
0.7361355373863427 -0.03516285764094325
0.7500000000000012 -0.03374499999999988
0.7636127338052524 -0.03234523724391081
0.7769600319330563 -0.030969166273242428
0.7900284547856001 -0.029622210048953615
0.8028048435688343 -0.028309276904661066
0.8152763335422621 -0.027034550972267743
0.8274303669726433 -0.025801312219287685
0.8392547057785669 -0.024612353551971684
0.8507374438531613 -0.02347004192400928
0.8618670190525357 -0.022376774653024862
0.872632224837878 -0.021335861519133314
0.8830222215594895 -0.020350132260957422
0.8930265473713942 -0.019421639613279498
0.9026351287655296 -0.018551716681666948
0.9118382907149167 -0.017742254456620872
0.9206267664155909 -0.016996276512636313
0.9289917066174888 -0.016315566735267958
0.9369246885348927 -0.015700547923350582
0.9444177243274618 -0.015150434748001294
0.9514632691433107 -0.014663397723155218
0.958054228716035 -0.014237455542791322
0.9641839665080364 -0.013871032739196265
0.9698463103929542 -0.013561317861083324
0.9750355588704727 -0.013304331779851297
0.9797464868072487 -0.013095238810502119
0.9839743506981782 -0.012928646414546477
0.9877148934427036 -0.012798889511643997
0.9909643486313533 -0.012700295669466226
0.9937194443381971 -0.012627427722659311
0.9959774064153977 -0.012575300688813408
0.9977359612865423 -0.0125395701986708
0.9989933382359422 -0.012516690035770712
0.9997482711915926 -0.012504036783406745
1.0 -0.0125
