1.0 0.0
0.9997483055945149 7.949539950749379e-05
0.9989934758129907 0.00031959381439352794
0.9977362707050332 0.000724821717036934
0.9959779561696175 0.0013016935930502465
0.9937203026804347 0.002057182449420764
0.9909655835031752 0.0029966082854287904
0.9877165724065434 0.004121030482565161
0.9839765408693063 0.005428148640237411
0.9797492547861931 0.006915694305199375
0.9750389706759578 0.008577683750823878
0.9698504313954259 0.010404455082850653
0.9641888613638391 0.012386004280605956
0.9580599613023085 0.014509316243786605
0.9514699024936712 0.016757938693375957
0.9444253205685326 0.0191147327582362
0.9369333088237475 0.02156010962517182
0.9290014110800721 0.024072470281626616
0.9206376140861762 0.02663537823053424
0.9118503394766638 0.029234549555066183
0.9026484352922015 0.031856901145424915
0.8930411670702911 0.03449659345769496
0.8830382085156586 0.037152791135339584
0.8726496317596542 0.0398269742290324
0.8618858972184691 0.04251716320574245
0.8507578430603836 0.04522059707930214
0.8392766742926502 0.04793545534368174
0.8274539514790008 0.05065608273507147
0.8153015790991399 0.05337496644254937
0.8028317935619411 0.05608460217012852
0.7900571508844221 0.058774974017184144
0.776990514048899 0.06143452487326792
0.7636450400510537 0.06405162912954597
0.7500341666519548 0.06661601898354848
0.7361715988473708 0.0691183510191635
0.7220712950680013 0.07154990921435432
0.7077474531245207 0.07390659554858396
0.6932144959115858 0.07618759698305005
0.678487056885204 0.07839259751179373
0.6635799653280836 0.08051716800743734
0.6485082314178022 0.08255431161130324
0.6332870311128317 0.08449743743147373
0.617931690871633 0.08634189059719626
0.6024576722202125 0.08808446874073396
0.586880556183676 0.08972232731389528
0.5712160275974566 0.09125128923665579
0.5554798593140153 0.09266644959052285
0.5396878963209158 0.09396339495597616
0.5238560397862647 0.09513910844274152
0.5080002310475834 0.09619166224078989
0.49213643556023245 0.09711946779244467
0.4762806268215512 0.09791951093777916
0.46044877028690007 0.09858808125689036
0.44465680729380064 0.09912206333399909
0.4289206390103594 0.09951956716604736
0.4132561104241399 0.09977968859105317
0.39767899438760335 0.099901944865227
0.3822049757361829 0.09988460846622725
0.36684963549498417 0.09972557722542048
0.3516284351900135 0.09942355797695968
0.3365567012797322 0.09897844085648154
0.32164960972261164 0.09839112518974125
0.30692217069622996 0.09766304712499597
0.292389213483295 0.09679423411597593
0.27806537153981425 0.09578463447224118
0.2639650677604447 0.0946351696219764
0.2501024999558606 0.0933468392323316
0.23649162655676162 0.0919214461637315
0.22314615255891623 0.09036156790912608
0.210079515723393 0.08866787070614374
0.1973048730458739 0.08684157643117642
0.18483508750867506 0.08488554647069356
0.17268271512881397 0.0828032021627157
0.16085999231516468 0.08059961647592129
0.1493788235474312 0.07828056270925444
0.13825076938934563 0.07584874451863777
0.1274870348481605 0.07330865331202538
0.11709845809215598 0.07066618365218537
0.10709549953752343 0.06792539408022467
0.0974882313156129 0.06509358296643601
0.0882863271311506 0.062177517806124585
0.07949905252163826 0.05917884583791757
0.0711352555277423 0.05610490707510727
0.06320335778406687 0.05296483180782787
0.055711346039281594 0.049767594341196895
0.04866676411414288 0.0465294106164269
0.042076705305505765 0.04324895139202924
0.03594780524397504 0.03991491059851594
0.030286235212388195 0.03653863241355558
0.02509769593185622 0.033142515126740775
0.02038741182162103 0.0297635481515584
0.016160125738507863 0.026426778706398816
0.012420094201270741 0.023004678004585465
0.009171083104638787 0.019453914454991537
0.006416363927379454 0.015883114991806613
0.004158710438196592 0.012492493061489966
0.0024003959027808614 0.009520841032377233
0.0011431907948233552 0.007201126938969074
0.00038836101329920857 0.0057253094612504316
0.000136666607814084 0.005218855430789626
0.000136666607814084 0.002224460080261624
0.00038836101329920857 -0.002201266125505168
0.0011431907948233552 -0.011438450506891084
0.0024003959027808614 -0.016210028830881948
0.004158710438196592 -0.010490766753977032
0.006416363927379454 -0.002769662803207494
0.009171083104638787 -0.001427530626102025
0.012420094201270741 -0.005799606209888583
0.016160125738507863 -0.01041932650018666
0.02038741182162103 -0.011114318111350907
0.02509769593185622 -0.008502386833452372
0.030286235212388195 -0.004826715065928736
0.03594780524397504 -0.0024937833839990676
0.042076705305505765 -0.0014383099097027027
0.04866676411414288 -0.0008742100015976023
0.055711346039281594 0.00027947795052800394
0.06320335778406687 0.002264014577897483
0.0711352555277423 0.0048177506367988975
0.07949905252163826 0.007551280522343893
0.0882863271311506 0.010220384486864851
0.0974882313156129 0.012898876375851055
0.10709549953752343 0.01571595872158809
0.11709845809215598 0.018808549563552487
0.1274870348481605 0.022187696752138306
0.13825076938934563 0.025811618982356437
0.1493788235474312 0.029626471588133616
0.16085999231516468 0.033578619343131
0.17268271512881397 0.03762301950051353
0.18483508750867506 0.0417086074869206
0.1973048730458739 0.045778179411847135
0.210079515723393 0.049786244693249056
0.22314615255891623 0.05369779715122109
0.23649162655676162 0.057475940488367565
0.2501024999558606 0.06108267891570141
0.2639650677604447 0.06449564083979555
0.27806537153981425 0.06770762255994989
0.292389213483295 0.07071368136611796
0.30692217069622996 0.0735106943916625
0.32164960972261164 0.07609623077874901
0.3365567012797322 0.07846774360033108
0.3516284351900135 0.08062406476965274
0.36684963549498417 0.0825655245728659
0.3822049757361829 0.08429305233082102
0.39767899438760335 0.0858053348770873
0.4132561104241399 0.08710126186506006
0.4289206390103594 0.08818080515558296
0.44465680729380064 0.08904499385425457
0.46044877028690007 0.08969593265887305
0.4762806268215512 0.09013674623480289
0.49213643556023245 0.09037149330473992
0.5080002310475834 0.09040506741672098
0.5238560397862647 0.09023894311037944
0.5396878963209158 0.08986786964826578
0.5554798593140153 0.08928670526041972
0.5712160275974566 0.0884912558860095
0.586880556183676 0.08747991186040982
0.6024576722202125 0.08625890489377656
0.617931690871633 0.0848370904065381
0.6332870311128317 0.0832239844322781
0.6485082314178022 0.08143032469040086
0.6635799653280836 0.0794731356030383
0.678487056885204 0.07737265581456465
0.6932144959115858 0.07514890874215852
0.7077474531245207 0.07282126578299401
0.7220712950680013 0.07040446357305667
0.7361715988473708 0.06790981667745162
0.7500341666519548 0.06534858059260198
0.7636450400510537 0.06273193981202808
0.776990514048899 0.060070108764108975
0.7900571508844221 0.05737257756458992
0.8028317935619411 0.05464888151977024
0.8153015790991399 0.05190846871077533
0.8274539514790008 0.0491593485717579
0.8392766742926502 0.04640879685282082
0.8507578430603836 0.04366440796378057
0.8618858972184691 0.04093329254296664
0.8726496317596542 0.03821745848437755
0.8830382085156586 0.03551803790673797
0.8930411670702911 0.032838014531975
0.9026484352922015 0.03018338824673475
0.9118503394766638 0.02756608779606133
0.9206376140861762 0.02499901840137485
0.9290014110800721 0.02249468635295591
0.9369333088237475 0.020066886570522652
0.9444253205685326 0.01773111806680917
0.9514699024936712 0.015501167930533593
0.9580599613023085 0.013389200963285445
0.9641888613638391 0.011408331596506362
0.9698504313954259 0.009570346660008321
0.9750389706759578 0.007883853482145193
0.9797492547861931 0.006355843349275213
0.9839765408693063 0.00499273285825632
0.9877165724065434 0.0037975752139138125
0.9909655835031752 0.0027706109370829127
0.9937203026804347 0.001910648549396642
0.9959779561696175 0.0012149415306429523
0.9977362707050332 0.0006796556211767381
0.9989934758129907 0.00030080617864465493
0.9997483055945149 7.500478678895264e-05
1.0 4.4e-17
