1.0 0.0
0.9997482711915926 1.6275105913920913e-05
0.9989933382359422 6.520945312423397e-05
0.9977359612865423 0.00014713008657872822
0.9959774064153977 0.0002625819309335901
0.9937194443381971 0.0004123275463513881
0.9909643486313533 0.0005973467492510836
0.9877148934427036 0.0008188360612615453
0.9839743506981782 0.0010782079400069669
0.9797464868072487 0.0013770897363741576
0.9750355588704727 0.0017173223147077367
0.9698463103929542 0.002100958265070059
0.9641839665080364 0.0025302596304013513
0.958054228716035 0.0030076950662219267
0.9514632691433107 0.003535936346523178
0.9444177243274618 0.004117854126772996
0.9369246885348927 0.00475651287357854
0.9289917066174888 0.00545516487055275
0.9206267664155909 0.006217243211355573
0.9118382907149167 0.007046353693745092
0.9026351287655296 0.0079462655327795
0.8930265473713942 0.00892073290109755
0.8830222215594895 0.009971887583272339
0.872632224837878 0.011100509042051041
0.8618670190525357 0.012306759215298538
0.8507374438531613 0.013590145995816547
0.8392547057785669 0.014949483006905271
0.8274303669726433 0.01638285555749789
0.8152763335422621 0.017887593268317587
0.8028048435688343 0.019460249799878645
0.7900284547856001 0.02109678498773918
0.7769600319330563 0.022794009679291315
0.7636127338052524 0.024548987973473383
0.7500000000000012 0.026358344672879022
0.7361355373863427 0.028218267097535023
0.7220333063028884 0.030124515794219847
0.7077075065009447 0.032072439480995155
0.6931725628465657 0.034056933392705525
0.6784431107959373 0.03607080553115876
0.6635339816587122 0.03810446394322201
0.6484601876641387 0.04014765079179071
0.6332369068450188 0.04218960327917104
0.6178794677547149 0.04421912733518135
0.6024033340325966 0.04622467706577769
0.5868240888334664 0.04819486912871758
0.5711574191366438 0.05012099683436677
0.5554190999505066 0.051995513534519484
0.5396249784283953 0.053810975663308606
0.5237909579118721 0.05556009244056911
0.5079329819174049 0.057235778899885646
0.4920670180825969 0.058831031498896236
0.4762090420881297 0.06033490666409393
0.46037502157160654 0.06173251424066296
0.44458090004949524 0.06300931238281303
0.42884258086335814 0.06415144139082808
0.41317591116653546 0.06514585532042301
0.3975966659674052 0.0659804524332082
0.38212053224528686 0.06664642879216172
0.36676309315498296 0.06714183484909624
0.35153981233586296 0.06746650502720604
0.33646601834128953 0.06762110828376923
0.32155688920406433 0.06760715716419484
0.3068274371534359 0.06742701173011792
0.29229249349905695 0.06708362965010113
0.2779666936971131 0.06657574794822824
0.2638644626136587 0.06589871650851656
0.25000000000000006 0.06504948720682241
0.2363872661947488 0.0640292887087303
0.22303996806694482 0.06285073635863232
0.20997154521440087 0.06152926909009288
0.19719515643116664 0.06008030720972947
0.18472366645773874 0.05851747733854508
0.17256963302735745 0.056850942985663705
0.1607452942214339 0.05509104132732362
0.14926255614683936 0.05324874595643382
0.1381329809474649 0.0513346614182468
0.12736777516212267 0.0493570380516079
0.116977778440511 0.047324721465428314
0.10697345262860625 0.04524777919217335
0.09736487123447068 0.04313725965967303
0.0881617092850836 0.040994460475357264
0.0793732335844094 0.038805856592214166
0.07100829338251147 0.036564792016974
0.06307531146510753 0.0342825288366269
0.05558227567253826 0.03198394777365254
0.04853673085668936 0.02969416195009139
0.041945771283965205 0.027417732656318167
0.03581603349196366 0.02512703139892216
0.030153689607045786 0.022812378577669466
0.02496444112952728 0.020484670387550953
0.020253513192751316 0.01815886751516292
0.016025649301821876 0.015828059426827867
0.012285106557296477 0.013515257860534877
0.009035651368646647 0.011275575250520031
0.006280555661802856 0.009183729794473959
0.00402259358460233 0.007322848198907777
0.0022640387134577056 0.005774720242113024
0.0010066617640577813 0.004611638415630105
0.0002517288084074587 0.003889933629718416
0.0 0.003645294531209732
0.0 0.0
0.0002517288084074587 -0.0007697820395087209
0.0010066617640577813 -0.0027851002776790373
0.0022640387134577056 -0.005291495988827632
0.00402259358460233 -0.00745517071617959
0.006280555661802856 -0.008966666564757069
0.009035651368646647 -0.01012134137037398
0.012285106557296477 -0.011157020687850272
0.016025649301821876 -0.012162469572502506
0.020253513192751316 -0.013146004039009354
0.02496444112952728 -0.0140823349368406
0.030153689607045786 -0.014957628160291453
0.03581603349196366 -0.015756076220128323
0.041945771283965205 -0.016468530883568675
0.04853673085668936 -0.017099046824071002
0.05558227567253826 -0.017664965307159324
0.06307531146510753 -0.01817649637904056
0.07100829338251147 -0.018641990890962495
0.0793732335844094 -0.019077289676056017
0.0881617092850836 -0.019491178107911556
0.09736487123447068 -0.019880639044761193
0.10697345262860625 -0.020242903626166143
0.116977778440511 -0.02057701943599201
0.12736777516212267 -0.020883793085031518
0.1381329809474649 -0.02116544245645972
0.14926255614683936 -0.021425678870455024
0.1607452942214339 -0.021668420921295492
0.17256963302735745 -0.021891864528943632
0.18472366645773874 -0.02209207928786648
0.19719515643116664 -0.02226494601441372
0.20997154521440087 -0.022406644398221355
0.22303996806694482 -0.022517255091971305
0.2363872661947488 -0.022599314342555177
0.25000000000000006 -0.022656075337386075
0.2638644626136587 -0.02269136049748593
0.2779666936971131 -0.022709131295975956
0.29229249349905695 -0.022713798778953062
0.3068274371534359 -0.022710244537917774
0.32155688920406433 -0.022701731782124562
0.33646601834128953 -0.022689438066986086
0.35153981233586296 -0.02267452714564374
0.36676309315498296 -0.02265825620236374
0.38212053224528686 -0.022641965163202788
0.3975966659674052 -0.022627065025485213
0.41317591116653546 -0.022614506265929136
0.42884258086335814 -0.02260185376293839
0.44458090004949524 -0.022585212873376764
0.46037502157160654 -0.022560594018814953
0.4762090420881297 -0.0225239552558321
0.4920670180825969 -0.02247124217424578
0.5079329819174049 -0.02239851466898537
0.5237909579118721 -0.022303935836249546
0.5396249784283953 -0.02218782024943484
0.5554190999505066 -0.02205065947089786
0.5711574191366438 -0.021893026677444128
0.5868240888334664 -0.021715573144832113
0.6024033340325966 -0.02151902216256076
0.6178794677547149 -0.021303143359627425
0.6332369068450188 -0.02106521307771849
0.6484601876641387 -0.020802346168050007
0.6635339816587122 -0.02051195325299208
0.6784431107959373 -0.020191768459339884
0.6931725628465657 -0.019839874077452108
0.7077075065009447 -0.01945474597845713
0.7220333063028884 -0.019035723269235635
0.7361355373863427 -0.018582935683271008
0.7500000000000012 -0.0180968503416288
0.7636127338052524 -0.017578255559126933
0.7769600319330563 -0.01702825952844573
0.7900284547856001 -0.016448286163297066
0.8028048435688343 -0.015840069514545318
0.8152763335422621 -0.015205872993478203
0.8274303669726433 -0.014548683639796932
0.8392547057785669 -0.013871709820693159
0.8507374438531613 -0.013178297187427376
0.8618670190525357 -0.012471910945566513
0.872632224837878 -0.011756117121449484
0.8830222215594895 -0.011034562942281513
0.8930265473713942 -0.010310956455218614
0.9026351287655296 -0.009589032775843595
0.9118382907149167 -0.008871406906243495
0.9206267664155909 -0.008159057735546961
0.9289917066174888 -0.007453552739172415
0.9369246885348927 -0.006757199954019712
0.9444177243274618 -0.00607294635197946
0.9514632691433107 -0.005404272537783281
0.958054228716035 -0.004755085134156307
0.9641839665080364 -0.00412960822288439
0.9698463103929542 -0.0035322752019915213
0.9750355588704727 -0.002967622396886194
0.9797464868072487 -0.0024401857273613895
0.9839743506981782 -0.0019544016831343405
0.9877148934427036 -0.0015145137987260622
0.9909643486313533 -0.0011244857445659828
0.9937194443381971 -0.0007879220660345454
0.9959774064153977 -0.0005079975066069198
0.9977359612865423 -0.00028739574630873315
0.9989933382359422 -0.0001282582734080411
0.9997482711915926 -3.2143986789481007e-05
1.0 0.0
