1.0 0.0003
0.9997482711915926 0.0003446291318639131
0.9989933382359422 0.0004781024658245233
0.9977359612865423 0.0006991875116412335
0.9959774064153977 0.0010058623167428758
0.9937194443381971 0.0013953633522846194
0.9909643486313533 0.0018642517365323784
0.9877148934427036 0.0024084969884248662
0.9839743506981782 0.0030235772876509273
0.9797464868072487 0.0037045950114589867
0.9750355588704727 0.0044464061247940145
0.9698463103929542 0.005243761821220712
0.9641839665080364 0.006091460649292884
0.958054228716035 0.006984509214259901
0.9514632691433107 0.007918289419787406
0.9444177243274618 0.008888730110045871
0.9369246885348927 0.009892480890226374
0.9289917066174888 0.010927085844203753
0.9206267664155909 0.011991154832392603
0.9118382907149167 0.013084530041312069
0.9026351287655296 0.014208445469239307
0.8930265473713942 0.015365677069607498
0.8830222215594895 0.016560681335268782
0.872632224837878 0.01779972019194481
0.8618670190525357 0.019090970177443607
0.8507374438531613 0.020444614013622853
0.8392547057785669 0.02187291282950464
0.8274303669726433 0.023389447825381646
0.8152763335422621 0.02499921706225359
0.8028048435688343 0.026699998893855104
0.7900284547856001 0.028488549830551022
0.7769600319330563 0.030360720942127356
0.7636127338052524 0.032311454380780286
0.7500000000000012 0.034334788916625295
0.7361355373863427 0.036423874590057706
0.7220333063028884 0.038570996498800546
0.7077075065009447 0.040767607650220146
0.6931725628465657 0.0430043707222849
0.6784431107959373 0.04527120849019364
0.6635339816587122 0.04755736259101981
0.6484601876641387 0.0498514602159532
0.6332369068450188 0.0521415367759926
0.6178794677547149 0.0544149706045821
0.6024033340325966 0.05665871004487305
0.5868240888334664 0.05885986853718853
0.5711574191366438 0.06101173659564162
0.5554190999505066 0.06311236843274681
0.5396249784283953 0.06515865576528622
0.5237909579118721 0.06714470683277267
0.5079329819174049 0.06906448569336732
0.4920670180825969 0.07091169076598405
0.4762090420881297 0.07267531866239735
0.46037502157160654 0.07434190712301765
0.44458090004949524 0.07589849166783934
0.42884258086335814 0.07734130353490785
0.41317591116653546 0.07868621839594099
0.3975966659674052 0.07995162712022374
0.38212053224528686 0.08115390834079361
0.36676309315498296 0.08228702730958266
0.35153981233586296 0.08333015947070654
0.33646601834128953 0.08427204234146451
0.32155688920406433 0.08513284261683589
0.3068274371534359 0.08593855726379594
0.29229249349905695 0.0867052260767848
0.2779666936971131 0.08742826868300338
0.2638644626136587 0.08810087502433593
0.25000000000000006 0.08871708729838108
0.2363872661947488 0.0892708507253722
0.22303996806694482 0.08975363409664879
0.20997154521440087 0.09015759759090354
0.19719515643116664 0.09047648970527267
0.18472366645773874 0.09070272367804642
0.17256963302735745 0.0908160884771803
0.1607452942214339 0.09079611711347522
0.14926255614683936 0.09062701666197917
0.1381329809474649 0.09027988482319733
0.12736777516212267 0.08970709715811413
0.116977778440511 0.08887201714681507
0.10697345262860625 0.08775108046195436
0.09736487123447068 0.08633309818138057
0.0881617092850836 0.08463414586841134
0.0793732335844094 0.0827121921399806
0.07100829338251147 0.08062380013565644
0.06307531146510753 0.07832165582973535
0.05558227567253826 0.07565510776848937
0.04853673085668936 0.07253160929995067
0.041945771283965205 0.06899738579094694
0.03581603349196366 0.06530320847129281
0.030153689607045786 0.06166681699547608
0.02496444112952728 0.058242695935996125
0.020253513192751316 0.0550142001544832
0.016025649301821876 0.05157128034224623
0.012285106557296477 0.047697560840924566
0.009035651368646647 0.043559486230806674
0.006280555661802856 0.03945466778465854
0.00402259358460233 0.03520669934685074
0.0022640387134577056 0.03079724785374206
0.0010066617640577813 0.026816064214079602
0.0002517288084074587 0.024025925199050936
0.0 0.023022066696096397
0.0 0.0177
0.0002517288084074587 0.015392564245430812
0.0010066617640577813 0.009699800820349127
0.0022640387134577056 0.0035699531580068514
0.00402259358460233 -0.0005408290517801087
0.006280555661802856 -0.0039030506241216974
0.009035651368646647 -0.007678257208854599
0.012285106557296477 -0.010957124764086904
0.016025649301821876 -0.01422939406734302
0.020253513192751316 -0.017544213181555995
0.02496444112952728 -0.02084378947549973
0.030153689607045786 -0.02410820564530847
0.03581603349196366 -0.027354737378543503
0.041945771283965205 -0.030658068271131024
0.04853673085668936 -0.034165847580743675
0.05558227567253826 -0.0380126235506301
0.06307531146510753 -0.04194315936811529
0.07100829338251147 -0.045475617839863085
0.0793732335844094 -0.04811095607727086
0.0881617092850836 -0.04997094038799406
0.09736487123447068 -0.05151029622949531
0.10697345262860625 -0.053227048720353
0.116977778440511 -0.05516430068444459
0.12736777516212267 -0.05718548102692423
0.1381329809474649 -0.05911931728308589
0.14926255614683936 -0.060758287508072495
0.1607452942214339 -0.06192252643719097
0.17256963302735745 -0.06264659901568453
0.18472366645773874 -0.06303586303110922
0.19719515643116664 -0.06322043926197901
0.20997154521440087 -0.06331360736108428
0.22303996806694482 -0.06333648528401468
0.2363872661947488 -0.06329603231590362
0.25000000000000006 -0.06320086886036518
0.2638644626136587 -0.06305923746126686
0.2779666936971131 -0.06287232610862808
0.29229249349905695 -0.06263960846566273
0.3068274371534359 -0.06236037507023455
0.32155688920406433 -0.06203117736720564
0.33646601834128953 -0.06164739134016221
0.35153981233586296 -0.06120434343899217
0.36676309315498296 -0.060697090750307825
0.38212053224528686 -0.06011649232107747
0.3975966659674052 -0.05944981274220099
0.41317591116653546 -0.05868840302570532
0.42884258086335814 -0.057838048571528175
0.44458090004949524 -0.05690801899951689
0.46037502157160654 -0.055907966185901166
0.4762090420881297 -0.054839994282477676
0.4920670180825969 -0.05369562010035056
0.5079329819174049 -0.05246581441620076
0.5237909579118721 -0.05114386053882682
0.5396249784283953 -0.04972808265753576
0.5554190999505066 -0.04821787441441191
0.5711574191366438 -0.046614318465784454
0.5868240888334664 -0.044924092830134994
0.6024033340325966 -0.043155462938995595
0.6178794677547149 -0.041317711313189544
0.6332369068450188 -0.03942755023564551
0.6484601876641387 -0.03750507703594237
0.6635339816587122 -0.035568796979518605
0.6784431107959373 -0.03363276702739798
0.6931725628465657 -0.03170946693009301
0.7077075065009447 -0.0298106781737457
0.7220333063028884 -0.02794740733903281
0.7361355373863427 -0.026129818606983317
0.7500000000000012 -0.02436717588606203
0.7636127338052524 -0.022667794939805384
0.7769600319330563 -0.021039005796403387
0.7900284547856001 -0.019487125621798655
0.8028048435688343 -0.018017442137054335
0.8152763335422621 -0.016634207559862373
0.8274303669726433 -0.01534064295005839
0.8392547057785669 -0.014138443181493963
0.8507374438531613 -0.013022195192772378
0.8618670190525357 -0.011982641643156457
0.872632224837878 -0.011011454459247168
0.8830222215594895 -0.010101313773320844
0.8930265473713942 -0.009245884429393432
0.9026351287655296 -0.008439782771350424
0.9118382907149167 -0.007678534528978996
0.9206267664155909 -0.00695852469392663
0.9289917066174888 -0.0062769403435173855
0.9369246885348927 -0.005631707425419893
0.9444177243274618 -0.005021422559922019
0.9514632691433107 -0.004445280948679375
0.958054228716035 -0.003903001499037762
0.9641839665080364 -0.003394750281264472
0.9698463103929542 -0.0029210634322624973
0.9750355588704727 -0.002482770603700525
0.9797464868072487 -0.0020809200252013597
0.9839743506981782 -0.0017167062146370097
0.9877148934427036 -0.0013914013181317755
0.9909643486313533 -0.0011062910026337304
0.9937194443381971 -0.0008626157545348423
0.9959774064153977 -0.0006615183595508861
0.9977359612865423 -0.0005039982527464979
0.9989933382359422 -0.00039087333412105073
0.9997482711915926 -0.0003227497455356906
1.0 -0.0003
