1.0 0.00095
0.9997482711915926 0.0010055325699883523
0.9989933382359422 0.0011720234307740823
0.9977359612865423 0.0014491555219370666
0.9959774064153977 0.0018364119873028688
0.9937194443381971 0.0023330933816715213
0.9909643486313533 0.0029383414418314526
0.9877148934427036 0.003651169107432318
0.9839743506981782 0.004470496393097425
0.9797464868072487 0.0053951916027352685
0.9750355588704727 0.006423886783143156
0.9698463103929542 0.0075542065268072054
0.9641839665080364 0.008782921507198303
0.958054228716035 0.010105933418208743
0.9514632691433107 0.011518150549082912
0.9444177243274618 0.01301346386566206
0.9369246885348927 0.014585437953280569
0.9289917066174888 0.016227083634571603
0.9206267664155909 0.017930395355200714
0.9118382907149167 0.01968606862470225
0.9026351287655296 0.021483595437229983
0.8930265473713942 0.023311469374165176
0.8830222215594895 0.025159231901268803
0.872632224837878 0.027017054293957142
0.8618670190525357 0.02887473047532481
0.8507374438531613 0.03072181387465286
0.8392547057785669 0.032548430828226796
0.8274303669726433 0.034344968952659066
0.8152763335422621 0.036101816445480626
0.8028048435688343 0.03781016353343128
0.7900284547856001 0.0394624699536579
0.7769600319330563 0.041051649063945816
0.7636127338052524 0.04257127644299258
0.7500000000000012 0.04401592250240936
0.7361355373863427 0.04538080227567703
0.7220333063028884 0.04666328748210493
0.7077075065009447 0.047864399206661024
0.6931725628465657 0.04898639502670113
0.6784431107959373 0.0500299157721916
0.6635339816587122 0.05099346736960857
0.6484601876641387 0.05187595376884248
0.6332369068450188 0.05267697931719855
0.6178794677547149 0.05339718991732379
0.6024033340325966 0.054037862183452336
0.5868240888334664 0.05460061891375302
0.5711574191366438 0.055086478264889646
0.5554190999505066 0.05549644374206719
0.5396249784283953 0.05583175764746773
0.5237909579118721 0.056092308525347696
0.5079329819174049 0.05627716494589643
0.4920670180825969 0.0563857522007638
0.4762090420881297 0.056419495649383415
0.46037502157160654 0.056381805662925596
0.44458090004949524 0.05627639563187497
0.42884258086335814 0.05610564360450834
0.41317591116653546 0.05586982095265104
0.3975966659674052 0.055569290122893744
0.38212053224528686 0.05520591617419616
0.36676309315498296 0.054784843793929644
0.35153981233586296 0.05431176026975659
0.33646601834128953 0.05379162417166838
0.32155688920406433 0.05322546294482471
0.3068274371534359 0.05261325214977084
0.29229249349905695 0.05195538703435583
0.2779666936971131 0.0512538750080668
0.2638644626136587 0.05051209748694008
0.25000000000000006 0.04973355265450537
0.2363872661947488 0.04892134535565043
0.22303996806694482 0.048078465947707656
0.20997154521440087 0.047206936255278525
0.19719515643116664 0.046300054511970265
0.18472366645773874 0.045348452027609926
0.17256963302735745 0.044345932067605696
0.1607452942214339 0.043289489357418935
0.14926255614683936 0.04217748236252554
0.1381329809474649 0.04100791180509241
0.12736777516212267 0.03978019994332229
0.116977778440511 0.038495778589323494
0.10697345262860625 0.03716005440138038
0.09736487123447068 0.0357830231128314
0.0881617092850836 0.034372806433598184
0.0793732335844094 0.03293405844555818
0.07100829338251147 0.0314727932918252
0.06307531146510753 0.029996726334554722
0.05558227567253826 0.028517407421616785
0.04853673085668936 0.0270343209722738
0.041945771283965205 0.02554274545324233
0.03581603349196366 0.02404578259013239
0.030153689607045786 0.022547455265787317
0.02496444112952728 0.021049418613219625
0.020253513192751316 0.019546191949162024
0.016025649301821876 0.01801326682209916
0.012285106557296477 0.016379230976019645
0.009035651368646647 0.014631932164921844
0.006280555661802856 0.012737345776881952
0.00402259358460233 0.010634978652606816
0.0022640387134577056 0.008288584045659006
0.0010066617640577813 0.005604502316630181
0.0002517288084074587 0.0029344455953647093
0.0 0.0002172575540603492
0.0 0.0
0.0002517288084074587 -0.002828457319027165
0.0010066617640577813 -0.005533727720468903
0.0022640387134577056 -0.008185951818166462
0.00402259358460233 -0.010646355390238072
0.006280555661802856 -0.013026975004104662
0.009035651368646647 -0.015137624260256116
0.012285106557296477 -0.01703933662727574
0.016025649301821876 -0.019053248709930873
0.020253513192751316 -0.020879316059059363
0.02496444112952728 -0.022604124107267556
0.030153689607045786 -0.024332953543045443
0.03581603349196366 -0.02602502828560796
0.041945771283965205 -0.02764442158188511
0.04853673085668936 -0.029213031586832482
0.05558227567253826 -0.030722571802453195
0.06307531146510753 -0.03215808529046367
0.07100829338251147 -0.03351468631989926
0.0793732335844094 -0.0347984469265563
0.0881617092850836 -0.03599565368545362
0.09736487123447068 -0.037099367069320974
0.10697345262860625 -0.03811050432120551
0.116977778440511 -0.0390387676291315
0.12736777516212267 -0.03990021690184657
0.1381329809474649 -0.0406930153767385
0.14926255614683936 -0.04140558948220025
0.1607452942214339 -0.04204964159017282
0.17256963302735745 -0.042644528390724586
0.18472366645773874 -0.04319127596034586
0.19719515643116664 -0.04368744971489128
0.20997154521440087 -0.04413496460559262
0.22303996806694482 -0.04454004398269418
0.2363872661947488 -0.0449040872172966
0.25000000000000006 -0.04521552412101973
0.2638644626136587 -0.045460376496598204
0.2779666936971131 -0.045635225603503166
0.29229249349905695 -0.0457581237777701
0.3068274371534359 -0.045850828618824696
0.32155688920406433 -0.04591536033231006
0.33646601834128953 -0.04592982438408238
0.35153981233586296 -0.045869767348257054
0.36676309315498296 -0.045716356051692844
0.38212053224528686 -0.0454706085170958
0.3975966659674052 -0.04513787870172864
0.41317591116653546 -0.04472240994014364
0.42884258086335814 -0.04421750680523611
0.44458090004949524 -0.04361207495128012
0.46037502157160654 -0.04289552137399712
0.4762090420881297 -0.04206234602776976
0.4920670180825969 -0.041110662598886676
0.5079329819174049 -0.040039036419382563
0.5237909579118721 -0.03884512803649482
0.5396249784283953 -0.03752572675288651
0.5554190999505066 -0.036078201473764504
0.5711574191366438 -0.034505266588699623
0.5868240888334664 -0.032817262775434446
0.6024033340325966 -0.031025392951541126
0.6178794677547149 -0.02913960567243483
0.6332369068450188 -0.027166413721585604
0.6484601876641387 -0.025112046740196424
0.6635339816587122 -0.02298749706914459
0.6784431107959373 -0.020827740108223552
0.6931725628465657 -0.018673936793268394
0.7077075065009447 -0.01656352819631248
0.7220333063028884 -0.014510025841057107
0.7361355373863427 -0.012506838986649562
0.7500000000000012 -0.010544715824658508
0.7636127338052524 -0.00859143109583136
0.7769600319330563 -0.0066056326962081
0.7900284547856001 -0.004584591125170081
0.8028048435688343 -0.0027895561287512
0.8152763335422621 -0.0015703415538871643
0.8274303669726433 -0.0011661890435982272
0.8392547057785669 -0.000987011643781402
0.8507374438531613 2.6085253051869083e-05
0.8618670190525357 0.002756791164004889
0.872632224837878 0.006848981318047555
0.8830222215594895 0.009550289422867522
0.8930265473713942 0.008321044801572919
0.9026351287655296 0.0012772001826111131
0.9118382907149167 -0.008511022960684336
0.9206267664155909 -0.011224779028671663
0.9289917066174888 0.0010781481687292538
0.9369246885348927 0.027624017761851118
0.9444177243274618 0.03447474206518181
0.9514632691433107 -0.012108644329402802
0.958054228716035 -0.09191783018155789
0.9641839665080364 -0.11086289997997656
0.9698463103929542 -0.003009375732669628
0.9750355588704727 0.17107219567432147
0.9797464868072487 0.025715636327906688
0.9839743506981782 -0.49065282362591234
0.9877148934427036 -0.5359470660077782
0.9909643486313533 0.4021970802358845
0.9937194443381971 1.7175818684019422
0.9959774064153977 2.30811698112812
0.9977359612865423 1.9879807848023177
0.9989933382359422 1.1413044238052672
0.9997482711915926 0.32847948563480694
1.0 0.0009500000000000001
