1.0 0.0016245
0.9997482711915926 0.001687003031383311
0.9989933382359422 0.00187434986130263
0.9977359612865423 0.0021860792799567475
0.9959774064153977 0.002621507525950346
0.9937194443381971 0.003179854431001387
0.9909643486313533 0.0038604175605316407
0.9877148934427036 0.0046627042771793135
0.9839743506981782 0.005585925549438154
0.9797464868072487 0.006628947268180149
0.9750355588704727 0.007790427433550416
0.9698463103929542 0.009068660892564393
0.9641839665080364 0.010461527124619173
0.958054228716035 0.011966489592415938
0.9514632691433107 0.013580488014889914
0.9444177243274618 0.01529987425634807
0.9369246885348927 0.017120473135834757
0.9289917066174888 0.01903934424341808
0.9206267664155909 0.021055372367122828
0.9118382907149167 0.023167572256944075
0.9026351287655296 0.025357544652232753
0.8930265473713942 0.02758000244524351
0.8830222215594895 0.029778200036362938
0.872632224837878 0.03191130789181114
0.8618670190525357 0.03397609774831985
0.8507374438531613 0.035976423589405726
0.8392547057785669 0.037923481845421464
0.8274303669726433 0.039839744975640065
0.8152763335422621 0.04175465149818093
0.8028048435688343 0.04368885761715223
0.7900284547856001 0.04562731224048894
0.7769600319330563 0.04754705617976801
0.7636127338052524 0.04942749439774712
0.7500000000000012 0.05126236693947146
0.7361355373863427 0.05304908184546894
0.7220333063028884 0.054785075503687726
0.7077075065009447 0.05646556340646042
0.6931725628465657 0.05808530935402272
0.6784431107959373 0.05963945283911222
0.6635339816587122 0.061123982661673425
0.6484601876641387 0.06253544848689414
0.6332369068450188 0.0638706452100111
0.6178794677547149 0.06512564105693228
0.6024033340325966 0.06629630830937983
0.5868240888334664 0.06737893669490293
0.5711574191366438 0.06837120838700605
0.5554190999505066 0.06927183890424443
0.5396249784283953 0.07007987524862626
0.5237909579118721 0.07079344010280761
0.5079329819174049 0.07140999841725605
0.4920670180825969 0.07192741111081877
0.4762090420881297 0.07234489684733768
0.46037502157160654 0.07266303516435525
0.44458090004949524 0.07288280637513365
0.42884258086335814 0.07300437907199882
0.41317591116653546 0.0730268093864763
0.3975966659674052 0.0729495449277066
0.38212053224528686 0.07277542702734403
0.36676309315498296 0.07251238699507838
0.35153981233586296 0.07216886790131519
0.33646601834128953 0.0717520941804739
0.32155688920406433 0.0712667686243472
0.3068274371534359 0.07071741627534193
0.29229249349905695 0.07010830764968133
0.2779666936971131 0.06944280290038382
0.2638644626136587 0.06872430215645262
0.25000000000000006 0.06795565173300634
0.2363872661947488 0.06713725013773077
0.22303996806694482 0.0662694730026853
0.20997154521440087 0.06535455994718245
0.19719515643116664 0.06440089794205077
0.18472366645773874 0.0634182060105261
0.17256963302735745 0.0624107715227667
0.1607452942214339 0.06135309925608605
0.14926255614683936 0.060213494822961684
0.1381329809474649 0.05896717337002215
0.12736777516212267 0.05759539102145771
0.116977778440511 0.05608576364405163
0.10697345262860625 0.05443409527308914
0.09736487123447068 0.05266103373820633
0.0881617092850836 0.050799768923246356
0.0793732335844094 0.048880787536057575
0.07100829338251147 0.04692631795401834
0.06307531146510753 0.044953362846856915
0.05558227567253826 0.0429762082105256
0.04853673085668936 0.04093160896227061
0.041945771283965205 0.038708782878503226
0.03581603349196366 0.03625088565532135
0.030153689607045786 0.0336095073827717
0.02496444112952728 0.03092085717563144
0.020253513192751316 0.02829509807050327
0.016025649301821876 0.02568932258039159
0.012285106557296477 0.022930351904491515
0.009035651368646647 0.019999396833753767
0.006280555661802856 0.017005952031821692
0.00402259358460233 0.014135571268239926
0.0022640387134577056 0.011604393463004622
0.0010066617640577813 0.009621051156793828
0.0002517288084074587 0.008356487482190126
0.0 0.007922096642815514
0.0 0.0
0.0002517288084074587 -0.001347272366342339
0.0010066617640577813 -0.00496159148754485
0.0022640387134577056 -0.009686788687126507
0.00402259358460233 -0.014015241644971085
0.006280555661802856 -0.016710725627371043
0.009035651368646647 -0.017668197758115355
0.012285106557296477 -0.01855026815094229
0.016025649301821876 -0.02015204187119808
0.020253513192751316 -0.022098532500164338
0.02496444112952728 -0.023640228283941585
0.030153689607045786 -0.02446128932421428
0.03581603349196366 -0.02477552076167037
0.041945771283965205 -0.025006158640622247
0.04853673085668936 -0.025352706973925606
0.05558227567253826 -0.025721155612822313
0.06307531146510753 -0.025968241137735635
0.07100829338251147 -0.026032986021107197
0.0793732335844094 -0.02597688722837359
0.0881617092850836 -0.025894468868781537
0.09736487123447068 -0.025844498308197295
0.10697345262860625 -0.025815928883183518
0.116977778440511 -0.025788675047067132
0.12736777516212267 -0.025758698213159594
0.1381329809474649 -0.02575532572760378
0.14926255614683936 -0.025816906225087293
0.1607452942214339 -0.02596001511746639
0.17256963302735745 -0.026144671916552526
0.18472366645773874 -0.026315630268131128
0.19719515643116664 -0.026432463481098407
0.20997154521440087 -0.026512713416075546
0.22303996806694482 -0.02658745338205683
0.2363872661947488 -0.026681729432228487
0.25000000000000006 -0.026787417425667745
0.2638644626136587 -0.026887552295273728
0.2779666936971131 -0.02696707047513968
0.29229249349905695 -0.027026548787436606
0.3068274371534359 -0.027071579308838904
0.32155688920406433 -0.027107160231544213
0.33646601834128953 -0.02713152077581718
0.35153981233586296 -0.027140165160028394
0.36676309315498296 -0.027128162217596834
0.38212053224528686 -0.027088629640593137
0.3975966659674052 -0.027013613520692797
0.41317591116653546 -0.026895353168547454
0.42884258086335814 -0.02673032845376657
0.44458090004949524 -0.026517779187276873
0.46037502157160654 -0.02625726321893062
0.4762090420881297 -0.0259500642548143
0.4920670180825969 -0.02559887920300073
0.5079329819174049 -0.025206540956041995
0.5237909579118721 -0.024773857164612202
0.5396249784283953 -0.024299605687708427
0.5554190999505066 -0.023782686325406834
0.5711574191366438 -0.023223375153194177
0.5868240888334664 -0.022623625926761724
0.6024033340325966 -0.021985704609589853
0.6178794677547149 -0.021316948923040126
0.6332369068450188 -0.020632602138421628
0.6484601876641387 -0.019948043087071488
0.6635339816587122 -0.01927230487970174
0.6784431107959373 -0.018602227091139345
0.6931725628465657 -0.017933437716792202
0.7077075065009447 -0.01726357398513746
0.7220333063028884 -0.01659494497912818
0.7361355373863427 -0.015930504888454666
0.7500000000000012 -0.015271992993677883
0.7636127338052524 -0.01461737170161467
0.7769600319330563 -0.01396412516385689
0.7900284547856001 -0.013310860729744403
0.8028048435688343 -0.01265970345720974
0.8152763335422621 -0.012013630065247432
0.8274303669726433 -0.011375153558903964
0.8392547057785669 -0.010745006022692974
0.8507374438531613 -0.010123407276793936
0.8618670190525357 -0.009511122389023463
0.872632224837878 -0.008911903013076278
0.8830222215594895 -0.008330439941052701
0.8930265473713942 -0.0077705012886832
0.9026351287655296 -0.0072329812920067516
0.9118382907149167 -0.006717303940029632
0.9206267664155909 -0.006223143159999665
0.9289917066174888 -0.005750678495906003
0.9369246885348927 -0.005300434388624045
0.9444177243274618 -0.004872980676715742
0.9514632691433107 -0.0044686464496249195
0.958054228716035 -0.0040876167704835846
0.9641839665080364 -0.0037302972267070794
0.9698463103929542 -0.0033979734314561094
0.9750355588704727 -0.003092594376531706
0.9797464868072487 -0.0028155501045440006
0.9839743506981782 -0.0025673585546179697
0.9877148934427036 -0.002347825018843002
0.9909643486313533 -0.0021569082328757377
0.9937194443381971 -0.0019947810758518666
0.9959774064153977 -0.0018617531972456105
0.9977359612865423 -0.0017580687394153779
0.9989933382359422 -0.0016838986382162724
0.9997482711915926 -0.0016393547343264271
1.0 -0.0016245
