1.0 0.000548
0.9997482711915926 0.0006153781724563717
0.9989933382359422 0.0008172576398269027
0.9977359612865423 0.0011528869602530074
0.9959774064153977 0.0016210592414709739
0.9937194443381971 0.002220179768618816
0.9909643486313533 0.0029483594131242026
0.9877148934427036 0.003803481719033338
0.9839743506981782 0.004782897965260458
0.9797464868072487 0.005883386196849643
0.9750355588704727 0.007101236292065328
0.9698463103929542 0.00843235497885162
0.9641839665080364 0.009872274685039449
0.958054228716035 0.01141615345436912
0.9514632691433107 0.013059397929694813
0.9444177243274618 0.01479782485302568
0.9369246885348927 0.016627321783414264
0.9289917066174888 0.01854172011601606
0.9206267664155909 0.02053209671174
0.9118382907149167 0.022588216420973906
0.9026351287655296 0.024699008036829947
0.8930265473713942 0.02685276040632409
0.8830222215594895 0.02903676268805443
0.872632224837878 0.031243780860255258
0.8618670190525357 0.03347742574174412
0.8507374438531613 0.035744766657983526
0.8392547057785669 0.03804522464756827
0.8274303669726433 0.04035785998033092
0.8152763335422621 0.04265655334228463
0.8028048435688343 0.044916462101584245
0.7900284547856001 0.04712169138368912
0.7769600319330563 0.04925746601733525
0.7636127338052524 0.05130957506259562
0.7500000000000012 0.05326687269220304
0.7361355373863427 0.05511912756491286
0.7220333063028884 0.05686093526687213
0.7077075065009447 0.058507891536523984
0.6931725628465657 0.06008391544164717
0.6784431107959373 0.06161109937078284
0.6635339816587122 0.06308525949456156
0.6484601876641387 0.06449190634970603
0.6332369068450188 0.06581726717887967
0.6178794677547149 0.06705634773593212
0.6024033340325966 0.0682087616807908
0.5868240888334664 0.06927439394749177
0.5711574191366438 0.07025072201892683
0.5554190999505066 0.07113382711577251
0.5396249784283953 0.0719201637001276
0.5237909579118721 0.0726074271788745
0.5079329819174049 0.0731943936743126
0.4920670180825969 0.07368024884079445
0.4762090420881297 0.07406422847640777
0.46037502157160654 0.07434562178278627
0.44458090004949524 0.07452412550858183
0.42884258086335814 0.07460009533895677
0.41317591116653546 0.07457460561639516
0.3975966659674052 0.07444915336230531
0.38212053224528686 0.07422556039749234
0.36676309315498296 0.07390592335830208
0.35153981233586296 0.07349271685309927
0.33646601834128953 0.0729890425159556
0.32155688920406433 0.07239887138311711
0.3068274371534359 0.07172653648693031
0.29229249349905695 0.07097570714730302
0.2779666936971131 0.07014785203148129
0.2638644626136587 0.06924455850870588
0.25000000000000006 0.06826819419799825
0.2363872661947488 0.0672223903242975
0.22303996806694482 0.0661113996979936
0.20997154521440087 0.06493886778323561
0.19719515643116664 0.06370414967629812
0.18472366645773874 0.06240638579109827
0.17256963302735745 0.061045943632457016
0.1607452942214339 0.0596236542240275
0.14926255614683936 0.05814147775570363
0.1381329809474649 0.05660229245796307
0.12736777516212267 0.05500591351237455
0.116977778440511 0.05335225293736698
0.10697345262860625 0.05164318326287751
0.09736487123447068 0.049875560045077635
0.0881617092850836 0.048045745632684655
0.0793732335844094 0.04615487036854163
0.07100829338251147 0.04420463388896212
0.06307531146510753 0.04219889533885711
0.05558227567253826 0.04014607956271256
0.04853673085668936 0.038033471330791345
0.041945771283965205 0.03583650532278413
0.03581603349196366 0.03355166319808009
0.030153689607045786 0.031201809491752754
0.02496444112952728 0.028830585133745954
0.020253513192751316 0.0264846319699684
0.016025649301821876 0.024100443365603692
0.012285106557296477 0.021518783549360952
0.009035651368646647 0.018732351318222925
0.006280555661802856 0.01585753286273673
0.00402259358460233 0.013083448442460085
0.0022640387134577056 0.010627586367160989
0.0010066617640577813 0.008698640106202235
0.0002517288084074587 0.007467061446641017
0.0 0.007043734328509202
0.0 0.0
0.0002517288084074587 -0.000995528182273757
0.0010066617640577813 -0.003698384018534792
0.0022640387134577056 -0.007340371620174921
0.00402259358460233 -0.010916643388212917
0.006280555661802856 -0.01359488708913053
0.009035651368646647 -0.015280168954821906
0.012285106557296477 -0.017034558180180983
0.016025649301821876 -0.019358980135852095
0.020253513192751316 -0.022000372231860164
0.02496444112952728 -0.024473642700046483
0.030153689607045786 -0.026557334593137073
0.03581603349196366 -0.028352726379968142
0.041945771283965205 -0.03008893409847551
0.04853673085668936 -0.03187237013943878
0.05558227567253826 -0.03364801194535873
0.06307531146510753 -0.03534244195497189
0.07100829338251147 -0.036918281606162534
0.0793732335844094 -0.03839091826255225
0.0881617092850836 -0.03979326168763904
0.09736487123447068 -0.04114583254937605
0.10697345262860625 -0.042442078793205926
0.116977778440511 -0.04367563987671115
0.12736777516212267 -0.044843394263672835
0.1381329809474649 -0.04594649711395326
0.14926255614683936 -0.04698939565676042
0.1607452942214339 -0.047976134289731784
0.17256963302735745 -0.04890591096523139
0.18472366645773874 -0.04977858026470985
0.19719515643116664 -0.050594531091375704
0.20997154521440087 -0.05135305376072299
0.22303996806694482 -0.0520540856033364
0.2363872661947488 -0.052697776367719516
0.25000000000000006 -0.05328247745600047
0.2638644626136587 -0.05380656416711442
0.2779666936971131 -0.05426872212032355
0.29229249349905695 -0.05466711150507524
0.3068274371534359 -0.05500002485690519
0.32155688920406433 -0.05526589087327894
0.33646601834128953 -0.05546193260771994
0.35153981233586296 -0.05558506307989387
0.36676309315498296 -0.05563242495194508
0.38212053224528686 -0.05560127456752901
0.3975966659674052 -0.05548906703839594
0.41317591116653546 -0.05529363195710764
0.42884258086335814 -0.05501411081591176
0.44458090004949524 -0.05465060882984647
0.46037502157160654 -0.054203486386778396
0.4762090420881297 -0.053671727528792054
0.4920670180825969 -0.053053287228182894
0.5079329819174049 -0.05234658242150201
0.5237909579118721 -0.051554308642009286
0.5396249784283953 -0.05068341933861916
0.5554190999505066 -0.04974116924945556
0.5711574191366438 -0.04872999590963521
0.5868240888334664 -0.04764623445488016
0.6024033340325966 -0.04648632578046229
0.6178794677547149 -0.045251628007973346
0.6332369068450188 -0.043950998346136236
0.6484601876641387 -0.04259394078765123
0.6635339816587122 -0.041187056960794735
0.6784431107959373 -0.03973111154807404
0.6931725628465657 -0.03822654012206241
0.7077075065009447 -0.03668102762297911
0.7220333063028884 -0.03512051959909922
0.7361355373863427 -0.03357223397890633
0.7500000000000012 -0.03205692575292837
0.7636127338052524 -0.030578461206422214
0.7769600319330563 -0.029137054754591295
0.7900284547856001 -0.027730304658474828
0.8028048435688343 -0.026343820715981518
0.8152763335422621 -0.02496171961782221
0.8274303669726433 -0.023573240484442246
0.8392547057785669 -0.02218516938236956
0.8507374438531613 -0.020809760519960786
0.8618670190525357 -0.019457723311213825
0.872632224837878 -0.018136804379652344
0.8830222215594895 -0.0168529937600849
0.8930265473713942 -0.015610701031376767
0.9026351287655296 -0.014404455856214983
0.9118382907149167 -0.013224725457188788
0.9206267664155909 -0.012065402186862398
0.9289917066174888 -0.010929917787555228
0.9369246885348927 -0.009827525154680683
0.9444177243274618 -0.008766422241280169
0.9514632691433107 -0.007754140527595894
0.958054228716035 -0.006797438862336089
0.9641839665080364 -0.0059016668935401
0.9698463103929542 -0.005068623361346226
0.9750355588704727 -0.004297299871093757
0.9797464868072487 -0.0035879894215342626
0.9839743506981782 -0.002945102713950384
0.9877148934427036 -0.002376407247707599
0.9909643486313533 -0.001886209465167366
0.9937194443381971 -0.0014749383155237999
0.9959774064153977 -0.0011403575644460425
0.9977359612865423 -0.0008809417234128741
0.9989933382359422 -0.0006959221204684772
0.9997482711915926 -0.0005849757820876832
1.0 -0.000548
