1.0 0.0012891
0.9997482711915926 0.0013621721818837973
0.9989933382359422 0.001580849238805493
0.9977359612865423 0.0019435203437910779
0.9959774064153977 0.0024475261657305285
0.9937194443381971 0.003089196648583371
0.9909643486313533 0.003863903322073974
0.9877148934427036 0.004766125570506266
0.9839743506981782 0.0057895301321817085
0.9797464868072487 0.00692706295488905
0.9750355588704727 0.00817105239449893
0.9698463103929542 0.009513322615203762
0.9641839665080364 0.010945315932672466
0.958054228716035 0.012458222736504189
0.9514632691433107 0.01404311753692189
0.9444177243274618 0.01569109960356804
0.9369246885348927 0.017393436602345207
0.9289917066174888 0.019141709590129646
0.9206267664155909 0.02092795769737859
0.9118382907149167 0.02274482081549812
0.9026351287655296 0.02458567860952399
0.8930265473713942 0.0264445080738497
0.8830222215594895 0.028313258429429954
0.872632224837878 0.030182394659531857
0.8618670190525357 0.03204233892033671
0.8507374438531613 0.03388353429887221
0.8392547057785669 0.03569763305659287
0.8274303669726433 0.037482724610165635
0.8152763335422621 0.03924036456708838
0.8028048435688343 0.04097392897192506
0.7900284547856001 0.0426873781848576
0.7769600319330563 0.04437529185968581
0.7636127338052524 0.046026754055116456
0.7500000000000012 0.04763033834631975
0.7361355373863427 0.0491761892230511
0.7220333063028884 0.050662976902311446
0.7077075065009447 0.05209246764347199
0.6931725628465657 0.053467165602765696
0.6784431107959373 0.054784101603926695
0.6635339816587122 0.05603324520745698
0.6484601876641387 0.05720401597703306
0.6332369068450188 0.05829085109156164
0.6178794677547149 0.059304749757319114
0.6024033340325966 0.06026102397828754
0.5868240888334664 0.061172389165119384
0.5711574191366438 0.062026856985656645
0.5554190999505066 0.06280157681484902
0.5396249784283953 0.06347578695018959
0.5237909579118721 0.06405998184041864
0.5079329819174049 0.06458722492041137
0.4920670180825969 0.06508974211468596
0.4762090420881297 0.0655528056187857
0.46037502157160654 0.06591196652250395
0.44458090004949524 0.06610206070777398
0.42884258086335814 0.06610497307433454
0.41317591116653546 0.0659761234361449
0.3975966659674052 0.06577644039845998
0.38212053224528686 0.06554392433690133
0.36676309315498296 0.06525825914102137
0.35153981233586296 0.06489087079042699
0.33646601834128953 0.06441866530814327
0.32155688920406433 0.06384104357908164
0.3068274371534359 0.06316542016576422
0.29229249349905695 0.06239965194702244
0.2779666936971131 0.061557779662567806
0.2638644626136587 0.060659167953948406
0.25000000000000006 0.05972226069194595
0.2363872661947488 0.05875414116302207
0.22303996806694482 0.057719576054483225
0.20997154521440087 0.0565772017887388
0.19719515643116664 0.05529230039250924
0.18472366645773874 0.0538994111359362
0.17256963302735745 0.0525545505719415
0.1607452942214339 0.051234679804807184
0.14926255614683936 0.049809150058525424
0.1381329809474649 0.04826905558153288
0.12736777516212267 0.04667348172278127
0.116977778440511 0.04515119650510103
0.10697345262860625 0.04370837197976474
0.09736487123447068 0.042160611361515006
0.0881617092850836 0.04043619540233295
0.0793732335844094 0.038644122867040456
0.07100829338251147 0.03684931236762791
0.06307531146510753 0.03497803537488127
0.05558227567253826 0.032965029479730186
0.04853673085668936 0.030866654029284603
0.041945771283965205 0.0288011983725149
0.03581603349196366 0.02684270987712352
0.030153689607045786 0.024899812416386807
0.02496444112952728 0.022846837099957922
0.020253513192751316 0.020635163793713218
0.016025649301821876 0.01827205941132155
0.012285106557296477 0.01578803323144897
0.009035651368646647 0.013258653580026545
0.006280555661802856 0.01073732089928435
0.00402259358460233 0.008181506189266764
0.0022640387134577056 0.005685717522850171
0.0010066617640577813 0.0035439237558514947
0.0002517288084074587 0.0020902116428662943
0.0 0.0015750249060174932
0.0 0.0
0.0002517288084074587 -0.0014871188565209901
0.0010066617640577813 -0.005175611901146622
0.0022640387134577056 -0.009182683725062648
0.00402259358460233 -0.011816890612670949
0.006280555661802856 -0.013574504286907972
0.009035651368646647 -0.015550476813854765
0.012285106557296477 -0.017424255616162572
0.016025649301821876 -0.019302833888059628
0.020253513192751316 -0.021185858990243875
0.02496444112952728 -0.02311250562907727
0.030153689607045786 -0.025077875645633588
0.03581603349196366 -0.027072212748465704
0.041945771283965205 -0.029102270070391897
0.04853673085668936 -0.031170279021774546
0.05558227567253826 -0.03324277669935611
0.06307531146510753 -0.035277293903741576
0.07100829338251147 -0.03725101221439485
0.0793732335844094 -0.03918187690370785
0.0881617092850836 -0.04108880737187632
0.09736487123447068 -0.042903467337401434
0.10697345262860625 -0.04452554119668032
0.116977778440511 -0.04603078451740311
0.12736777516212267 -0.04762306667175282
0.1381329809474649 -0.049302136847155474
0.14926255614683936 -0.05091569309781898
0.1607452942214339 -0.05240432527270225
0.17256963302735745 -0.05378712246763744
0.18472366645773874 -0.05519354763521852
0.19719515643116664 -0.056647601758680256
0.20997154521440087 -0.057967614623981645
0.22303996806694482 -0.059105768885003136
0.2363872661947488 -0.060103828384368944
0.25000000000000006 -0.0610119530656736
0.2638644626136587 -0.06187489841452945
0.2779666936971131 -0.06268611733977243
0.29229249349905695 -0.06342326015039652
0.3068274371534359 -0.06406284113126737
0.32155688920406433 -0.06458983715280095
0.33646601834128953 -0.06500034423545815
0.35153981233586296 -0.06529163625934434
0.36676309315498296 -0.06546171041018706
0.38212053224528686 -0.06550962259208973
0.3975966659674052 -0.06543513192795852
0.41317591116653546 -0.06523813044154317
0.42884258086335814 -0.06491581106006714
0.44458090004949524 -0.06446444190942399
0.46037502157160654 -0.063881070517231
0.4762090420881297 -0.06316766902745176
0.4920670180825969 -0.062329898906242576
0.5079329819174049 -0.06137400726043443
0.5237909579118721 -0.060306016623190274
0.5396249784283953 -0.059131630969433524
0.5554190999505066 -0.057856833816335204
0.5711574191366438 -0.05648291260105674
0.5868240888334664 -0.05500359814935373
0.6024033340325966 -0.05341260712997928
0.6178794677547149 -0.051711578006866245
0.6332369068450188 -0.049921614631817816
0.6484601876641387 -0.04806652018631696
0.6635339816587122 -0.046168002748414365
0.6784431107959373 -0.04423925510319869
0.6931725628465657 -0.042290333990727916
0.7077075065009447 -0.040330709356735384
0.7220333063028884 -0.03836417075696943
0.7361355373863427 -0.036389597693898844
0.7500000000000012 -0.03440621277546868
0.7636127338052524 -0.03241579121012731
0.7769600319330563 -0.030428479725113422
0.7900284547856001 -0.028455835497243617
0.8028048435688343 -0.02650851918063106
0.8152763335422621 -0.02459780054601418
0.8274303669726433 -0.022736992377692
0.8392547057785669 -0.020938113686097246
0.8507374438531613 -0.019211422981111646
0.8618670190525357 -0.01756475723797656
0.872632224837878 -0.0160021805280898
0.8830222215594895 -0.01452624787301428
0.8930265473713942 -0.013138592516284575
0.9026351287655296 -0.011839981790230597
0.9118382907149167 -0.010630421791955176
0.9206267664155909 -0.009509245623242785
0.9289917066174888 -0.008475103340996257
0.9369246885348927 -0.007526034304859626
0.9444177243274618 -0.006659552707375699
0.9514632691433107 -0.005872735727761582
0.958054228716035 -0.005162313225482444
0.9641839665080364 -0.0045247578867681085
0.9698463103929542 -0.003956374745151295
0.9750355588704727 -0.003453389015887047
0.9797464868072487 -0.0030120312135160816
0.9839743506981782 -0.002628618561537088
0.9877148934427036 -0.002299631752731557
0.9909643486313533 -0.0020217861776260057
0.9937194443381971 -0.0017920968062763382
0.9959774064153977 -0.0016079359843337744
0.9977359612865423 -0.001467083487438397
0.9989933382359422 -0.0013677682675566538
0.9997482711915926 -0.0013087014200409439
1.0 -0.0012891
