1.0 0.0008
0.9997482711915926 0.0008699621746395473
0.9989933382359422 0.0010797423995354992
0.9977359612865423 0.001429019493532991
0.9959774064153977 0.001917250575975158
0.9937194443381971 0.002543659820344944
0.9909643486313533 0.003307222951500212
0.9877148934427036 0.004206647725516254
0.9839743506981782 0.005240350695012862
0.9797464868072487 0.006406430623444875
0.9750355588704727 0.007702638968517964
0.9698463103929542 0.009126347907029536
0.9641839665080364 0.010674516420455962
0.958054228716035 0.012343655001978692
0.9514632691433107 0.014129789580895766
0.9444177243274618 0.01602842528908351
0.9369246885348927 0.018034510716011525
0.9289917066174888 0.02014240331348544
0.9206267664155909 0.02234583661858829
0.9118382907149167 0.024637889963073003
0.9026351287655296 0.027010961329655293
0.8930265473713942 0.02945687337938311
0.8830222215594895 0.03196865273356893
0.872632224837878 0.03454054116318987
0.8618670190525357 0.037166921550131904
0.8507374438531613 0.03984232351862556
0.8392547057785669 0.042561454740779256
0.8274303669726433 0.045319230004011626
0.8152763335422621 0.048110797795302036
0.8028048435688343 0.05093156418028014
0.7900284547856001 0.05377703086647953
0.7769600319330563 0.056640522771323004
0.7636127338052524 0.05951356671631581
0.7500000000000012 0.062387415674818404
0.7361355373863427 0.06525311044049399
0.7220333063028884 0.06810151203152895
0.7077075065009447 0.070923337113834
0.6931725628465657 0.07370919429764652
0.6784431107959373 0.076449463804655
0.6635339816587122 0.07913420688705838
0.6484601876641387 0.08175344947045636
0.6332369068450188 0.08429726034077377
0.6178794677547149 0.08675580492950571
0.6024033340325966 0.08911940077735118
0.5868240888334664 0.09137879520208864
0.5711574191366438 0.09352779574282072
0.5554190999505066 0.09556252972302634
0.5396249784283953 0.09747964701411078
0.5237909579118721 0.09927629196181662
0.5079329819174049 0.10095010896021746
0.4920670180825969 0.10249920578306981
0.4762090420881297 0.10391848130075787
0.46037502157160654 0.1051967171383068
0.44458090004949524 0.10632265827366265
0.42884258086335814 0.10728581433755309
0.41317591116653546 0.10807656048097257
0.3975966659674052 0.10868623283880373
0.38212053224528686 0.1091101957168593
0.36676309315498296 0.10936007048758391
0.35153981233586296 0.10945262415854841
0.33646601834128953 0.10940454506783233
0.32155688920406433 0.1092323088525599
0.3068274371534359 0.10895205395876748
0.29229249349905695 0.10857926573900639
0.2779666936971131 0.10811012241137587
0.2638644626136587 0.10750858294246506
0.25000000000000006 0.10673950631738098
0.2363872661947488 0.10577264259909498
0.22303996806694482 0.10458280317441522
0.20997154521440087 0.10314997659976667
0.19719515643116664 0.10145938970038819
0.18472366645773874 0.09950648425823402
0.17256963302735745 0.09731366997309232
0.1607452942214339 0.09491053719908887
0.14926255614683936 0.09232634342041988
0.1381329809474649 0.0895876246904556
0.12736777516212267 0.08670398859757121
0.116977778440511 0.08368075604682206
0.10697345262860625 0.08052770583004905
0.09736487123447068 0.07725878149300994
0.0881617092850836 0.07388848275320498
0.0793732335844094 0.07042337754535705
0.07100829338251147 0.06687415445716387
0.06307531146510753 0.06324459970669066
0.05558227567253826 0.05952068377266795
0.04853673085668936 0.05570351497062573
0.041945771283965205 0.05179285678642315
0.03581603349196366 0.04772916026975799
0.030153689607045786 0.043483150142493855
0.02496444112952728 0.039078048284756195
0.020253513192751316 0.03457842767937311
0.016025649301821876 0.030079443453210845
0.012285106557296477 0.02569659683450404
0.009035651368646647 0.021556171690917433
0.006280555661802856 0.01778647282661753
0.00402259358460233 0.014509983380568062
0.0022640387134577056 0.011836545609169101
0.0010066617640577813 0.009857655192531135
0.0002517288084074587 0.008641944123821499
0.0 0.00823191138288096
0.0 0.0
0.0002517288084074587 -0.0006036143249160595
0.0010066617640577813 -0.002353577664294686
0.0022640387134577056 -0.005073474044902851
0.00402259358460233 -0.00848993527475549
0.006280555661802856 -0.012263333096380611
0.009035651368646647 -0.016030160400387457
0.012285106557296477 -0.019456521093463568
0.016025649301821876 -0.022301992869341453
0.020253513192751316 -0.02449297951038649
0.02496444112952728 -0.026204531015187996
0.030153689607045786 -0.027867155917901267
0.03581603349196366 -0.029626499081088224
0.041945771283965205 -0.03141369968526264
0.04853673085668936 -0.03313143544678279
0.05558227567253826 -0.034657646994513826
0.06307531146510753 -0.03594663541364202
0.07100829338251147 -0.03704361447771647
0.0793732335844094 -0.038030120635164665
0.0881617092850836 -0.03896795660448007
0.09736487123447068 -0.03985336227492333
0.10697345262860625 -0.04067776045374081
0.116977778440511 -0.04143008856653061
0.12736777516212267 -0.042096559566928884
0.1381329809474649 -0.04266314856574565
0.14926255614683936 -0.0431157326744128
0.1607452942214339 -0.043441779262321664
0.17256963302735745 -0.04364149087041491
0.18472366645773874 -0.043723357281085735
0.19719515643116664 -0.04369947559031446
0.20997154521440087 -0.043584853704869767
0.22303996806694482 -0.043389059736346464
0.2363872661947488 -0.04311792129923368
0.25000000000000006 -0.042778722765240744
0.2638644626136587 -0.04238027902903641
0.2779666936971131 -0.04193289696220969
0.29229249349905695 -0.04144832069947235
0.3068274371534359 -0.04093951769821477
0.32155688920406433 -0.040413907343096925
0.33646601834128953 -0.039869816597608465
0.35153981233586296 -0.03930474841393956
0.36676309315498296 -0.03871609365635065
0.38212053224528686 -0.03810115559487683
0.3975966659674052 -0.03745717610515867
0.41317591116653546 -0.0367817905584808
0.42884258086335814 -0.036076234467893126
0.44458090004949524 -0.035343679848108205
0.46037502157160654 -0.03458748740731408
0.4762090420881297 -0.0338111660717733
0.4920670180825969 -0.03301834407708302
0.5079329819174049 -0.03221268591679059
0.5237909579118721 -0.03139616491719233
0.5396249784283953 -0.03056869725647615
0.5554190999505066 -0.0297301314805907
0.5711574191366438 -0.02888038292069427
0.5868240888334664 -0.02801944267269353
0.6024033340325966 -0.02714738631810731
0.6178794677547149 -0.026264759890947134
0.6332369068450188 -0.025373321895383362
0.6484601876641387 -0.024475069753992364
0.6635339816587122 -0.023572010965538473
0.6784431107959373 -0.0226661540069596
0.6931725628465657 -0.02175949955092157
0.7077075065009447 -0.02085403175845179
0.7220333063028884 -0.019951703310539685
0.7361355373863427 -0.01905442838757373
0.7500000000000012 -0.01816408358041815
0.7636127338052524 -0.01728250190308093
0.7769600319330563 -0.016411466989574585
0.7900284547856001 -0.015552707876694551
0.8028048435688343 -0.014707893112503149
0.8152763335422621 -0.01387829278511325
0.8274303669726433 -0.013064401812640881
0.8392547057785669 -0.012266709794578726
0.8507374438531613 -0.011485819172509277
0.8618670190525357 -0.010722440322495707
0.872632224837878 -0.00997738537714899
0.8830222215594895 -0.00925156085782678
0.8930265473713942 -0.008545959208490562
0.9026351287655296 -0.007861653647903541
0.9118382907149167 -0.007200276305986473
0.9206267664155909 -0.006564282403456082
0.9289917066174888 -0.005955902108652575
0.9369246885348927 -0.0053770362320038016
0.9444177243274618 -0.004829279945032374
0.9514632691433107 -0.004313948058340103
0.958054228716035 -0.0038321014444821708
0.9641839665080364 -0.0033845741882864385
0.9698463103929542 -0.002972001048338721
0.9750355588704727 -0.0025948448189987787
0.9797464868072487 -0.002253423192347261
0.9839743506981782 -0.0019479347337626306
0.9877148934427036 -0.0016784836032178907
0.9909643486313533 -0.0014451026766609247
0.9937194443381971 -0.0012477747477511118
0.9959774064153977 -0.0010864515194877304
0.9977359612865423 -0.0009610701275667096
0.9989933382359422 -0.0008715669722993428
0.9997482711915926 -0.000817888673249156
1.0 -0.0008
