1.0 0.0009
0.9997482711915926 0.0009806668362390444
0.9989933382359422 0.0012224522718017395
0.9977359612865423 0.0016247119764037049
0.9959774064153977 0.0021863750253540743
0.9937194443381971 0.0029059483214119173
0.9909643486313533 0.0037815227518628947
0.9877148934427036 0.004810781047557665
0.9839743506981782 0.005991007301525934
0.9797464868072487 0.007319098095929042
0.9750355588704727 0.008791575177599362
0.9698463103929542 0.010404599614286516
0.9641839665080364 0.012153987356046314
0.958054228716035 0.014035226119011228
0.9514632691433107 0.016043493502121076
0.9444177243274618 0.018173676241305912
0.9369246885348927 0.020420390500140273
0.9289917066174888 0.02277800309115745
0.9206267664155909 0.025240653517854317
0.9118382907149167 0.027802276723954
0.9026351287655296 0.030456626433737713
0.8930265473713942 0.03319729903017464
0.8830222215594895 0.0360177586715339
0.872632224837878 0.038911361730197006
0.8618670190525357 0.04187138072620329
0.8507374438531613 0.04489102883730305
0.8392547057785669 0.04796348429753293
0.8274303669726433 0.05108191455248149
0.8152763335422621 0.05423950005865538
0.8028048435688343 0.05742945761796798
0.7900284547856001 0.06064497881408815
0.7769600319330563 0.06387811593499496
0.7636127338052524 0.06711994054317956
0.7500000000000012 0.07036134504087023
0.7361355373863427 0.07359309174054132
0.7220333063028884 0.07680584539574654
0.7077075065009447 0.07999020791296413
0.6931725628465657 0.08313674949189637
0.6784431107959373 0.08623549868040968
0.6635339816587122 0.08927546846574187
0.6484601876641387 0.09224554693115239
0.6332369068450188 0.09513465755032584
0.6178794677547149 0.09793181909300977
0.6024033340325966 0.10062620746755063
0.5868240888334664 0.10320740156764334
0.5711574191366438 0.10566781414901696
0.5554190999505066 0.10800215398073465
0.5396249784283953 0.11020568408931254
0.5237909579118721 0.11227419809268264
0.5079329819174049 0.11420403595336136
0.4920670180825969 0.1159920712684995
0.4762090420881297 0.11763253850858332
0.46037502157160654 0.1191140438829339
0.44458090004949524 0.12042520326224433
0.42884258086335814 0.12155546850554169
0.41317591116653546 0.12249522801704449
0.3975966659674052 0.1232359016102198
0.38212053224528686 0.12377277249334692
0.36676309315498296 0.12411771294001393
0.35153981233586296 0.12428837624476384
0.33646601834128953 0.12430237355930733
0.32155688920406433 0.1241771286251147
0.3068274371534359 0.12392974640735478
0.29229249349905695 0.12357674370948989
0.2779666936971131 0.12311477238798127
0.2638644626136587 0.12250384904352157
0.25000000000000006 0.12170442073020912
0.2363872661947488 0.12068242478727627
0.22303996806694482 0.11940948022379831
0.20997154521440087 0.11786301803294551
0.19719515643116664 0.11602635004602217
0.18472366645773874 0.11389360666760882
0.17256963302735745 0.11148913909420678
0.1607452942214339 0.10884629912500322
0.14926255614683936 0.10599805146473558
0.1381329809474649 0.10297404953461439
0.12736777516212267 0.09978022636200187
0.116977778440511 0.09641532811140756
0.10697345262860625 0.09288470431683368
0.09736487123447068 0.0891999601055633
0.0881617092850836 0.08537960965698749
0.0793732335844094 0.08145205098966385
0.07100829338251147 0.07744982948553293
0.06307531146510753 0.07338291120993068
0.05558227567253826 0.06921405857939665
0.04853673085668936 0.06492503842442969
0.041945771283965205 0.060506300135974175
0.03581603349196366 0.055889716761659804
0.030153689607045786 0.05104110515729949
0.02496444112952728 0.04598828629964265
0.020253513192751316 0.0408079371011577
0.016025649301821876 0.035612858535296284
0.012285106557296477 0.030539873891009293
0.009035651368646647 0.025738522257545655
0.006280555661802856 0.02136069994408879
0.00402259358460233 0.01755138854696557
0.0022640387134577056 0.014440592939622725
0.0010066617640577813 0.012136595740782356
0.0002517288084074587 0.010720616989946934
0.0 0.010242949013070187
0.0 0.0
0.0002517288084074587 -0.0007169908263919592
0.0010066617640577813 -0.0027987152016641665
0.0022640387134577056 -0.006044364644480043
0.00402259358460233 -0.010142283474394123
0.006280555661802856 -0.014704177386845598
0.009035651368646647 -0.019312350786838496
0.012285106557296477 -0.023579326444798657
0.016025649301821876 -0.02721902801709221
0.020253513192751316 -0.030128541554489376
0.02496444112952728 -0.03247931804597406
0.030153689607045786 -0.034739737185437915
0.03581603349196366 -0.03708920135915316
0.041945771283965205 -0.03945155751942953
0.04853673085668936 -0.041724104599290275
0.05558227567253826 -0.043781703034843564
0.06307531146510753 -0.04557529626636055
0.07100829338251147 -0.047156798547771855
0.0793732335844094 -0.04862140845100111
0.0881617092850836 -0.050041128105696
0.09736487123447068 -0.05139787856356699
0.10697345262860625 -0.052662351424626275
0.116977778440511 -0.053813881867653436
0.12736777516212267 -0.05484279057395134
0.1381329809474649 -0.05574228591257499
0.14926255614683936 -0.056508334243862264
0.1607452942214339 -0.05713940961477603
0.17256963302735745 -0.0576331900521482
0.18472366645773874 -0.05798786891234937
0.19719515643116664 -0.05820388509420435
0.20997154521440087 -0.05828407208102726
0.22303996806694482 -0.05823463020075811
0.2363872661947488 -0.05806503154049838
0.25000000000000006 -0.057787379763930294
0.2638644626136587 -0.05741635719235731
0.2779666936971131 -0.05696915954933944
0.29229249349905695 -0.056465403385978614
0.3068274371534359 -0.05592682446325446
0.32155688920406433 -0.055366316655987506
0.33646601834128953 -0.05478068218397588
0.35153981233586296 -0.05416506987257437
0.36676309315498296 -0.0535144046313491
0.38212053224528686 -0.05282343209619082
0.3975966659674052 -0.0520867664567052
0.41317591116653546 -0.0512994791145612
0.42884258086335814 -0.050461667120284784
0.44458090004949524 -0.04957636544704528
0.46037502157160654 -0.04864689223825352
0.4762090420881297 -0.04767679501448554
0.4920670180825969 -0.046669822048626644
0.5079329819174049 -0.04562986666290678
0.5237909579118721 -0.04455995948964285
0.5396249784283953 -0.04346194982528576
0.5554190999505066 -0.04233771256012922
0.5711574191366438 -0.04118922718788185
0.5868240888334664 -0.040018569528212804
0.6024033340325966 -0.038827903119743566
0.6178794677547149 -0.03761933451196226
0.6332369068450188 -0.03639460825796671
0.6484601876641387 -0.03515547101636313
0.6635339816587122 -0.03390376017734275
0.6784431107959373 -0.03264140004948811
0.6931725628465657 -0.03137039761306152
0.7077075065009447 -0.030092864499391803
0.7220333063028884 -0.028811715661181368
0.7361355373863427 -0.027530660466578556
0.7500000000000012 -0.026253359545586216
0.7636127338052524 -0.024983365573122234
0.7769600319330563 -0.023724110075379088
0.7900284547856001 -0.02247889179604045
0.8028048435688343 -0.021250865709455776
0.8152763335422621 -0.020042706834781834
0.8274303669726433 -0.018856198162492364
0.8392547057785669 -0.017693016669823966
0.8507374438531613 -0.016554861377513868
0.8618670190525357 -0.01544344792467205
0.872632224837878 -0.014360502753604584
0.8830222215594895 -0.013307756943149849
0.8930265473713942 -0.012286939732524142
0.9026351287655296 -0.011299771815589143
0.9118382907149167 -0.010347962877624626
0.9206267664155909 -0.009433207292296523
0.9289917066174888 -0.008557167060070555
0.9369246885348927 -0.007721463579523078
0.9444177243274618 -0.006927670684498322
0.9514632691433107 -0.006177307746435847
0.958054228716035 -0.005471832891616538
0.9641839665080364 -0.004812636382620029
0.9698463103929542 -0.004201034212418706
0.9750355588704727 -0.0036382619582580023
0.9797464868072487 -0.0031254689407994927
0.9839743506981782 -0.0026637127319467336
0.9877148934427036 -0.0022539540523494337
0.9909643486313533 -0.0018970520968106378
0.9937194443381971 -0.0015937603227257984
0.9959774064153977 -0.0013447227332894927
0.9977359612865423 -0.0011504706835418304
0.9989933382359422 -0.0010114202334250888
0.9997482711915926 -0.0009278700679134091
1.0 -0.0009
