1.0 0.01
0.9997482711915926 0.010055616201526722
0.9989933382359422 0.010221853389727031
0.9977359612865423 0.010496892909583378
0.9959774064153977 0.010877755458398457
0.9937194443381971 0.011360378101307928
0.9909643486313533 0.011939720764012535
0.9877148934427036 0.012609900889973635
0.9839743506981782 0.013364354597254617
0.9797464868072487 0.01419602233508667
0.9750355588704727 0.015097556725529149
0.9698463103929542 0.01606154998452224
0.9641839665080364 0.01708077805221483
0.958054228716035 0.01814845832745383
0.9514632691433107 0.01925851769822985
0.9444177243274618 0.02040586739086469
0.9369246885348927 0.021586681027654826
0.9289917066174888 0.022798672187060692
0.9206267664155909 0.024041367703506802
0.9118382907149167 0.02531637292621538
0.9026351287655296 0.026627625178636358
0.8930265473713942 0.027980725305813255
0.8830222215594895 0.029374608057900684
0.872632224837878 0.030803286945503678
0.8618670190525357 0.03226002098266211
0.8507374438531613 0.03373734629919704
0.8392547057785669 0.03522706535022403
0.8274303669726433 0.03672024310097335
0.8152763335422621 0.03820721059334639
0.8028048435688343 0.0396775762327859
0.7900284547856001 0.04112125511528197
0.7769600319330563 0.04253590576805099
0.7636127338052524 0.04392384871464823
0.7500000000000012 0.04528854578659856
0.7361355373863427 0.04663456435962435
0.7220333063028884 0.04796755209627692
0.7077075065009447 0.049294199794698026
0.6931725628465657 0.05062190547489791
0.6784431107959373 0.051951113756549636
0.6635339816587122 0.05327381354351245
0.6484601876641387 0.054581174766465686
0.6332369068450188 0.05586402043930888
0.6178794677547149 0.05711289072774711
0.6024033340325966 0.058318111529816224
0.5868240888334664 0.059471214864255675
0.5711574191366438 0.06057241394771742
0.5554190999505066 0.061625677227221745
0.5396249784283953 0.06263534934944455
0.5237909579118721 0.06360608807516246
0.5079329819174049 0.0645428070096452
0.4920670180825969 0.06545013973902382
0.4762090420881297 0.06632190350556204
0.46037502157160654 0.06714115315141272
0.44458090004949524 0.06789082484439936
0.42884258086335814 0.06855437788772226
0.41317591116653546 0.0691159555253143
0.3975966659674052 0.06956055712392512
0.38212053224528686 0.06988113500597719
0.36676309315498296 0.07008892081592727
0.35153981233586296 0.07019784903423018
0.33646601834128953 0.07022162441576106
0.32155688920406433 0.07017361053478284
0.3068274371534359 0.0700667251935069
0.29229249349905695 0.06991267141651737
0.2779666936971131 0.06970950852623378
0.2638644626136587 0.06944409520108992
0.25000000000000006 0.06910455380282071
0.2363872661947488 0.0686808144061343
0.22303996806694482 0.06816467221780484
0.20997154521440087 0.06754982523922975
0.19719515643116664 0.06683192997129493
0.18472366645773874 0.06601453406217027
0.17256963302735745 0.06511426860867235
0.1607452942214339 0.06414830412857306
0.14926255614683936 0.0631326082219088
0.1381329809474649 0.06206754013134221
0.12736777516212267 0.06090991661275984
0.116977778440511 0.05961821886495431
0.10697345262860625 0.05816275588422204
0.09736487123447068 0.05652494628794888
0.0881617092850836 0.05468977524343132
0.0793732335844094 0.05264208615047336
0.07100829338251147 0.050380941452291356
0.06307531146510753 0.047958555945394034
0.05558227567253826 0.045464097453367325
0.04853673085668936 0.04297231225767083
0.041945771283965205 0.04049200899671371
0.03581603349196366 0.0379403953946411
0.030153689607045786 0.035270530884839724
0.02496444112952728 0.03247958880325238
0.020253513192751316 0.02959989137232622
0.016025649301821876 0.026690249515997633
0.012285106557296477 0.02382772802329987
0.009035651368646647 0.021099949273517927
0.006280555661802856 0.018598040242627324
0.00402259358460233 0.01641031792130174
0.0022640387134577056 0.014616797691851641
0.0010066617640577813 0.013284597747387921
0.0002517288084074587 0.012464300412074941
0.0 0.012187318364599685
0.0 0.014
0.0002517288084074587 0.01381881513960517
0.0010066617640577813 0.013286571052938704
0.0022640387134577056 0.01243634591675919
0.00402259358460233 0.011320437137740832
0.006280555661802856 0.010006152039158419
0.009035651368646647 0.00856999442983419
0.012285106557296477 0.00709032566483602
0.016025649301821876 0.00563859985217628
0.020253513192751316 0.004269292861906122
0.02496444112952728 0.003008663542423732
0.030153689607045786 0.0018646016190333532
0.03581603349196366 0.000907318277249719
0.041945771283965205 0.0002407991380934945
0.04853673085668936 -1.2593132352703808e-05
0.05558227567253826 0.0002723082426942681
0.06307531146510753 0.0010883285865186823
0.07100829338251147 0.0023143611203407877
0.0793732335844094 0.0037614704905181767
0.0881617092850836 0.005253865716212663
0.09736487123447068 0.006650724657932174
0.10697345262860625 0.00779247818684227
0.116977778440511 0.008637414913415818
0.12736777516212267 0.00923361133554145
0.1381329809474649 0.009650484015555011
0.14926255614683936 0.00997907236839507
0.1607452942214339 0.010313887389739724
0.17256963302735745 0.010672329026787069
0.18472366645773874 0.011044389964656339
0.19719515643116664 0.011418254109756784
0.20997154521440087 0.011781178465428203
0.22303996806694482 0.012125969306485192
0.2363872661947488 0.012448298593887342
0.25000000000000006 0.012743650556539048
0.2638644626136587 0.013007320771814636
0.2779666936971131 0.013234437732260218
0.29229249349905695 0.013419987213381281
0.3068274371534359 0.013558975799331201
0.32155688920406433 0.013650073672316895
0.33646601834128953 0.013696326935799547
0.35153981233586296 0.013701522490424558
0.36676309315498296 0.013669956260023321
0.38212053224528686 0.013606392765559337
0.3975966659674052 0.013516020067400016
0.41317591116653546 0.013403977723601081
0.42884258086335814 0.013272982953896157
0.44458090004949524 0.013124843954638728
0.46037502157160654 0.012961485860297585
0.4762090420881297 0.012784934817453795
0.4920670180825969 0.012597298731255637
0.5079329819174049 0.01240065280454476
0.5237909579118721 0.01219494018127169
0.5396249784283953 0.01197797431181324
0.5554190999505066 0.011747543016907953
0.5711574191366438 0.011501527586241832
0.5868240888334664 0.011237926554347747
0.6024033340325966 0.010954877762523794
0.6178794677547149 0.010650357940942516
0.6332369068450188 0.010321730842598211
0.6484601876641387 0.00996649419925598
0.6635339816587122 0.009582438309384518
0.6784431107959373 0.009167671410132437
0.6931725628465657 0.008720642102633439
0.7077075065009447 0.008240120961108021
0.7220333063028884 0.007724524953549074
0.7361355373863427 0.007172071250611476
0.7500000000000012 0.006581488456809926
0.7636127338052524 0.005952055620671588
0.7769600319330563 0.005283609660095873
0.7900284547856001 0.004576547333376676
0.8028048435688343 0.0038319075097854064
0.8152763335422621 0.0030647873090735825
0.8274303669726433 0.0023161223211892214
0.8392547057785669 0.001624382613794708
0.8507374438531613 0.0010217483328355207
0.8618670190525357 0.000534204819866496
0.872632224837878 0.000181701343579086
0.8830222215594895 -2.1630058717209068e-05
0.8930265473713942 -6.71996854379952e-05
0.9026351287655296 4.828457089019593e-05
0.9118382907149167 0.00031619547104546665
0.9206267664155909 0.0007134396920005419
0.9289917066174888 0.0012167562283801352
0.9369246885348927 0.0018042479763719734
0.9444177243274618 0.0024553915571737645
0.9514632691433107 0.003151039437031408
0.958054228716035 0.003873415311190185
0.9641839665080364 0.0046061037433576795
0.9698463103929542 0.005334035063514373
0.9750355588704727 0.006043466525182324
0.9797464868072487 0.006721960708784495
0.9839743506981782 0.007358362130835987
0.9877148934427036 0.007942772979871966
0.9909643486313533 0.008466528849822325
0.9937194443381971 0.008922175280695365
0.9959774064153977 0.00930344584574109
0.9977359612865423 0.009605242444642349
0.9989933382359422 0.009823618374726997
0.9997482711915926 0.009955764657789077
1.0 0.01
