1.0 0.0
0.9997482711915926 6.638274604238998e-05
0.9989933382359422 0.0002653832781230137
0.9977359612865423 0.0005965571577150097
0.9959774064153977 0.0010591592761486416
0.9937194443381971 0.001652137369908048
0.9909643486313533 0.002374123105081733
0.9877148934427036 0.003223420891832063
0.9839743506981782 0.004197994632634711
0.9797464868072487 0.005295452648659018
0.9750355588704727 0.006513031066558643
0.9698463103929542 0.007847575982683822
0.9641839665080364 0.009295524752916918
0.958054228716035 0.010852886783601762
0.9514632691433107 0.01251522422206246
0.9444177243274618 0.01427763296370042
0.9369246885348927 0.01613472440638283
0.9289917066174888 0.018080608391595664
0.9206267664155909 0.02010887777548905
0.9118382907149167 0.0222125950713994
0.9026351287655296 0.024384281598646623
0.8930265473713942 0.026615909560394873
0.8830222215594895 0.028898897456188434
0.872632224837878 0.031224109212551962
0.8618670190525357 0.03358185738794286
0.8507374438531613 0.03596191077657893
0.8392547057785669 0.03835350669950553
0.8274303669726433 0.040745368231021206
0.8152763335422621 0.04312572656460621
0.8028048435688343 0.04548234867518741
0.7900284547856001 0.04780393841191312
0.7769600319330563 0.05009021024363972
0.7636127338052524 0.0523477113084352
0.7500000000000012 0.05458504267255455
0.7361355373863427 0.05681279470994789
0.7220333063028884 0.05904349083307078
0.7077075065009447 0.06129150931374412
0.6931725628465657 0.06357218188313812
0.6784431107959373 0.0658804467651435
0.6635339816587122 0.06818671122117459
0.6484601876641387 0.07045824780860506
0.6332369068450188 0.07266059062234285
0.6178794677547149 0.0747578010143286
0.6024033340325966 0.07671275408877569
0.5868240888334664 0.07849361180885694
0.5711574191366438 0.0801080048443216
0.5554190999505066 0.08158046365945523
0.5396249784283953 0.08293692967539334
0.5237909579118721 0.08420444225109369
0.5079329819174049 0.08541085337976648
0.4920670180825969 0.08658315377090038
0.4762090420881297 0.08771682006483288
0.46037502157160654 0.08877584966168571
0.44458090004949524 0.08972348285542744
0.42884258086335814 0.09052394517555916
0.41317591116653546 0.09114279958214931
0.3975966659674052 0.09154732669166996
0.38212053224528686 0.0917230685571174
0.36676309315498296 0.0916979119320627
0.35153981233586296 0.09150571731675021
0.33646601834128953 0.09117946066168478
0.32155688920406433 0.09075096179204818
0.3068274371534359 0.0902506313454042
0.29229249349905695 0.0897051228690945
0.2779666936971131 0.08909828192196452
0.2638644626136587 0.08837889920348953
0.25000000000000006 0.0875
0.2363872661947488 0.08642863168366201
0.22303996806694482 0.08516829878692732
0.20997154521440087 0.0837317222250644
0.19719515643116664 0.08213220941902087
0.18472366645773874 0.08036882065080272
0.17256963302735745 0.07841332589903961
0.1607452942214339 0.07624125124668515
0.14926255614683936 0.07383598839467004
0.1381329809474649 0.071198465191107
0.12736777516212267 0.0683660440505725
0.116977778440511 0.06538110166625165
0.10697345262860625 0.06228362850481501
0.09736487123447068 0.0591111685430495
0.0881617092850836 0.05589636329400808
0.0793732335844094 0.05266592630652569
0.07100829338251147 0.04944457336994537
0.06307531146510753 0.04623506724375329
0.05558227567253826 0.04302580538356585
0.04853673085668936 0.03981653349490013
0.041945771283965205 0.036600162631151234
0.03581603349196366 0.03335148327977049
0.030153689607045786 0.030069189302570222
0.02496444112952728 0.026776411545956034
0.020253513192751316 0.023515303188019348
0.016025649301821876 0.02034181371952985
0.012285106557296477 0.01732072322041238
0.009035651368646647 0.014521004239800578
0.006280555661802856 0.012011573530358123
0.00402259358460233 0.00985749018091497
0.0022640387134577056 0.008116650396481897
0.0010066617640577813 0.00683702235791664
0.0002517288084074587 0.006054457326460334
0.0 0.005791105516877752
0.0 0.0
0.0002517288084074587 -0.00031473030593245595
0.0010066617640577813 -0.0012284412467203128
0.0022640387134577056 -0.002652932090765155
0.00402259358460233 -0.004451954812209415
0.006280555661802856 -0.006457189860513579
0.009035651368646647 -0.008490305856143897
0.012285106557296477 -0.010390800686693371
0.016025649301821876 -0.012049240508865574
0.020253513192751316 -0.01344543622073265
0.02496444112952728 -0.014691024870998371
0.030153689607045786 -0.01599735789338514
0.03581603349196366 -0.017391902805770028
0.041945771283965205 -0.018822783714699032
0.04853673085668936 -0.020216659799042896
0.05558227567253826 -0.021485035954504832
0.06307531146510753 -0.022597788469372868
0.07100829338251147 -0.02357037440667808
0.0793732335844094 -0.024435822881232878
0.0881617092850836 -0.025203518233715645
0.09736487123447068 -0.025846975631682555
0.10697345262860625 -0.02633863275995289
0.116977778440511 -0.02667635641640136
0.12736777516212267 -0.026878895630644075
0.1381329809474649 -0.026974182189565276
0.14926255614683936 -0.026999684143814196
0.1607452942214339 -0.02699177453090566
0.17256963302735745 -0.02693894463867155
0.18472366645773874 -0.02681056578419686
0.19719515643116664 -0.0265717137433188
0.20997154521440087 -0.026189812694815524
0.22303996806694482 -0.025683267281177802
0.2363872661947488 -0.025101149177787503
0.25000000000000006 -0.024499999999999997
0.2638644626136587 -0.023927984206629806
0.2779666936971131 -0.02337491756796117
0.29229249349905695 -0.022812984947474163
0.3068274371534359 -0.02221225881053126
0.32155688920406433 -0.02155910832609284
0.33646601834128953 -0.020859864695255845
0.35153981233586296 -0.02012260310946692
0.36676309315498296 -0.019356089862405446
0.38212053224528686 -0.018569711149777558
0.3975966659674052 -0.01777339499039146
0.41317591116653546 -0.01697730040370217
0.42884258086335814 -0.016190484070498525
0.44458090004949524 -0.015421646946760558
0.46037502157160654 -0.014679617353634405
0.4762090420881297 -0.013973273983978603
0.4920670180825969 -0.013311465929851288
0.5079329819174049 -0.012702613394206898
0.5237909579118721 -0.012147629971308872
0.5396249784283953 -0.011639919005159068
0.5554190999505066 -0.011172444054258338
0.5711574191366438 -0.010738121009774913
0.5868240888334664 -0.010329891038238588
0.6024033340325966 -0.009940792812978891
0.6178794677547149 -0.00956431604965956
0.6332369068450188 -0.009194884735206209
0.6484601876641387 -0.008827278647987356
0.6635339816587122 -0.008456568365962822
0.6784431107959373 -0.008078161756569962
0.6931725628465657 -0.007687846475509498
0.7077075065009447 -0.007282096696272922
0.7220333063028884 -0.006863038063196197
0.7361355373863427 -0.006437468190462804
0.7500000000000012 -0.00601187114170558
0.7636127338052524 -0.005592194171674453
0.7769600319330563 -0.005183817622435575
0.7900284547856001 -0.0047915314361650155
0.8028048435688343 -0.004419509611359616
0.8152763335422621 -0.004069929847004521
0.8274303669726433 -0.003741766281179483
0.8392547057785669 -0.003433679592309667
0.8507374438531613 -0.003144414361571003
0.8618670190525357 -0.002872802024626811
0.872632224837878 -0.0026177627145078067
0.8830222215594895 -0.0023783060382976196
0.8930265473713942 -0.002153530840257419
0.9026351287655296 -0.0019426240132540567
0.9118382907149167 -0.0017448584287633813
0.9206267664155909 -0.0015595900632297574
0.9289917066174888 -0.0013862544051087193
0.9369246885348927 -0.0012243622324469225
0.9444177243274618 -0.0010734948553167449
0.9514632691433107 -0.0009332989207873597
0.958054228716035 -0.0008034808803566771
0.9641839665080364 -0.0006838012208761275
0.9698463103929542 -0.000574068559972185
0.9750355588704727 -0.0004741337058144194
0.9797464868072487 -0.00038388377882071176
0.9839743506981782 -0.00030323648955810697
0.9877148934427036 -0.0002321346627347078
0.9909643486313533 -0.000170541091836642
0.9937194443381971 -0.00011843380270612382
0.9959774064153977 -7.580179725312866e-05
0.9977359612865423 -4.2641340622911245e-05
0.9989933382359422 -1.8952846591371138e-05
0.9997482711915926 -4.738406822926431e-06
1.0 0.0
