1.0 0.0
0.9997482711915926 0.00012803948004919995
0.9989933382359422 0.0005074989254032626
0.9977359612865423 0.001124787261314499
0.9959774064153977 0.0019585338511909946
0.9937194443381971 0.0029814920452455006
0.9909643486313533 0.004163167977377677
0.9877148934427036 0.00547313889317388
0.9839743506981782 0.006885015730851899
0.9797464868072487 0.008380995590278094
0.9750355588704727 0.009956941208889743
0.9698463103929542 0.011627916708023133
0.9641839665080364 0.01343410176298917
0.958054228716035 0.015446024468852572
0.9514632691433107 0.0177007723600057
0.9444177243274618 0.020123279998016635
0.9369246885348927 0.022591616984683857
0.9289917066174888 0.025027082191944754
0.9206267664155909 0.027449454973513192
0.9118382907149167 0.029902306296284733
0.9026351287655296 0.0324492215176056
0.8930265473713942 0.03516362987460322
0.8830222215594895 0.03802572594105575
0.872632224837878 0.040946740045481024
0.8618670190525357 0.043816734256346176
0.8507374438531613 0.046526545336445596
0.8392547057785669 0.049094550798682905
0.8274303669726433 0.05160605729002165
0.8152763335422621 0.05416408313268225
0.8028048435688343 0.05682933911402271
0.7900284547856001 0.059592837125867
0.7769600319330563 0.062438729041744565
0.7636127338052524 0.06532829406379619
0.7500000000000012 0.06817835274293098
0.7361355373863427 0.07089305418160817
0.7220333063028884 0.07343330347162336
0.7077075065009447 0.07586782459282512
0.6931725628465657 0.07827569054700961
0.6784431107959373 0.08056074764233043
0.6635339816587122 0.08257717471017635
0.6484601876641387 0.0844798328053138
0.6332369068450188 0.08633742039173486
0.6178794677547149 0.08815532392181386
0.6024033340325966 0.08985785277390676
0.5868240888334664 0.09131093077512259
0.5711574191366438 0.09261732199064773
0.5554190999505066 0.09380132507387562
0.5396249784283953 0.09490293942808564
0.5237909579118721 0.09602949713632893
0.5079329819174049 0.09690314477725145
0.4920670180825969 0.09757710360641143
0.4762090420881297 0.09817562533267092
0.46037502157160654 0.09861217479161516
0.44458090004949524 0.09876538630381394
0.42884258086335814 0.09896760781489407
0.41317591116653546 0.09889371689960964
0.3975966659674052 0.098515992554188
0.38212053224528686 0.09821587053510511
0.36676309315498296 0.09792237840329907
0.35153981233586296 0.09754367874797114
0.33646601834128953 0.09702596810557322
0.32155688920406433 0.09641790141818253
0.3068274371534359 0.09583821950862975
0.29229249349905695 0.09518230187113888
0.2779666936971131 0.09441560745029207
0.2638644626136587 0.09356521884288792
0.25000000000000006 0.09259967711949611
0.2363872661947488 0.0914407292444908
0.22303996806694482 0.09000216086284553
0.20997154521440087 0.08825120337104442
0.19719515643116664 0.08638213651992609
0.18472366645773874 0.08451050165005189
0.17256963302735745 0.08255421569818834
0.1607452942214339 0.08046762848978375
0.14926255614683936 0.07828434408411754
0.1381329809474649 0.07618612130795085
0.12736777516212267 0.07420420821601283
0.116977778440511 0.07214202306114445
0.10697345262860625 0.06982571447795466
0.09736487123447068 0.06714061707529521
0.0881617092850836 0.06439760823320999
0.0793732335844094 0.06184200734565555
0.07100829338251147 0.05919198662345132
0.06307531146510753 0.056295009168336914
0.05558227567253826 0.05326620813441675
0.04853673085668936 0.0502291906125134
0.041945771283965205 0.0471229856015573
0.03581603349196366 0.04381947026765001
0.030153689607045786 0.04040792548585111
0.02496444112952728 0.03694102571780521
0.020253513192751316 0.03339366470567213
0.016025649301821876 0.02979231316523436
0.012285106557296477 0.02621034969298249
0.009035651368646647 0.022752431482170186
0.006280555661802856 0.019540161100283532
0.00402259358460233 0.01669924621539795
0.0022640387134577056 0.014348327277959969
0.0010066617640577813 0.012589624450714175
0.0002517288084074587 0.011501529783984723
0.0 0.011133244022655912
0.0 0.0
0.0002517288084074587 -0.000573285848518854
0.0010066617640577813 -0.002228110659791523
0.0022640387134577056 -0.0047771455336940456
0.00402259358460233 -0.00793396705228671
0.006280555661802856 -0.011351373606578652
0.009035651368646647 -0.01467429066005925
0.012285106557296477 -0.017606536647703196
0.016025649301821876 -0.01999052629795379
0.020253513192751316 -0.021898802960632645
0.02496444112952728 -0.023697018100337575
0.030153689607045786 -0.025557524325299133
0.03581603349196366 -0.027334507512184462
0.041945771283965205 -0.029026894322228367
0.04853673085668936 -0.030739625964078983
0.05558227567253826 -0.032331359962028156
0.06307531146510753 -0.033736179574589395
0.07100829338251147 -0.0351015688288053
0.0793732335844094 -0.036602748265027955
0.0881617092850836 -0.038181937897601104
0.09736487123447068 -0.03966779569226677
0.10697345262860625 -0.04105833070679329
0.116977778440511 -0.04245027919721973
0.12736777516212267 -0.0438827338628881
0.1381329809474649 -0.04528838201326689
0.14926255614683936 -0.04650203687600932
0.1607452942214339 -0.047616245708508115
0.17256963302735745 -0.04887650347197513
0.18472366645773874 -0.050246920825957934
0.19719515643116664 -0.05161961917933548
0.20997154521440087 -0.05295785315278789
0.22303996806694482 -0.05422789549416889
0.2363872661947488 -0.05542955693553789
0.25000000000000006 -0.05666527361397022
0.2638644626136587 -0.05787651661122501
0.2779666936971131 -0.058933355958815076
0.29229249349905695 -0.059889965724693246
0.3068274371534359 -0.060833583248799006
0.32155688920406433 -0.061689459613140374
0.33646601834128953 -0.06228160889602507
0.35153981233586296 -0.06291612821805279
0.36676309315498296 -0.06338109872823022
0.38212053224528686 -0.06347233902352348
0.3975966659674052 -0.06348821578265251
0.41317591116653546 -0.06330477958083827
0.42884258086335814 -0.06283805913076249
0.44458090004949524 -0.062077909716592085
0.46037502157160654 -0.06112220078271753
0.4762090420881297 -0.06018988522853812
0.4920670180825969 -0.05906090913739687
0.5079329819174049 -0.05760754338077304
0.5237909579118721 -0.05601048738859424
0.5396249784283953 -0.054428946110379545
0.5554190999505066 -0.05258788402677196
0.5711574191366438 -0.05057531459440765
0.5868240888334664 -0.048498457487733626
0.6024033340325966 -0.046265174402865226
0.6178794677547149 -0.04377790876310386
0.6332369068450188 -0.04131940250347309
0.6484601876641387 -0.03884140217489803
0.6635339816587122 -0.03614775068961176
0.6784431107959373 -0.033172393161255906
0.6931725628465657 -0.030247333994883142
0.7077075065009447 -0.02722421549447636
0.7220333063028884 -0.02402619852103734
0.7361355373863427 -0.020795546007590163
0.7500000000000012 -0.017467373104009747
0.7636127338052524 -0.014255996411906736
0.7769600319330563 -0.01144586135144714
0.7900284547856001 -0.009081662711426297
0.8028048435688343 -0.006992787445228636
0.8152763335422621 -0.005078973399156619
0.8274303669726433 -0.00355271698105723
0.8392547057785669 -0.0023114671281452923
0.8507374438531613 -0.0010672622808315724
0.8618670190525357 0.0001764754810395753
0.872632224837878 0.001315820151971965
0.8830222215594895 0.0022123405302817197
0.8930265473713942 0.00278462068239528
0.9026351287655296 0.003034538675894093
0.9118382907149167 0.0030241160553924917
0.9206267664155909 0.002891572893634292
0.9289917066174888 0.002744105179579978
0.9369246885348927 0.002630433825168748
0.9444177243274618 0.0025742412752161777
0.9514632691433107 0.0025227182745537207
0.958054228716035 0.002390229811882936
0.9641839665080364 0.0021274585922653293
0.9698463103929542 0.001769068650237214
0.9750355588704727 0.001384821923894192
0.9797464868072487 0.0010223423355773384
0.9839743506981782 0.0007099257233319988
0.9877148934427036 0.0004606448329311811
0.9909643486313533 0.0002761941101452885
0.9937194443381971 0.00015041948377302993
0.9959774064153977 7.248333083134202e-05
0.9977359612865423 2.962034269580599e-05
0.9989933382359422 9.446005406523322e-06
0.9997482711915926 1.7858048264132446e-06
1.0 0.0
