1.0 0.0
0.9997482711915926 6.908539271776482e-05
0.9989933382359422 0.00027629812821893337
0.9977359612865423 0.0006215096165039734
0.9959774064153977 0.0011045113092296279
0.9937194443381971 0.001725023265421902
0.9909643486313533 0.0024827059708868206
0.9877148934427036 0.0033771752409479895
0.9839743506981782 0.004408019990604783
0.9797464868072487 0.005574822612984214
0.9750355588704727 0.006877155882337638
0.9698463103929542 0.008314407386004398
0.9641839665080364 0.009885783178995213
0.958054228716035 0.011590386784209874
0.9514632691433107 0.013427472342312218
0.9444177243274618 0.01539640445962158
0.9369246885348927 0.017496434969586763
0.9289917066174888 0.019726424218903027
0.9206267664155909 0.02208509845622992
0.9118382907149167 0.024571483120100438
0.9026351287655296 0.027184740689055242
0.8930265473713942 0.02992342979118556
0.8830222215594895 0.032785583570825574
0.872632224837878 0.03576958543407623
0.8618670190525357 0.03887408930739583
0.8507374438531613 0.04209764834207613
0.8392547057785669 0.045438991569508744
0.8274303669726433 0.04889769171340965
0.8152763335422621 0.052475511694760224
0.8028048435688343 0.056176703532333325
0.7900284547856001 0.06000560755402396
0.7769600319330563 0.06396743628214603
0.7636127338052524 0.0680681692753495
0.7500000000000012 0.07231242247947312
0.7361355373863427 0.0767082310689102
0.7220333063028884 0.08126392287323193
0.7077075065009447 0.08597948463325893
0.6931725628465657 0.09084119506749493
0.6784431107959373 0.09582742067014216
0.6635339816587122 0.1009134905202815
0.6484601876641387 0.10607347430925697
0.6332369068450188 0.11127971005428759
0.6178794677547149 0.11650378530709038
0.6024033340325966 0.121700393184213
0.5868240888334664 0.12681017349205298
0.5711574191366438 0.13176992587001612
0.5554190999505066 0.1365161985600291
0.5396249784283953 0.1409870158190651
0.5237909579118721 0.14512460581694048
0.5079329819174049 0.14887012389665868
0.4920670180825969 0.1521787811679922
0.4762090420881297 0.15502726494936092
0.46037502157160654 0.15741068566987268
0.44458090004949524 0.1593196669039153
0.42884258086335814 0.16073698704258937
0.41317591116653546 0.1616601279301504
0.3975966659674052 0.16211114149979294
0.38212053224528686 0.16212138448842647
0.36676309315498296 0.16172282618445874
0.35153981233586296 0.16094373633398704
0.33646601834128953 0.15980230100437237
0.32155688920406433 0.15831316993445155
0.3068274371534359 0.1564916413759385
0.29229249349905695 0.1543495684531083
0.2779666936971131 0.15190193943550673
0.2638644626136587 0.14916473981760905
0.25000000000000006 0.14615537282157115
0.2363872661947488 0.14289081509016938
0.22303996806694482 0.13938751991430204
0.20997154521440087 0.13566273417251368
0.19719515643116664 0.13173405940453362
0.18472366645773874 0.1276163083743404
0.17256963302735745 0.1233267266644771
0.1607452942214339 0.11888218680774475
0.14926255614683936 0.1142982725153122
0.1381329809474649 0.1095913234179277
0.12736777516212267 0.10477698355740427
0.116977778440511 0.09987050084628935
0.10697345262860625 0.09488657586064374
0.09736487123447068 0.08983801488577797
0.0881617092850836 0.08473635460654463
0.0793732335844094 0.07959335793000363
0.07100829338251147 0.07442186638890094
0.06307531146510753 0.06923620873033778
0.05558227567253826 0.06405314386791007
0.04853673085668936 0.05889130936742386
0.041945771283965205 0.0537684054224117
0.03581603349196366 0.04870409461285977
0.030153689607045786 0.043719433523749594
0.02496444112952728 0.038832143097869316
0.020253513192751316 0.03405656789692048
0.016025649301821876 0.029404191891305137
0.012285106557296477 0.02489325413061511
0.009035651368646647 0.020553022757318625
0.006280555661802856 0.01642148035618581
0.00402259358460233 0.01253376614603616
0.0022640387134577056 0.00895302617240144
0.0010066617640577813 0.005738437925123854
0.0002517288084074587 0.002685777262150695
0.0 0.0011492281108242545
0.0 0.0
0.0002517288084074587 -0.002758568758829173
0.0010066617640577813 -0.004952170365538581
0.0022640387134577056 -0.007739197331152201
0.00402259358460233 -0.010136837576182752
0.006280555661802856 -0.012465952002546243
0.009035651368646647 -0.014497730262747116
0.012285106557296477 -0.01622454104590072
0.016025649301821876 -0.01765387566466556
0.020253513192751316 -0.01883944589104706
0.02496444112952728 -0.019890737505387016
0.030153689607045786 -0.020922369846917317
0.03581603349196366 -0.02197585035255143
0.041945771283965205 -0.023021589511186425
0.04853673085668936 -0.024014237429853112
0.05558227567253826 -0.02492866051543268
0.06307531146510753 -0.02575646022320501
0.07100829338251147 -0.02650556736007994
0.0793732335844094 -0.02720373717982308
0.0881617092850836 -0.027865117930610913
0.09736487123447068 -0.02848634396547198
0.10697345262860625 -0.029062375779777983
0.116977778440511 -0.029588711534957044
0.12736777516212267 -0.030063136216001405
0.1381329809474649 -0.03048776680097617
0.14926255614683936 -0.03086976730547496
0.1607452942214339 -0.031211208994873386
0.17256963302735745 -0.03151116827180736
0.18472366645773874 -0.0317716895299133
0.19719515643116664 -0.031993528326503415
0.20997154521440087 -0.03217510996412055
0.22303996806694482 -0.032318166354971915
0.2363872661947488 -0.03242365806699093
0.25000000000000006 -0.03248965737647309
0.2638644626136587 -0.03251606280378172
0.2779666936971131 -0.032503196532002364
0.29229249349905695 -0.03245050402042102
0.3068274371534359 -0.032356037068051825
0.32155688920406433 -0.03222055980867006
0.33646601834128953 -0.032045246779987
0.35153981233586296 -0.031829761195621614
0.36676309315498296 -0.03157376208534491
0.38212053224528686 -0.03127051577905486
0.3975966659674052 -0.03090893580574955
0.41317591116653546 -0.030480505276791556
0.42884258086335814 -0.029985112813731278
0.44458090004949524 -0.02942642637901726
0.46037502157160654 -0.028811049007584577
0.4762090420881297 -0.028146834710788958
0.4920670180825969 -0.027443645841488853
0.5079329819174049 -0.026713674957512222
0.5237909579118721 -0.02596387285374197
0.5396249784283953 -0.025196408632392617
0.5554190999505066 -0.024414016422613843
0.5711574191366438 -0.02361997579011017
0.5868240888334664 -0.022815897145215314
0.6024033340325966 -0.022007585796962856
0.6178794677547149 -0.02120007985449858
0.6332369068450188 -0.02039559725485627
0.6484601876641387 -0.0195956972224271
0.6635339816587122 -0.018804894117722747
0.6784431107959373 -0.01802582624855243
0.6931725628465657 -0.01726040007247931
0.7077075065009447 -0.01651027772259028
0.7220333063028884 -0.015776210585865452
0.7361355373863427 -0.015059442457638026
0.7500000000000012 -0.014361278930092078
0.7636127338052524 -0.013682620851901927
0.7769600319330563 -0.013023806039907706
0.7900284547856001 -0.012385226509862799
0.8028048435688343 -0.011767529067179242
0.8152763335422621 -0.01117164542289858
0.8274303669726433 -0.010598818737446059
0.8392547057785669 -0.010050450382754678
0.8507374438531613 -0.009527117227469873
0.8618670190525357 -0.009027148237389508
0.872632224837878 -0.008543476319977136
0.8830222215594895 -0.0080685014711347
0.8930265473713942 -0.007594966352135442
0.9026351287655296 -0.007118226098623256
0.9118382907149167 -0.006636333964944621
0.9206267664155909 -0.00614877036979553
0.9289917066174888 -0.005656244061226155
0.9369246885348927 -0.00516039864280256
0.9444177243274618 -0.004663664257247869
0.9514632691433107 -0.004169333674592152
0.958054228716035 -0.003682084856138859
0.9641839665080364 -0.003206979593424896
0.9698463103929542 -0.0027490529298970206
0.9750355588704727 -0.0023132870379798985
0.9797464868072487 -0.0019043436694260547
0.9839743506981782 -0.0015264927817559468
0.9877148934427036 -0.0011835928417787307
0.9909643486313533 -0.0008791190995007952
0.9937194443381971 -0.0006161416627889607
0.9959774064153977 -0.00039730100915587915
0.9977359612865423 -0.0002247869091691717
0.9989933382359422 -0.00010032093703245769
0.9997482711915926 -2.5142714096171305e-05
1.0 0.0
