1.0 0.0
0.9997482711915926 3.866981058890301e-05
0.9989933382359422 0.00015733254745727005
0.9977359612865423 0.0003635307481518505
0.9959774064153977 0.0006684497969969025
0.9937194443381971 0.0010848597139757436
0.9909643486313533 0.0016242735549691883
0.9877148934427036 0.0022933618155980126
0.9839743506981782 0.00308985923364351
0.9797464868072487 0.004005908045107862
0.9750355588704727 0.0050330185493295794
0.9698463103929542 0.006154995660533642
0.9641839665080364 0.007348177526163247
0.958054228716035 0.008598775861588623
0.9514632691433107 0.009899401927987758
0.9444177243274618 0.011243703181399022
0.9369246885348927 0.012629215905505134
0.9289917066174888 0.01406015958896189
0.9206267664155909 0.015545514455109032
0.9118382907149167 0.01709744072877351
0.9026351287655296 0.018720952293649156
0.8930265473713942 0.02041833482812996
0.8830222215594895 0.02219283201588059
0.872632224837878 0.024046773152794142
0.8618670190525357 0.025980132829039566
0.8507374438531613 0.02799269388756543
0.8392547057785669 0.03008414315208738
0.8274303669726433 0.03225347633843669
0.8152763335422621 0.03449928421428951
0.8028048435688343 0.0368199704449301
0.7900284547856001 0.03921363606869237
0.7769600319330563 0.041678009152109584
0.7636127338052524 0.044210573047005
0.7500000000000012 0.04680824450526094
0.7361355373863427 0.04946589896421253
0.7220333063028884 0.05217737357177301
0.7077075065009447 0.054936062289839833
0.6931725628465657 0.05773609538990497
0.6784431107959373 0.060572515702396836
0.6635339816587122 0.06344021400097691
0.6484601876641387 0.06633301227614652
0.6332369068450188 0.0692419338502752
0.6178794677547149 0.07215720663001907
0.6024033340325966 0.07506893019484784
0.5868240888334664 0.07796833454645775
0.5711574191366438 0.08084720254532538
0.5554190999505066 0.08369722585576406
0.5396249784283953 0.08650846035291013
0.5237909579118721 0.08926926245503952
0.5079329819174049 0.09196800218471396
0.4920670180825969 0.09459320331886642
0.4762090420881297 0.09713360163876654
0.46037502157160654 0.0995782890066159
0.44458090004949524 0.10191660898249388
0.42884258086335814 0.10413775220107241
0.41317591116653546 0.10623140115167966
0.3975966659674052 0.10818732310858657
0.38212053224528686 0.10999267199733598
0.36676309315498296 0.1116345343572527
0.35153981233586296 0.11310127172998921
0.33646601834128953 0.11438284801682844
0.32155688920406433 0.1154707630989422
0.3068274371534359 0.11635749124239542
0.29229249349905695 0.11703281322905804
0.2779666936971131 0.11748644155863569
0.2638644626136587 0.11770987906048687
0.25000000000000006 0.11769314931628783
0.2363872661947488 0.11742726813341732
0.22303996806694482 0.11690543643394595
0.20997154521440087 0.11611787105417402
0.19719515643116664 0.11505624554726038
0.18472366645773874 0.11371635820420199
0.17256963302735745 0.11209713781429279
0.1607452942214339 0.11020158106048464
0.14926255614683936 0.10803167387908508
0.1381329809474649 0.10557705608309081
0.12736777516212267 0.10283198069108922
0.116977778440511 0.09979458106487135
0.10697345262860625 0.09646320963887048
0.09736487123447068 0.0928458397245093
0.0881617092850836 0.08896726134128245
0.0793732335844094 0.08486655352623694
0.07100829338251147 0.08058348632716092
0.06307531146510753 0.07612642629993874
0.05558227567253826 0.07149920107588742
0.04853673085668936 0.06672935461529972
0.041945771283965205 0.06188034453220397
0.03581603349196366 0.05702499031768182
0.030153689607045786 0.05215459077507114
0.02496444112952728 0.04711161853344732
0.020253513192751316 0.04183825413640704
0.016025649301821876 0.03653881071729202
0.012285106557296477 0.031590126230730375
0.009035651368646647 0.02717728149451688
0.006280555661802856 0.022592425592287302
0.00402259358460233 0.017278907240736226
0.0022640387134577056 0.011656243201706688
0.0010066617640577813 0.006624378220668262
0.0002517288084074587 0.0031364730197639707
0.0 0.0018894304424969576
0.0 0.0
0.0002517288084074587 -0.00174614957821608
0.0010066617640577813 -0.006327462838042059
0.0022640387134577056 -0.012000423339940995
0.00402259358460233 -0.016615625284581763
0.006280555661802856 -0.01874136518209527
0.009035651368646647 -0.019210559926999445
0.012285106557296477 -0.020920555573303613
0.016025649301821876 -0.0243451400879918
0.020253513192751316 -0.028733166816918426
0.02496444112952728 -0.03265997530839868
0.030153689607045786 -0.03570449087499795
0.03581603349196366 -0.038199431251983836
0.041945771283965205 -0.04075319886734737
0.04853673085668936 -0.04355477749352545
0.05558227567253826 -0.046417637931173025
0.06307531146510753 -0.04908924007893009
0.07100829338251147 -0.051463003691035875
0.0793732335844094 -0.05357674602456919
0.0881617092850836 -0.05549998101986344
0.09736487123447068 -0.057249631407483605
0.10697345262860625 -0.058791973547570174
0.116977778440511 -0.06009319936137093
0.12736777516212267 -0.06113198215292973
0.1381329809474649 -0.06189991030394642
0.14926255614683936 -0.06239473360721442
0.1607452942214339 -0.06262065561170212
0.17256963302735745 -0.06258866068509071
0.18472366645773874 -0.06231663935553823
0.19719515643116664 -0.061828090162453574
0.20997154521440087 -0.061151768599544264
0.22303996806694482 -0.06032303977085961
0.2363872661947488 -0.059372965348086955
0.25000000000000006 -0.058316328144157485
0.2638644626136587 -0.05716810121981819
0.2779666936971131 -0.05594370019218481
0.29229249349905695 -0.05465191845892224
0.3068274371534359 -0.053300206315209014
0.32155688920406433 -0.05189678212052824
0.33646601834128953 -0.05044887215214438
0.35153981233586296 -0.04896287853302614
0.36676309315498296 -0.04744564566166113
0.38212053224528686 -0.04590361354563514
0.3975966659674052 -0.04434148329460884
0.41317591116653546 -0.042763842139587734
0.42884258086335814 -0.041175455229636324
0.44458090004949524 -0.03958142715514969
0.46037502157160654 -0.03798708612879847
0.4762090420881297 -0.03639782041253072
0.4920670180825969 -0.03481811305106329
0.5079329819174049 -0.03325037158341758
0.5237909579118721 -0.03169668052088965
0.5396249784283953 -0.030159195317670768
0.5554190999505066 -0.028641414278620943
0.5711574191366438 -0.027147612153271775
0.5868240888334664 -0.02568193495932174
0.6024033340325966 -0.02424773665710582
0.6178794677547149 -0.02284651854175285
0.6332369068450188 -0.021479381462376157
0.6484601876641387 -0.02014736145173591
0.6635339816587122 -0.01885215979365489
0.6784431107959373 -0.01759596836083361
0.6931725628465657 -0.01638078676249965
0.7077075065009447 -0.015208379509907732
0.7220333063028884 -0.014080233185136235
0.7361355373863427 -0.012997588915747888
0.7500000000000012 -0.011961447732514644
0.7636127338052524 -0.010972383262872368
0.7769600319330563 -0.010030494400929221
0.7900284547856001 -0.009135679053433906
0.8028048435688343 -0.008287759243782717
0.8152763335422621 -0.0074872023186285976
0.8274303669726433 -0.006734587587435939
0.8392547057785669 -0.0060301455544199325
0.8507374438531613 -0.0053736583871062706
0.8618670190525357 -0.004764311253768808
0.872632224837878 -0.004201005225303257
0.8830222215594895 -0.003682436991936108
0.8930265473713942 -0.003207215352145055
0.9026351287655296 -0.002773860696356564
0.9118382907149167 -0.002380703723414826
0.9206267664155909 -0.0020255777052276716
0.9289917066174888 -0.0017040794131257036
0.9369246885348927 -0.0014115349974377907
0.9444177243274618 -0.001144112480379008
0.9514632691433107 -0.0008995660205272256
0.958054228716035 -0.0006779990705147919
0.9641839665080364 -0.0004793961557060468
0.9698463103929542 -0.00030348258432793916
0.9750355588704727 -0.00015449012817637245
0.9797464868072487 -3.864543707965663e-05
0.9839743506981782 4.2534273824659456e-05
0.9877148934427036 9.114053100531289e-05
0.9909643486313533 0.0001100921947200963
0.9937194443381971 0.00010477001935550804
0.9959774064153977 8.318834464984012e-05
0.9977359612865423 5.4313456690942516e-05
0.9989933382359422 2.663687841859946e-05
0.9997482711915926 7.044920523698816e-06
1.0 0.0
