1.0 0.0
0.9997482963644735 2.3618960434934758e-05
0.9989934389021186 9.508135483336635e-05
0.9977361876904136 0.0002161818198592021
0.9959778086747562 0.00038983868557345173
0.9937200723937634 0.0006199858478888067
0.9909652521964901 0.0009114233178284287
0.9877161219533593 0.0012696283516558157
0.9839759532631084 0.0017002398345077139
0.9797485121585681 0.0022067976928074186
0.9750380553145856 0.0027899656220979753
0.969849325761915 0.0034470208332602024
0.9641875481113856 0.004175262341721159
0.9580584232931634 0.0049760582468424824
0.9514681228163964 0.0058511098527649665
0.944423282555029 0.006801788794674417
0.9369309960660392 0.007827782589340746
0.9289988074468271 0.008927400143453588
0.9206347037389494 0.010097874485547187
0.9118471068858452 0.011337448023759071
0.9026448652526531 0.012646402852995488
0.893037244716657 0.014025169006734438
0.8830339193373336 0.015473852341137788
0.8726449616153942 0.016991177227091172
0.8618808323506305 0.018575191557224344
0.850752370108776 0.020223561454569015
0.839270780307989 0.02193440855637744
0.827447623935946 0.023706189592995124
0.8152948059089079 0.02553716505081248
0.8028245630844775 0.02742460332392073
0.7900494519401215 0.02936404429850385
0.776982335929863 0.03135036016524288
0.7636363725318719 0.03337839038581483
0.7500250000000012 0.035444783587076235
0.7361619238326041 0.0375466408254833
0.7220611029722581 0.039680739555177084
0.7077367357502946 0.04184127082822319
0.693203245590281 0.044020514860380625
0.6784752664848578 0.04621033892624705
0.6635676282605464 0.048404014676615426
0.6484953416453723 0.05059681791346434
0.6332735831543342 0.05278409987257172
0.6179176798079394 0.05495838332453814
0.6024430936991934 0.05710593554301683
0.5868654064245831 0.05921187563859303
0.57120030339473 0.06126031357136765
0.5554635580405116 0.06323260822696045
0.5396710159305524 0.06510946299808605
0.523838578816081 0.06687336949035706
0.5079821886192132 0.0685153965870484
0.49211781138078864 0.07002954998191027
0.4762614211839209 0.07140959224234325
0.4604289840694494 0.07264547258283127
0.4446364419594903 0.07372622184956738
0.4288996966052718 0.07464226618757669
0.4132345935754188 0.07538887145702369
0.39765690630080847 0.0759636827503228
0.38218232019206233 0.07636471755106468
0.36682641684566747 0.07658803779243983
0.35160465835462934 0.07662960555551071
0.3365323717394554 0.07648750496346703
0.3216247335151439 0.0761671841267815
0.3068967544097206 0.0756771667724909
0.29236326424970704 0.07502660317126726
0.27803889702774337 0.07422591201273773
0.26393807616739734 0.07328610734987959
0.25007500000000005 0.07221740169646561
0.23646362746812932 0.07102456892563105
0.2231176640701381 0.06971123405415484
0.2100505480598794 0.06828197322141352
0.19727543691552352 0.06674180853587497
0.18480519409109297 0.06509665212671137
0.1726523760640547 0.06335278849564223
0.16082921969201175 0.0615136104777947
0.14934762989122466 0.05958286555627546
0.13821916764937014 0.05756549627057149
0.12745503838460645 0.05546424744021786
0.11706608066266695 0.05328307606010173
0.10706275528334339 0.05102782006815421
0.09745513474734724 0.04870188584491903
0.0882528931141551 0.046310657112547005
0.07946529626105096 0.04386220664862365
0.07110119255317322 0.04136156348364895
0.06316900393396102 0.03881676256409405
0.05567671744497101 0.036237661958410904
0.04863187718360369 0.03362044955698678
0.042041576706836815 0.0309667772796146
0.03591245188861447 0.028289586550957518
0.03025067423808508 0.02560622197487587
0.02506194468541433 0.022943436857597883
0.02035148784143204 0.02031867677884027
0.016124046736891693 0.017680112236876
0.012383878046640746 0.015017317928043202
0.009134747803509782 0.012382946932001681
0.006379927606236676 0.009870555175851954
0.00412219132524387 0.007594697461374977
0.0023638123095863594 0.005673600837448097
0.0011065610978813756 0.004214653850757794
0.00035170363552661796 0.0033029103420318872
0.0001 0.002992764505904472
0.0001 0.00105
0.00035170363552661796 0.0001690989130738514
0.0011065610978813756 -0.0021428889582364693
0.0023638123095863594 -0.0050008734259156425
0.00412219132524387 -0.007285065440185689
0.006379927606236676 -0.008168812689452767
0.009134747803509782 -0.007847213289615781
0.012383878046640746 -0.007886028217585508
0.016124046736891693 -0.008856457135434022
0.02035148784143204 -0.010460082289557596
0.02506194468541433 -0.011961520963002556
0.03025067423808508 -0.012910491932525617
0.03591245188861447 -0.013418553929345626
0.042041576706836815 -0.013774456879550258
0.04863187718360369 -0.014249337220134568
0.05567671744497101 -0.014814444040368465
0.06316900393396102 -0.015371147929306541
0.07110119255317322 -0.015806546012718484
0.07946529626105096 -0.01610739521553866
0.0882528931141551 -0.016307306941458658
0.09745513474734724 -0.016454124978137735
0.10706275528334339 -0.016568223407854858
0.11706608066266695 -0.01664029152467922
0.12745503838460645 -0.016658982156119145
0.13821916764937014 -0.01661717904378134
0.14934762989122466 -0.01651925380738641
0.16082921969201175 -0.016373214268436173
0.1726523760640547 -0.016188211963825257
0.18480519409109297 -0.015966942953457672
0.19727543691552352 -0.015709638973049264
0.2100505480598794 -0.015417009123042268
0.2231176640701381 -0.015090935422935976
0.23646362746812932 -0.014734643680509547
0.25007500000000005 -0.014352058895403029
0.26393807616739734 -0.013946983958888158
0.27803889702774337 -0.013521202551805426
0.29236326424970704 -0.013076242336807983
0.3068967544097206 -0.01261390468520208
0.3216247335151439 -0.012136916929081736
0.3365323717394554 -0.011648739385115162
0.35160465835462934 -0.01115309823025981
0.36682641684566747 -0.010652814902408731
0.38218232019206233 -0.010148512850540694
0.39765690630080847 -0.009640538414982086
0.4132345935754188 -0.009129517920283017
0.4288996966052718 -0.0086181864973222
0.4446364419594903 -0.008110286644080901
0.4604289840694494 -0.007609594465357154
0.4762614211839209 -0.007118075901771508
0.49211781138078864 -0.006635027959985945
0.5079821886192132 -0.0061594953454398955
0.523838578816081 -0.0056909892549798936
0.5396710159305524 -0.005231572558603129
0.5554635580405116 -0.004784081736209875
0.57120030339473 -0.0043512254502932335
0.5868654064245831 -0.003934323516240129
0.6024430936991934 -0.003533210019088563
0.6179176798079394 -0.003147605230338122
0.6332735831543342 -0.0027774571649428056
0.6484953416453723 -0.002423689120152319
0.6635676282605464 -0.0020873719413620133
0.6784752664848578 -0.0017694453541954897
0.693203245590281 -0.0014705129607745803
0.7077367357502946 -0.001190878923371982
0.7220611029722581 -0.0009307371717918345
0.7361619238326041 -0.0006900710447632138
0.7500250000000012 -0.00046844045213353616
0.7636363725318719 -0.00026528324345739205
0.776982335929863 -8.004059370587289e-05
0.7900494519401215 8.716684483517773e-05
0.8028245630844775 0.00023582392863146014
0.8152948059089079 0.00036561538129279363
0.827447623935946 0.00047668668402339856
0.839270780307989 0.0005700047837710778
0.850752370108776 0.000646694069660502
0.8618808323506305 0.0007078484508780038
0.8726449616153942 0.0007539173903396963
0.8830339193373336 0.000785075396792386
0.893037244716657 0.000801729889259324
0.9026448652526531 0.0008048423624719236
0.9118471068858452 0.0007962684267083031
0.9206347037389494 0.0007778824510117027
0.9289988074468271 0.000751462246909021
0.9369309960660392 0.0007189372256058604
0.944423282555029 0.0006821848695473325
0.9514681228163964 0.0006428243748336773
0.9580584232931634 0.0006017795905036723
0.9641875481113856 0.0005589686808821644
0.969849325761915 0.0005145514089574758
0.9750380553145856 0.00046880681792800126
0.9797485121585681 0.0004201821908988346
0.9839759532631084 0.00036747361048623285
0.9877161219533593 0.0003113198697922371
0.9909652521964901 0.0002526905044843497
0.9937200723937634 0.00019219551644205772
0.9959778086747562 0.00013291686954188287
0.9977361876904136 7.951036026910717e-05
0.9989934389021186 3.6941870102490306e-05
0.9997482963644735 9.485863811457715e-06
1.0 0.0
