1.0 0.0
0.9997483517448112 6.940881382411583e-05
0.9989936603677066 0.0002797717888943634
0.9977366857789306 0.0006370177221565407
0.9959786936453447 0.0011494319281466364
0.9937214541160089 0.0018252854785497767
0.9909672400397913 0.0026695624060259606
0.9877188246768019 0.0036798305556911097
0.9839794789059547 0.004843736108073308
0.9797529679314704 0.006146007291240228
0.9750435474916341 0.007564152583329278
0.9698559595736285 0.009065625909679227
0.9641954276387539 0.010625530664999565
0.9580676513628459 0.012228820414325603
0.9514788008971848 0.013862738086055398
0.9444355106556771 0.015520149873514672
0.9369448726345616 0.017201822652429085
0.9290144292713711 0.01891536810383612
0.9206521658503379 0.020667811180976728
0.9118665024618879 0.02245591699078257
0.9026662855243247 0.02427645643217581
0.8930607788762354 0.026126920373608174
0.8830596544485905 0.028003284088070606
0.8726729825259298 0.029901755496579942
0.8619112216064388 0.03181909332457911
0.8507852078711283 0.03375080873340119
0.8393061442727178 0.0356920015366393
0.827485589255212 0.037638131451335766
0.8153354451155286 0.03958492925673218
0.8028679460188922 0.04152843365983651
0.7900956456800687 0.04346507218863033
0.7770314047228377 0.04539058515278678
0.7636883777304347 0.04729951433705917
0.7500800000000012 0.04918643196752176
0.7362199740143791 0.05104637270692888
0.7221222556448715 0.05287530178417645
0.7078010400988645 0.05466956836359901
0.6932707476264548 0.05642554852571375
0.6785460090004827 0.05813882060720927
0.6636416507845815 0.059804907140920016
0.6485726804040862 0.061419395623119766
0.6333542710348283 0.06297712775603163
0.6180017463250334 0.06447272350899708
0.6025305649657061 0.06590110791630391
0.5869563051250397 0.06725891123509566
0.57129464876252 0.06854403243427071
0.5555613658385224 0.06975462870073033
0.5397722984352982 0.07088716064542092
0.5239433448053403 0.07193638878065263
0.5080904433631913 0.07289729494609211
0.49222955663681045 0.07376586980043028
0.4763766551946615 0.0745394446164057
0.4605477015647036 0.07521580830033417
0.44475863416147937 0.07579250852320328
0.42902535123748187 0.0762662029502599
0.41336369487496216 0.07663387048185291
0.39778943503429565 0.07689308385711169
0.38231825367496836 0.07704217912980035
0.3669657289651734 0.0770800900089465
0.3517473195959155 0.07700572572022532
0.33667834921542034 0.07681622169454495
0.32177399099951903 0.07650890707023135
0.3070492523735468 0.07608210572971562
0.29251895990113724 0.07553572435990652
0.27819774435513 0.07487074988565062
0.2641000259856223 0.07408864399959587
0.2502400000000001 0.07318920848519388
0.2366316222695665 0.0721723027947049
0.22328859527716338 0.07103877991692284
0.21022435431993225 0.0697884542018438
0.19745205398110866 0.06842149703195027
0.18498455488447227 0.06693966716589567
0.1728344107447887 0.06534511201230318
0.16101385572728305 0.06364102204370346
0.14953479212887236 0.06183222065559524
0.1384087783935617 0.059921664498254104
0.12764701747407078 0.05791213091990492
0.11726034555141003 0.0558088979595802
0.1072592211237651 0.053615000945682736
0.09765371447567565 0.05133319017364548
0.08845349753811238 0.04897015988340743
0.07966783414966239 0.04653174969131505
0.07130557072862906 0.04402452975662212
0.0633751273654387 0.04145973043081949
0.05588448934432305 0.03883783171454653
0.048841199102815216 0.036154582523495446
0.04225234863715434 0.03341850796746423
0.036124572361246235 0.030647204452976702
0.030464040426371533 0.027866341954847777
0.025276452508365833 0.02510805900001497
0.020567032068529636 0.02234931665377665
0.016340521094045293 0.019547611763233583
0.012601175323198143 0.016724686708732218
0.00935275996020868 0.01395134734239688
0.006598545883991079 0.011328934200202902
0.004341306354655257 0.008972716927949612
0.002583314221069399 0.006997440960342411
0.0013263396322932828 0.005505224470781842
0.0005716482551887684 0.004575970511058462
0.00032 0.004260424434653761
0.00032 0.00224
0.0005716482551887684 0.000288537121680372
0.0013263396322932828 -0.004581239430013312
0.002583314221069399 -0.009814235352136269
0.004341306354655257 -0.012475530605071582
0.006598545883991079 -0.011216301072704707
0.00935275996020868 -0.008799071106921309
0.012601175323198143 -0.009050030508321972
0.016340521094045293 -0.011971088522084257
0.020567032068529636 -0.015915232108962892
0.025276452508365833 -0.018587707267566343
0.030464040426371533 -0.01984715884300371
0.036124572361246235 -0.020412444447044004
0.04225234863715434 -0.021337796043839317
0.048841199102815216 -0.02277966917439614
0.05588448934432305 -0.024441554937735484
0.0633751273654387 -0.02591570400886315
0.07130557072862906 -0.027072892202969722
0.07966783414966239 -0.02800812370392089
0.08845349753811238 -0.028863502756854096
0.09765371447567565 -0.02970513106859104
0.1072592211237651 -0.03049783517510547
0.11726034555141003 -0.03119507742746705
0.12764701747407078 -0.031766255131308055
0.1384087783935617 -0.032216377189785414
0.14953479212887236 -0.03255868725500223
0.16101385572728305 -0.03280582056151159
0.1728344107447887 -0.032957026799183435
0.18498455488447227 -0.03301012715108983
0.19745205398110866 -0.032964391582582894
0.21022435431993225 -0.03282123497207569
0.22328859527716338 -0.0325838558894279
0.2366316222695665 -0.03225674244102126
0.2502400000000001 -0.03184240085269369
0.2641000259856223 -0.031342028546463424
0.27819774435513 -0.030757623563267212
0.29251895990113724 -0.030092351171236667
0.3070492523735468 -0.029350692444741606
0.32177399099951903 -0.028538013339896404
0.33667834921542034 -0.027659836972371753
0.3517473195959155 -0.02672033858273153
0.3669657289651734 -0.025723830438961315
0.38231825367496836 -0.024675033596558347
0.39778943503429565 -0.02357849250257686
0.41336369487496216 -0.022438814015584996
0.42902535123748187 -0.021260923905088863
0.44475863416147937 -0.020050070270157743
0.4605477015647036 -0.018811793555814266
0.4763766551946615 -0.017551832875003455
0.49222955663681045 -0.01627591192788762
0.5080904433631913 -0.014989254709635958
0.5239433448053403 -0.013697001824394716
0.5397722984352982 -0.012404279239019258
0.5555613658385224 -0.011115800610373752
0.57129464876252 -0.009835937921040577
0.5869563051250397 -0.008568971418832706
0.6025305649657061 -0.00731941711605684
0.6180017463250334 -0.0060924849455806515
0.6333542710348283 -0.004893282230195448
0.6485726804040862 -0.0037266334578867663
0.6636416507845815 -0.002596948955843549
0.6785460090004827 -0.0015082401407105382
0.6932707476264548 -0.0004641583875213039
0.7078010400988645 0.0005319915167839628
0.7221222556448715 0.0014772222083362678
0.7362199740143791 0.0023689671999746666
0.7500800000000012 0.0032050152547196823
0.7636883777304347 0.003982246294126923
0.7770314047228377 0.004697143695408225
0.7900956456800687 0.005346929997113493
0.8028679460188922 0.005929277860745929
0.8153354451155286 0.006441411618456527
0.827485589255212 0.006881238619489579
0.8393061442727178 0.007247680902275103
0.8507852078711283 0.007540279299063181
0.8619112216064388 0.007759058773797063
0.8726729825259298 0.00790508164749946
0.8830596544485905 0.007980187884036274
0.8930607788762354 0.007984221346684701
0.9026662855243247 0.007916693820407461
0.9118665024618879 0.007779034130679851
0.9206521658503379 0.007573542333070644
0.9290144292713711 0.007299641696222426
0.9369448726345616 0.006958274417714101
0.9444355106556771 0.006553510243102816
0.9514788008971848 0.006091264893468619
0.9580676513628459 0.005577623519545009
0.9641954276387539 0.005021276535699073
0.9698559595736285 0.00443349190852826
0.9750435474916341 0.0038283369535050582
0.9797529679314704 0.0032222125460188615
0.9839794789059547 0.002631160048694207
0.9877188246768019 0.0020703707270874547
0.9909672400397913 0.0015549842945979133
0.9937214541160089 0.001098878142020221
0.9959786936453447 0.0007128542211974495
0.9977366857789306 0.0004050303258730802
0.9989936603677066 0.00018126609300017998
0.9997483517448112 4.550109789434366e-05
1.0 0.0
