1.0 0.0
0.9997482888126091 5.245049436847959e-05
0.9989934087022656 0.0002113562996697401
0.9977361197692522 0.00048109377855840225
0.9959776879969486 0.0008680054814366447
0.9937198839770934 0.0013789868806130014
0.9909649811269491 0.0020195352791038
0.9877157534001626 0.002791288027908192
0.9839754724936293 0.003689934506519153
0.9797479045531722 0.0047079757315530305
0.9750373063813518 0.0058325509820547385
0.9698484211512267 0.007042585149794736
0.9641864736303808 0.008319218389611301
0.9580571649200248 0.00965272788892464
0.9514666667144707 0.011034772131896147
0.9444216150867589 0.012459337695352245
0.9369291038066953 0.013925222349455592
0.9289966771980255 0.015435169388862888
0.9206323225419418 0.016994388309285173
0.9118444620345667 0.018601919157942785
0.902641944306516 0.020254542735081708
0.8930340355130783 0.021949620991698483
0.8830304100039803 0.02368417143446738
0.8726411405821393 0.025454893225524133
0.861876688361202 0.027258838938742397
0.8507478922320916 0.0290922410972062
0.8392659579491624 0.030949506283892012
0.8274424468469552 0.03282471503979726
0.8152892641989142 0.03471219096189693
0.8028186472297845 0.036607526374567496
0.7900431527937651 0.03850674132808814
0.776975644730821 0.040405848016249454
0.763629280913886 0.04229957884862904
0.7500175000000012 0.04418206512015178
0.7361540078987256 0.04604748477552926
0.7220527639714472 0.04789121757821721
0.7077279669754897 0.04970971620416483
0.6931940407671664 0.05149965382899626
0.6784656197781817 0.05325624349979734
0.6635575342799961 0.05497255651952599
0.6484847954510022 0.056641499040278466
0.6332625802615396 0.0582571519672621
0.6179062161919721 0.059816288267152
0.6024311657992143 0.06131629742062618
0.5868530111472481 0.06275405279859064
0.5711874381173042 0.06412372324146566
0.5554502206135101 0.06541898599767287
0.5396572046799053 0.0666340152238278
0.5238242925448183 0.06776494643540695
0.5079674266086707 0.06880885677163778
0.4921025733913311 0.0697630458974563
0.4762457074551835 0.07062402147622532
0.46041279532009655 0.07138804093717434
0.4446197793864918 0.07205174809764991
0.4288825618826977 0.07261190022974207
0.4132169888527538 0.07306547767999069
0.3976388342007875 0.07340996111626387
0.3821637838080297 0.0736431389979311
0.3668074197384621 0.07376312987618751
0.35158520454899944 0.07376863812553151
0.33651246572000565 0.07365818673108235
0.3216043802218201 0.0734298710531439
0.30687595923283517 0.07308250818119952
0.292342033024512 0.07261562648790817
0.27801723602855427 0.07202939649153102
0.26391599210127575 0.07132485650244703
0.25005250000000007 0.07050281417215958
0.23644071908611516 0.06956258905907206
0.22309435526918012 0.06850446471432203
0.21002684720623585 0.06732975885085747
0.19725135277021644 0.06604033331061818
0.1847807358010867 0.0646393666278443
0.1726275531530455 0.06312995565037412
0.1608040420508384 0.06151198833936152
0.14932210776790908 0.059786760933175635
0.13819331163879855 0.057957438238634376
0.1274288594178613 0.056027519979067186
0.11703958999602015 0.05400273537055967
0.10703596448692225 0.05188949364776086
0.09742805569348427 0.049689162803916394
0.08822553796543364 0.04740561752498405
0.07943767745805849 0.04504591314328119
0.07107332280197469 0.04261541291887426
0.06314089619330497 0.04012358952572543
0.055648384913241186 0.03758042654942928
0.04860333328552939 0.03497941287060404
0.04201283507997533 0.03232131307658593
0.03588352636961922 0.029620251732540126
0.030221578848773294 0.026899076882642644
0.025032693618648214 0.0241903835640205
0.020322095446827823 0.021512162941097205
0.016094527506370748 0.018800317301864565
0.012354246599837467 0.01603885412824245
0.009105018873050841 0.013283631546635118
0.006350116022906529 0.010637264926836757
0.004092312003051407 0.008226614255143875
0.0023338802307477638 0.006183186377144752
0.0010765912977342973 0.004626722036980194
0.0003217111873908702 0.0036521925276702745
7e-05 0.003320383297218122
7e-05 0.001
0.0003217111873908702 8.999606719213152e-05
0.0010765912977342973 -0.002333557547681963
0.0023338802307477638 -0.0054441848233628696
0.004092312003051407 -0.008172793753968559
0.006350116022906529 -0.009665713948771262
0.009105018873050841 -0.009916969313104805
0.012354246599837467 -0.010305376432959952
0.016094527506370748 -0.011659654055439962
0.020322095446827823 -0.013740123288225279
0.025032693618648214 -0.01587147869044192
0.030221578848773294 -0.01750026460946428
0.03588352636961922 -0.018697343643139682
0.04201283507997533 -0.019728144575451318
0.04860333328552939 -0.02087454410407564
0.055648384913241186 -0.02211433452617607
0.06314089619330497 -0.023343786311120933
0.07107332280197469 -0.024446607090671972
0.07943767745805849 -0.025406687406521185
0.08822553796543364 -0.026254752370258306
0.09742805569348427 -0.02703482481662283
0.10703596448692225 -0.027757882346599753
0.11703958999602015 -0.028410810845299447
0.1274288594178613 -0.028980118434840697
0.13819331163879855 -0.02945934109603715
0.14932210776790908 -0.02985148365789455
0.1608040420508384 -0.030163003956600952
0.1726275531530455 -0.03039919457788561
0.1847807358010867 -0.03055829027216249
0.19725135277021644 -0.03063836084177214
0.21002684720623585 -0.03063885012356268
0.22309435526918012 -0.030562281365496567
0.23644071908611516 -0.030413094970710007
0.25005250000000007 -0.030196716859510128
0.26391599210127575 -0.02991522009266215
0.27801723602855427 -0.029568453349621923
0.292342033024512 -0.02915672688781563
0.30687595923283517 -0.028682036306468914
0.3216043802218201 -0.02814864231013076
0.33651246572000565 -0.0275616110884763
0.35158520454899944 -0.02692567582020052
0.3668074197384621 -0.026242807193339955
0.3821637838080297 -0.025514598862208755
0.3976388342007875 -0.024743020045868074
0.4132169888527538 -0.023931357543787612
0.4288825618826977 -0.023083755883052528
0.4446197793864918 -0.022204611339627662
0.46041279532009655 -0.021297868671161294
0.4762457074551835 -0.020366712416472508
0.4921025733913311 -0.01941438759923428
0.5079674266086707 -0.01844433406870268
0.5238242925448183 -0.017460430024153463
0.5396572046799053 -0.016466690490670087
0.5554502206135101 -0.01546708950521336
0.5711874381173042 -0.014464766875464906
0.5868530111472481 -0.013462233332722073
0.6024311657992143 -0.012461963602350952
0.6179062161919721 -0.011467025762609084
0.6332625802615396 -0.010481807654161785
0.6484847954510022 -0.009510714299750015
0.6635575342799961 -0.008557784925893992
0.6784656197781817 -0.007625551440855838
0.6931940407671664 -0.006715749178532216
0.7077279669754897 -0.00582998843225642
0.7220527639714472 -0.004970891190213275
0.7361540078987256 -0.004142754665642588
0.7500175000000012 -0.003349606147231376
0.763629280913886 -0.00259480955613831
0.776975644730821 -0.0018800426708917989
0.7900431527937651 -0.0012061174145131125
0.8028186472297845 -0.0005735670879866965
0.8152892641989142 1.615526434254655e-05
0.8274424468469552 0.0005600101374192273
0.8392659579491624 0.001055531610488646
0.8507478922320916 0.0015010126983280793
0.861876688361202 0.0018952330301504714
0.8726411405821393 0.0022376223149532626
0.8830304100039803 0.0025283950233341446
0.8930340355130783 0.002767488984719731
0.902641944306516 0.002953248171809686
0.9118444620345667 0.0030850862205607362
0.9206323225419418 0.00316372485016777
0.9289966771980255 0.003188807645227731
0.9369291038066953 0.003159712830333624
0.9444216150867589 0.0030780574319102423
0.9514666667144707 0.002947275554994004
0.9580571649200248 0.002771285086210897
0.9641864736303808 0.002555511178200547
0.9698484211512267 0.002307149989050311
0.9750373063813518 0.002034527168191774
0.9797479045531722 0.001746491850240058
0.9839754724936293 0.0014526721951151015
0.9877157534001626 0.0011631179469714105
0.9909649811269491 0.0008879117006924487
0.9937198839770934 0.0006367011061350986
0.9959776879969486 0.00041822423162356145
0.9977361197692522 0.00024002279987824272
0.9989934087022656 0.00010820952725284835
0.9997482888126091 2.7284088044449252e-05
1.0 0.0
