1.0 0.0
0.9997483064336258 3.440670678854436e-05
0.9989934791685892 0.00013917411614983863
0.9977362782519622 0.00031868906211925954
0.9959779695784995 0.0005794163401899715
0.9937203236159898 0.0009286410819918016
0.9909656136225449 0.001372732480317427
0.9877166133576216 0.0019149529569172132
0.9839765942890805 0.00255358310073274
0.9797493222990957 0.003285916924979916
0.9750390538922308 0.004107483648567876
0.9698505319094992 0.005009048437468664
0.9641889807527253 0.005980139607354949
0.9580601011240147 0.0070144098760992575
0.9514700642856306 0.008105116388135764
0.944425505846056 0.009245580652919569
0.9369335190784979 0.010434773964620685
0.9290016477785623 0.011675550078957934
0.9206378786682927 0.012973135623204641
0.9118506333542167 0.014328985083125984
0.9026487598475025 0.015739396053869106
0.8930415236547622 0.01719999938569341
0.8830385984484712 0.0187063958057429
0.8726500563264007 0.020254940447438936
0.8618863576698683 0.02184200457148244
0.8507583406110218 0.023463854969333356
0.8392772101197579 0.025116709972795394
0.8274545267212671 0.026796726121160457
0.8153021948555662 0.02849996852933602
0.8028324508907346 0.03022201901092767
0.7900578508019301 0.03195796178913098
0.7769912575285857 0.033702712841814184
0.7636458280225197 0.03545132514708021
0.7500350000000012 0.03719929843243937
0.7361724784111087 0.03894217880626977
0.7220722216400061 0.040675402753949895
0.7077484274500346 0.042393940162928086
0.6932155186877672 0.04409262418739208
0.6784881287604259 0.045766229631773
0.66358108690128 0.047409082256229085
0.6485094032378658 0.04901527665905394
0.6332882536780605 0.05057899594214807
0.6179329646292293 0.05209589776660798
0.6024589975658321 0.053563110032107716
0.5868819334610297 0.054978011815064315
0.5712174570979647 0.056336400307424345
0.5554813412765136 0.05763138213609083
0.5396894309314153 0.05885595757758365
0.5238576271777645 0.06000461041950104
0.5080018712999365 0.0610755159189205
0.4921381287000653 0.06206772764697894
0.47628237282223734 0.06297967379703526
0.46045056906858645 0.06380593276806558
0.44465865872348825 0.06454031700654
0.42892254290203724 0.06517751197193666
0.4132580665389721 0.0657157118157997
0.39768100243416976 0.06615486523401568
0.3822070353707725 0.06649505258768655
0.36685174632194123 0.06673345115814328
0.35163059676213587 0.06686570327594339
0.3365589130987217 0.06688820951043128
0.3216518712395757 0.06679912891562494
0.3069244813122344 0.06659824525329357
0.29239157254996706 0.06628603317463318
0.27806777835999547 0.06586207693386546
0.26396752158889275 0.06532488249505919
0.250105 0.06467389592150039
0.23649417197748154 0.06390929209948298
0.22314874247141545 0.06303180707157573
0.21008214919807083 0.06204330996464772
0.19730754910926626 0.06094538520960691
0.18483780514443465 0.05973798907710763
0.17268547327873363 0.058422481654444955
0.1608627898802429 0.05700107149913436
0.1493816593889788 0.05547546526030853
0.13825364233013226 0.053849208135866855
0.12748994367359998 0.05212652005827861
0.11710140155152932 0.0503093069861809
0.10709847634523824 0.04840174242277204
0.09749124015249785 0.04640907502372547
0.08828936664578368 0.04433229204964546
0.07950212133170757 0.042175625289871066
0.07113835222143791 0.03994687452182452
0.06320648092150241 0.03765265238527857
0.055714494153944104 0.0353040370662183
0.04866993571436942 0.032911379389773045
0.04207989887598545 0.030461181926587238
0.035951019247274785 0.027948711545103054
0.0302894680905008 0.025389684371380963
0.025100946107769147 0.022823200069567614
0.02039067770090433 0.0202974226349199
0.01616340571091962 0.01783722193784303
0.012423386642378454 0.015338815982997814
0.009174386377455036 0.012760680541932478
0.006419676384010204 0.010174842087130674
0.004162030421500485 0.007722220863380265
0.0024037217480378215 0.005573487048855472
0.001146520831410813 0.0038962703662831282
0.00039169356637428165 0.002829176769621497
0.00014 0.0024629700616742617
0.00014 -0.00124
0.00039169356637428165 -0.0016409412433654174
0.001146520831410813 -0.0027775821190565288
0.0024037217480378215 -0.004464090824276029
0.004162030421500485 -0.006432960984071199
0.006419676384010204 -0.008397717777981558
0.009174386377455036 -0.010139485522386998
0.012423386642378454 -0.01161621114390092
0.01616340571091962 -0.013070449673074249
0.02039067770090433 -0.014699330644840823
0.025100946107769147 -0.016440316344755974
0.0302894680905008 -0.01817525403160215
0.035951019247274785 -0.019797831004358248
0.04207989887598545 -0.02130156910382224
0.04866993571436942 -0.022721458930972
0.055714494153944104 -0.024105376717702687
0.06320648092150241 -0.02544647272156927
0.07113835222143791 -0.026725880558921875
0.07950212133170757 -0.027927236095616145
0.08828936664578368 -0.029043370353293765
0.09749124015249785 -0.030074396429897957
0.10709847634523824 -0.031025367322766263
0.11710140155152932 -0.03189614307921776
0.12748994367359998 -0.032682967002134404
0.13825364233013226 -0.03338442773114397
0.1493816593889788 -0.03400027740393955
0.1608627898802429 -0.03453106304806552
0.17268547327873363 -0.03497954644008221
0.18483780514443465 -0.035348093200037685
0.19730754910926626 -0.035635254957820106
0.21008214919807083 -0.03584002719538896
0.22314874247141545 -0.03596263399750713
0.23649417197748154 -0.03600499687115916
0.250105 -0.03597038959138105
0.26396752158889275 -0.035862938065169485
0.27806777835999547 -0.035684649347615845
0.29239157254996706 -0.03543659894223768
0.3069244813122344 -0.03512047123373146
0.3216518712395757 -0.03473845963142267
0.3365589130987217 -0.03429323076899914
0.35163059676213587 -0.0337879960344578
0.36685174632194123 -0.033226189868999056
0.3822070353707725 -0.0326110295953454
0.39768100243416976 -0.03194603983386065
0.4132580665389721 -0.03123487792268568
0.42892254290203724 -0.030480207140210113
0.44465865872348825 -0.029684481416868424
0.46045056906858645 -0.028850395882388764
0.47628237282223734 -0.027981290554582153
0.4921381287000653 -0.027081058301677067
0.5080018712999365 -0.026153751551311208
0.5238576271777645 -0.025203218059941985
0.5396894309314153 -0.024232734241506796
0.5554813412765136 -0.023245560620376738
0.5712174570979647 -0.022244914333047754
0.5868819334610297 -0.021233538108141808
0.6024589975658321 -0.02021401079662877
0.6179329646292293 -0.019188946531971413
0.6332882536780605 -0.01816166764775008
0.6485094032378658 -0.017136147734923543
0.66358108690128 -0.016116268074041953
0.6784881287604259 -0.015105716326136874
0.6932155186877672 -0.014107883523969137
0.7077484274500346 -0.013125955879769573
0.7220722216400061 -0.012162850147307927
0.7361724784111087 -0.011220518258411718
0.7500350000000012 -0.010300312041378991
0.7636458280225197 -0.00940348078981883
0.7769912575285857 -0.008532324175318108
0.7900578508019301 -0.007691106874240786
0.8028324508907346 -0.0068838026228337625
0.8153021948555662 -0.006113642950740698
0.8274545267212671 -0.005382089144585006
0.8392772101197579 -0.00468968281834164
0.8507583406110218 -0.004036703926250456
0.8618863576698683 -0.0034240329343887357
0.8726500563264007 -0.0028535765675661304
0.8830385984484712 -0.002326701921627392
0.8930415236547622 -0.0018443241478128358
0.9026487598475025 -0.001408383468574687
0.9118506333542167 -0.0010205641577523713
0.9206378786682927 -0.0006813953199593141
0.9290016477785623 -0.00039022601676656115
0.9369335190784979 -0.00014525313974112216
0.944425505846056 5.6068369448049064e-05
0.9514700642856306 0.00021670604050957727
0.9580601011240147 0.0003381378447940806
0.9641889807527253 0.00042176604364529524
0.9698505319094992 0.00047048616533028055
0.9750390538922308 0.00048786331434095756
0.9797493222990957 0.00047685526498384627
0.9839765942890805 0.0004418329080138264
0.9877166133576216 0.0003885443203148891
0.9909656136225449 0.0003221585298420772
0.9937203236159898 0.00024772703086769387
0.9959779695784995 0.00017218996616175097
0.9977362782519622 0.00010320490808592174
0.9989934791685892 4.7974687297764164e-05
0.9997483064336258 1.2318639343157893e-05
1.0 0.0
