1.0 0.0
0.9997482812607449 2.9947444741511356e-05
0.9989933785024128 0.00012214760055683258
0.9977360518480909 0.0002833418769009233
0.995977567319141 0.0005236636655661089
0.9937196955604236 0.000855000818363547
0.990964710057408 0.0012887347713071411
0.9877153848469659 0.0018328875714725735
0.9839749917241503 0.0024888836119242104
0.9797472969477764 0.0032523211198247155
0.9750365574481178 0.004113130901231104
0.9698475165405385 0.005050441772217866
0.9641853991493761 0.0060360807509284775
0.9580559065468863 0.007057979061358366
0.951465210612545 0.008110803610969124
0.9444199476184888 0.009191448058411116
0.9369272115473514 0.010300583801198778
0.928994546949224 0.011443475030657612
0.9206299413449344 0.012629877334081692
0.9118418171832882 0.013870456657924675
0.902639023360379 0.015168008823312516
0.8930308263094994 0.01652440119087394
0.8830269006706272 0.017942180971123024
0.8726373195488845 0.019423004683411696
0.8618725443717736 0.02096784836565356
0.8507434143554072 0.02257793226082778
0.8392611355903358 0.024254035489612514
0.8274372697579644 0.025995478620475413
0.8152837224889204 0.027801228757003454
0.8028127313750916 0.029670038102448597
0.7900368536474087 0.031600162376092415
0.776968953531779 0.03358946766296196
0.7636221892959002 0.035635554610805725
0.7500100000000012 0.037735412174208005
0.7361460919648473 0.039885204179355364
0.7220444249706364 0.04208070734831413
0.7077191982006847 0.04431744495889512
0.6931848359440519 0.04659099619089762
0.6784559730715055 0.04889678201287453
0.6635474402994459 0.05122993026489385
0.6484742492566321 0.0535844976812208
0.6332515773687449 0.05595365597132894
0.6178947525760048 0.05833031166565618
0.6024192378992353 0.060706893731187435
0.5868406158699131 0.06307519722630514
0.5711745728398783 0.06542683478511732
0.5554368831865086 0.06775323330042808
0.5396433934292582 0.07004541714716656
0.5238100062735557 0.07229435451598226
0.5079526645981282 0.07449103571337438
0.49208733540187355 0.07662609029343471
0.47622999372644614 0.0786901496293367
0.46039660657074366 0.0806740026242962
0.44460311681349324 0.08256689719187228
0.42886542716012355 0.08435722005999606
0.4131993841300888 0.08603390297613195
0.3976207621007665 0.0875857284558455
0.382145247423997 0.08900147838665391
0.3667884226312567 0.09027079585752698
0.3515657507433695 0.09138204821134444
0.33649255970055586 0.09232214037978109
0.32158402692849614 0.09307924215985314
0.30685516405594976 0.09363828561287423
0.29232080179931696 0.0939802935526512
0.27799557502936517 0.09408882670425019
0.2638939080351541 0.09395428859912286
0.25003000000000003 0.09357410747870701
0.23641781070410103 0.09294819263425297
0.22307104646822215 0.0920784833179249
0.2100031463525923 0.09096898304335543
0.19722726862490939 0.08962586723153462
0.18475627751108045 0.0880566763628466
0.17260273024203637 0.08627064564235538
0.16077886440966505 0.08427890920098878
0.1492965856445935 0.08209208818353243
0.13816745562822702 0.07972207268340556
0.1274026804511162 0.07718210266746435
0.11701309932937337 0.07448157508331558
0.1070091736905011 0.07163165215498453
0.0974009766396213 0.0686457577185504
0.0881981828167122 0.06553546520757224
0.07941005865506602 0.06231620906788116
0.07104545305077616 0.058998699549780625
0.06311278845264892 0.05557935313613897
0.05562005238151135 0.05206463022037908
0.04857478938745509 0.04847803403590521
0.041984093453113845 0.044858787422317775
0.03585460085062398 0.04124735266432519
0.030192483459461503 0.03760756005972571
0.025003442551882096 0.03386561066934728
0.020292703052223603 0.03002338741914746
0.0160650082758498 0.026237013485275247
0.012324615153034185 0.022698705003254112
0.0090752899425919 0.019451535192481578
0.006320304439576384 0.016036209819148012
0.004062432680858946 0.012294392492569684
0.002303948151909167 0.00854074036333983
0.001046621497587219 0.005301160413245069
0.0002917187392551224 0.0031034114911724976
4e-05 0.0023254187326221957
4e-05 -0.00061
0.0002917187392551224 -0.012128023352579233
0.001046621497587219 -0.003147939724093972
0.002303948151909167 -0.0048547101948237656
0.004062432680858946 -0.005810399588253498
0.006320304439576384 -0.0068395684258071646
0.0090752899425919 -0.0077701681865735926
0.012324615153034185 -0.008682395308611415
0.0160650082758498 -0.009555568330623657
0.020292703052223603 -0.01037133450190415
0.025003442551882096 -0.011141362790348056
0.030192483459461503 -0.011866573924223129
0.03585460085062398 -0.012538388765647364
0.041984093453113845 -0.013160116715093267
0.04857478938745509 -0.013741516502315051
0.05562005238151135 -0.014282012078342534
0.06311278845264892 -0.014783523815875948
0.07104545305077616 -0.015253800501104253
0.07941005865506602 -0.01569971752422455
0.0881981828167122 -0.016126778328621475
0.0974009766396213 -0.01654422918340125
0.1070091736905011 -0.01696251735582178
0.11701309932937337 -0.01738415719584095
0.1274026804511162 -0.017810089855007285
0.13816745562822702 -0.018241866163808993
0.1492965856445935 -0.01868027681856635
0.16077886440966505 -0.019124982050999027
0.17260273024203637 -0.019575727645925148
0.18475627751108045 -0.02003219905281757
0.19722726862490939 -0.020493225742575078
0.2100031463525923 -0.020957336945444046
0.22307104646822215 -0.021422970276609388
0.23641781070410103 -0.021887614772865535
0.25003000000000003 -0.02234762756918063
0.2638939080351541 -0.02279905321707612
0.27799557502936517 -0.02323805256684222
0.29232080179931696 -0.023662013031098373
0.30685516405594976 -0.02406861791396277
0.32158402692849614 -0.024455593083884116
0.33649255970055586 -0.02482140969593771
0.3515657507433695 -0.025165203235997313
0.3667884226312567 -0.02548624233068651
0.382145247423997 -0.025783641020720383
0.3976207621007665 -0.02605596641551064
0.4131993841300888 -0.026301771458491427
0.42886542716012355 -0.026519755054941252
0.44460311681349324 -0.02670917992570464
0.46039660657074366 -0.026869639944641314
0.47622999372644614 -0.027000838647416
0.49208733540187355 -0.027102172240164684
0.5079526645981282 -0.027172620258799192
0.5238100062735557 -0.02721125057263606
0.5396433934292582 -0.027217120849649383
0.5554368831865086 -0.027188951695967703
0.5711745728398783 -0.0271255214558262
0.5868406158699131 -0.027025830914215353
0.6024192378992353 -0.02688954998827955
0.6178947525760048 -0.02671680518285242
0.6332515773687449 -0.026507871798863242
0.6484742492566321 -0.026261977397599695
0.6635474402994459 -0.02597691481344214
0.6784559730715055 -0.025650716682297913
0.6931848359440519 -0.025281702245086135
0.7077191982006847 -0.024868258191208366
0.7220444249706364 -0.024409165607651002
0.7361460919648473 -0.023903395651836228
0.7500100000000012 -0.023347958940558577
0.7636221892959002 -0.02273943951487452
0.776968953531779 -0.022075026326469856
0.7900368536474087 -0.02134451674030563
0.8028127313750916 -0.020531220798227872
0.8152837224889204 -0.019621386792648108
0.8274372697579644 -0.018610286921276878
0.8392611355903358 -0.017506776884696307
0.8507434143554072 -0.016321528176009355
0.8618725443717736 -0.015069719532212235
0.8726373195488845 -0.013782651224098812
0.8830269006706272 -0.012491674859454086
0.8930308263094994 -0.011222997078144564
0.902639023360379 -0.009994734380595411
0.9118418171832882 -0.008819573844979863
0.9206299413449344 -0.007707467159393626
0.928994546949224 -0.006665270559961478
0.9369272115473514 -0.005696807181165465
0.9444199476184888 -0.004804198089427317
0.951465210612545 -0.00398848855529371
0.9580559065468863 -0.0032514079768221254
0.9641853991493761 -0.002593506429520707
0.9698475165405385 -0.0020134624703022535
0.9750365574481178 -0.0015119779601923823
0.9797472969477764 -0.0010924975295913846
0.9839749917241503 -0.0007535329541259701
0.9877153848469659 -0.0004895183292922521
0.990964710057408 -0.0002950916420971352
0.9937196955604236 -0.0001624418775442849
0.995977567319141 -7.971552105848732e-05
0.9977360518480909 -3.3526552401051216e-05
0.9989933785024128 -1.1140346706650257e-05
0.9997482812607449 -2.2040954452496677e-06
1.0 0.0
