1.0 0.0
0.9997482888126091 4.427651203363538e-05
0.9989934087022656 0.00018027939052516463
0.9977361197692522 0.0004170109024934002
0.9959776879969486 0.0007677560950724547
0.9937198839770934 0.0012475295995184302
0.9909649811269491 0.001869550689393512
0.9877157534001626 0.002640795500167751
0.9839754724936293 0.003556989333545644
0.9797479045531722 0.004606651574906688
0.9750373063813518 0.00577529482984793
0.9698484211512267 0.007036960855757339
0.9641864736303808 0.008357320806907327
0.9580571649200248 0.009719320144211157
0.9514666667144707 0.011113827360048829
0.9444216150867589 0.012534479700680414
0.9369291038066953 0.013980209967718649
0.9289966771980255 0.015456366537619854
0.9206323225419418 0.01697435446866599
0.9118444620345667 0.018546461890312595
0.902641944306516 0.020175999797187226
0.8930340355130783 0.021866219676366812
0.8830304100039803 0.023621627097752142
0.8726411405821393 0.025443846230161528
0.861876688361202 0.0273328358269777
0.8507478922320916 0.02928886133568621
0.8392659579491624 0.031311968374452145
0.8274424468469552 0.03340151393807496
0.8152892641989142 0.03555686182216877
0.8028186472297845 0.03777711363650559
0.7900431527937651 0.040059491182049545
0.776975644730821 0.04240031289770462
0.763629280913886 0.04479560544233517
0.7500175000000012 0.047241992257980474
0.7361540078987256 0.04973682143045777
0.7220527639714472 0.052277382156909274
0.7077279669754897 0.05485991535402174
0.6931940407671664 0.05747786765980431
0.6784656197781817 0.06012386292705836
0.6635575342799961 0.0627903335869928
0.6484847954510022 0.0654707987241356
0.6332625802615396 0.06815921995805245
0.6179062161919721 0.07084937225344932
0.6024311657992143 0.07353351940347957
0.5868530111472481 0.07620240782104838
0.5711874381173042 0.07884659611847622
0.5554502206135101 0.08145631140769395
0.5396572046799053 0.08402127096901324
0.5238242925448183 0.08653119152323262
0.5079674266086707 0.08897575404227061
0.4921025733913311 0.09134429098541486
0.4762457074551835 0.0936263050271454
0.46041279532009655 0.09581120089833525
0.4446197793864918 0.0978864237088783
0.4288825618826977 0.09983922932184686
0.4132169888527538 0.1016574195213916
0.3976388342007875 0.10332846939461487
0.3821637838080297 0.10484034136943933
0.3668074197384621 0.1061813961418621
0.35158520454899944 0.10733578619187831
0.33651246572000565 0.10828677127633884
0.3216043802218201 0.10901833175937609
0.30687595923283517 0.10950791379999686
0.292342033024512 0.10973211936856717
0.27801723602855427 0.10967235031438281
0.26391599210127575 0.10932110567907828
0.25005250000000007 0.10867636451906766
0.23644071908611516 0.10774002774764631
0.22309435526918012 0.10652121471948058
0.21002684720623585 0.1050320289147248
0.19725135277021644 0.1032851257067785
0.1847807358010867 0.10129228008888794
0.1726275531530455 0.09906693725401812
0.1608040420508384 0.09662242347971949
0.14932210776790908 0.09397120329722604
0.13819331163879855 0.09112794993964207
0.1274288594178613 0.08810493322636737
0.11703958999602015 0.08491320591568446
0.10703596448692225 0.0815673573099264
0.09742805569348427 0.07808150651019845
0.08822553796543364 0.07447179687545681
0.07943767745805849 0.0707551642029411
0.07107332280197469 0.06693031289625666
0.06314089619330497 0.0629988811854314
0.055648384913241186 0.05897610870217563
0.04860333328552939 0.05489091587905884
0.04201283507997533 0.05078069599545165
0.03588352636961922 0.04665344169701213
0.030221578848773294 0.04246294608752979
0.025032693618648214 0.0382041018854977
0.020322095446827823 0.033944966942827684
0.016094527506370748 0.029806408777981727
0.012354246599837467 0.02588048296682478
0.009105018873050841 0.021957284185285534
0.006350116022906529 0.01784844192093523
0.004092312003051407 0.013702640556332813
0.0023338802307477638 0.009863842549189459
0.0010765912977342973 0.006739654508594423
0.0003217111873908702 0.004697001854565204
7e-05 0.003986561883137611
7e-05 -0.00045
0.0003217111873908702 -0.05603929544621306
0.0010765912977342973 -0.003818366298896358
0.0023338802307477638 -0.00609220544088989
0.004092312003051407 -0.007174945146032626
0.006350116022906529 -0.00823064582977534
0.009105018873050841 -0.00920799804936947
0.012354246599837467 -0.01016234570624317
0.016094527506370748 -0.011065242144054998
0.020322095446827823 -0.011922988519657394
0.025032693618648214 -0.012724594223004045
0.030221578848773294 -0.01345927976838363
0.03588352636961922 -0.014135755852947868
0.04201283507997533 -0.014769128453969958
0.04860333328552939 -0.015357581643641156
0.055648384913241186 -0.015903285195878056
0.06314089619330497 -0.016415844164285424
0.07107332280197469 -0.01690191670738559
0.07943767745805849 -0.01736538416507359
0.08822553796543364 -0.017814140359434256
0.09742805569348427 -0.018258055620292105
0.10703596448692225 -0.01870107458208415
0.11703958999602015 -0.01914668067962782
0.1274288594178613 -0.019599783624427398
0.13819331163879855 -0.02006274730975008
0.14932210776790908 -0.020533612622228012
0.1608040420508384 -0.021009941017509512
0.1726275531530455 -0.021489316043145475
0.1847807358010867 -0.021970669099380676
0.19725135277021644 -0.02245357652578914
0.21002684720623585 -0.02293775111798993
0.22309435526918012 -0.023421600312719948
0.23644071908611516 -0.023901234670072012
0.25005250000000007 -0.024372266941407414
0.26391599210127575 -0.02483036442091109
0.27801723602855427 -0.025273287776508786
0.292342033024512 -0.0256997212083976
0.30687595923283517 -0.026108428936016843
0.3216043802218201 -0.026497566437403138
0.33651246572000565 -0.02686438537429381
0.35158520454899944 -0.02720606143318966
0.3668074197384621 -0.02752031670214794
0.3821637838080297 -0.027807425922916018
0.3976388342007875 -0.02806856865466008
0.4132169888527538 -0.028305012633747417
0.4288825618826977 -0.02851590821588741
0.4446197793864918 -0.028698426018643437
0.46041279532009655 -0.02884971867258346
0.4762457074551835 -0.028967671321582927
0.4921025733913311 -0.029051996062057623
0.5079674266086707 -0.02910281842532439
0.5238242925448183 -0.02912024194320471
0.5396572046799053 -0.029103187530195505
0.5554502206135101 -0.029050072722956656
0.5711874381173042 -0.028959495125730463
0.5868530111472481 -0.028830739160677684
0.6024311657992143 -0.028663924047171566
0.6179062161919721 -0.02845938434872484
0.6332625802615396 -0.028216655500085897
0.6484847954510022 -0.027932172404076847
0.6635575342799961 -0.027602078537883483
0.6784656197781817 -0.02722318318526706
0.6931940407671664 -0.02679443808232656
0.7077279669754897 -0.026316115878805717
0.7220527639714472 -0.025788757030085197
0.7361540078987256 -0.02520940408910744
0.7500175000000012 -0.024571059078813573
0.763629280913886 -0.023867695613752616
0.776975644730821 -0.023089611436786603
0.7900431527937651 -0.022215676882589713
0.8028186472297845 -0.021226291024094963
0.8152892641989142 -0.02010881036058389
0.8274424468469552 -0.018870116034582073
0.8392659579491624 -0.017523621132293908
0.8507478922320916 -0.016084464162239402
0.861876688361202 -0.014586486333842255
0.8726411405821393 -0.013072044967418503
0.8830304100039803 -0.011577484763970664
0.8930340355130783 -0.01013072061952111
0.902641944306516 -0.008750934296834037
0.9118444620345667 -0.007452900178841233
0.9206323225419418 -0.0062478951940985504
0.9289966771980255 -0.005145113683857059
0.9369291038066953 -0.0041505200904216385
0.9444216150867589 -0.0032666345067223104
0.9514666667144707 -0.0024943865039787237
0.9580571649200248 -0.0018336568959638067
0.9641864736303808 -0.0012810137595929427
0.9698484211512267 -0.000830425298662927
0.9750373063813518 -0.00047724846819238525
0.9797479045531722 -0.00021550372706363803
0.9839754724936293 -3.525153749803558e-05
0.9877157534001626 7.564418357432001e-05
0.9909649811269491 0.00012809450599055578
0.9937198839770934 0.0001352143831702697
0.9959776879969486 0.00011236483434632629
0.9977361197692522 7.506999451354622e-05
0.9989934087022656 3.7266291425854117e-05
0.9997482888126091 9.915424795325483e-06
1.0 0.0
