1.0 0.0
0.9997482787434568 1.9666297463919305e-05
0.9989933684357951 8.13651437674097e-05
0.9977360292077037 0.00019283005490722073
0.9959775270932052 0.0003657340987119833
0.993719632754867 0.0006138832482183261
0.9909646197008943 0.0009507219702813198
0.9877152619959003 0.0013861855033040682
0.9839748314676572 0.0019229900124805572
0.9797470944126445 0.0025573060532452247
0.9750363078037065 0.003283110711904663
0.9698472150036425 0.0040859863174584595
0.9641850409890411 0.0049416429371216715
0.9580554870891734 0.0058344866821439054
0.9514647252452364 0.006759746515684119
0.944419391795732 0.007714244740910878
0.9369265807942367 0.008697352900305185
0.9289938368662902 0.009713241503946451
0.9206291476125985 0.010770101537536514
0.9118409355661953 0.011879766413878287
0.9026380497116667 0.013050126506865519
0.8930297565749731 0.01428464585322072
0.8830257308928428 0.01558746972343164
0.8726360458711329 0.016962712223536666
0.8618711630419641 0.01841190645400433
0.8507419217298458 0.01993587967187228
0.8392595281373935 0.021535328980313566
0.8274355440616341 0.02321057440386329
0.8152818752522558 0.0249615012225815
0.8028107594235272 0.026787743812944693
0.7900347539319565 0.028688649176484105
0.7769667231320982 0.030663148109918433
0.7636198254232383 0.03270983890666056
0.7500075000000012 0.03482699155473717
0.7361434533202211 0.03701191696726041
0.7220416453036993 0.039260873556123635
0.7077162752757497 0.041569654749023126
0.6931817676696803 0.04393356621979607
0.6784527575026135 0.04634726602972085
0.6635440756392624 0.0488049553347503
0.6484707338585087 0.05130047103170244
0.6332479097378134 0.0538274834389727
0.6178909313706823 0.05637949604774544
0.6024152619325757 0.05894975993102472
0.5868364841108014 0.06153076803222409
0.5711702844140697 0.06411377186261666
0.5554324373775081 0.06668973568499169
0.5396387896790424 0.06924930241348119
0.5238052441831348 0.07178204830466738
0.5079477439279474 0.07427725695694135
0.4920822560720544 0.07672426151233926
0.476224755816867 0.07911212349890971
0.46039121032095937 0.08142988997051456
0.4445975626224937 0.08366686345659625
0.4288597155859322 0.0858105253104607
0.41319351588920045 0.08784658559450062
0.3976147380674262 0.0897613926961788
0.3821390686293195 0.09154162791998874
0.3667820902621883 0.09317417201364758
0.35155926614149285 0.09464698758122274
0.33648592436073926 0.0959467958285265
0.32157724249738817 0.09705725428495854
0.30684823233032127 0.09796344227461687
0.29231372472425193 0.09864591483330967
0.2779883546963021 0.09907564955929772
0.2638865466797803 0.0992264258333005
0.25002250000000004 0.09908232848069895
0.23641017457676297 0.09864062822951976
0.2230632768679028 0.09790241129230212
0.20999524606804446 0.09687428641042768
0.19721924057647372 0.09556838777425063
0.18474812474774502 0.09399873018094804
0.17259445593836664 0.09217797974296825
0.16077047186260726 0.09011854717027451
0.14928807827015497 0.08783494745547586
0.1381588369580365 0.08534124994509108
0.1273939541288678 0.08265284054839377
0.11700426910715778 0.07978614672829142
0.1070002434250274 0.07675100594301872
0.09739195028833365 0.07355900519135264
0.08818906443380506 0.0702255581027244
0.07940085238740187 0.06676655030775303
0.07103616313371 0.06320256845382849
0.06310341920576358 0.05954577862650219
0.05561060820426809 0.05578841696065355
0.04856527475476366 0.05193639672531717
0.04197451291082669 0.04802072941808962
0.0358449590109589 0.04409462688993864
0.030182784996357574 0.040209056259647706
0.024993692196293396 0.036301031723977494
0.020282905587355533 0.032262941106399386
0.01605516853234282 0.028101830382015736
0.01231473800409976 0.02404898341411479
0.009065380299105587 0.020367121917832725
0.0063103672451330015 0.017086785057736562
0.004052472906794792 0.013531511359487164
0.002293970792296302 0.00959133228409589
0.0010366315642048596 0.00588070295317325
0.0002817212565432065 0.003219160788977665
3e-05 0.0022517541607071077
3e-05 0.00082
0.0002817212565432065 -0.002103231910400839
0.0010366315642048596 -0.004385515891871327
0.002293970792296302 -0.005755454397621826
0.004052472906794792 -0.007078294117725318
0.0063103672451330015 -0.008408966944263697
0.009065380299105587 -0.009769191903501995
0.01231473800409976 -0.01114434842931206
0.01605516853234282 -0.01251698532190444
0.020282905587355533 -0.013862132598427356
0.024993692196293396 -0.015158593321861261
0.030182784996357574 -0.016414878051849414
0.0358449590109589 -0.017653348177423218
0.04197451291082669 -0.018865575202045414
0.04856527475476366 -0.02004382727609461
0.05561060820426809 -0.021188362942374174
0.06310341920576358 -0.022298386514138298
0.07103616313371 -0.023372875145205307
0.07940085238740187 -0.024416778348775547
0.08818906443380506 -0.025437638167889638
0.09739195028833365 -0.026438219799299646
0.1070002434250274 -0.027423446529141065
0.11700426910715778 -0.028401290817012946
0.1273939541288678 -0.029374839509801146
0.1381588369580365 -0.030343687756286715
0.14928807827015497 -0.031308435120566705
0.16077047186260726 -0.03226943585567281
0.17259445593836664 -0.03322489304452636
0.18474812474774502 -0.034173029186700433
0.19721924057647372 -0.03511232900154754
0.20999524606804446 -0.03604062802491826
0.2230632768679028 -0.03695548904498775
0.23641017457676297 -0.03785463904707858
0.25002250000000004 -0.038734944399515504
0.2638865466797803 -0.03959175515796467
0.2779883546963021 -0.04042021173402534
0.29231372472425193 -0.04121566883604644
0.30684823233032127 -0.0419747584872733
0.32157724249738817 -0.042694592246265414
0.33648592436073926 -0.04337246876565846
0.35155926614149285 -0.044006370583811856
0.3667820902621883 -0.04459489158883129
0.3821390686293195 -0.04513686846073189
0.3976147380674262 -0.04563095954316104
0.41319351588920045 -0.046075251552415875
0.4288597155859322 -0.04646793439884225
0.4445975626224937 -0.04680737635219604
0.46039121032095937 -0.04709206117944373
0.476224755816867 -0.047320656849824505
0.4920822560720544 -0.047492024130089336
0.5079477439279474 -0.04760491135025125
0.5238052441831348 -0.04765806234690713
0.5396387896790424 -0.0476504562926293
0.5554324373775081 -0.047581130978155035
0.5711702844140697 -0.04744909944196235
0.5868364841108014 -0.047253636220416805
0.6024152619325757 -0.04699406082640083
0.6178909313706823 -0.04666920451680299
0.6332479097378134 -0.046278102865019426
0.6484707338585087 -0.045820029100163556
0.6635440756392624 -0.045293633263949806
0.6784527575026135 -0.044697623859983014
0.6931817676696803 -0.044031126862120025
0.7077162752757497 -0.04329194911809251
0.7220416453036993 -0.04247716205808276
0.7361434533202211 -0.04158464531667824
0.7500075000000012 -0.040611145216657624
0.7636198254232383 -0.039551800373178785
0.7769667231320982 -0.0384030020875351
0.7900347539319565 -0.03715389173149885
0.8028107594235272 -0.03577734669975605
0.8152818752522558 -0.03424907706828266
0.8274355440616341 -0.03255699667113508
0.8392595281373935 -0.030714008617890167
0.8507419217298458 -0.028738062340624548
0.8618711630419641 -0.02665256199807868
0.8726360458711329 -0.02450248771470883
0.8830257308928428 -0.022333534918702092
0.8930297565749731 -0.020185199470453292
0.9026380497116667 -0.018092560982440255
0.9118409355661953 -0.016085103159713787
0.9206291476125985 -0.014185442144339542
0.9289938368662902 -0.01239610481517989
0.9369265807942367 -0.010704794674101884
0.944419391795732 -0.009102147319539174
0.9514647252452364 -0.007598495656700311
0.9580554870891734 -0.006251096866869964
0.9641850409890411 -0.005104506379940158
0.9698472150036425 -0.0041766987271323296
0.9750363078037065 -0.003391028292662412
0.9797470944126445 -0.0026289056286700773
0.9839748314676572 -0.0018274999400161576
0.9877152619959003 -0.000994545952554886
0.9909646197008943 -0.0003029435083098037
0.993719632754867 0.00012762033385572437
0.9959775270932052 0.0002967895612335355
0.9977360292077037 0.0002744893842569613
0.9989933684357951 0.00015935179961976703
0.9997482787434568 4.576414117281437e-05
1.0 0.0
