1.0 0.0
0.9997482988817615 4.708656869291038e-05
0.9989934489687362 0.0001915702026927418
0.9977362103308007 0.00044260895515409366
0.995977848900692 0.0008137608891962828
0.9937201351993199 0.0013204507333206624
0.9909653425530038 0.001976472319393313
0.9877162448044249 0.002789575303553694
0.9839761135196013 0.0037563828270946544
0.9797487146937 0.004865372360763999
0.9750383049589969 0.006102126515720954
0.969849627298811 0.007440697568783218
0.9641879062717205 0.008844984732431975
0.9580588427508762 0.010294791815700624
0.9514686081837049 0.011778906551536307
0.9444238383777859 0.013288308924962756
0.9369316268191539 0.014820249628180045
0.9289995175297608 0.016380544032187624
0.9206354974712853 0.0179818815074673
0.9118479885029381 0.019639511935787068
0.9026458389013654 0.021358684944087093
0.8930383144511833 0.023143937688921028
0.883035089115118 0.025001454158579833
0.8726462352931458 0.02693308320296677
0.8618822136804399 0.028936708010700155
0.8507538627343375 0.03100994610788643
0.8392723877609313 0.033151162153867916
0.8274493496322763 0.03536094422566073
0.8152966531455725 0.037640581150585495
0.8028265350360417 0.03999136371214057
0.7900515516555737 0.04241112122731274
0.7769845663295437 0.044895491129474135
0.7636387364045338 0.04743966582357692
0.7500275000000012 0.0500396318197272
0.7361645624772303 0.05269300436272895
0.7220638826391951 0.05539748984256556
0.7077396586752296 0.05814996201991636
0.6932063138646526 0.06094360946840314
0.6784784820537498 0.06377019064028737
0.6635709929207299 0.06662116192044296
0.6484988570434956 0.06948976970240214
0.6332772507852659 0.07237066695591261
0.6179215010132619 0.0752584233200528
0.602447069665853 0.07814539718575514
0.5868695381836947 0.08102034844528802
0.5712045918205387 0.08387151372128505
0.5554680038495121 0.08668758623556279
0.5396756196807682 0.08945915476881255
0.5238433409065019 0.0921772792205321
0.507987109289394 0.09483261213800111
0.4921228907106078 0.09741273461476466
0.47626665909349997 0.09990431148380069
0.4604343803192336 0.10229427554604174
0.44464199615048977 0.10456898613382913
0.42890540817946315 0.10671484800474458
0.41324046181630714 0.10871887683324212
0.3976629303341488 0.11056728558568592
0.38218849898673984 0.11224620324545788
0.3668327492147359 0.11374260361398139
0.351611142956506 0.11504020358895772
0.336539007079272 0.11612116811628961
0.3216315179462519 0.11696852525936312
0.306903686135349 0.11755477373051441
0.292370341324772 0.11784773094166964
0.27804611736080637 0.117820923991844
0.26394543752277116 0.1174642637747067
0.25008250000000004 0.11677659314538043
0.23647126359546738 0.11576123864574742
0.22312543367045745 0.11443147571129975
0.21005844834442727 0.11280440965414722
0.1972834649639592 0.1108974526535505
0.18481334685442838 0.10872661407333527
0.17266065036772443 0.10630918067206767
0.16083761223906953 0.10366072362985258
0.1493561372656632 0.10079381119963632
0.13822778631956067 0.09772334709207614
0.12746376470685483 0.094462818913018
0.11707491088488253 0.0910254037467658
0.10707168554881709 0.0874273145612889
0.09746416109863489 0.08368002942360833
0.08826201149706224 0.07979605306131393
0.0794745025287151 0.0757913302313012
0.07111048247023939 0.07167380381649392
0.06317837318084636 0.06745676014465973
0.05568616162221428 0.0631599455890634
0.04864139181629512 0.05880276995225307
0.04205115724912396 0.05441421493202758
0.03592209372827954 0.04999524194204435
0.030260372701189007 0.04550829347149648
0.025071695041003032 0.04095972172816464
0.02036128530630011 0.0364265405198333
0.016133886480398672 0.032027973413720136
0.012393755195575173 0.02784153153228496
0.009144657446996095 0.023615927216993675
0.006389864800680057 0.01919487730153706
0.004132151099308023 0.01475792266545964
0.002373789669199225 0.010671837990339912
0.001116551031263735 0.007360437806018509
0.0003617011182385339 0.005201393775128892
0.00011 0.00445149614341469
0.00011 0.0016
0.0003617011182385339 -0.0029619366410788017
0.001116551031263735 -0.004941149939501036
0.002373789669199225 -0.006705032900434008
0.004132151099308023 -0.007967847640495872
0.006389864800680057 -0.009107432419778773
0.009144657446996095 -0.010201638606103566
0.012393755195575173 -0.0112574534501906
0.016133886480398672 -0.012269339752674484
0.02036128530630011 -0.013235344970416674
0.025071695041003032 -0.014136575164491473
0.030260372701189007 -0.014966241733822126
0.03592209372827954 -0.01574210285389241
0.04205115724912396 -0.016479647703153244
0.04864139181629512 -0.017174435912983434
0.05568616162221428 -0.01782737349435589
0.06317837318084636 -0.01844604256841663
0.07111048247023939 -0.019035001710311573
0.0794745025287151 -0.01959943911748275
0.08826201149706224 -0.02014962569778071
0.09746416109863489 -0.020696141352727463
0.10707168554881709 -0.021241515118729615
0.11707491088488253 -0.021788228889842266
0.12746376470685483 -0.022339980901309186
0.13822778631956067 -0.022897871108380825
0.1493561372656632 -0.023460367902865775
0.16083761223906953 -0.024025933862931795
0.17266065036772443 -0.02459306983551189
0.18481334685442838 -0.02516020098291533
0.1972834649639592 -0.025725778610287565
0.21005844834442727 -0.02628828403126813
0.22312543367045745 -0.02684541686829956
0.23647126359546738 -0.02739395181891324
0.25008250000000004 -0.027930481615982404
0.26394543752277116 -0.028451598596666627
0.27804611736080637 -0.028954334635762927
0.292370341324772 -0.02943582593170195
0.306903686135349 -0.029893251466221446
0.3216315179462519 -0.030324789823588303
0.336539007079272 -0.03072962968007011
0.351611142956506 -0.031107163353325848
0.3668327492147359 -0.031456669894556845
0.38218849898673984 -0.031776728896335586
0.3976629303341488 -0.03206587218660318
0.41324046181630714 -0.03232276312862757
0.42890540817946315 -0.03254641820534181
0.44464199615048977 -0.03273613018668164
0.4604343803192336 -0.03289132692704619
0.47626665909349997 -0.03301109733783936
0.4921228907106078 -0.03309382910731058
0.507987109289394 -0.03313796354893882
0.5238433409065019 -0.03314218441370927
0.5396756196807682 -0.033105816895396864
0.5554680038495121 -0.03302851187701794
0.5712045918205387 -0.03291004380839039
0.5868695381836947 -0.03274943332928202
0.602447069665853 -0.032545096358729764
0.6179215010132619 -0.03229567457989021
0.6332772507852659 -0.03199975061249706
0.6484988570434956 -0.031655486597697506
0.6635709929207299 -0.03126131487171469
0.6784784820537498 -0.030815826973119378
0.6932063138646526 -0.030316715476717923
0.7077396586752296 -0.0297617539856144
0.7220638826391951 -0.029149100458853563
0.7361645624772303 -0.028473989873997827
0.7500275000000012 -0.02772982924139187
0.7636387364045338 -0.026911166211021968
0.7769845663295437 -0.026005280494226738
0.7900515516555737 -0.024987930081829562
0.8028265350360417 -0.02383790377832663
0.8152966531455725 -0.022544207919999174
0.8274493496322763 -0.021116996123611495
0.8392723877609313 -0.01957064678670955
0.8507538627343375 -0.017923950679797594
0.8618822136804399 -0.016219585511766117
0.8726462352931458 -0.014503892913655439
0.883035089115118 -0.012816170865651212
0.8930383144511833 -0.011185718758472615
0.9026458389013654 -0.009633533369939546
0.9118479885029381 -0.008175939622251169
0.9206354974712853 -0.006825696018534757
0.9289995175297608 -0.005593276925032684
0.9369316268191539 -0.004485144290989193
0.9444238383777859 -0.0035039290390403177
0.9514686081837049 -0.0026511774274156066
0.9580588427508762 -0.0019266048619282934
0.9641879062717205 -0.001325901762315418
0.969849627298811 -0.0008418912202496541
0.9750383049589969 -0.0004680668096717684
0.9797487146937 -0.00019546742571079312
0.9839761135196013 -1.1551935890972005e-05
0.9877162448044249 9.792150301945808e-05
0.9909653425530038 0.00014615286419652086
0.9937201351993199 0.00014826889702877628
0.995977848900692 0.00012077771727700367
0.9977362103308007 7.975320674541067e-05
0.9989934489687362 3.9314342845056046e-05
0.9997482988817615 1.0420643516012303e-05
1.0 0.0
