1.0 0.0
0.9997482737088806 2.4073369766274862e-05
0.9989933483025598 9.875910940264881e-05
0.9977359839269294 0.00023108570148826877
0.9959774466413335 0.00043154432303812014
0.9937195071437538 0.0007122720876066376
0.990964438987867 0.0010845437592730597
0.9877150162937691 0.0015556066697117
0.9839745109546711 0.0021251568383837877
0.9797466893423806 0.002788681585726283
0.9750358085148839 0.003540413266251178
0.9698466119298503 0.004367355058534303
0.9641843246683713 0.005250373949365727
0.9580546481737477 0.0061795759470197106
0.9514637545106193 0.007149275188744853
0.9444182801502186 0.008154167682753882
0.9369253192880074 0.009192628754709616
0.9289924167004225 0.010268754017052819
0.9206275601479268 0.011390326485059114
0.9118391723320096 0.012566575432137083
0.902636102414242 0.013799586941903481
0.8930276171059205 0.01508952648896525
0.8830233913372739 0.016436822582778655
0.8726334985156295 0.017842082071600016
0.8618684003823451 0.019306088763791012
0.8507389364787228 0.020829893017209392
0.8392563132315091 0.022413687666055407
0.8274320926689736 0.024054177837790854
0.8152781807789267 0.025746828364347645
0.8028068155203986 0.027486794256701103
0.7900305545010523 0.02927283750202956
0.7769622623327369 0.03110647395964342
0.7636150976779144 0.03298958252001773
0.7500025000000012 0.03492064022478515
0.7361381760309689 0.03689110749653937
0.7220360859698254 0.03889086773173019
0.7077104294258797 0.040910017937058694
0.6931756311209372 0.04294363840220406
0.6784463263648294 0.04498849314766104
0.6635373463188956 0.04704120048132266
0.6484637030622621 0.049096298828529665
0.6332405744759503 0.05114653802497303
0.6178832889600373 0.05318442179285699
0.6024073099992563 0.05520191749347951
0.586828220592578 0.05719021986046028
0.5711617075624523 0.05914037376613941
0.5554235457595071 0.061042916946674415
0.539629582178611 0.06288678296779768
0.523795720002293 0.06466063471636736
0.5079379025875856 0.06635270534119432
0.4920720974124161 0.0679478228639925
0.4762142799977088 0.06942977211847905
0.46038041782139083 0.07078316083270383
0.44458645424049476 0.07199661228347026
0.4288482924375495 0.07306144364864094
0.41318177940742384 0.07396998191599512
0.3976026900007456 0.07471887169360598
0.38212671103996443 0.07530830721041752
0.36676942552405145 0.07573923835977668
0.35154629693773964 0.07601316823274229
0.3364726536811061 0.07613215426868652
0.3215636736351723 0.07609898555435805
0.3068343688790644 0.07591910755808164
0.292299570574122 0.07560103732328254
0.27797391403017613 0.07515371875601605
0.2638718239690326 0.07458514071867553
0.25000750000000005 0.07390163400535324
0.23639490232208688 0.07310977254941894
0.22304773766726416 0.07221446854912875
0.20997944549894873 0.07121667048231953
0.19720318447960236 0.07011792388638831
0.18473181922107418 0.06892078162059283
0.17257790733102718 0.0676282630917306
0.16075368676849172 0.06624460422314528
0.14927106352127792 0.0647739716404365
0.13814159961765543 0.06321615041653647
0.12737650148437105 0.06157193142111368
0.11698660866272659 0.05984359730908703
0.10698238289407996 0.05802923354792356
0.09737389758575835 0.05612864321498854
0.08817082766799075 0.05414341181229976
0.07938243985207355 0.05205995801374562
0.07101758329957764 0.04986557064290565
0.06308468071199289 0.04755667940085913
0.05559171984978154 0.04512202204615314
0.048546245489380795 0.04255672257509115
0.041955351826252374 0.03986944512959693
0.03582567533162875 0.03705965977392446
0.030163388070149715 0.03413810403245161
0.02497419148511599 0.03113065830555943
0.02026331065761939 0.02803378638463995
0.01603548904532886 0.024869384874838727
0.012294983706230904 0.021674826132615493
0.00904556101213296 0.01841263439994382
0.006290492856246238 0.015142371967951016
0.004032553358666483 0.011917647102573174
0.002274016073070571 0.008693066070382182
0.0010166516974401407 0.005807886599668968
0.00026172629111937464 0.0026959242184424826
1e-05 0.0007908538788638376
1e-05 -0.00051
0.00026172629111937464 -0.0025038755826561104
0.0010166516974401407 -0.004351264815801754
0.002274016073070571 -0.005834780510705887
0.004032553358666483 -0.0073315391548793366
0.006290492856246238 -0.008870168005722153
0.00904556101213296 -0.010450054069957365
0.012294983706230904 -0.012058490678070575
0.01603548904532886 -0.013662787912768691
0.02026331065761939 -0.015262098821020267
0.02497419148511599 -0.01683209452891696
0.030163388070149715 -0.018359924596057866
0.03582567533162875 -0.01985728107756572
0.041955351826252374 -0.02132561638971076
0.048546245489380795 -0.022758076376873715
0.05559171984978154 -0.024158840899758696
0.06308468071199289 -0.02553308067143358
0.07101758329957764 -0.026875560960006026
0.07938243985207355 -0.028184244609532373
0.08817082766799075 -0.029460427944632564
0.09737389758575835 -0.030701560825675163
0.10698238289407996 -0.031905805147191574
0.11698660866272659 -0.033073982473998294
0.12737650148437105 -0.034205023518198964
0.13814159961765543 -0.035296345792342865
0.14927106352127792 -0.03634689262229117
0.16075368676849172 -0.0373558291471177
0.17257790733102718 -0.03832124577243255
0.18473181922107418 -0.03924210935798783
0.19720318447960236 -0.04011793498724068
0.20997944549894873 -0.040946818437142526
0.22304773766726416 -0.04172693682056233
0.23639490232208688 -0.04245710740802806
0.25000750000000005 -0.043136478990754935
0.2638718239690326 -0.04376462665911998
0.27797391403017613 -0.04434170596933866
0.292299570574122 -0.04486698907363308
0.3068343688790644 -0.04533820255931565
0.3215636736351723 -0.04575322447367209
0.3364726536811061 -0.04611033972831857
0.35154629693773964 -0.04640848553550679
0.36676942552405145 -0.04664698686075447
0.38212671103996443 -0.04682533310373491
0.3976026900007456 -0.04694226311401496
0.41318177940742384 -0.046996345123765736
0.4288482924375495 -0.046986346988755597
0.44458645424049476 -0.04691050245237483
0.46038041782139083 -0.04676663479995213
0.4762142799977088 -0.046552760333834216
0.4920720974124161 -0.04626541942356135
0.5079379025875856 -0.04589866901407653
0.523795720002293 -0.045446624355370384
0.539629582178611 -0.044905080174763884
0.5554235457595071 -0.044274271789318996
0.5711617075624523 -0.043555578154622764
0.586828220592578 -0.04275055102115667
0.6024073099992563 -0.04185997951871644
0.6178832889600373 -0.040884632878305655
0.6332405744759503 -0.0398258601133263
0.6484637030622621 -0.03868749634947573
0.6635373463188956 -0.03747509977989762
0.6784463263648294 -0.03619443084344522
0.6931756311209372 -0.03485068204566378
0.7077104294258797 -0.0334483148772912
0.7220360859698254 -0.03199197524273949
0.7361381760309689 -0.030488067809727147
0.7500025000000012 -0.0289468460692772
0.7636150976779144 -0.02737877101105803
0.7769622623327369 -0.025794324530029746
0.7900305545010523 -0.024206240431335575
0.8028068155203986 -0.022627260990474435
0.8152781807789267 -0.021068944064694742
0.8274320926689736 -0.019541148488679553
0.8392563132315091 -0.018052184321745095
0.8507389364787228 -0.016609310306879288
0.8618684003823451 -0.015218106542603874
0.8726334985156295 -0.013881756395765672
0.8830233913372739 -0.012602682086074762
0.8930276171059205 -0.011382920844660768
0.902636102414242 -0.010224829717507478
0.9118391723320096 -0.00913052048321416
0.9206275601479268 -0.008101398408889826
0.9289924167004225 -0.007136817138552455
0.9369253192880074 -0.006233552515134596
0.9444182801502186 -0.005388766341650605
0.9514637545106193 -0.0046005487630644895
0.9580546481737477 -0.0038696251118905236
0.9641843246683713 -0.0031972811516697633
0.9698466119298503 -0.0025840618952530214
0.9750358085148839 -0.002033295117161479
0.9797466893423806 -0.0015527125777770362
0.9839745109546711 -0.001145356158297048
0.9877150162937691 -0.0008098517683415819
0.990964438987867 -0.0005442155911787914
0.9937195071437538 -0.000343954620413765
0.9959774466413335 -0.00020052215531173755
0.9977359839269294 -0.0001035738452674409
0.9989933483025598 -4.29524677036724e-05
0.9997482737088806 -1.0260666604735902e-05
1.0 0.0
