1.0 0.0
0.9997482963644735 3.3734490426269717e-05
0.9989934389021186 0.00013488322995779513
0.9977361876904136 0.0003033598253401028
0.9959778086747562 0.0005392785330445595
0.9937200723937634 0.0008433378071214801
0.9909652521964901 0.0012173496677349673
0.9877161219533593 0.0016649017241485778
0.9839759532631084 0.002190648559024195
0.9797485121585681 0.002797368394092541
0.9750380553145856 0.003486793394186683
0.969849325761915 0.004259744699609204
0.9641875481113856 0.005117368777732765
0.9580584232931634 0.006060804928149441
0.9514681228163964 0.007090539387460971
0.944423282555029 0.008206449793371118
0.9369309960660392 0.00940779775918881
0.9289988074468271 0.010692925924394166
0.9206347037389494 0.0120597148442314
0.9118471068858452 0.013507145158345769
0.9026448652526531 0.0150341780049248
0.893037244716657 0.016639398098992814
0.8830339193373336 0.018321111241878622
0.8726449616153942 0.02007728808909981
0.8618808323506305 0.021905480451632986
0.850752370108776 0.02380283197076594
0.839270780307989 0.025766076862273023
0.827447623935946 0.0277914980224743
0.8152948059089079 0.02987543361654089
0.8028245630844775 0.03201527326216079
0.7900494519401215 0.03420848867052161
0.776982335929863 0.036452206864695795
0.7636363725318719 0.03874207507528793
0.7500250000000012 0.04107293198304962
0.7361619238326041 0.04343934696577097
0.7220611029722581 0.045836743225978194
0.7077367357502946 0.04826119832730716
0.693203245590281 0.05070867849935707
0.6784752664848578 0.05317407252307087
0.6635676282605464 0.05565090232302854
0.6484953416453723 0.058132405933163954
0.6332735831543342 0.060611968957165765
0.6179176798079394 0.06308349835554984
0.6024430936991934 0.06554091659311723
0.5868654064245831 0.06797736886203568
0.57120030339473 0.07038379370465093
0.5554635580405116 0.07275069467874061
0.5396710159305524 0.07506831248001544
0.523838578816081 0.07732589860344383
0.5079821886192132 0.07951258631934469
0.49211781138078864 0.08161554775021314
0.4762614211839209 0.08361254970142434
0.4604289840694494 0.08547914626709324
0.4446364419594903 0.08719306755998515
0.4288996966052718 0.08873926116607327
0.4132345935754188 0.09010533900099839
0.39765690630080847 0.09127997127507952
0.38218232019206233 0.09225303245210607
0.36682641684566747 0.09301566221073244
0.35160465835462934 0.09356032360975032
0.3365323717394554 0.09388085070589593
0.3216247335151439 0.09397257994737254
0.3068967544097206 0.09383297122388032
0.29236326424970704 0.09346202283925271
0.27803889702774337 0.09286133736865272
0.26393807616739734 0.09203359256819868
0.25007500000000005 0.09098253597552625
0.23646362746812932 0.08971389652374887
0.2231176640701381 0.08823999624449956
0.2100505480598794 0.08657752178660841
0.19727543691552352 0.08474284349448295
0.18480519409109297 0.08274739643122103
0.1726523760640547 0.08060153764051312
0.16082921969201175 0.07831588003085518
0.14934762989122466 0.07589810596046599
0.13821916764937014 0.07335701196780814
0.12745503838460645 0.0707009201897236
0.11706608066266695 0.06793458999890932
0.10706275528334339 0.06506564518769695
0.09745513474734724 0.06210262946260525
0.0882528931141551 0.05905436952311188
0.07946529626105096 0.05593336065500093
0.07110119255317322 0.05274536043447843
0.06316900393396102 0.049494286928417355
0.05567671744497101 0.04619187803521026
0.04863187718360369 0.042851596359183425
0.042041576706836815 0.03949309628672921
0.03591245188861447 0.03613052388496578
0.03025067423808508 0.03273909899406293
0.02506194468541433 0.02931613919397258
0.02035148784143204 0.02589961202609823
0.016124046736891693 0.02256129994756896
0.012383878046640746 0.019367114626299992
0.009134747803509782 0.016190118157569724
0.006379927606236676 0.01291934724746626
0.00412219132524387 0.009674936179042491
0.0023638123095863594 0.006709883948517184
0.0011065610978813756 0.004318449193874024
0.00035170363552661796 0.0027635500842947297
0.0001 0.0022241775875494452
0.0001 -0.00102
0.00035170363552661796 -0.0013591712857711675
0.0011065610978813756 -0.0022692582398043705
0.0023638123095863594 -0.0034542802195661406
0.00412219132524387 -0.004508237804813397
0.006379927606236676 -0.005044790776810685
0.009134747803509782 -0.004876272099151616
0.012383878046640746 -0.004235071989732243
0.016124046736891693 -0.003559314140636617
0.02035148784143204 -0.002834308668430696
0.02506194468541433 -0.0018971298065307487
0.03025067423808508 -0.0005542141900514297
0.03591245188861447 0.0012097150122901863
0.042041576706836815 0.0033255129454695023
0.04863187718360369 0.0056797486125518696
0.05567671744497101 0.008235999101831381
0.06316900393396102 0.010996741548052332
0.07110119255317322 0.013963364408497235
0.07946529626105096 0.017126394853379988
0.0882528931141551 0.02045973356993562
0.09745513474734724 0.023928000181590033
0.10706275528334339 0.027489372923384905
0.11706608066266695 0.031115973203505076
0.12745503838460645 0.03478649170338792
0.13821916764937014 0.03847770680636864
0.14934762989122466 0.04216516835708651
0.16082921969201175 0.04582622026023108
0.1726523760640547 0.04943816294008088
0.18480519409109297 0.052977396404031867
0.19727543691552352 0.05641989911090169
0.2100505480598794 0.05974348694333352
0.2231176640701381 0.0629266713809567
0.23646362746812932 0.06594791806915327
0.25007500000000005 0.0687855414173982
0.26393807616739734 0.07141492277967688
0.27803889702774337 0.07380887021750673
0.29236326424970704 0.07593987800993729
0.3068967544097206 0.07778033839965838
0.3216247335151439 0.07930845258494085
0.3365323717394554 0.08051856531976789
0.35160465835462934 0.08140941342965172
0.36682641684566747 0.08198170378560864
0.38218232019206233 0.08223883987043659
0.39765690630080847 0.08219614039838492
0.4132345935754188 0.08187815437095138
0.4288996966052718 0.08131187435546108
0.4446364419594903 0.08052626158009786
0.4604289840694494 0.07954625609440658
0.4762614211839209 0.07838790485047212
0.49211781138078864 0.0770671672924549
0.5079821886192132 0.07560078986163968
0.523838578816081 0.07400370444361654
0.5396710159305524 0.07228469904947565
0.5554635580405116 0.07045188716219294
0.57120030339473 0.06851376813825076
0.5868654064245831 0.06647996736066664
0.6024430936991934 0.06436245622909631
0.6179176798079394 0.062173631955457984
0.6332735831543342 0.059925850636992885
0.6484953416453723 0.05762948123559516
0.6635676282605464 0.05529149298271853
0.6784752664848578 0.052918571740223484
0.693203245590281 0.05051754269989503
0.7077367357502946 0.04809713993477624
0.7220611029722581 0.0456676403786208
0.7361619238326041 0.04323900212390872
0.7500250000000012 0.0408204376895237
0.7636363725318719 0.0384189270693976
0.776982335929863 0.03604052847833336
0.7900494519401215 0.033691080881355126
0.8028245630844775 0.031377118053422595
0.8152948059089079 0.029106379925850162
0.827447623935946 0.026886121733925922
0.839270780307989 0.02472302409734388
0.850752370108776 0.022623842798915734
0.8618808323506305 0.020594862835370268
0.8726449616153942 0.018641499150566915
0.8830339193373336 0.016768572583864574
0.893037244716657 0.01498041925833456
0.9026448652526531 0.013280484632166781
0.9118471068858452 0.011672243241050486
0.9206347037389494 0.010162332209947136
0.9289988074468271 0.00875648057702895
0.9369309960660392 0.007458549399222038
0.944423282555029 0.00627619111969342
0.9514681228163964 0.0052174280689199735
0.9580584232931634 0.004285423259221279
0.9641875481113856 0.0034796076977166718
0.969849325761915 0.0027964391714343693
0.9750380553145856 0.0022290397457683697
0.9797485121585681 0.001764801317122926
0.9839759532631084 0.0013822150656095673
0.9877161219533593 0.001063998091974217
0.9909652521964901 0.0007977395002218453
0.9937200723937634 0.0005709133062213529
0.9959778086747562 0.00037755758992888915
0.9977361876904136 0.00021886792397705077
0.9989934389021186 9.961460603386324e-05
0.9997482963644735 2.5282660951096798e-05
1.0 0.0
