1.0 0.0
0.9997483819522683 3.2718694889724776e-05
0.9989937811671183 0.00013164988955943817
0.9977369574635763 0.0002990493221245059
0.9959791763565748 0.0005384455240098615
0.9937222077826884 0.0008542965549529978
0.9909683243179555 0.0012515159630225217
0.9877202988895888 0.0017348744186560863
0.983981401983871 0.0023082780178709838
0.9797553983530536 0.0029738985342525476
0.9750465432245696 0.003731245929069398
0.9698595780163813 0.004576251775530629
0.9641997255627729 0.005504104472766912
0.9580726848553999 0.006512096402953181
0.9514846253048876 0.007596358792962429
0.9444421805287577 0.008752235830757066
0.9369524416719374 0.00997778360756731
0.9290229502665771 0.011272169963072806
0.9206616906383681 0.012634799314704258
0.9118770818670021 0.014064577258987139
0.9026779693088728 0.015559811857936375
0.8930736156905508 0.017118722908767058
0.8830736917820033 0.01873973096745623
0.8726882666589493 0.020421879776167617
0.8619277975641526 0.022164447005800746
0.8508031193778659 0.023966662918694533
0.8393254337080243 0.025826442201240543
0.8275062976111753 0.027740997010311037
0.8153576119555036 0.029707318224230794
0.802891609437664 0.031722212693348774
0.7901208422654945 0.033782309670506404
0.7770581695190057 0.03588403485232071
0.7637167442023781 0.03802349176258351
0.7501100000000012 0.04019631527793085
0.7362516377498928 0.042397881240266354
0.7221556116481151 0.044623173672373125
0.7078361151980843 0.046866142896382065
0.6933075669189132 0.04912023149203129
0.6785845958271871 0.05137875595682584
0.6636820267067824 0.053636155584685936
0.6486148651815665 0.0558875371940414
0.633398282606007 0.05812781973360097
0.6180476007889029 0.06034818199379697
0.6025782765656222 0.06253607474778357
0.5870058862343797 0.06467853564449455
0.5713461098722237 0.06676169839189236
0.5556147155465284 0.06877055605964055
0.5398275434378867 0.07069002017011156
0.5240004898903909 0.07250513002794155
0.5081494914053613 0.07420118485845319
0.4922905085946406 0.07576386863886861
0.47643951010961094 0.07718093629085587
0.460612456562115 0.07844423120801562
0.44482528445347347 0.0795467376002023
0.42909389012777827 0.08048188270660053
0.41343411376562217 0.0812432109953862
0.3978617234343796 0.08182505336297136
0.3823923992110989 0.08222310535000513
0.36704171739399477 0.08243500157562042
0.3518251348184352 0.08245948742912795
0.3367579732932194 0.08229620744385575
0.32185540417281455 0.08194562052217728
0.3071324330810884 0.08140924463514436
0.29260388480191735 0.08069299357530163
0.27828438835188635 0.07980991242573332
0.26418836225010867 0.07877391845914547
0.25033000000000005 0.07759580775531791
0.23672325579762313 0.07628118582568218
0.22338183048099536 0.0748359892922365
0.21031915773450652 0.07326640510292408
0.19754839056233692 0.07157850513303177
0.18508238804449734 0.06977932082594239
0.1729337023888254 0.06787454374903197
0.16111456629197649 0.06586756352372089
0.14963688062213476 0.06376336451927604
0.13851220243584803 0.06156696518572974
0.12775173334105133 0.059282790537141986
0.11736630821799716 0.05691755438153728
0.10736638430944966 0.05447702170481383
0.09776203069112752 0.05196521347176382
0.08856291813299816 0.04938960219688459
0.07977830936163226 0.04675693108283022
0.07141704973342315 0.044072565153912675
0.06348755832806288 0.041346815175492074
0.05599781947124235 0.03858409800445794
0.048955374695112415 0.035783077802594966
0.042367315144600265 0.032953183734476636
0.0362402744372272 0.03010925198524103
0.030580421983618686 0.027270843159357717
0.025393456775430288 0.024466220315394832
0.020684601646946504 0.021681429142741373
0.016458598016129075 0.01888290905891751
0.012719701110411265 0.016093159271281795
0.009471675682044442 0.013378116455505525
0.006717792217311663 0.010830612992732594
0.004460823643425105 0.00855555244501582
0.002703042536423784 0.006657006633953204
0.001446218832881596 0.0052274110072444285
0.0006916180477317595 0.004339005444891423
0.00044 0.004037636582948548
0.00044 0.00234
0.0006916180477317595 -0.0005831981361311932
0.001446218832881596 -0.007486394577316054
0.002703042536423784 -0.01365035458730186
0.004460823643425105 -0.014130578320343382
0.006717792217311663 -0.00809569723911283
0.009471675682044442 -0.0027776242009148453
0.012719701110411265 -0.0026457459556759244
0.016458598016129075 -0.006935063464399537
0.020684601646946504 -0.011950407360640694
0.025393456775430288 -0.014177775956136533
0.030580421983618686 -0.01390268803758465
0.0362402744372272 -0.01259838719270133
0.042367315144600265 -0.01217738745877192
0.048955374695112415 -0.012795689249968883
0.05599781947124235 -0.01392037969402739
0.06348755832806288 -0.014786411808353463
0.07141704973342315 -0.015117990703958313
0.07977830936163226 -0.015090371230585178
0.08856291813299816 -0.014970082700483263
0.09776203069112752 -0.0149504171581882
0.10736638430944966 -0.014993580832526988
0.11736630821799716 -0.01502096238625876
0.12775173334105133 -0.014951613059978773
0.13851220243584803 -0.014781497051568553
0.14963688062213476 -0.014537987217028217
0.16111456629197649 -0.014254752534067154
0.1729337023888254 -0.01394770858780846
0.18508238804449734 -0.013612204603138231
0.19754839056233692 -0.013242142885200533
0.21031915773450652 -0.012833543186518479
0.22338183048099536 -0.012390187125017054
0.23672325579762313 -0.011918091934031283
0.25033000000000005 -0.01142390557012445
0.26418836225010867 -0.010911443736948715
0.27828438835188635 -0.010382714881898326
0.29260388480191735 -0.009839930028300446
0.3071324330810884 -0.00928546720787137
0.32185540417281455 -0.008721803244352568
0.3367579732932194 -0.008151582186210706
0.3518251348184352 -0.007577514922223919
0.36704171739399477 -0.007001750661444123
0.3823923992110989 -0.006426205347185253
0.3978617234343796 -0.005852845352416457
0.41343411376562217 -0.005283806688385208
0.42909389012777827 -0.004721455078091521
0.44482528445347347 -0.004168192493182817
0.460612456562115 -0.0036262931667506884
0.47643951010961094 -0.0030972513249104584
0.4922905085946406 -0.0025822421357041985
0.5081494914053613 -0.0020823909301983857
0.5240004898903909 -0.0015989302361051597
0.5398275434378867 -0.0011332423245706956
0.5556147155465284 -0.0006866461245648546
0.5713461098722237 -0.0002602933603675487
0.5870058862343797 0.0001451666267668428
0.6025782765656222 0.0005293037031605831
0.6180476007889029 0.0008917627018405348
0.633398282606007 0.0012318521692798162
0.6486148651815665 0.0015484832310378104
0.6636820267067824 0.001840682435076086
0.6785845958271871 0.0021077565781648902
0.6933075669189132 0.002349769644556604
0.7078361151980843 0.0025670798680750883
0.7221556116481151 0.002760125489753225
0.7362516377498928 0.0029289049825841186
0.7501100000000012 0.0030729360635193175
0.7637167442023781 0.0031919102830227013
0.7770581695190057 0.0032858676161228897
0.7901208422654945 0.0033556972288959846
0.802891609437664 0.003402597145458706
0.8153576119555036 0.0034278198506440785
0.8275062976111753 0.0034318631457262504
0.8393254337080243 0.0034144190635264113
0.8508031193778659 0.003375473360579641
0.8619277975641526 0.0033155145451481643
0.8726882666589493 0.0032361293925206266
0.8830736917820033 0.003139292519590583
0.8930736156905508 0.003027018948423157
0.9026779693088728 0.0029004924666560516
0.9118770818670021 0.0027599790528642833
0.9206616906383681 0.002606182614122956
0.9290229502665771 0.0024405295126843553
0.9369524416719374 0.0022662199249319434
0.9444421805287577 0.002086839563111433
0.9514846253048876 0.0019056401037557847
0.9580726848553999 0.0017244473713763403
0.9641997255627729 0.0015435337812857361
0.9698595780163813 0.0013638481707832903
0.9750465432245696 0.0011868280014039909
0.9797553983530536 0.001012853277617069
0.983981401983871 0.0008429871757788198
0.9877202988895888 0.0006797541427999716
0.9909683243179555 0.000525680503093512
0.9937222077826884 0.0003828492482149347
0.9959791763565748 0.0002553778258225926
0.9977369574635763 0.00014854543007115358
0.9989937811671183 6.766173584607623e-05
0.9997483819522683 1.7170442748908414e-05
1.0 0.0
