1.0 0.0
0.9997482787434568 0.0001134157668185886
0.9989933684357951 0.00045830350836633977
0.9977360292077037 0.0010479138775567577
0.9959775270932052 0.0019021049430813872
0.993719632754867 0.0030440348160995293
0.9909646197008943 0.004495595292226539
0.9877152619959003 0.0062716496665999365
0.9839748314676572 0.008374231024125375
0.9797470944126445 0.010794904940234438
0.9750363078037065 0.013509765556939808
0.9698472150036425 0.01647184809994868
0.9641850409890411 0.01962824833332779
0.9580554870891734 0.022926003613017394
0.9514647252452364 0.026298172854196868
0.944419391795732 0.029695199232917576
0.9369265807942367 0.03309915629524628
0.9289938368662902 0.03650195459453671
0.9206291476125985 0.039905724705234916
0.9118409355661953 0.043324279546104134
0.9026380497116667 0.04678391705415564
0.8930297565749731 0.05030322869741825
0.8830257308928428 0.05388085705473886
0.8726360458711329 0.057516570130123165
0.8618711630419641 0.06121072701309392
0.8507419217298458 0.06496166069756501
0.8392595281373935 0.06876902023939428
0.8274355440616341 0.0726323181788862
0.8152818752522558 0.07654643349630315
0.8028107594235272 0.08050564617998912
0.7900347539319565 0.08450450012538245
0.7769667231320982 0.08853704128651055
0.7636198254232383 0.0925973557216102
0.7500075000000012 0.09667966969746833
0.7361434533202211 0.10077708280512279
0.7220416453036993 0.10488216785665058
0.7077162752757497 0.1089874506133971
0.6931817676696803 0.11308358209705546
0.6784527575026135 0.1171598344090232
0.6635440756392624 0.12120532344982482
0.6484707338585087 0.12520839260206237
0.6332479097378134 0.1291567165630501
0.6178909313706823 0.13303793642472755
0.6024152619325757 0.13683983135567437
0.5868364841108014 0.14055039111741488
0.5711702844140697 0.14415768886933777
0.5554324373775081 0.1476473255809168
0.5396387896790424 0.15100240146055333
0.5238052441831348 0.15420618143638068
0.5079477439279474 0.15724167301892636
0.4920822560720544 0.1600918143756497
0.476224755816867 0.16273988244680185
0.46039121032095937 0.16516536046498392
0.4445975626224937 0.16734548101394886
0.4288597155859322 0.16925688046048648
0.41319351588920045 0.17086350634105163
0.3976147380674262 0.17212482690976444
0.3821390686293195 0.17300714061864075
0.3667820902621883 0.17349609321306977
0.35155926614149285 0.17358395637604299
0.33648592436073926 0.1732707668571198
0.32157724249738817 0.17256870482432418
0.30684823233032127 0.1714923800087225
0.29231372472425193 0.17005509535175947
0.2779883546963021 0.1682693110005282
0.2638865466797803 0.16614968478777326
0.25002250000000004 0.16371671209233954
0.23641017457676297 0.16099364037695962
0.2230632768679028 0.15800170563905552
0.20999524606804446 0.15475517984841303
0.19721924057647372 0.15126870418196858
0.18474812474774502 0.1475563966435183
0.17259445593836664 0.14363110496503828
0.16077047186260726 0.13950762951987308
0.14928807827015497 0.13519716999550005
0.1381588369580365 0.13070994819943113
0.1273939541288678 0.12605890922432456
0.11700426910715778 0.12125265938410673
0.1070002434250274 0.11630233922455319
0.09739195028833365 0.111222089931636
0.08818906443380506 0.10602323601084139
0.07940085238740187 0.10072318127377537
0.07103616313371 0.09533338389159186
0.06310341920576358 0.08985556293878329
0.05561060820426809 0.08430494904175775
0.04856527475476366 0.07870392042241478
0.04197451291082669 0.07308386459214394
0.0358449590109589 0.06747511559569593
0.030182784996357574 0.061827249791511996
0.024993692196293396 0.056110335751246784
0.020282905587355533 0.05038222229541355
0.01605516853234282 0.044801596959894496
0.01231473800409976 0.039519283893564
0.009065380299105587 0.03433401366282869
0.0063103672451330015 0.02887430445104429
0.004052472906794792 0.02328001254297786
0.002293970792296302 0.01802375229110504
0.0010366315642048596 0.013698812497155299
0.0002817212565432065 0.010851067092856347
3e-05 0.00985721919344584
3e-05 0.00128
0.0002817212565432065 -0.0007546325196380553
0.0010366315642048596 -0.0040102102714553965
0.002293970792296302 -0.007085427093893051
0.004052472906794792 -0.009460119597192194
0.0063103672451330015 -0.010966339036770549
0.009065380299105587 -0.012172943245469189
0.01231473800409976 -0.013220618780212865
0.01605516853234282 -0.01411239023161417
0.020282905587355533 -0.01485940582701894
0.024993692196293396 -0.015433777464452316
0.030182784996357574 -0.01583095996101935
0.0358449590109589 -0.01603358102710603
0.04197451291082669 -0.016030301890009372
0.04856527475476366 -0.015828575948061682
0.05561060820426809 -0.015431315214580913
0.06310341920576358 -0.014829588021767565
0.07103616313371 -0.014021948991280711
0.07940085238740187 -0.013012540115350277
0.08818906443380506 -0.011802167350049447
0.09739195028833365 -0.010395935272596097
0.1070002434250274 -0.008805067327836607
0.11700426910715778 -0.00703696456531928
0.1273939541288678 -0.005095715058776347
0.1381588369580365 -0.0029888046941203834
0.14928807827015497 -0.0007275552706616517
0.16077047186260726 0.0016725347516919802
0.17259445593836664 0.004191773402395526
0.18474812474774502 0.006806308166296986
0.19721924057647372 0.009491333093302535
0.20999524606804446 0.012222309671154858
0.2230632768679028 0.01497173283764598
0.23641017457676297 0.01770981598312602
0.25002250000000004 0.02041445700197677
0.2638865466797803 0.02306930143976507
0.2779883546963021 0.02565744184766313
0.29231372472425193 0.028161508297895235
0.30684823233032127 0.03056499261430004
0.32157724249738817 0.03285187230379021
0.33648592436073926 0.035005993476340286
0.35155926614149285 0.03701173459913387
0.3667820902621883 0.03886036744385817
0.3821390686293195 0.04054816046920955
0.3976147380674262 0.04207227315413817
0.41319351588920045 0.04343089505518475
0.4288597155859322 0.04462708484537675
0.4445975626224937 0.0456684394883438
0.46039121032095937 0.04656362279910191
0.476224755816867 0.04732203133391195
0.4920822560720544 0.04795003163632083
0.5079477439279474 0.04844994735018906
0.5238052441831348 0.048824342316276706
0.5396387896790424 0.049076238628203164
0.5554324373775081 0.04920657156157579
0.5711702844140697 0.04921262426837805
0.5868364841108014 0.0490918761038948
0.6024152619325757 0.04884242998943319
0.6178909313706823 0.04846462621729897
0.6332479097378134 0.04796267729770259
0.6484707338585087 0.04734163708340858
0.6635440756392624 0.046606951510476405
0.6784527575026135 0.04576488035340804
0.6931817676696803 0.0448231004809736
0.7077162752757497 0.04378963634899048
0.7220416453036993 0.04267263299064985
0.7361434533202211 0.04148009826565886
0.7500075000000012 0.04021952367316051
0.7636198254232383 0.03889838595201814
0.7769667231320982 0.03752421702424117
0.7900347539319565 0.03610367147235858
0.8028107594235272 0.03464121099853039
0.8152818752522558 0.03314133681429097
0.8274355440616341 0.03160898201863555
0.8392595281373935 0.030049709138535687
0.8507419217298458 0.028469913430553873
0.8618711630419641 0.02687626943949966
0.8726360458711329 0.025275611812162518
0.8830257308928428 0.023674356406196122
0.8930297565749731 0.022078162958904773
0.9026380497116667 0.020492978143991085
0.9118409355661953 0.01892508580686813
0.9206291476125985 0.017380415965000198
0.9289938368662902 0.0158644561004958
0.9369265807942367 0.014383203096616016
0.944419391795732 0.012943000114478182
0.9514647252452364 0.011547695149702343
0.9580554870891734 0.010199770509110693
0.9641850409890411 0.008903727573047044
0.9698472150036425 0.007665680591801418
0.9750363078037065 0.006491342155582261
0.9797470944126445 0.0053871704352325385
0.9839748314676572 0.004361539895909863
0.9877152619959003 0.0034233598784812348
0.9909646197008943 0.0025774966386537027
0.993719632754867 0.001831091734181676
0.9959775270932052 0.0011954381060576824
0.9977360292077037 0.0006834316740757424
0.9989933684357951 0.00030740610317447713
0.9997482787434568 7.741712576177703e-05
1.0 0.0
