1.0 0.0
0.9997482762261688 0.00011139613685677764
0.9989933583691775 0.00045002904837719175
0.9977360065673165 0.0010285929243855731
0.9959774868672694 0.0018661224875322385
0.9937195699493104 0.0029848402511271676
0.9909645293443806 0.004405803645988465
0.9877151391448348 0.006143412213196875
0.9839746712111642 0.00819994887241023
0.9797468918775126 0.010567180912069851
0.9750360581592953 0.013220823983335454
0.9698469134667463 0.01611388390131997
0.9641846828287063 0.019195086050803074
0.9580550676314606 0.022412357235317655
0.9514642398779278 0.02570032556596945
0.9444188359729753 0.029013517446492523
0.936925950041122 0.03233567823659868
0.9289931267833564 0.03565993057322502
0.9206283538802627 0.038988314597566166
0.9118400539491024 0.0423329546999149
0.9026370760629543 0.04571718989159758
0.8930286868404468 0.04915519804067389
0.8830245611150583 0.05264629396179249
0.8726347721933811 0.05619204881490744
0.8618697817121547 0.05979275702797198
0.8507404291042843 0.06344474779982907
0.8392579206844513 0.06714530316109028
0.8274338183653038 0.07089155707380976
0.8152800280155913 0.0746787006934592
0.8028087874719629 0.07850230379128686
0.7900326542165044 0.08235753526942537
0.7769644927324176 0.08623691553763738
0.7636174615505763 0.09013256681899258
0.7500050000000013 0.09403667180807788
0.736140814675595 0.09794128602205962
0.7220388656367623 0.10183853506934984
0.7077133523508147 0.10572028410833043
0.6931786993953087 0.10957638035072886
0.6784495419337214 0.11339595832276053
0.6635407109790791 0.11716781410727459
0.6484672184603855 0.12087883445562321
0.6332442421068819 0.12451511894853634
0.6178871101653598 0.1280627960254897
0.602411285965916 0.1315084489260987
0.5868323523516897 0.13483897282121068
0.571165995988261 0.1380404727633338
0.5554279915685076 0.14109332181582812
0.5396341859288267 0.14397596022790812
0.5238004820927139 0.1466654919307115
0.5079428232577665 0.14913178027296328
0.4920771767422353 0.15134314705128363
0.47621951790728795 0.1532733511580245
0.4603858140711751 0.15491115227254856
0.44459200843149427 0.156249215917787
0.4288540040117409 0.15728275882480844
0.4131876476483121 0.1580106694136822
0.3976087140340859 0.1584333956597293
0.38213288983464194 0.1585527296772861
0.3667757578931199 0.1583718151955004
0.3515527815396163 0.1578950064068842
0.3364792890209227 0.1571268199200114
0.32157045806628026 0.15607238227377837
0.30684130060469283 0.154738050759005
0.29230664764918696 0.15313066531625447
0.2779811343632391 0.15125817593631302
0.26387918532440646 0.1491304877999567
0.25001500000000004 0.14676050667862953
0.2364025384494249 0.14416260439581777
0.22305550726758347 0.1413495583244834
0.20998734578349657 0.13833055183543136
0.197211212528038 0.13511599778222017
0.18473997198440958 0.1317144897336416
0.17258618163469688 0.128132864373531
0.16076207931554948 0.12438037566524185
0.14927957089571642 0.12046526988131516
0.13815021828784593 0.11639658616890254
0.1273852278066194 0.11218578319666167
0.11699543888494218 0.10783944643971023
0.10699131315955368 0.10336598545652188
0.09738292393704599 0.09877732623310516
0.0881799460508979 0.09408289817856592
0.07939164611973772 0.08929749402715122
0.07102687321664382 0.08443186641026725
0.06309404995887824 0.07948292628268891
0.05560116402702481 0.07446015233563531
0.048555760122072224 0.06938581495992546
0.04196493236853952 0.06429303998170875
0.03583531717129382 0.05921881555161808
0.030173086533253644 0.05411935749891643
0.02498394184070469 0.04894227551576969
0.02027310812248746 0.043719421511709676
0.016045328788835838 0.03860680529038584
0.01230486085516533 0.03377173505464029
0.009055470655619272 0.029126410895523237
0.006300430050689619 0.024202339542456854
0.004042513132730637 0.019035866536958806
0.0022839934326834366 0.014072885309559623
0.0010266416308225002 0.009922434287034668
0.0002717237738312905 0.007161402043051041
2e-05 0.006193062091454003
2e-05 0.00088
0.0002717237738312905 -0.0015245753323588026
0.0010266416308225002 -0.004591563337370688
0.0022839934326834366 -0.007060555501565887
0.004042513132730637 -0.008662864416903018
0.006300430050689619 -0.009997304059059324
0.009055470655619272 -0.011204721734823939
0.01230486085516533 -0.012286031126672406
0.016045328788835838 -0.013235768761341466
0.02027310812248746 -0.014004958695042242
0.02498394184070469 -0.014561846282666711
0.030173086533253644 -0.014917261572483747
0.03583531717129382 -0.015097876021017054
0.04196493236853952 -0.015085963803365582
0.048555760122072224 -0.01486555921389128
0.05560116402702481 -0.014430686853771394
0.06309404995887824 -0.013775605247789632
0.07102687321664382 -0.012900152322948404
0.07939164611973772 -0.011814443826985573
0.0881799460508979 -0.010526097302618935
0.09738292393704599 -0.009035356552948577
0.10699131315955368 -0.0073470614586086565
0.11699543888494218 -0.005471051763576261
0.1273852278066194 -0.0034203317932787057
0.13815021828784593 -0.0012129919167535397
0.14927957089571642 0.0011271207996140598
0.16076207931554948 0.0035748439559797887
0.17258618163469688 0.006104836096052911
0.18473997198440958 0.008687364594925489
0.197211212528038 0.011290149342090484
0.20998734578349657 0.013892983547700554
0.22305550726758347 0.016481413521581886
0.2364025384494249 0.019040156322039196
0.25001500000000004 0.021553899373638188
0.26387918532440646 0.02401025012476395
0.2779811343632391 0.026397623858933145
0.29230664764918696 0.028704379497511905
0.30684130060469283 0.030918366097046394
0.32157045806628026 0.03302552158639062
0.3364792890209227 0.03501125438515874
0.3515527815396163 0.03686094637734105
0.3667757578931199 0.038561876935427924
0.38213288983464194 0.04010913277025652
0.3976087140340859 0.041500439461405955
0.4131876476483121 0.04273431491526919
0.4288540040117409 0.04381103776751843
0.44459200843149427 0.044736755855842796
0.4603858140711751 0.04552012994502848
0.47621951790728795 0.0461706421443297
0.4920771767422353 0.0466976500539858
0.5079428232577665 0.047105744198412715
0.5238004820927139 0.04739790034934151
0.5396341859288267 0.04757754517804795
0.5554279915685076 0.047648186842243985
0.571165995988261 0.04761125503066978
0.5868323523516897 0.04746750850101804
0.602411285965916 0.04721814161518576
0.6178871101653598 0.04686451853428995
0.6332442421068819 0.04640637517496393
0.6484672184603855 0.04584302923840487
0.6635407109790791 0.045174403548585686
0.6784495419337214 0.04440129773507377
0.6931786993953087 0.04352709020285971
0.7077133523508147 0.0425565574092591
0.7220388656367623 0.041494871516509504
0.736140814675595 0.04034780700128512
0.7500050000000013 0.03912320676474993
0.7636174615505763 0.03782981004424225
0.7769644927324176 0.03647634847871824
0.7900326542165044 0.03507132340161075
0.8028087874719629 0.033622027375205844
0.8152800280155913 0.032135369880522194
0.8274338183653038 0.03061835912331213
0.8392579206844513 0.02907784982875157
0.8507404291042843 0.027519690280669522
0.8618697817121547 0.02594964721800138
0.8726347721933811 0.02437375946645275
0.8830245611150583 0.02279852974451813
0.8930286868404468 0.021231370069531543
0.9026370760629543 0.019679783390353842
0.9118400539491024 0.018151131661868342
0.9206283538802627 0.016651548729906814
0.9289931267833564 0.015185006589118415
0.936925950041122 0.01375589953642187
0.9444188359729753 0.012369278382623942
0.9514642398779278 0.011029305436793473
0.9580550676314606 0.009739196553856877
0.9641846828287063 0.008503540568635866
0.9698469134667463 0.00732794398390904
0.9750360581592953 0.006214930052067153
0.9797468918775126 0.0051665076138651435
0.9839746712111642 0.004188453431534455
0.9877151391448348 0.003289025077829407
0.9909645293443806 0.002475613293839494
0.9937195699493104 0.0017574321496093728
0.9959774868672694 0.001146318796665113
0.9977360065673165 0.0006547767828779456
0.9989933583691775 0.00029430675192215056
0.9997482762261688 7.408386117044535e-05
1.0 0.0
