1.0 0.0
0.9997483215373543 2.277619287860414e-05
0.998993539568295 9.129286354088739e-05
0.997736414094285 0.00020609841137421179
0.9959782109341145 0.0003680541265760152
0.9937207004493295 0.0005782558720917462
0.990966155761627 0.0008379259205520713
0.987717350464015 0.0011482764098515574
0.9839775558280386 0.0015103462728503338
0.9797505375098873 0.0019248138691089994
0.9750405517586985 0.002391787895655204
0.9698523411308756 0.0029105794758224543
0.9641911297147348 0.0034794586167508166
0.9580626178702918 0.004095398484043173
0.951472976489482 0.004753811163501478
0.9444288407825964 0.005448828676576622
0.9369373035971857 0.006177372382980961
0.9290059082761652 0.006938370526318791
0.9206426410623079 0.007731215125695777
0.9118559230567738 0.008555822603241696
0.9026546017397765 0.009412701485791273
0.89304794206192 0.010303016038306755
0.8830456171151776 0.0112283885601552
0.8726576983929104 0.012189650229595015
0.8618946456487252 0.013187499945511836
0.8507672963643906 0.01422295009748785
0.8392868548374112 0.01529733973550993
0.8274648808992487 0.01641234379581522
0.8153132782755537 0.017569978559243953
0.8028442826001205 0.018771898713181155
0.790070449094643 0.020016840562972368
0.7770046399266697 0.02130244001145254
0.7636600112584914 0.022625992586156454
0.7500500000000012 0.023984457295492985
0.7361883102788654 0.0253744638188838
0.7220888996416278 0.026792323423998905
0.7077659649996445 0.028234273859544738
0.6932339283339963 0.02969692111418847
0.6785074221737781 0.031176783606476764
0.6636012748623805 0.03267020937669195
0.6485304956266059 0.03417339377656719
0.6333102594636497 0.03568239895325445
0.617955891861164 0.037193153904843845
0.6024828533657901 0.038700631322049844
0.5869067240156997 0.04019854364450648
0.5712431876528165 0.04168041219328406
0.5555080161305165 0.04313969117686705
0.5397170534327096 0.04456981619887933
0.5238861997202897 0.045964253910290194
0.5080313953210214 0.047316735880774834
0.4921686046789804 0.04862269909629992
0.47631380027971204 0.04987855832784826
0.4604829465672922 0.051080941226907116
0.44469198386948533 0.05222670526171158
0.42895681234718547 0.05331295984112076
0.41329327598430216 0.05433707079314777
0.39771714663421176 0.055294459520021585
0.3822441081388378 0.05617648761583954
0.3668897405363519 0.056974615006804924
0.3516695043733958 0.05768102749425179
0.33659872513762124 0.05828870905046553
0.3216925778262235 0.05879150702392361
0.3069660716660052 0.05918532000409048
0.29243403500035714 0.05947655611721918
0.27811110035837366 0.05967657793707283
0.264011689721136 0.059796425561934916
0.25015000000000004 0.05984670579030865
0.2365399887415099 0.0598375309547814
0.22319536007333143 0.05977833474263855
0.210129550905358 0.05966709018946397
0.19735571739988042 0.059484118995819436
0.1848867217244472 0.05921127772110718
0.17273511910075198 0.05883403279308755
0.16091314516258964 0.058341437486755555
0.14943270363561 0.05772607146356385
0.13830535435127542 0.05698056592510192
0.12754230160709024 0.05608707763077337
0.1171543828848229 0.05503057926258
0.10715205793808054 0.053800658634534204
0.09754539826022379 0.05238088859527598
0.08834407694322659 0.05076042808613099
0.07955735893769253 0.048937594316598665
0.07119409172383497 0.04691393586698112
0.06326269640281451 0.04469914067337157
0.055771159217403755 0.042316893041172816
0.04872702351051802 0.03981750817388604
0.04213738212970841 0.037255684302240334
0.03600887028526527 0.0346513047508031
0.030347658869124376 0.03191652186175602
0.025159448241301376 0.02899730167125509
0.020449462490112764 0.02590668054654454
0.01622244417196151 0.022719861715106836
0.012482649535985019 0.01953845799020451
0.009233844238372918 0.0164746070660546
0.006479299550670495 0.013642890349290494
0.004221789065885409 0.011153099276554926
0.002463585905715014 0.009103945276236045
0.0012064604317049699 0.007577796653220137
0.0004516784626457772 0.0066365117439311045
0.0002 0.006318423037864437
0.0002 0.0023
0.0004516784626457772 -0.0005452992440464939
0.0012064604317049699 -0.007632181774425334
0.002463585905715014 -0.015200602384494733
0.004221789065885409 -0.01893228821254994
0.006479299550670495 -0.016844832938983947
0.009233844238372918 -0.01307201680400955
0.012482649535985019 -0.013689438722089962
0.01622244417196151 -0.01853070530448097
0.020449462490112764 -0.024484657054977012
0.025159448241301376 -0.0282118565445752
0.030347658869124376 -0.029962556339738336
0.03600887028526527 -0.031188435441462412
0.04213738212970841 -0.033159501582289204
0.04872702351051802 -0.035701686840726055
0.055771159217403755 -0.038313045720207564
0.06326269640281451 -0.04054754184105972
0.07119409172383497 -0.04242602162876882
0.07955735893769253 -0.04408603622910813
0.08834407694322659 -0.045639808054297196
0.09754539826022379 -0.04707650803684413
0.10715205793808054 -0.04837238626614593
0.1171543828848229 -0.04950724576712157
0.12754230160709024 -0.05046898504290675
0.13830535435127542 -0.05124961626708836
0.14943270363561 -0.05184622602767281
0.16091314516258964 -0.05226324468341824
0.17273511910075198 -0.052510543301194194
0.1848867217244472 -0.05260096664840308
0.19735571739988042 -0.05254443570359609
0.210129550905358 -0.05235305572192999
0.22319536007333143 -0.052042618604049816
0.2365399887415099 -0.05163260044084721
0.25015000000000004 -0.05114611970695555
0.264011689721136 -0.05060780294755801
0.27811110035837366 -0.050025254488811614
0.29243403500035714 -0.04939559619540155
0.3069660716660052 -0.04871581577732456
0.3216925778262235 -0.047983804581393445
0.33659872513762124 -0.0471987188455349
0.3516695043733958 -0.04635996475914494
0.3668897405363519 -0.04546713162645699
0.3822441081388378 -0.044519996803038954
0.39771714663421176 -0.04351852983644479
0.41329327598430216 -0.0424632110776429
0.42895681234718547 -0.04135716594101765
0.44469198386948533 -0.040204933305961206
0.4604829465672922 -0.03901133846442494
0.47631380027971204 -0.0377814476930289
0.4921686046789804 -0.03652052711992073
0.5080313953210214 -0.03523399957949034
0.5238861997202897 -0.03392694402786609
0.5397170534327096 -0.032603262469374915
0.5555080161305165 -0.03126669584299221
0.5712431876528165 -0.029921012080621638
0.5869067240156997 -0.028569981380498096
0.6024828533657901 -0.027217351868802794
0.617955891861164 -0.02586684003729046
0.6333102594636497 -0.02452301307340449
0.6485304956266059 -0.023191754034859263
0.6636012748623805 -0.021878826120561273
0.6785074221737781 -0.020589696702432644
0.6932339283339963 -0.0193295002376413
0.7077659649996445 -0.0181030048152322
0.7220888996416278 -0.016914515945141092
0.7361883102788654 -0.015766404526774132
0.7500500000000012 -0.014659261710131382
0.7636600112584914 -0.013593475797888232
0.7770046399266697 -0.012569305463790039
0.790070449094643 -0.011586882922063776
0.8028442826001205 -0.01064621786376366
0.8153132782755537 -0.009747253180759115
0.8274648808992487 -0.008890892243266958
0.8392868548374112 -0.008078765611624496
0.8507672963643906 -0.007312100460323643
0.8618946456487252 -0.006591686365350135
0.8726576983929104 -0.00591789248978805
0.8830456171151776 -0.005290688596599448
0.89304794206192 -0.004709704473231917
0.9026546017397765 -0.004174936564455854
0.9118559230567738 -0.003686541914772383
0.9206426410623079 -0.0032440810333349375
0.9290059082761652 -0.0028465468644949614
0.9369373035971857 -0.00249243074859158
0.9444288407825964 -0.0021797915405456295
0.951472976489482 -0.0019062531788399213
0.9580626178702918 -0.0016658133389212833
0.9641911297147348 -0.0014492325467885187
0.9698523411308756 -0.0012498147377538135
0.9750405517586985 -0.0010634187077789166
0.9797505375098873 -0.0008880112324557351
0.9839775558280386 -0.0007232346045452461
0.987717350464015 -0.0005699947911201463
0.990966155761627 -0.00043007603725760547
0.9937207004493295 -0.00030578730748588676
0.9959782109341145 -0.00019964546358294062
0.997736414094285 -0.00011409953318460444
0.998993539568295 -5.129983380831983e-05
0.9997483215373543 -1.2915087599040107e-05
1.0 0.0
