1.0 0.0
0.9997482737088806 7.418927453785078e-05
0.9989933483025598 0.00029877517433548
0.9977359839269294 0.000679488377470428
0.9959774466413335 0.0012248059683244868
0.9937195071437538 0.0019443559175897737
0.990964438987867 0.002846714283520744
0.9877150162937691 0.0039366256732953145
0.9839745109546711 0.005212026208795353
0.9797466893423806 0.006665672436216519
0.9750358085148839 0.00828431285970163
0.9698466119298503 0.010044091083285758
0.9641843246683713 0.011917754469838083
0.9580546481737477 0.013892565615644155
0.9514637545106193 0.015959309042842765
0.9444182801502186 0.018110713752157455
0.9369253192880074 0.02034420205446661
0.9289924167004225 0.022661809865129903
0.9206275601479268 0.02506968086380127
0.9118391723320096 0.02757084339157056
0.902636102414242 0.030163618244124425
0.8930276171059205 0.03284722840946407
0.8830233913372739 0.03561991774274271
0.8726334985156295 0.038475912030680785
0.8618684003823451 0.04140860525938478
0.8507389364787228 0.044411596226476446
0.8392563132315091 0.04748087505392132
0.8274320926689736 0.050613507486604044
0.8152781807789267 0.05380659014199797
0.8028068155203986 0.05705319511396072
0.7900305545010523 0.06034344384111201
0.7769622623327369 0.06366686094033548
0.7636150976779144 0.06701399954732301
0.7500025000000012 0.07037674624370441
0.7361381760309689 0.07374688956403395
0.7220360859698254 0.07711377751707511
0.7077104294258797 0.0804627582783131
0.6931756311209372 0.08377824112769333
0.6784463263648294 0.0870412452324662
0.6635373463188956 0.09022612646333666
0.6484637030622621 0.09330552422185917
0.6332405744759503 0.09625455592573316
0.6178832889600373 0.09905588650555215
0.6024073099992563 0.1016934802064376
0.586828220592578 0.10415380951016595
0.5711617075624523 0.10642916590354874
0.5554235457595071 0.10851333394407604
0.539629582178611 0.11040035420663713
0.523795720002293 0.11208392883673206
0.5079379025875856 0.11355841436973199
0.4920720974124161 0.11482047186645745
0.4762142799977088 0.11587049055358184
0.46038041782139083 0.11671002821220994
0.44458645424049476 0.11734087119413245
0.4288482924375495 0.11776461335278941
0.41318177940742384 0.1179835695485402
0.3976026900007456 0.11800107852682765
0.38212671103996443 0.11782158089853996
0.36676942552405145 0.11745024092907179
0.35154629693773964 0.11689138012841094
0.3364726536811061 0.11614808120719432
0.3215636736351723 0.11522412391361733
0.3068343688790644 0.11412290777958548
0.292299570574122 0.11284734319012577
0.27797391403017613 0.11140128867436905
0.2638718239690326 0.10978856506698129
0.25000750000000005 0.10801301146108387
0.23639490232208688 0.10607958817762035
0.22304773766726416 0.10399216055739409
0.20997944549894873 0.1017539128584004
0.19720318447960236 0.0993696077912454
0.18473181922107418 0.09684320147179654
0.17257790733102718 0.09417858713214813
0.16075368676849172 0.09138182418390223
0.14927106352127792 0.08845870007291176
0.13814159961765543 0.08541573694445474
0.12737650148437105 0.08226178408432848
0.11698660866272659 0.07900164336394963
0.10698238289407996 0.07563967945941547
0.09737389758575835 0.07218421770047782
0.08817082766799075 0.06864000576616826
0.07938243985207355 0.06501339838647907
0.07101758329957764 0.06131661324937828
0.06308468071199289 0.05755974932877875
0.05559171984978154 0.05375704214196259
0.048546245489380795 0.04992592763348353
0.041955351826252374 0.04605794903436735
0.03582567533162875 0.042151740885839416
0.030163388070149715 0.03822874107611428
0.02497419148511599 0.03432746991736214
0.02026331065761939 0.030500924647966242
0.01603548904532886 0.026769652389286525
0.012294983706230904 0.02301512730160908
0.00904556101213296 0.019219189515766316
0.006290492856246238 0.01547924746042343
0.004032553358666483 0.01194376694389759
0.002274016073070571 0.008832440343587518
0.0010166516974401407 0.005793378884244772
0.00026172629111937464 0.0025911716499416267
1e-05 0.0011578810891951124
1e-05 0.00021
0.00026172629111937464 -0.0022467409134292247
0.0010166516974401407 -0.003868349492119202
0.002274016073070571 -0.005181945204103961
0.004032553358666483 -0.006523943010779368
0.006290492856246238 -0.007908151741136205
0.00904556101213296 -0.009320134324781022
0.012294983706230904 -0.010736924319739227
0.01603548904532886 -0.012142856498648772
0.02026331065761939 -0.013515809821418085
0.02497419148511599 -0.014831200311969618
0.030163388070149715 -0.016093713389959154
0.03582567533162875 -0.017320209107429586
0.041955351826252374 -0.01850082133448113
0.048546245489380795 -0.019629890169087387
0.05559171984978154 -0.02071114376327951
0.06308468071199289 -0.021742342047716693
0.07101758329957764 -0.022719234154150544
0.07938243985207355 -0.023643069240459606
0.08817082766799075 -0.024516664972336066
0.09737389758575835 -0.02534056371792838
0.10698238289407996 -0.026118657688389425
0.11698660866272659 -0.02685728915919985
0.12737650148437105 -0.027556708329378215
0.13814159961765543 -0.028215709427317267
0.14927106352127792 -0.028834528382728833
0.16075368676849172 -0.02941361384464668
0.17257790733102718 -0.02995332807240765
0.18473181922107418 -0.030455152872039218
0.19720318447960236 -0.03092073335082396
0.20997944549894873 -0.03134927727366105
0.22304773766726416 -0.031739854917252126
0.23639490232208688 -0.032092055544691786
0.25000750000000005 -0.03240613439159016
0.2638718239690326 -0.032682979841175026
0.27797391403017613 -0.03292400801540283
0.292299570574122 -0.033129789625477205
0.3068343688790644 -0.03329877332342756
0.3215636736351723 -0.033429311923444685
0.3364726536811061 -0.033520010550703985
0.35154629693773964 -0.03357017561683781
0.36676942552405145 -0.03357950054987163
0.38212671103996443 -0.03354780444921648
0.3976026900007456 -0.03347335924029702
0.41318177940742384 -0.0333529648769039
0.4288482924375495 -0.033183448222677096
0.44458645424049476 -0.03296215882869883
0.46038041782139083 -0.03268754103022199
0.4762142799977088 -0.03235835670877766
0.4920720974124161 -0.03197269093575659
0.5079379025875856 -0.03152356446587971
0.523795720002293 -0.031002275179606624
0.539629582178611 -0.030400098746330147
0.5554235457595071 -0.029702885127390593
0.5711617075624523 -0.02889218478209717
0.586828220592578 -0.02795038415478441
0.6024073099992563 -0.02686949610606493
0.6178832889600373 -0.02565711745948793
0.6332405744759503 -0.024322665495165662
0.6484637030622621 -0.022876753260314107
0.6635373463188956 -0.02133354704861867
0.6784463263648294 -0.01970784116536164
0.6931756311209372 -0.01801439700715622
0.7077104294258797 -0.016269987125586208
0.7220360859698254 -0.014491983340248947
0.7361381760309689 -0.012696965569704457
0.7500025000000012 -0.010906061700128741
0.7636150976779144 -0.00914657452902626
0.7769622623327369 -0.007443727331881431
0.7900305545010523 -0.0058190124907774275
0.8028068155203986 -0.004286308549442755
0.8152781807789267 -0.0028556565833138393
0.8274320926689736 -0.0015351194795897437
0.8392563132315091 -0.00033077924883462924
0.8507389364787228 0.000753237879659099
0.8618684003823451 0.0017146670307209657
0.8726334985156295 0.0025529315468826074
0.8830233913372739 0.003267636844565062
0.8930276171059205 0.0038591189239838386
0.902636102414242 0.004329747328792865
0.9118391723320096 0.004683163677918664
0.9206275601479268 0.004919688599625369
0.9289924167004225 0.005040245738418644
0.9369253192880074 0.005049231970872377
0.9444182801502186 0.004954040035579073
0.9514637545106193 0.004764269731545812
0.9580546481737477 0.004491690741862795
0.9641843246683713 0.004149976822583187
0.9698466119298503 0.0037537012209579073
0.9750358085148839 0.0033156996489860286
0.9797466893423806 0.0028499030858163
0.9839745109546711 0.002372079302225449
0.9877150162937691 0.0018991361309677042
0.990964438987867 0.0014489223056050591
0.9937195071437538 0.0010381107539052616
0.9959774466413335 0.0006812766343167304
0.9977359839269294 0.0003906668638488991
0.9989933483025598 0.00017600904319109366
0.9997482737088806 4.43606281016434e-05
1.0 0.0
