1.0 0.0
0.9997482737088806 8.5988220341193e-05
0.9989933483025598 0.00034630793764066543
0.9977359839269294 0.0007875863672061407
0.9959774466413335 0.001419415073398048
0.9937195071437538 0.0022521903913356755
0.990964438987867 0.0032941320158154214
0.9877150162937691 0.004547521225414308
0.9839745109546711 0.006005072988849485
0.9797466893423806 0.007654975423397372
0.9750358085148839 0.009479946994910253
0.9698466119298503 0.01145164977817459
0.9641843246683713 0.013541324518976923
0.9580546481737477 0.015734200278630674
0.9514637545106193 0.018018194591662557
0.9444182801502186 0.020384059989481444
0.9369253192880074 0.02282910480385962
0.9289924167004225 0.025356296471255084
0.9206275601479268 0.027973025143146944
0.9118391723320096 0.030680783973254928
0.902636102414242 0.03347814001983574
0.8930276171059205 0.03636523227177462
0.8830233913372739 0.039339155859090064
0.8726334985156295 0.04239272888806779
0.8618684003823451 0.04551834589470471
0.8507389364787228 0.04870921844533227
0.8392563132315091 0.0519606290473472
0.8274320926689736 0.05526850800427416
0.8152781807789267 0.058628310182978774
0.8028068155203986 0.06203233548646471
0.7900305545010523 0.06547191972229119
0.7769622623327369 0.06893804184531167
0.7636150976779144 0.0724208054334953
0.7500025000000012 0.07590977479898083
0.7361381760309689 0.07939409781745208
0.7220360859698254 0.08286143300665441
0.7077104294258797 0.08629840521682212
0.6931756311209372 0.08969072796221651
0.6784463263648294 0.093016428035318
0.6635373463188956 0.09624747400036668
0.6484637030622621 0.09935523858323854
0.6332405744759503 0.10231860643290212
0.6178832889600373 0.10512276725912144
0.6024073099992563 0.1077535746230656
0.586828220592578 0.11019996931383876
0.5711617075624523 0.11245348933750744
0.5554235457595071 0.11450651112426498
0.539629582178611 0.11635304140173834
0.523795720002293 0.1179884846548316
0.5079379025875856 0.11940929053585406
0.4920720974124161 0.12061467324370424
0.4762142799977088 0.12160582427209099
0.46038041782139083 0.12238457296104736
0.44458645424049476 0.1229516712595037
0.4288482924375495 0.12330776708055224
0.41318177940742384 0.12345457766116671
0.3976026900007456 0.1233962141821662
0.38212671103996443 0.12313821252440815
0.36676942552405145 0.12268618714646004
0.35154629693773964 0.12204273244548877
0.3364726536811061 0.12120997395165961
0.3215636736351723 0.1201910747139863
0.3068343688790644 0.1189905541476749
0.292299570574122 0.11761397871704676
0.27797391403017613 0.11606674161745974
0.2638718239690326 0.11435044778549665
0.25000750000000005 0.11246679867777244
0.23639490232208688 0.11041895486966657
0.22304773766726416 0.10821125928145722
0.20997944549894873 0.10584955048636305
0.19720318447960236 0.1033399090367472
0.18473181922107418 0.10068554588464881
0.17257790733102718 0.0978910115712854
0.16075368676849172 0.09496216835955647
0.14927106352127792 0.09190407799387204
0.13814159961765543 0.08872413805256199
0.12737650148437105 0.08542994246387065
0.11698660866272659 0.08202525498486411
0.10698238289407996 0.0785172311444014
0.09737389758575835 0.07491374312045651
0.08817082766799075 0.0712192447746151
0.07938243985207355 0.06744368857138064
0.07101758329957764 0.0636003397600292
0.06308468071199289 0.05970323676090434
0.05559171984978154 0.05577275108360525
0.048546245489380795 0.05180967725408263
0.041955351826252374 0.04778846997780431
0.03582567533162875 0.04370881624179844
0.030163388070149715 0.039617100514840645
0.02497419148511599 0.035597648121731905
0.02026331065761939 0.03172374944865919
0.01603548904532886 0.0278909823959756
0.012294983706230904 0.023919145086673532
0.00904556101213296 0.019821243340235696
0.006290492856246238 0.015867280963748762
0.004032553358666483 0.012387878356190853
0.002274016073070571 0.009479616937057742
0.0010166516974401407 0.0060910867408607
0.00026172629111937464 0.00270502326540802
1e-05 0.0012645890994314917
1e-05 0.00035
0.00026172629111937464 -0.002358636113806455
0.0010166516974401407 -0.004087529751087228
0.002274016073070571 -0.005532117203220447
0.004032553358666483 -0.007032779390661952
0.006290492856246238 -0.008591506071856537
0.00904556101213296 -0.010197675290616878
0.012294983706230904 -0.011811986498619425
0.01603548904532886 -0.013429379885919145
0.02026331065761939 -0.015012254257188365
0.02497419148511599 -0.01654479281459749
0.030163388070149715 -0.018046194564208005
0.03582567533162875 -0.019516717631498235
0.041955351826252374 -0.020942541878305947
0.048546245489380795 -0.022321755992585242
0.05559171984978154 -0.02365570143407605
0.06308468071199289 -0.02493746227469273
0.07101758329957764 -0.02616513951867671
0.07938243985207355 -0.027342217237481783
0.08817082766799075 -0.028467468260579262
0.09737389758575835 -0.029540238329824185
0.10698238289407996 -0.030563935466079935
0.11698660866272659 -0.0315401321509599
0.12737650148437105 -0.03246729729643975
0.13814159961765543 -0.03334586578218514
0.14927106352127792 -0.03417660228413401
0.16075368676849172 -0.03495687570050127
0.17257790733102718 -0.035684291792953404
0.18473181922107418 -0.036357392616906216
0.19720318447960236 -0.03697490959045342
0.20997944549894873 -0.03753612454713275
0.22304773766726416 -0.03804119728723819
0.23639490232208688 -0.03848957087589377
0.25000750000000005 -0.03887949374004368
0.2638718239690326 -0.03920962704548009
0.27797391403017613 -0.03947819927546725
0.292299570574122 -0.03968122369218825
0.3068343688790644 -0.03981444694496991
0.3215636736351723 -0.03987389443040169
0.3364726536811061 -0.03985655116503378
0.35154629693773964 -0.039759993912946455
0.36676942552405145 -0.03958186669652659
0.38212671103996443 -0.03931564235817435
0.3976026900007456 -0.03895091293821717
0.41318177940742384 -0.03847705149094105
0.4288482924375495 -0.037878638552033696
0.44458645424049476 -0.03713192826897372
0.46038041782139083 -0.03621232239351612
0.4762142799977088 -0.03510265911267488
0.4920720974124161 -0.03380937610345189
0.5079379025875856 -0.03234427787338675
0.523795720002293 -0.03072032050240078
0.539629582178611 -0.028953662116265846
0.5554235457595071 -0.02706188426984553
0.5711617075624523 -0.02506291769486248
0.586828220592578 -0.022975676189964163
0.6024073099992563 -0.020819669903480383
0.6178832889600373 -0.018614237276422734
0.6332405744759503 -0.016382468176189106
0.6484637030622621 -0.014154245532272921
0.6635373463188956 -0.011958897630541677
0.6784463263648294 -0.009822895021636233
0.6931756311209372 -0.007762767787572171
0.7077104294258797 -0.005790364830496923
0.7220360859698254 -0.003916351716347538
0.7361381760309689 -0.002149904365508253
0.7500025000000012 -0.0004984629894014935
0.7636150976779144 0.001031848981233763
0.7769622623327369 0.0024362194839067414
0.7900305545010523 0.00371150016688491
0.8028068155203986 0.004856084376780005
0.8152781807789267 0.00586957856313644
0.8274320926689736 0.006752576012792645
0.8392563132315091 0.0075054568600331235
0.8507389364787228 0.008129363104302052
0.8618684003823451 0.008626844728223435
0.8726334985156295 0.00900121552711359
0.8830233913372739 0.009254414021581602
0.8930276171059205 0.009389414387899789
0.902636102414242 0.009411081880995683
0.9118391723320096 0.009324704919565262
0.9206275601479268 0.009132120015491414
0.9289924167004225 0.008836928572467519
0.9369253192880074 0.008445891740768357
0.9444182801502186 0.007968025856735618
0.9514637545106193 0.007412692129251324
0.9580546481737477 0.006791480493244055
0.9641843246683713 0.006118444699019804
0.9698466119298503 0.005409470157264419
0.9750358085148839 0.00468155522502513
0.9797466893423806 0.003952450393385143
0.9839745109546711 0.003240173767364897
0.9877150162937691 0.002562435423119832
0.990964438987867 0.0019360319541163215
0.9937195071437538 0.0013765815439506922
0.9959774466413335 0.0008981457486363945
0.9977359839269294 0.0005128145396044063
0.9989933483025598 0.00023035937069382998
0.9997482737088806 5.795879118337655e-05
1.0 0.0
