1.0 0.0
0.9997482711915926 1.6250788646745736e-05
0.9989933382359422 6.721828639133504e-05
0.9977359612865423 0.0001592793802561681
0.9959774064153977 0.0003021708599630718
0.9937194443381971 0.0005076652007466778
0.9909643486313533 0.0007877421526385751
0.9877148934427036 0.001152281308388972
0.9839743506981782 0.001606330846662617
0.9797464868072487 0.0021507417811238495
0.9750355588704727 0.002786676074387694
0.9698463103929542 0.0035109866939354497
0.9641839665080364 0.00431449577348517
0.958054228716035 0.005190389802117653
0.9514632691433107 0.006137879827544837
0.9444177243274618 0.0071560256712198895
0.9369246885348927 0.008244056072447322
0.9289917066174888 0.009404819766668328
0.9206267664155909 0.010643597563747264
0.9118382907149167 0.011967209667306303
0.9026351287655296 0.013381405842341817
0.8930265473713942 0.01488809445591508
0.8830222215594895 0.016488544519873544
0.872632224837878 0.01818363905004879
0.8618670190525357 0.019973073167019587
0.8507374438531613 0.021855526849079772
0.8392547057785669 0.02382899442320017
0.8274303669726433 0.02589068310479068
0.8152763335422621 0.028036890386673324
0.8028048435688343 0.030263099659954877
0.7900284547856001 0.03256390072902604
0.7769600319330563 0.0349323292457922
0.7636127338052524 0.037360137698648724
0.7500000000000012 0.03983806454589064
0.7361355373863427 0.04235267339155914
0.7220333063028884 0.044884639849735584
0.7077075065009447 0.047412661436785214
0.6931725628465657 0.04991632738801369
0.6784431107959373 0.05238260671691743
0.6635339816587122 0.05479993507101259
0.6484601876641387 0.057157180800637065
0.6332369068450188 0.05944815768407986
0.6178794677547149 0.061669307081307606
0.6024033340325966 0.06381732255482238
0.5868240888334664 0.06588666534104044
0.5711574191366438 0.06786984372227854
0.5554190999505066 0.0697595630511734
0.5396249784283953 0.07154983723469444
0.5237909579118721 0.07323648595596359
0.5079329819174049 0.07481584198748886
0.4920670180825969 0.07628354001097976
0.4762090420881297 0.07763310088692366
0.46037502157160654 0.07885818090643215
0.44458090004949524 0.07995334511054944
0.42884258086335814 0.08091503033977789
0.41317591116653546 0.08174055315480255
0.3975966659674052 0.08242757405170344
0.38212053224528686 0.08297297162734564
0.36676309315498296 0.08337389272749375
0.35153981233586296 0.08362811538304869
0.33646601834128953 0.08373306417784747
0.32155688920406433 0.0836865525609429
0.3068274371534359 0.08348738280210449
0.29229249349905695 0.08313537456439422
0.2779666936971131 0.0826313833413204
0.2638644626136587 0.08197716361837085
0.25000000000000006 0.08117328041855393
0.2363872661947488 0.08021985377507303
0.22303996806694482 0.07911837444852722
0.20997154521440087 0.07787030397486133
0.19719515643116664 0.07647731169064732
0.18472366645773874 0.07494279726135314
0.17256963302735745 0.07327038208672133
0.1607452942214339 0.07146382684013815
0.14926255614683936 0.06952893528656306
0.1381329809474649 0.06746968606854206
0.12736777516212267 0.06528722842281887
0.116977778440511 0.06298599642450636
0.10697345262860625 0.06057162523984108
0.09736487123447068 0.05804957398547547
0.0881617092850836 0.05542938005778008
0.0793732335844094 0.05271788448458996
0.07100829338251147 0.04991372309197996
0.06307531146510753 0.04702285895319449
0.05558227567253826 0.044056888047412736
0.04853673085668936 0.041028910063394854
0.041945771283965205 0.03796032432949246
0.03581603349196366 0.03486287913674991
0.030153689607045786 0.03171106188966971
0.02496444112952728 0.02850464698703228
0.020253513192751316 0.0252739271496916
0.016025649301821876 0.02206935046540542
0.012285106557296477 0.018959996649049043
0.009035651368646647 0.01597718626755333
0.006280555661802856 0.01295196314230709
0.00402259358460233 0.009895430801609267
0.0022640387134577056 0.007007282900510693
0.0010066617640577813 0.0043596433230589674
0.0002517288084074587 0.00197597311190516
0.0 0.00038866743275638887
0.0 0.0
0.0002517288084074587 -0.0019234385802941705
0.0010066617640577813 -0.004352128103918346
0.0022640387134577056 -0.00702515812649251
0.00402259358460233 -0.00987913537183009
0.006280555661802856 -0.01291175959820424
0.009035651368646647 -0.01594962415163005
0.012285106557296477 -0.01896427441220791
0.016025649301821876 -0.022089104211009677
0.020253513192751316 -0.025288492359137726
0.02496444112952728 -0.028504339490829967
0.030153689607045786 -0.031703151008436105
0.03581603349196366 -0.0348566335172511
0.041945771283965205 -0.03795996332305251
0.04853673085668936 -0.04103175429362542
0.05558227567253826 -0.04405927880478978
0.06307531146510753 -0.04702313454882481
0.07100829338251147 -0.04991276876068021
0.0793732335844094 -0.052717031394539274
0.0881617092850836 -0.055429239979890445
0.09736487123447068 -0.05804987789917856
0.10697345262860625 -0.060571915222493215
0.116977778440511 -0.06298605738641666
0.12736777516212267 -0.06528713584242897
0.1381329809474649 -0.06746959106577712
0.14926255614683936 -0.06952891097561356
0.1607452942214339 -0.07146385389770037
0.17256963302735745 -0.07327041227086518
0.18472366645773874 -0.07494280637698898
0.19719515643116664 -0.0764773040963608
0.20997154521440087 -0.07787029463040174
0.22303996806694482 -0.07911837118102215
0.2363872661947488 -0.08021985581390997
0.25000000000000006 -0.08117328324691919
0.2638644626136587 -0.08197716475148771
0.2779666936971131 -0.08263138282459068
0.29229249349905695 -0.08313537372650942
0.3068274371534359 -0.08348738241969114
0.32155688920406433 -0.08368655268114249
0.33646601834128953 -0.08373306442059139
0.35153981233586296 -0.0836281155088867
0.36676309315498296 -0.08337389270347643
0.38212053224528686 -0.0829729715586217
0.3975966659674052 -0.08242757401117025
0.41317591116653546 -0.08174055315791724
0.42884258086335814 -0.0809150303586917
0.44458090004949524 -0.07995334512330914
0.46037502157160654 -0.07885818090684156
0.4762090420881297 -0.07763310088189807
0.4920670180825969 -0.07628354000705816
0.5079329819174049 -0.07481584198693916
0.5237909579118721 -0.07323648595723645
0.5396249784283953 -0.07154983723586919
0.5554190999505066 -0.06975956305146748
0.5711574191366438 -0.06786984372197977
0.5868240888334664 -0.06588666534069965
0.6024033340325966 -0.0638173225546982
0.6178794677547149 -0.06166930708136881
0.6332369068450188 -0.05944815768417493
0.6484601876641387 -0.057157180800683466
0.6635339816587122 -0.05479993507100377
0.6784431107959373 -0.05238260671689223
0.6931725628465657 -0.04991632738799771
0.7077075065009447 -0.04741266143678462
0.7220333063028884 -0.04488463984974175
0.7361355373863427 -0.042352673391564295
0.7500000000000012 -0.0398380645458919
0.7636127338052524 -0.03736013769864745
0.7769600319330563 -0.03493232924579067
0.7900284547856001 -0.03256390072902535
0.8028048435688343 -0.030263099659955016
0.8152763335422621 -0.028036890386673712
0.8274303669726433 -0.025890683104790944
0.8392547057785669 -0.023828994423200203
0.8507374438531613 -0.02185552684907969
0.8618670190525357 -0.019973073167019496
0.872632224837878 -0.018183639050048755
0.8830222215594895 -0.01648854451987355
0.8930265473713942 -0.0148880944559151
0.9026351287655296 -0.013381405842341832
0.9118382907149167 -0.011967209667306307
0.9206267664155909 -0.01064359756374726
0.9289917066174888 -0.009404819766668323
0.9369246885348927 -0.00824405607244732
0.9444177243274618 -0.0071560256712198895
0.9514632691433107 -0.006137879827544838
0.958054228716035 -0.005190389802117654
0.9641839665080364 -0.00431449577348517
0.9698463103929542 -0.0035109866939354497
0.9750355588704727 -0.002786676074387694
0.9797464868072487 -0.0021507417811238495
0.9839743506981782 -0.001606330846662617
0.9877148934427036 -0.001152281308388972
0.9909643486313533 -0.0007877421526385751
0.9937194443381971 -0.0005076652007466778
0.9959774064153977 -0.0003021708599630718
0.9977359612865423 -0.0001592793802561681
0.9989933382359422 -6.721828639133504e-05
0.9997482711915926 -1.6250788646745736e-05
1.0 0.0
