1.0 0.0
0.9997482711915926 1.6506278272575075e-05
0.9989933382359422 6.818879189465072e-05
0.9977359612865423 0.00016123512468203642
0.9959774064153977 0.00030495057522231717
0.9937194443381971 0.0005102616879122749
0.9909643486313533 0.0007876501247726974
0.9877148934427036 0.0011445454415402957
0.9839743506981782 0.0015823274527041974
0.9797464868072487 0.002098232407839716
0.9750355588704727 0.0026885801931235166
0.9698463103929542 0.0033436592982116855
0.9641839665080364 0.004047388105985113
0.958054228716035 0.004790895443683156
0.9514632691433107 0.005571192549471778
0.9444177243274618 0.006385993101277038
0.9369246885348927 0.00723461476289437
0.9289917066174888 0.00811941941742997
0.9206267664155909 0.009045104650799015
0.9118382907149167 0.010018320875485332
0.9026351287655296 0.011042779471108185
0.8930265473713942 0.012119908396051787
0.8830222215594895 0.013251496231179263
0.872632224837878 0.014439128632269272
0.8618670190525357 0.01568302640424922
0.8507374438531613 0.016983098209900682
0.8392547057785669 0.018339129436295072
0.8274303669726433 0.019750484943260174
0.8152763335422621 0.02121613274570896
0.8028048435688343 0.022734820879123402
0.7900284547856001 0.02430495002965849
0.7769600319330563 0.025924325468600184
0.7636127338052524 0.027590401699841147
0.7500000000000012 0.02930036129303891
0.7361355373863427 0.03105139079097967
0.7220333063028884 0.03284062858822994
0.7077075065009447 0.03466499548379863
0.6931725628465657 0.03652075942222203
0.6784431107959373 0.03840294115338917
0.6635339816587122 0.04030612714522742
0.6484601876641387 0.042224833656135864
0.6332369068450188 0.04415503005397438
0.6178794677547149 0.04609340412221687
0.6024033340325966 0.048036567018857404
0.5868240888334664 0.04997942603788454
0.5711574191366438 0.05191449729917566
0.5554190999505066 0.05383401323358317
0.5396249784283953 0.05573050484998779
0.5237909579118721 0.05759788209378791
0.5079329819174049 0.0594304537229119
0.4920670180825969 0.06122257586584526
0.4762090420881297 0.06296803053792714
0.46037502157160654 0.06466035846997686
0.44458090004949524 0.06629331076154356
0.42884258086335814 0.06785964656575284
0.41317591116653546 0.06935083293013111
0.3975966659674052 0.07075871309041092
0.38212053224528686 0.07207555176439533
0.36676309315498296 0.07329388674009078
0.35153981233586296 0.07440691380201749
0.33646601834128953 0.07540799779867145
0.32155688920406433 0.07628842098233166
0.3068274371534359 0.07703970374889708
0.29229249349905695 0.07765379835081196
0.2779666936971131 0.07811720090305717
0.2638644626136587 0.07841512842843813
0.25000000000000006 0.07853539136059669
0.2363872661947488 0.07847008116766123
0.22303996806694482 0.07821487413758668
0.20997154521440087 0.07776773994796127
0.19719515643116664 0.07712858871847886
0.18472366645773874 0.07629934780537892
0.17256963302735745 0.07528403046597089
0.1607452942214339 0.07408458541818673
0.14926255614683936 0.07270177271080809
0.1381329809474649 0.07113942366109112
0.12736777516212267 0.06939874083644161
0.116977778440511 0.06747930397693777
0.10697345262860625 0.06538562355229137
0.09736487123447068 0.06312240223147021
0.0881617092850836 0.06069529245884137
0.0793732335844094 0.058115764141866574
0.07100829338251147 0.05538851713993169
0.06307531146510753 0.05251511302664671
0.05558227567253826 0.0495078772647816
0.04853673085668936 0.046378166239832694
0.041945771283965205 0.043140393776351836
0.03581603349196366 0.03982073941546066
0.030153689607045786 0.03641474564317811
0.02496444112952728 0.03291461900267728
0.020253513192751316 0.029350007223470247
0.016025649301821876 0.02575087292951344
0.012285106557296477 0.02216811614357207
0.009035651368646647 0.018677970227167533
0.006280555661802856 0.015176875051438216
0.00402259358460233 0.011653123416284446
0.0022640387134577056 0.00832316591650261
0.0010066617640577813 0.005169237779078269
0.0002517288084074587 0.0023467187154095587
0.0 0.0005843712156687318
0.0 0.0
0.0002517288084074587 -0.0022525503210159897
0.0010066617640577813 -0.005137778229163907
0.0022640387134577056 -0.00835791389707312
0.00402259358460233 -0.011611925490511281
0.006280555661802856 -0.015102037502101614
0.009035651368646647 -0.018640673707799642
0.012285106557296477 -0.022188547720351597
0.016025649301821876 -0.025787787102873147
0.020253513192751316 -0.029366948226346532
0.02496444112952728 -0.032905702608130534
0.030153689607045786 -0.036399752262980464
0.03581603349196366 -0.03981442032820503
0.041945771283965205 -0.04314394455108474
0.04853673085668936 -0.04638364286668719
0.05558227567253826 -0.04950999819957116
0.06307531146510753 -0.052513795523409824
0.07100829338251147 -0.055386639841021684
0.0793732335844094 -0.058115086064590274
0.0881617092850836 -0.06069575033272746
0.09736487123447068 -0.06312301967426111
0.10697345262860625 -0.06538583780155395
0.116977778440511 -0.06747915406733788
0.12736777516212267 -0.06939854358414424
0.1381329809474649 -0.07113935550070356
0.14926255614683936 -0.07270181931620118
0.1607452942214339 -0.07408464721086644
0.17256963302735745 -0.07528405261411608
0.18472366645773874 -0.07629933406707201
0.19719515643116664 -0.07712856964745456
0.20997154521440087 -0.07776773257357979
0.22303996806694482 -0.07821487794634578
0.2363872661947488 -0.07847008698415388
0.25000000000000006 -0.07853539387651078
0.2638644626136587 -0.07841512746366443
0.2779666936971131 -0.07811719914612873
0.29229249349905695 -0.07765379746800714
0.3068274371534359 -0.07703970394683438
0.32155688920406433 -0.07628842150093351
0.33646601834128953 -0.07540799810985022
0.35153981233586296 -0.07440691378414027
0.36676309315498296 -0.0732938865933057
0.38212053224528686 -0.07207555165670013
0.3975966659674052 -0.07075871307864551
0.41317591116653546 -0.06935083296983155
0.42884258086335814 -0.067859646603644
0.44458090004949524 -0.06629331077266612
0.46037502157160654 -0.06466035845755283
0.4762090420881297 -0.06296803051743391
0.4920670180825969 -0.06122257585245312
0.5079329819174049 -0.05943045373097183
0.5237909579118721 -0.05759788212788177
0.5396249784283953 -0.05573050489030125
0.5554190999505066 -0.05383401323484219
0.5711574191366438 -0.051914497211256
0.5868240888334664 -0.04997942589007279
0.6024033340325966 -0.04803656693951461
0.6178794677547149 -0.04609340431637956
0.6332369068450188 -0.0441550305467088
0.6484601876641387 -0.04222483411909107
0.6635339816587122 -0.04030612691557754
0.6784431107959373 -0.0384029397428977
0.6931725628465657 -0.0365207574971121
0.7077075065009447 -0.03466499489984824
0.7220333063028884 -0.032840631803916366
0.7361355373863427 -0.03105139732593596
0.7500000000000012 -0.02930036648543838
0.7636127338052524 -0.027590397277469248
0.7769600319330563 -0.02592430711806183
0.7900284547856001 -0.02430492728213685
0.8028048435688343 -0.022734816179162988
0.8152763335422621 -0.021216172745714874
0.8274303669726433 -0.019750560374657642
0.8392547057785669 -0.01833918644491636
0.8507374438531613 -0.016983047535659112
0.8618670190525357 -0.015682827375160927
0.872632224837878 -0.014438885992841297
0.8830222215594895 -0.013251439494289882
0.8930265473713942 -0.01212030059616671
0.9026351287655296 -0.011043524744604225
0.9118382907149167 -0.010018902867823497
0.9206267664155909 -0.009044706024508112
0.9289917066174888 -0.008117659445065959
0.9369246885348927 -0.007232427188183872
0.9444177243274618 -0.00638531630134322
0.9514632691433107 -0.0055743187431667954
0.958054228716035 -0.00479827634211956
0.9641839665080364 -0.0040573602840698365
0.9698463103929542 -0.003353288506984868
0.9750355588704727 -0.00269527004826747
0.9797464868072487 -0.002101447788728913
0.9839743506981782 -0.001582945233598537
0.9877148934427036 -0.0011440604244808623
0.9909643486313533 -0.0007871028491217331
0.9937194443381971 -0.0005099864478200809
0.9959774064153977 -0.0003049247897494391
0.9977359612865423 -0.00016132005337175705
0.9989933382359422 -6.826615744927775e-05
0.9997482711915926 -1.653237095194942e-05
1.0 0.0
