1.0 0.0
0.999748283778033 8.14325361608277e-06
0.9989933885690304 3.414388112012012e-05
0.997736074488478 8.251342863578102e-05
0.9959776075450769 0.00016010371473981416
0.9937197583659803 0.0002751153049367967
0.9909648004139218 0.00043572849604274277
0.9877155076980314 0.0006483756896018011
0.9839751519806432 0.0009158483529809709
0.9797474994829084 0.0012399848364703086
0.9750368070925292 0.001624117836720551
0.9698478180774346 0.0020697399314158135
0.964185757309711 0.0025762461872382287
0.9580563260045991 0.003145360304753529
0.9514656959798535 0.003780396840603111
0.9444205034412455 0.004484458225031956
0.936927842300466 0.005260685427383392
0.9289952570321579 0.006112956931574158
0.9206307350772701 0.007045326814488108
0.9118426988003809 0.008061867651309812
0.9026399970090914 0.009166683858011677
0.8930318960440257 0.010363892950677004
0.8830280704484116 0.011657558226096319
0.8726385932266361 0.013051498959886077
0.861873925701583 0.01454851234631041
0.8507449069809686 0.016150726522133188
0.839262743043278 0.017859795509668114
0.8274389954542947 0.01967650262008029
0.8152855697255851 0.02160045676031067
0.8028147033266558 0.02363049580693168
0.7900389533628609 0.025764944334005932
0.7769711839314596 0.028003059005561253
0.7636245531685621 0.03034428626396851
0.7500125000000012 0.03278753332576308
0.7361487306094734 0.03532668107522049
0.7220472046375733 0.037948231500535806
0.7077221211256197 0.04063665226277114
0.6931879042184234 0.04337112388449827
0.6784591886403976 0.04611450413195507
0.6635508049596293 0.048823424847147315
0.6484777646547555 0.051454090443077506
0.6332552449996766 0.05397908671216763
0.6178985737813272 0.05637938695579235
0.6024232138658949 0.058636589542114946
0.5868447476290247 0.0607425441987055
0.571178861265687 0.06269737832394258
0.5554413289955091 0.06450212170057602
0.5396479971794739 0.0661562979781304
0.5238147683639766 0.06765776347345866
0.507957585268309 0.06900499585785376
0.49209241473169274 0.07020109876509167
0.47623523163602527 0.07125524470351985
0.46040200282052796 0.07217749245373124
0.44460867100449275 0.07297410319721413
0.428871138734315 0.07364403489989067
0.4132052523709771 0.07418595455891383
0.39762678613410685 0.07459934421520119
0.3821514262186746 0.07488488857205626
0.3667947550003252 0.07504390974163644
0.3515722353452462 0.07507780263611274
0.33649919504037246 0.07498690888569419
0.3215908113596041 0.0747718682305418
0.30686209578157825 0.07443366680740536
0.292327878874382 0.07397235559283045
0.2780027953624282 0.07338832569402992
0.263901269390528 0.07268293012362162
0.2500375000000001 0.07185886176239113
0.23642544683143907 0.07091985159908527
0.22307881606854146 0.06986991636920638
0.21001104663714015 0.06870870750829781
0.19723529667334508 0.06743443692312634
0.18476443027441586 0.06604712976988505
0.17261100454570608 0.06454797803562054
0.16078725695672283 0.0629395540600242
0.14930509301903203 0.06122622353023918
0.13817607429841752 0.05941034204152097
0.12741140677336454 0.05749275316159206
0.11702192955158897 0.055477237032889176
0.10701810395597482 0.05336744775336881
0.09741000299090896 0.05116630150812905
0.08820730119961934 0.04888061475147933
0.07941926492273017 0.04651493540981693
0.07105474296784234 0.04406822664530125
0.06312215769953428 0.04154615646683615
0.05562949655875463 0.03895759582635462
0.048584304020146525 0.03630999950705428
0.04199367399540101 0.03361919206953883
0.035864242690289067 0.030895790703603154
0.030202181922565435 0.02812335791020181
0.025013192907470807 0.025306435188413308
0.02030250051709168 0.022470811972688562
0.016074848019356786 0.019647096199583103
0.012334492301968612 0.016887284076605585
0.009085199586078214 0.014226037725979251
0.006330241634019765 0.011540379284144897
0.004072392454923099 0.008847533213144174
0.0023139255115220327 0.006315462939454689
0.0010566114309695782 0.0039682309663684415
0.00030171622196703833 0.0019036514447607854
5e-05 0.0008571908610449547
5e-05 -0.0007
0.00030171622196703833 -0.015862573474857006
0.0010566114309695782 -0.008744163267165744
0.0023139255115220327 -0.00044948304980338335
0.004072392454923099 -0.014565573229315582
0.006330241634019765 -0.02440749739304082
0.009085199586078214 -0.022714522053766964
0.012334492301968612 -0.015249815357064645
0.016074848019356786 -0.013275524199453331
0.02030250051709168 -0.017883759387119662
0.025013192907470807 -0.025480076553934156
0.030202181922565435 -0.030682071096640194
0.035864242690289067 -0.03289945231421635
0.04199367399540101 -0.03373299808349041
0.048584304020146525 -0.035390389234176985
0.05562949655875463 -0.038174327007450784
0.06312215769953428 -0.04144191642945702
0.07105474296784234 -0.04437369291307955
0.07941926492273017 -0.04679966900744782
0.08820730119961934 -0.04893788727019649
0.09741000299090896 -0.051070940254851
0.10701810395597482 -0.05326908198254286
0.11702192955158897 -0.055450997596063444
0.12741140677336454 -0.057520956827818166
0.13817607429841752 -0.05944327757051965
0.14930509301903203 -0.06123729387067812
0.16078725695672283 -0.062931249627245
0.17261100454570608 -0.06453596552001474
0.18476443027441586 -0.06604160561710978
0.19723529667334508 -0.06743827386921133
0.21001104663714015 -0.06871979721503958
0.22307881606854146 -0.0698849726270156
0.23642544683143907 -0.07093457861864166
0.2500375000000001 -0.0718690980399187
0.263901269390528 -0.07268701701257668
0.2780027953624282 -0.0733876569714392
0.292327878874382 -0.07397028267531358
0.30686209578157825 -0.07443241169377164
0.3215908113596041 -0.07477194915123699
0.33649919504037246 -0.07498749122158335
0.3515722353452462 -0.07507820078614033
0.3667947550003252 -0.07504392205553037
0.3821514262186746 -0.07488473010058407
0.39762678613410685 -0.07459922220602125
0.4132052523709771 -0.07418594042518001
0.428871138734315 -0.07364407661736809
0.44460867100449275 -0.07297413942384622
0.46040200282052796 -0.0721774994462993
0.47623523163602527 -0.07125523414998668
0.49209241473169274 -0.0702010884016691
0.507957585268309 -0.06900499316041227
0.5238147683639766 -0.06765776596577906
0.5396479971794739 -0.06615630066196503
0.5554413289955091 -0.06450212248393494
0.571178861265687 -0.06269737800808299
0.5868447476290247 -0.06074254424250354
0.6024232138658949 -0.058636589952409675
0.6178985737813272 -0.056379386295822134
0.6332552449996766 -0.05397908399820122
0.6484777646547555 -0.051454087533749554
0.6635508049596293 -0.04882342642567127
0.6784591886403976 -0.046114513686531806
0.6931879042184234 -0.043371136072618985
0.7077221211256197 -0.04063665264180671
0.7220472046375733 -0.037948203931740344
0.7361487306094734 -0.03532663516422556
0.7500125000000012 -0.03278750900297736
0.7636245531685621 -0.03034434498297838
0.7769711839314596 -0.02800320687051687
0.7900389533628609 -0.025765085986606085
0.8028147033266558 -0.023630446701499223
0.8152855697255851 -0.02160007338415962
0.8274389954542947 -0.019675950041139277
0.839262743043278 -0.017859539537552923
0.8507449069809686 -0.01615141404959164
0.861873925701583 -0.014550157022392079
0.8726385932266361 -0.01305310043481841
0.8830280704484116 -0.011657296326695177
0.8930318960440257 -0.010359926227427022
0.9026399970090914 -0.009158928596767915
0.9118426988003809 -0.008051933465211008
0.9206307350772701 -0.007036029691644058
0.9289952570321579 -0.006106591080556181
0.936927842300466 -0.005257788522498037
0.9444205034412455 -0.004484207843397265
0.9514656959798535 -0.0037812026695476352
0.9580563260045991 -0.0031461172848864186
0.964185757309711 -0.0025765559018666078
0.9698478180774346 -0.002069688660882057
0.9750368070925292 -0.0016239740835514926
0.9797474994829084 -0.0012398870201830716
0.9839751519806432 -0.0009158235149028922
0.9877155076980314 -0.0006483898067082743
0.9909648004139218 -0.00043574626467131317
0.9937197583659803 -0.0002751246871639305
0.9959776075450769 -0.00016010495731713377
0.997736074488478 -8.251091177538063e-05
0.9989933885690304 -3.414147057846423e-05
0.999748283778033 -8.14242998372658e-06
1.0 0.0
