1.0 0.0
0.9997482737088806 6.676962159179081e-05
0.9989933483025598 0.000269786081675142
0.9977359839269294 0.0006165059260398051
0.9959774466413335 0.0011171451808352317
0.9937195071437538 0.0017813943059404262
0.990964438987867 0.002613883337357255
0.9877150162937691 0.0036084606140786694
0.9839745109546711 0.004742077516517679
0.9797466893423806 0.00598820564523773
0.9750358085148839 0.007329481961794088
0.9698466119298503 0.008746277408660817
0.9641843246683713 0.010219982181775578
0.9580546481737477 0.011748302379122782
0.9514637545106193 0.013340847690670338
0.9444182801502186 0.015017042927151872
0.9369253192880074 0.01678826035015285
0.9289924167004225 0.01865529775437718
0.9206275601479268 0.020619925313004307
0.9118391723320096 0.022683729310001
0.902636102414242 0.02484498146832434
0.8930276171059205 0.027101235164901257
0.8830233913372739 0.029449853077811287
0.8726334985156295 0.03188781416193748
0.8618684003823451 0.03441175849331014
0.8507389364787228 0.03701804994805164
0.8392563132315091 0.03970170462995141
0.8274320926689736 0.042455701955447366
0.8152781807789267 0.045272161838219305
0.8028068155203986 0.04814264530795973
0.7900305545010523 0.05105869157444153
0.7769622623327369 0.05401138490289119
0.7636150976779144 0.05699107929718135
0.7500025000000012 0.059986302161700776
0.7361381760309689 0.06298431760561046
0.7220360859698254 0.0659717572725216
0.7077104294258797 0.06893557790817441
0.6931756311209372 0.07186302966759203
0.6784463263648294 0.07474097142083735
0.6635373463188956 0.07755378220036893
0.6484637030622621 0.08028289640720473
0.6332405744759503 0.08290912422453169
0.6178832889600373 0.08540986026582571
0.6024073099992563 0.08775757596974686
0.586828220592578 0.08992413312826023
0.5711617075624523 0.09188797947882554
0.5554235457595071 0.09363868820845433
0.539629582178611 0.09516760586691823
0.523795720002293 0.0964713099760698
0.5079379025875856 0.09755436419596086
0.4920720974124161 0.09842295126928483
0.4762142799977088 0.09908583786230528
0.46038041782139083 0.09955523496178925
0.44458645424049476 0.09984419700544019
0.4288482924375495 0.09996305030046695
0.41318177940742384 0.09991743795130184
0.3976026900007456 0.09971307451381038
0.38212671103996443 0.09935462285454877
0.36676942552405145 0.0988446370938662
0.35154629693773964 0.09818605752352778
0.3364726536811061 0.09738213486163574
0.3215636736351723 0.09643614637033181
0.3068343688790644 0.095351989858954
0.292299570574122 0.09413344535025178
0.27797391403017613 0.09278331881862381
0.2638718239690326 0.0913050825696551
0.25000750000000005 0.0897022562030434
0.23639490232208688 0.08797722086042084
0.22304773766726416 0.08613324291055612
0.20997944549894873 0.0841740993960613
0.19720318447960236 0.08210275434692273
0.18473181922107418 0.07992335017701811
0.17257790733102718 0.07764057994421707
0.16075368676849172 0.0752572165902647
0.14927106352127792 0.07277745762687748
0.13814159961765543 0.07020672630007234
0.12737650148437105 0.06754843611994285
0.11698660866272659 0.06480791025675986
0.10698238289407996 0.06199228575613269
0.09737389758575835 0.059105362560676646
0.08817082766799075 0.05615331477966124
0.07938243985207355 0.05314502436647034
0.07101758329957764 0.050082789099501715
0.06308468071199289 0.04697198074088144
0.05559171984978154 0.0438242070231343
0.048546245489380795 0.04064777864872219
0.041955351826252374 0.03745608891452497
0.03582567533162875 0.034267654436668786
0.030163388070149715 0.031068892427966708
0.02497419148511599 0.02785151760910684
0.02026331065761939 0.024638073539166177
0.01603548904532886 0.021465877856925487
0.012294983706230904 0.018389836919667564
0.00904556101213296 0.015470256818694707
0.006290492856246238 0.012581283171216364
0.004032553358666483 0.00965748541749469
0.002274016073070571 0.006877455558596046
0.0010166516974401407 0.00428736413117228
0.00026172629111937464 0.0019716565373906173
1e-05 0.0005975049333321155
1e-05 -0.00041
0.00026172629111937464 -0.005602219039757926
0.0010166516974401407 -0.0026235917310895294
0.002274016073070571 -0.0048878177980632665
0.004032553358666483 -0.005698651550244446
0.006290492856246238 -0.008129837035467448
0.00904556101213296 -0.010339343090829876
0.012294983706230904 -0.011966175551177747
0.01603548904532886 -0.013485028391304131
0.02026331065761939 -0.01534987075552053
0.02497419148511599 -0.017500232398695185
0.030163388070149715 -0.019754890411326026
0.03582567533162875 -0.021896212770616295
0.041955351826252374 -0.02389593268348847
0.048546245489380795 -0.025809883690737945
0.05559171984978154 -0.02773594988629677
0.06308468071199289 -0.029701114471355986
0.07101758329957764 -0.031676022189523
0.07938243985207355 -0.03362617853215056
0.08817082766799075 -0.0355297390233279
0.09737389758575835 -0.03738849212161389
0.10698238289407996 -0.039212331789032384
0.11698660866272659 -0.04101206764316771
0.12737650148437105 -0.04278490091022808
0.13814159961765543 -0.044526629538616726
0.14927106352127792 -0.04623449908681302
0.16075368676849172 -0.047905426841261985
0.17257790733102718 -0.04953688447809936
0.18473181922107418 -0.05112761386874156
0.19720318447960236 -0.05267518589179591
0.20997944549894873 -0.05417583212823349
0.22304773766726416 -0.05562645243471481
0.23639490232208688 -0.057024102066469344
0.25000750000000005 -0.05836542237966831
0.2638718239690326 -0.059647529546813884
0.27797391403017613 -0.06086755285095998
0.292299570574122 -0.06202110075850208
0.3068343688790644 -0.06310367878910791
0.3215636736351723 -0.06411110579753067
0.3364726536811061 -0.06503942735410029
0.35154629693773964 -0.06588498986339776
0.36676942552405145 -0.06664440732741556
0.38212671103996443 -0.06731345465939814
0.3976026900007456 -0.06788737667689577
0.41318177940742384 -0.0683616399914114
0.4288482924375495 -0.0687303668607304
0.44458645424049476 -0.068986180425324
0.46038041782139083 -0.06912193569711356
0.4762142799977088 -0.06913176227944455
0.4920720974124161 -0.06901162347731354
0.5079379025875856 -0.0687580576165564
0.523795720002293 -0.0683630593424764
0.539629582178611 -0.06780900089835022
0.5554235457595071 -0.0670778174230504
0.5711617075624523 -0.06614642787026763
0.586828220592578 -0.06497881023459985
0.6024073099992563 -0.06353892986302904
0.6178832889600373 -0.061802192719322274
0.6332405744759503 -0.059768142795920416
0.6484637030622621 -0.05744116374082189
0.6635373463188956 -0.05483613283930488
0.6784463263648294 -0.05198958877722976
0.6931756311209372 -0.04894035023431248
0.7077104294258797 -0.04573583641236478
0.7220360859698254 -0.04244526078269708
0.7361381760309689 -0.03913683986315026
0.7500025000000012 -0.035868658447623526
0.7636150976779144 -0.032675469763894155
0.7769622623327369 -0.029584260882072156
0.7900305545010523 -0.026618360172123833
0.8028068155203986 -0.023792028192227522
0.8152781807789267 -0.021113692892483226
0.8274320926689736 -0.018589941576354626
0.8392563132315091 -0.01622633280811422
0.8507389364787228 -0.014028117476606023
0.8618684003823451 -0.011998673011726144
0.8726334985156295 -0.010139314899880784
0.8830233913372739 -0.00844887186283138
0.8930276171059205 -0.0069240670439290825
0.902636102414242 -0.005560160816456781
0.9118391723320096 -0.004351420808660176
0.9206275601479268 -0.0032927952500820244
0.9289924167004225 -0.002378323257506588
0.9369253192880074 -0.0016004322908157985
0.9444182801502186 -0.0009509993540496236
0.9514637545106193 -0.00042349776886040785
0.9580546481737477 -9.881917683203823e-06
0.9641843246683713 0.00029991784855392425
0.9698466119298503 0.0005161632473480329
0.9750358085148839 0.0006470257564071094
0.9797466893423806 0.000703094448936377
0.9839745109546711 0.000697447014111835
0.9877150162937691 0.0006428537322626961
0.990964438987867 0.0005494170273193796
0.9937195071437538 0.00043081702941643023
0.9959774466413335 0.00030326975802324443
0.9977359839269294 0.00018325519435110184
0.9989933483025598 8.56146762602049e-05
0.9997482737088806 2.204360946428712e-05
1.0 0.0
