1.0 0.0
0.9997482737088806 8.506576071700417e-05
0.9989933483025598 0.0003425974105697457
0.9977359839269294 0.0007787589890369155
0.9959774466413335 0.0014010387196642063
0.9937195071437538 0.0022141120844498463
0.990964438987867 0.003214131360712945
0.9877150162937691 0.004381521824318543
0.9839745109546711 0.00567730910807252
0.9797466893423806 0.007069061173188006
0.9750358085148839 0.008529266789871965
0.9698466119298503 0.010028717522444214
0.9641843246683713 0.011550640881965982
0.9580546481737477 0.013097541858759294
0.9514637545106193 0.014686699670241775
0.9444182801502186 0.016336920616219244
0.9369253192880074 0.018049904683919107
0.9289924167004225 0.019828294833784878
0.9206275601479268 0.02167576653572778
0.9118391723320096 0.023585383541433882
0.902636102414242 0.025545449864655213
0.8930276171059205 0.027543636731022874
0.8830233913372739 0.0295811094959853
0.8726334985156295 0.03167298474686274
0.8618684003823451 0.03383947789338733
0.8507389364787228 0.03608932423646269
0.8392563132315091 0.03840220881763092
0.8274320926689736 0.04075083726675329
0.8152781807789267 0.04310970054305575
0.8028068155203986 0.045477468368353216
0.7900305545010523 0.04786147619808012
0.7769622623327369 0.050269935075258315
0.7636150976779144 0.052699988413738796
0.7500025000000012 0.05514081268726969
0.7361381760309689 0.057580825819865955
0.7220360859698254 0.06001050058080319
0.7077104294258797 0.06242337433231199
0.6931756311209372 0.06481320282535728
0.6784463263648294 0.06717363126989363
0.6635373463188956 0.06949799336822964
0.6484637030622621 0.0717796318864765
0.6332405744759503 0.07401152988801599
0.6178832889600373 0.07618487497676042
0.6024073099992563 0.07829039541249654
0.586828220592578 0.08031907315634604
0.5711617075624523 0.08226334478835969
0.5554235457595071 0.08411645828153638
0.539629582178611 0.08587189130901965
0.523795720002293 0.08752264591752937
0.5079379025875856 0.08906156185713027
0.4920720974124161 0.0904818648432219
0.4762142799977088 0.09177690159168773
0.46038041782139083 0.09294022784567661
0.44458645424049476 0.09396595336264166
0.4288482924375495 0.09484854443227343
0.41318177940742384 0.0955828379854217
0.3976026900007456 0.09616438451062834
0.38212671103996443 0.09658908382659699
0.36676942552405145 0.09685306799762061
0.35154629693773964 0.09695334350439136
0.3364726536811061 0.09688787360721474
0.3215636736351723 0.0966556083140261
0.3068343688790644 0.096256495749849
0.292299570574122 0.09568882545739374
0.27797391403017613 0.09494728550293442
0.2638718239690326 0.0940278049678035
0.25000750000000005 0.09292896972838537
0.23639490232208688 0.09165270956791867
0.22304773766726416 0.09020274798634531
0.20997944549894873 0.08858497811682291
0.19720318447960236 0.08680792054299552
0.18473181922107418 0.08488146897977701
0.17257790733102718 0.0828135974867047
0.16075368676849172 0.08060779751697393
0.14927106352127792 0.07826936692498
0.13814159961765543 0.07580418818462499
0.12737650148437105 0.07321705750112036
0.11698660866272659 0.07051566466417784
0.10698238289407996 0.06770715674952009
0.09737389758575835 0.06479508939224389
0.08817082766799075 0.06178739792185044
0.07938243985207355 0.05869122034001818
0.07101758329957764 0.05550851431862744
0.06308468071199289 0.052248570602743474
0.05559171984978154 0.048923218098346925
0.048546245489380795 0.04554272268341337
0.041955351826252374 0.042127049893392554
0.03582567533162875 0.038683297178754225
0.030163388070149715 0.0351953838738929
0.02497419148511599 0.03167507517925834
0.02026331065761939 0.02815077671108345
0.01603548904532886 0.024658865395622658
0.012294983706230904 0.021262766851573876
0.00904556101213296 0.017937482501851298
0.006290492856246238 0.014581566843101385
0.004032553358666483 0.011295082210092221
0.002274016073070571 0.00817773190697633
0.0010166516974401407 0.005327307656065872
0.00026172629111937464 0.0025133038103690745
1e-05 0.0011256219939929782
1e-05 -0.00037
0.00026172629111937464 0.0013993615358421964
0.0010166516974401407 -0.003067568712629763
0.002274016073070571 -0.005382446504678871
0.004032553358666483 -0.00757549097698343
0.006290492856246238 -0.009484704701056555
0.00904556101213296 -0.011702180319896482
0.012294983706230904 -0.014126659922214438
0.01603548904532886 -0.016481265853902638
0.02026331065761939 -0.018742793773813295
0.02497419148511599 -0.02099492684742503
0.030163388070149715 -0.0233268980019813
0.03582567533162875 -0.02570727658316714
0.041955351826252374 -0.028090071553175194
0.048546245489380795 -0.03043422580228945
0.05559171984978154 -0.0327266631830282
0.06308468071199289 -0.0349723711615605
0.07101758329957764 -0.037187244511059016
0.07938243985207355 -0.03936701510695827
0.08817082766799075 -0.04150024784193896
0.09737389758575835 -0.04357914778903944
0.10698238289407996 -0.045597330338555474
0.11698660866272659 -0.04755055361694163
0.12737650148437105 -0.049438166551794366
0.13814159961765543 -0.0512560975545725
0.14927106352127792 -0.052995592747884984
0.16075368676849172 -0.05464908188943861
0.17257790733102718 -0.056208429474638937
0.18473181922107418 -0.05766379572178262
0.19720318447960236 -0.0590060008900865
0.20997944549894873 -0.06022564683298029
0.22304773766726416 -0.061312052411931564
0.23639490232208688 -0.06225486902188678
0.25000750000000005 -0.06303895778725868
0.2638718239690326 -0.06363716662844834
0.27797391403017613 -0.06401955791667231
0.292299570574122 -0.0641617405014984
0.3068343688790644 -0.06405547201996263
0.3215636736351723 -0.06369611147762828
0.3364726536811061 -0.06308060955722924
0.35154629693773964 -0.06220792500091882
0.36676942552405145 -0.06107851200305778
0.38212671103996443 -0.05969715777049652
0.3976026900007456 -0.05807828091804055
0.41318177940742384 -0.05623944524871848
0.4288482924375495 -0.05420244826848125
0.44458645424049476 -0.051999393276436934
0.46038041782139083 -0.04966576617297483
0.4762142799977088 -0.0472363039932163
0.4920720974124161 -0.04473586914397914
0.5079379025875856 -0.042186204782954775
0.523795720002293 -0.03960890063683329
0.539629582178611 -0.03702050916436879
0.5554235457595071 -0.034434035003773414
0.5711617075624523 -0.03186227031993274
0.586828220592578 -0.029317680264957627
0.6024073099992563 -0.026812245373357392
0.6178832889600373 -0.02435749582337106
0.6332405744759503 -0.021964267825167007
0.6484637030622621 -0.019641718363858935
0.6635373463188956 -0.017397959842001553
0.6784463263648294 -0.015240443863212107
0.6931756311209372 -0.013175659473156038
0.7077104294258797 -0.011208945006525486
0.7220360859698254 -0.009344862943194261
0.7361381760309689 -0.007587261263356539
0.7500025000000012 -0.005939685675141762
0.7636150976779144 -0.004405115789310219
0.7769622623327369 -0.0029856438927868575
0.7900305545010523 -0.0016825239843968193
0.8028068155203986 -0.0004963275477541413
0.8152781807789267 0.0005732340781689786
0.8274320926689736 0.0015273411017301807
0.8392563132315091 0.002367411180245113
0.8507389364787228 0.0030946252976276267
0.8618684003823451 0.0037111340469995913
0.8726334985156295 0.004220109399280754
0.8830233913372739 0.004624480927733334
0.8930276171059205 0.004926987775276091
0.902636102414242 0.005131696989801102
0.9118391723320096 0.0052438729287909375
0.9206275601479268 0.005268501092916038
0.9289924167004225 0.005210894340918587
0.9369253192880074 0.0050778959430542135
0.9444182801502186 0.004877408078534256
0.9514637545106193 0.004615664317775846
0.9580546481737477 0.004299251894672076
0.9641843246683713 0.003936952208785567
0.9698466119298503 0.0035389938267722998
0.9750358085148839 0.0031147644790860394
0.9797466893423806 0.002674684329214341
0.9839745109546711 0.0022310320737905834
0.9877150162937691 0.0017966391483524293
0.990964438987867 0.0013820823752324035
0.9937195071437538 0.0009991959373648657
0.9959774466413335 0.0006614117722070434
0.9977359839269294 0.0003820901217791079
0.9989933483025598 0.00017311549474835464
0.9997482737088806 4.378440808304448e-05
1.0 0.0
