1.0 0.0
0.999748459988199 6.899277374936348e-05
0.9989940932322652 0.00027894801468212916
0.9977376593155773 0.000638267019710419
0.9959804233605861 0.0011591943862161427
0.9937241547549435 0.001855207172857897
0.9909711253698797 0.0027374104629227665
0.9877241072726215 0.0038099894275982157
0.9839863699351545 0.005065418776634813
0.9797616769421433 0.006488200605356338
0.9750542822013198 0.008054069797795271
0.9698689256601595 0.009722597748664704
0.9642108285331553 0.011451323423456342
0.9580856880444979 0.013221243075407665
0.9514996716914532 0.015019495626379543
0.9444594110342163 0.016838180493935435
0.9369719950184916 0.01867791156590591
0.9290449628375257 0.020547828727373405
0.9206862963407793 0.02246444799781137
0.9119044119968805 0.02443424777235592
0.9027081524189555 0.026456034405618497
0.8931067774608656 0.028530212889464737
0.8831099548933199 0.03065724655264647
0.8727277506692496 0.03283643833861198
0.8619706187882463 0.03506798972294635
0.8508493907702714 0.03735214844996943
0.839375264749233 0.03968593707585383
0.8275597941974138 0.04206562181245955
0.8154148762921054 0.04448755302923076
0.8029527399361577 0.04694811215860881
0.7901859334445109 0.049443741375335276
0.7771273119091066 0.05197097735581126
0.7637900242548985 0.054525807608018395
0.7501875000000012 0.05710333041766841
0.736333435733303 0.05969852160890425
0.7222417813231613 0.062306191361692846
0.707926725871069 0.06492073279638612
0.6934026834244308 0.06753640518383656
0.6786842784628404 0.07014721328863348
0.6637863311724682 0.07274564829894266
0.6487238425233907 0.07532344778687078
0.633511979164885 0.07787228932055391
0.6181660581538989 0.08038479290605895
0.6027015315320722 0.08285443767327352
0.5871339707668413 0.08527479775761854
0.5714790510722912 0.08763810000306468
0.5557525356255438 0.08993461114848991
0.539970259694574 0.0921545678457533
0.5241481146934382 0.09428865255587371
0.5083020321809668 0.0963283840033943
0.4924479678190349 0.09826569483574296
0.47660188530656356 0.1000925428039803
0.4607797403054278 0.10180010719854911
0.4449974643744581 0.10337984870587963
0.42927094892771056 0.1048233321547002
0.41361602923316054 0.10612053907038738
0.39804846846792963 0.10726165376236887
0.38258394184610284 0.10823776700550575
0.3672380208351167 0.10904077176261269
0.35202615747661103 0.10966361274791152
0.33696366882753354 0.11009933779756463
0.32206572153716123 0.11033593008015595
0.3073473165755708 0.11036093063966558
0.2928232741289326 0.11016409179091498
0.2785082186768402 0.10973785759206296
0.2644165642666984 0.1090770915753716
0.2505625 0.10817836810987777
0.23695997574510275 0.10703791517490623
0.2236226880908946 0.10565388380520212
0.21056406655549006 0.10402685648904145
0.19779726006384327 0.10215887714323812
0.18533512370789543 0.10005467407055627
0.17319020580258693 0.09772311086510896
0.16137473525076784 0.09517879096447872
0.14990060922972923 0.09243882976684828
0.1387793812117543 0.08951779904113276
0.12802224933075107 0.08642452494824186
0.11764004510668061 0.08317082963601306
0.10764322253913479 0.07977034180017575
0.09804184758104482 0.07623782958553015
0.08884558800311979 0.0725917078554591
0.0800637036592211 0.06884207578035476
0.07170503716247459 0.06499303905173942
0.06377800498150869 0.061057775443912526
0.05629058896578386 0.057055725787177346
0.049250328308546844 0.053012665606140694
0.04266431195550223 0.04895767571838645
0.03653917146684469 0.04487314678119084
0.0308810743398405 0.040735439968571825
0.025695717798680136 0.036563705589404055
0.020988323057856754 0.03244183595992417
0.01676363006484551 0.0284751924452168
0.013025892727378505 0.02472624460427747
0.009778874630120163 0.020985066126200668
0.007025845245056503 0.017133609164035748
0.004769576639413878 0.01332124411857781
0.003012340684422612 0.00984515343383601
0.001755906767734738 0.007046727920102558
0.0010015400118011531 0.005229457920783615
0.00075 0.004599459394486963
0.00075 -0.00435
0.0010015400118011531 -0.004763018227045236
0.001755906767734738 -0.005956669509587055
0.003012340684422612 -0.007801285509863799
0.004769576639413878 -0.01010246859069725
0.007025845245056503 -0.01263335237814561
0.009778874630120163 -0.015179142286867042
0.013025892727378505 -0.01759331962176565
0.01676363006484551 -0.019864727925327806
0.020988323057856754 -0.022173674238298986
0.025695717798680136 -0.0246274291465607
0.0308810743398405 -0.027156861026014327
0.03653917146684469 -0.02966449101047074
0.04266431195550223 -0.032070194251865886
0.049250328308546844 -0.03436061330427978
0.05629058896578386 -0.036552906342384145
0.06377800498150869 -0.03867042103166834
0.07170503716247459 -0.04069647367138867
0.0800637036592211 -0.042610588155265285
0.08884558800311979 -0.04439675870645513
0.09804184758104482 -0.046043400519554675
0.10764322253913479 -0.04754450790845759
0.11764004510668061 -0.048897877640267644
0.12802224933075107 -0.0500933737682932
0.1387793812117543 -0.051119565043320395
0.14990060922972923 -0.051967809274500724
0.16137473525076784 -0.052632161448827645
0.17319020580258693 -0.05310968278498089
0.18533512370789543 -0.053400366320190545
0.19779726006384327 -0.0535035404135219
0.21056406655549006 -0.053418836614624876
0.2236226880908946 -0.053148347743491246
0.23695997574510275 -0.05269609894485215
0.2505625 -0.0520680431717226
0.2644165642666984 -0.05127248608206059
0.2785082186768402 -0.05031806288001882
0.2928232741289326 -0.049212622184938104
0.3073473165755708 -0.047965579996415514
0.32206572153716123 -0.04658786235262349
0.33696366882753354 -0.04509149908804966
0.35202615747661103 -0.043489911022403974
0.3672380208351167 -0.041798041742422194
0.38258394184610284 -0.04003309565929358
0.39804846846792963 -0.03821382361406393
0.41361602923316054 -0.03635974157659641
0.42927094892771056 -0.03448528658553282
0.4449974643744581 -0.032599427186842736
0.4607797403054278 -0.030711089574959754
0.47660188530656356 -0.02882894690471182
0.4924479678190349 -0.026960451568679728
0.5083020321809668 -0.025112781123894458
0.5241481146934382 -0.02329295113341328
0.539970259694574 -0.02150636235752513
0.5557525356255438 -0.01975704562158824
0.5714790510722912 -0.01804882399348627
0.5871339707668413 -0.016385505184266458
0.6027015315320722 -0.014771314454546042
0.6181660581538989 -0.013210348483643646
0.633511979164885 -0.011706390274329702
0.6487238425233907 -0.0102626214519274
0.6637863311724682 -0.008881583019003646
0.6786842784628404 -0.007565462029981448
0.6934026834244308 -0.00631610826129732
0.707926725871069 -0.005135095247906806
0.7222417813231613 -0.004023653504942602
0.736333435733303 -0.0029826274311290095
0.7501875000000012 -0.002012559192379586
0.7637900242548985 -0.0011137953691008906
0.7771273119091066 -0.0002862918506504441
0.7901859334445109 0.0004703273345430508
0.8029527399361577 0.0011548261845608012
0.8154148762921054 0.0017646378387257881
0.8275597941974138 0.002298082080265318
0.839375264749233 0.002755209218271064
0.8508493907702714 0.003142803824656179
0.8619706187882463 0.0034701334650454724
0.8727277506692496 0.003745682711406265
0.8831099548933199 0.003971075105317055
0.8931067774608656 0.004127046715059892
0.9027081524189555 0.004194942773081767
0.9119044119968805 0.004162444686262683
0.9206862963407793 0.0040498280062304815
0.9290449628375257 0.003924359674604692
0.9369719950184916 0.003842012631259499
0.9444594110342163 0.0038382665880512886
0.9514996716914532 0.0038278837723468204
0.9580856880444979 0.0036390621126195077
0.9642108285331553 0.0031618245315398245
0.9698689256601595 0.0023716137973426037
0.9750542822013198 0.0016099350870271997
0.9797616769421433 0.001207723786915482
0.9839863699351545 0.0010319838058600252
0.9877241072726215 0.0009313274174621208
0.9909711253698797 0.0008241380561404031
0.9937241547549435 0.0006799431082182716
0.9959804233605861 0.0005027040274616449
0.9977376593155773 0.000316260729184889
0.9989940932322652 0.0001521351559458785
0.999748459988199 3.9864682253156446e-05
1.0 0.0
