1.0 0.0
0.9997482737088806 7.167932744483408e-05
0.9989933483025598 0.0002889097620669098
0.9977359839269294 0.0006579059220047947
0.9959774466413335 0.0011878213744980716
0.9937195071437538 0.001888959886864068
0.990964438987867 0.002770305880244471
0.9877150162937691 0.0038364083504014226
0.9839745109546711 0.00508410691146979
0.9797466893423806 0.006505598754849807
0.9750358085148839 0.008088418916011393
0.9698466119298503 0.00981023359226179
0.9641843246683713 0.011645234902851187
0.9580546481737477 0.013581206622568289
0.9514637545106193 0.015609339520165523
0.9444182801502186 0.01772259261319424
0.9369253192880074 0.019918165698052877
0.9289924167004225 0.022197509347863357
0.9206275601479268 0.02456590404759372
0.9118391723320096 0.027026198113760228
0.902636102414242 0.029576977422969476
0.8930276171059205 0.0322177586828111
0.8830233913372739 0.034947329258832115
0.8726334985156295 0.03776062479567332
0.8618684003823451 0.040651809559474325
0.8507389364787228 0.04361509319610563
0.8392563132315091 0.046645977336667865
0.8274320926689736 0.049740575270612084
0.8152781807789267 0.0528950025541654
0.8028068155203986 0.05610283263383101
0.7900305545010523 0.05935559827802251
0.7769622623327369 0.06264430393479516
0.7636150976779144 0.06595796596559104
0.7500025000000012 0.06928320826690337
0.7361381760309689 0.07260584544380894
0.7220360859698254 0.07591556814813849
0.7077104294258797 0.0792099619172038
0.6931756311209372 0.08248798160635326
0.6784463263648294 0.08573890916718958
0.6635373463188956 0.08892597706869942
0.6484637030622621 0.09200654567398445
0.6332405744759503 0.09494456328721061
0.6178832889600373 0.0977259454613644
0.6024073099992563 0.10034081460813934
0.586828220592578 0.10278018666125331
0.5711617075624523 0.1050365622230181
0.5554235457595071 0.10710329084673047
0.539629582178611 0.10897431855462356
0.523795720002293 0.11064399495620937
0.5079379025875856 0.1121074085554285
0.4920720974124161 0.1133610879882932
0.4762142799977088 0.11440375840432598
0.46038041782139083 0.11523517729425864
0.44458645424049476 0.1158566804718452
0.4288482924375495 0.11627180971894013
0.41318177940742384 0.1164850079924714
0.3976026900007456 0.11649996266252399
0.38212671103996443 0.11631869139647125
0.36676942552405145 0.11594383422993523
0.35154629693773964 0.11537968006544602
0.3364726536811061 0.1146324627641862
0.3215636736351723 0.11370908789020992
0.3068343688790644 0.11261325615736612
0.292299570574122 0.11134468382206796
0.27797391403017613 0.10990411682731788
0.2638718239690326 0.10829487837362518
0.25000750000000005 0.1065229258299565
0.23639490232208688 0.10459523473171094
0.22304773766726416 0.10251638898347862
0.20997944549894873 0.10028889845091302
0.19720318447960236 0.09791687252346473
0.18473181922107418 0.09540409900143075
0.17257790733102718 0.09275451117640962
0.16075368676849172 0.08997415842366216
0.14927106352127792 0.08706823018069444
0.13814159961765543 0.08404213231775778
0.12737650148437105 0.08090391790383085
0.11698660866272659 0.07765927065921945
0.10698238289407996 0.07431404130567654
0.09737389758575835 0.07087772108799387
0.08817082766799075 0.06735560619687107
0.07938243985207355 0.06375396499671095
0.07101758329957764 0.06008465860557203
0.06308468071199289 0.056355718864720857
0.05559171984978154 0.05257881264690362
0.048546245489380795 0.04877116806295891
0.041955351826252374 0.0449343492382777
0.03582567533162875 0.04107697462793292
0.030163388070149715 0.0372202785197961
0.02497419148511599 0.033373187734989686
0.02026331065761939 0.029562970724840845
0.01603548904532886 0.02582065108706015
0.012294983706230904 0.02212143797705582
0.00904556101213296 0.01850112101829002
0.006290492856246238 0.015003488674806931
0.004032553358666483 0.01159066151010552
0.002274016073070571 0.00843350073621856
0.0010166516974401407 0.005446572167979409
0.00026172629111937464 0.0026258314938887944
1e-05 0.0014183660545437227
1e-05 -0.00056
0.00026172629111937464 0.003399885102650451
0.0010166516974401407 -0.0026371729102517573
0.002274016073070571 -0.0041664990956185146
0.004032553358666483 -0.005831131272655636
0.006290492856246238 -0.007028676460025197
0.00904556101213296 -0.008497899615282497
0.012294983706230904 -0.0098028765839068
0.01603548904532886 -0.011048903723167556
0.02026331065761939 -0.012322654554416258
0.02497419148511599 -0.013591987134624846
0.030163388070149715 -0.014824508904796882
0.03582567533162875 -0.01599531682954818
0.041955351826252374 -0.017093745912877836
0.048546245489380795 -0.018124731216606522
0.05559171984978154 -0.019109317439599094
0.06308468071199289 -0.020055917678477996
0.07101758329957764 -0.020957360419452686
0.07938243985207355 -0.02180933962727086
0.08817082766799075 -0.0226105511112612
0.09737389758575835 -0.023361511584097397
0.10698238289407996 -0.024066305354602024
0.11698660866272659 -0.024732286411809523
0.12737650148437105 -0.025361824206794666
0.13814159961765543 -0.025954445089945443
0.14927106352127792 -0.0265111084530622
0.16075368676849172 -0.027032968514677756
0.17257790733102718 -0.027520097239368154
0.18473181922107418 -0.027973325488713743
0.19720318447960236 -0.028394109974445494
0.20997944549894873 -0.028782554566001387
0.22304773766726416 -0.029138530590818053
0.23639490232208688 -0.02946243681193503
0.25000750000000005 -0.029754919859026306
0.2638718239690326 -0.03001679062618711
0.27797391403017613 -0.030249304458982267
0.292299570574122 -0.030453599897359823
0.3068343688790644 -0.030629154302798726
0.3215636736351723 -0.03077518887425582
0.3364726536811061 -0.03089108282178434
0.35154629693773964 -0.030976271324491697
0.36676942552405145 -0.031030271789431116
0.38212671103996443 -0.03105275029911115
0.3976026900007456 -0.031043053803462298
0.41318177940742384 -0.030999752161473205
0.4288482924375495 -0.030921413303996014
0.44458645424049476 -0.030806716124818365
0.46038041782139083 -0.030654475479647853
0.4762142799977088 -0.03046364225608596
0.4920720974124161 -0.030233228122806793
0.5079379025875856 -0.029960787764372644
0.523795720002293 -0.02964254764052755
0.539629582178611 -0.02927487583167324
0.5554235457595071 -0.028854564296095037
0.5711617075624523 -0.028379099087911353
0.586828220592578 -0.027846321408807273
0.6024073099992563 -0.027253072851303437
0.6178832889600373 -0.02658912161691295
0.6332405744759503 -0.02584238793543346
0.6484637030622621 -0.025000746906604004
0.6635373463188956 -0.02403808884686465
0.6784463263648294 -0.02291914833922888
0.6931756311209372 -0.021612076397285983
0.7077104294258797 -0.02010995152446882
0.7220360859698254 -0.01843781332780986
0.7361381760309689 -0.01662231764928322
0.7500025000000012 -0.014699104059869511
0.7636150976779144 -0.012729139970771632
0.7769622623327369 -0.010772613092517272
0.7900305545010523 -0.008881409773486872
0.8028068155203986 -0.007084233014972678
0.8152781807789267 -0.005397337782767527
0.8274320926689736 -0.003834093319317615
0.8392563132315091 -0.0024034853883099913
0.8507389364787228 -0.0011087569063441334
0.8618684003823451 4.907757673664652e-05
0.8726334985156295 0.00107052314798265
0.8830233913372739 0.001954804035705493
0.8930276171059205 0.0027007842942466773
0.902636102414242 0.0033097863051789727
0.9118391723320096 0.0037851610238895353
0.9206275601479268 0.004129589852961184
0.9289924167004225 0.004347086620198827
0.9369253192880074 0.004444536976513508
0.9444182801502186 0.004431075435991056
0.9514637545106193 0.004316410453403946
0.9580546481737477 0.004112001583378144
0.9641843246683713 0.003831419549223958
0.9698466119298503 0.003489385616716705
0.9750358085148839 0.0030994076757041235
0.9797466893423806 0.002676097698490252
0.9839745109546711 0.0022357147196797526
0.9877150162937691 0.0017954795764694004
0.990964438987867 0.0013733242306935489
0.9937195071437538 0.0009859814614033178
0.9959774466413335 0.0006481256148723681
0.9977359839269294 0.0003721184979232134
0.9989933483025598 0.0001677983237605875
0.9997482737088806 4.2313053022523986e-05
1.0 0.0
