1.0 0.0
0.999748283778033 7.038571432519853e-05
0.9989933885690304 0.00028442969068500994
0.997736074488478 0.0006503474994272357
0.9959776075450769 0.0011803547815000582
0.9937197583659803 0.0018884731503893762
0.9909648004139218 0.0027875009567674635
0.9877155076980314 0.003885190881439508
0.9839751519806432 0.0051799028592544195
0.9797474994829084 0.006663138260397109
0.9750368070925292 0.008322476900648612
0.9698478180774346 0.010134339771079491
0.964185757309711 0.012066435382123998
0.9580563260045991 0.014101865520320866
0.9514656959798535 0.01623069971346295
0.9444205034412455 0.018444716443124322
0.936927842300466 0.02074127728044118
0.9289952570321579 0.02312475955961343
0.9206307350772701 0.02560514729345555
0.9118426988003809 0.028192407680399253
0.9026399970090914 0.03088659845926247
0.8930318960440257 0.03368696717041163
0.8830280704484116 0.03659308111630629
0.8726385932266361 0.03960130161555991
0.861873925701583 0.04270626041082305
0.8507449069809686 0.04590222363574031
0.839262743043278 0.04918324823125539
0.8274389954542947 0.05254321651276782
0.8152855697255851 0.05597570710461524
0.8028147033266558 0.05947253439512972
0.7900389533628609 0.06302187902101652
0.7769711839314596 0.06661058994744341
0.7636245531685621 0.07022544340801985
0.7500125000000012 0.07385602373777365
0.7361487306094734 0.07749249067315843
0.7220472046375733 0.08112428095964272
0.7077221211256197 0.08473707151269512
0.6931879042184234 0.08831455196965904
0.6784591886403976 0.09184002059649314
0.6635508049596293 0.09529798988577803
0.6484777646547555 0.09867369530740754
0.6332552449996766 0.10195203188564056
0.6178985737813272 0.10511459104978395
0.6024232138658949 0.10814064507335149
0.5868447476290247 0.1110090542728955
0.571178861265687 0.11369465599554873
0.5554413289955091 0.11616955664131282
0.5396479971794739 0.11840725110997037
0.5238147683639766 0.12039483668411344
0.507957585268309 0.1221284343861316
0.49209241473169274 0.12360577791172524
0.47623523163602527 0.12482965721988913
0.46040200282052796 0.12580592519288472
0.44460867100449275 0.12654076847829368
0.428871138734315 0.12703709788386414
0.4132052523709771 0.12729702808206816
0.39762678613410685 0.1273237257979475
0.3821514262186746 0.12712191072077692
0.3667947550003252 0.12669738391122776
0.3515722353452462 0.12605615146418564
0.33649919504037246 0.12520233187159863
0.3215908113596041 0.12414027877996958
0.30686209578157825 0.12287574284544474
0.292327878874382 0.12141684908031856
0.2780027953624282 0.11977286872364484
0.263901269390528 0.11795227295237097
0.2500375000000001 0.11595951628207858
0.23642544683143907 0.11379945098967138
0.22307881606854146 0.11147783642027137
0.21001104663714015 0.10900043310342797
0.19723529667334508 0.10637437558612044
0.18476443027441586 0.1036063601276024
0.17261100454570608 0.1006997608921809
0.16078725695672283 0.09765974795821454
0.14930509301903203 0.0944926253522714
0.13817607429841752 0.09120400552578815
0.12741140677336454 0.0878022840117368
0.11702192955158897 0.08429569764790039
0.10701810395597482 0.08068903803864251
0.09741000299090896 0.07699113441629725
0.08820730119961934 0.07321055722904853
0.07941926492273017 0.06935162316737398
0.07105474296784234 0.06542516236351258
0.06312215769953428 0.06144315031291241
0.05562949655875463 0.05741484534827906
0.048584304020146525 0.05335868824267225
0.04199367399540101 0.0492790057302596
0.035864242690289067 0.04515841706153597
0.030202181922565435 0.041006037178527854
0.025013192907470807 0.0368579749603625
0.02030250051709168 0.03277135361735645
0.016074848019356786 0.02881425739890013
0.012334492301968612 0.024930249764673812
0.009085199586078214 0.020983575070866924
0.006330241634019765 0.017028730400224835
0.004072392454923099 0.01318155171574265
0.0023139255115220327 0.00962215578803472
0.0010566114309695782 0.006669425614710627
0.00030171622196703833 0.003516445011732945
5e-05 0.0016871485961223605
5e-05 -0.00083
0.00030171622196703833 -0.0021611273358897332
0.0010566114309695782 -0.0038308495504295803
0.0023139255115220327 -0.005597894744361493
0.004072392454923099 -0.007493202970596693
0.006330241634019765 -0.00949546578765161
0.009085199586078214 -0.011581247454192275
0.012334492301968612 -0.013686715516655474
0.016074848019356786 -0.015762182354670005
0.02030250051709168 -0.017840046127333642
0.025013192907470807 -0.019939966890827714
0.030202181922565435 -0.022030436116052998
0.035864242690289067 -0.024094179395154295
0.04199367399540101 -0.026125250394199058
0.048584304020146525 -0.02811141344496379
0.05562949655875463 -0.030049774025348974
0.06312215769953428 -0.03194918140062224
0.07105474296784234 -0.03380825720240484
0.07941926492273017 -0.03562187178249726
0.08820730119961934 -0.037390998882225114
0.09741000299090896 -0.039115692464353695
0.10701810395597482 -0.04079173914576617
0.11702192955158897 -0.04241795630061081
0.12741140677336454 -0.04399455603650905
0.13817607429841752 -0.04551811577613022
0.14930509301903203 -0.04698614610447021
0.16078725695672283 -0.0483976909331751
0.17261100454570608 -0.049749421363581146
0.18476443027441586 -0.05103739818057629
0.19723529667334508 -0.05225878932507411
0.21001104663714015 -0.05341092231477398
0.22307881606854146 -0.05449119367547927
0.23642544683143907 -0.055497922948604915
0.2500375000000001 -0.05642927077909802
0.263901269390528 -0.05728199827367412
0.2780027953624282 -0.05805322409907227
0.292327878874382 -0.05874034676243547
0.30686209578157825 -0.05934004055724193
0.3215908113596041 -0.05984912475958565
0.33649919504037246 -0.06026470106975203
0.3515722353452462 -0.06058292145383733
0.3667947550003252 -0.06079962955223778
0.3821514262186746 -0.060910749478771606
0.39762678613410685 -0.060908147412530755
0.4132052523709771 -0.06078022285723971
0.428871138734315 -0.060515241836700116
0.44460867100449275 -0.06009608672949663
0.46040200282052796 -0.05949862525590074
0.47623523163602527 -0.05869854112718603
0.49209241473169274 -0.057678090838825045
0.507957585268309 -0.05643135854019993
0.5238147683639766 -0.05495450527506863
0.5396479971794739 -0.05324979842718464
0.5554413289955091 -0.05133295268612086
0.571178861265687 -0.04922221576520398
0.5868447476290247 -0.04693719781854773
0.6024232138658949 -0.044500844518853146
0.6178985737813272 -0.04193679137959576
0.6332552449996766 -0.03926880655800393
0.6484777646547555 -0.03652215438228491
0.6635508049596293 -0.03372213313579887
0.6784591886403976 -0.030893468845643455
0.6931879042184234 -0.028064750034443465
0.7077221211256197 -0.02526681683932028
0.7220472046375733 -0.02252846454294328
0.7361487306094734 -0.019873744646671906
0.7500125000000012 -0.01731899471230216
0.7636245531685621 -0.014877985635437848
0.7769711839314596 -0.012562607356564344
0.7900389533628609 -0.01038192216314709
0.8028147033266558 -0.008342603985656429
0.8152855697255851 -0.006449667998811298
0.8274389954542947 -0.004706754505921325
0.839262743043278 -0.0031169466593243024
0.8507449069809686 -0.0016818361830441362
0.861873925701583 -0.0004012526449191097
0.8726385932266361 0.0007257659010702717
0.8830280704484116 0.0016998557318751504
0.8930318960440257 0.0025234492958464737
0.9026399970090914 0.0032009688833066095
0.9118426988003809 0.0037361931062159987
0.9206307350772701 0.004130596641410755
0.9289952570321579 0.004388449351812149
0.936927842300466 0.004517083376762379
0.9444205034412455 0.004525345298437201
0.9514656959798535 0.004422464481425044
0.9580563260045991 0.0042203750497981545
0.964185757309711 0.003933490240519988
0.9698478180774346 0.0035781568980626523
0.9750368070925292 0.00317212018987742
0.9797474994829084 0.00273374859844143
0.9839751519806432 0.0022814617614560877
0.9877155076980314 0.0018328787978976599
0.9909648004139218 0.001403881238035289
0.9937197583659803 0.0010098093765691346
0.9959776075450769 0.0006650920726440395
0.997736074488478 0.0003825368426856315
0.9989933885690304 0.00017273599295617822
0.999748283778033 4.359653615689699e-05
1.0 0.0
