1.0 0.0
0.9997484096424373 0.00010607032325989354
0.9989938918999124 0.0004270615726619516
0.9977372065078347 0.000970402484909388
0.9959796188418693 0.0017454466566528123
0.9937228986438111 0.002758975446555802
0.9909693182396061 0.00400899025514239
0.9877216502513101 0.005477324842382134
0.9839831648052941 0.007133370840842224
0.9797576262395048 0.008938000449288698
0.9750492893130939 0.010834239666838674
0.9698628949222381 0.012771947780116913
0.964203665326457 0.01472422605732701
0.9580772988902412 0.016672341330627265
0.9514899643452819 0.018606348711818946
0.9444482945790817 0.020527184971212344
0.9369593799561986 0.022447916691986314
0.9290307611788491 0.024374910405675663
0.9206704216940623 0.02630689780792005
0.9118867796550235 0.02824691033417096
0.9026886794447087 0.030192389127542053
0.8930853827703399 0.03213456486939491
0.8830865593376318 0.03406555358905195
0.8727022771142171 0.03598030369964281
0.8619429921920568 0.03787698688943679
0.8508195382590421 0.03975576774004344
0.8393431156903887 0.04161392059634517
0.8275252802708083 0.04344451956295977
0.8153779315588139 0.04524089461068288
0.8029133009048715 0.046998901055547875
0.7901439391354681 0.048717907540134
0.7770827039154932 0.05039864246236257
0.7637427468016595 0.05203916592859463
0.7501375000000012 0.053631962783313204
0.7362806628407803 0.055169026414987596
0.7221861879844218 0.05664509173459271
0.7078682673723692 0.058060707203481776
0.6933413179370002 0.05941792068905021
0.6786199670849996 0.06071698595497867
0.6637190379687999 0.06195191792271861
0.6486535345609235 0.06311578766623452
0.633438626546254 0.06420329857801342
0.6180896340474499 0.06521444672851795
0.6026220121988787 0.06615077614555796
0.587051335584608 0.06701312173357656
0.5713932825561187 0.06779745640505226
0.5556636194455339 0.06849859349696609
0.5398781846902597 0.069112403683338
0.5240528728850207 0.06963954762216347
0.5082036187773503 0.07008262248581258
0.49234638122265145 0.07044380293264861
0.4764971271149812 0.07071978504814372
0.4606718153097421 0.0709050435020432
0.444886380554468 0.0709949805371824
0.4291567174438833 0.07099049621551153
0.41349866441539385 0.07089566356259414
0.39792798780112315 0.07071447056576224
0.38246036595255195 0.07044613135821264
0.36711137345374767 0.07008685066824737
0.3518964654390782 0.06963355031825097
0.3368309620312018 0.06908647241094734
0.32193003291500205 0.06844861223949507
0.3072086820630015 0.06772327728488974
0.2926817326276325 0.06691069120562276
0.27836381201557964 0.06600826321639017
0.2642693371592212 0.06501427770126265
0.25041250000000004 0.06392965066686221
0.23680725319834167 0.06275805944537662
0.223467296084508 0.06150386133848187
0.21040606086453292 0.06016889715655833
0.1976366990951295 0.058751776048321463
0.18517206844118697 0.057252372697474185
0.1730247197291924 0.05567260259426373
0.1612068843096121 0.05401654755796197
0.14973046174095858 0.05228960255164233
0.13860700780794377 0.050494986068411615
0.1278477228857835 0.048632097372635116
0.1174634406623687 0.04670260012846277
0.1074646172296605 0.04470989169779198
0.09786132055529172 0.04265839299358858
0.0886632203449768 0.040555257936129754
0.07987957830593796 0.03840489059095511
0.07151923882115108 0.036206055598134106
0.06359062004380171 0.033962802593687676
0.056101705420918364 0.03168414818738483
0.04906003565471818 0.029382967956491438
0.04247270110975902 0.027076634316665238
0.03634633467354308 0.024764357198649
0.030687105077761907 0.022423795830245008
0.02550071068690604 0.02005578275227933
0.0207923737604953 0.017697091804555285
0.01656683519470587 0.015411877398714718
0.012828349748689963 0.013256025739282331
0.00958068176039389 0.011158761788600978
0.006827101356188864 0.00900849983812144
0.0045703811581307985 0.006863595974699528
0.002812793492165304 0.004888836308059762
0.0015561081000875494 0.003286136522588366
0.0008015903575628346 0.0022396175413537923
0.00055 0.0018758212202845846
0.00055 -0.00141
0.0008015903575628346 -0.0015296318724332125
0.0015561081000875494 -0.0018627895778484229
0.002812793492165304 -0.0023366007740857754
0.0045703811581307985 -0.0028440229733999955
0.006827101356188864 -0.0032652516603363635
0.00958068176039389 -0.0034972759045736657
0.012828349748689963 -0.003491170966879899
0.01656683519470587 -0.0032966074106492447
0.0207923737604953 -0.0030517077256395847
0.02550071068690604 -0.002779479581529687
0.030687105077761907 -0.002449011668391221
0.03634633467354308 -0.002012587808562368
0.04247270110975902 -0.0014441524671367646
0.04906003565471818 -0.0007551587035695299
0.056101705420918364 2.7618288101222457e-05
0.06359062004380171 0.0008728041101827705
0.07151923882115108 0.001775795318560528
0.07987957830593796 0.0027385923896295324
0.0886632203449768 0.003763396118541786
0.09786132055529172 0.004848197314513906
0.1074646172296605 0.005986261666594621
0.1174634406623687 0.007168833351437691
0.1278477228857835 0.008386786880940585
0.13860700780794377 0.009634925275490683
0.14973046174095858 0.010908607584347687
0.1612068843096121 0.012202806971294082
0.1730247197291924 0.01351273347349043
0.18517206844118697 0.014833919877956882
0.1976366990951295 0.016161735373013953
0.21040606086453292 0.01749127859130915
0.223467296084508 0.018817032850790873
0.23680725319834167 0.02013314066126758
0.25041250000000004 0.02143356744203373
0.2642693371592212 0.022713622657879445
0.27836381201557964 0.023970715672163332
0.2926817326276325 0.025202633730564437
0.3072086820630015 0.026407069744917484
0.32193003291500205 0.02757926340827554
0.3368309620312018 0.0287132156316788
0.3518964654390782 0.0298028821441506
0.36711137345374767 0.0308435082365355
0.38246036595255195 0.031833620798253706
0.39792798780112315 0.03277250623615555
0.41349866441539385 0.03365962033661712
0.4291567174438833 0.0344921474678586
0.444886380554468 0.03526513448322536
0.4606718153097421 0.03597370210392399
0.4764971271149812 0.036613709632970115
0.49234638122265145 0.037184330275052205
0.5082036187773503 0.03768609868383262
0.5240528728850207 0.03811982331213829
0.5398781846902597 0.03848503778866492
0.5556636194455339 0.03877831206051932
0.5713932825561187 0.038996146787163045
0.587051335584608 0.03913554351427646
0.6026220121988787 0.039196205246450795
0.6180896340474499 0.039180225248487306
0.633438626546254 0.03909003738080227
0.6486535345609235 0.03892783546644615
0.6637190379687999 0.038693007578608295
0.6786199670849996 0.03838420471626759
0.6933413179370002 0.038000611918694194
0.7078682673723692 0.037542634601413584
0.7221861879844218 0.0370129014939704
0.7362806628407803 0.03641467030175883
0.7501375000000012 0.03575144832829821
0.7637427468016595 0.03502471230504926
0.7770827039154932 0.034233723476075346
0.7901439391354681 0.03337846854029146
0.8029133009048715 0.03245998867307755
0.8153779315588139 0.0314817339330847
0.8275252802708083 0.030448675398020056
0.8393431156903887 0.029366251639609164
0.8508195382590421 0.028239300604552132
0.8619429921920568 0.027068565353231773
0.8727022771142171 0.02585486110021226
0.8830865593376318 0.024600582534802417
0.8930853827703399 0.023309256586759475
0.9026886794447087 0.021985066232470086
0.9118867796550235 0.020633587019822975
0.9206704216940623 0.019261599304918494
0.9290307611788491 0.01787044125661936
0.9369593799561986 0.01645611579274411
0.9444482945790817 0.015019353045213176
0.9514899643452819 0.013565636787954407
0.9580772988902412 0.012104110290971597
0.964203665326457 0.010647112159894669
0.9698628949222381 0.009209857169922024
0.9750492893130939 0.007809957311377704
0.9797576262395048 0.0064682578124634505
0.9839831648052941 0.00520587782913599
0.9877216502513101 0.00404245198090003
0.9909693182396061 0.0029978138893554554
0.9937228986438111 0.0020934470019681843
0.9959796188418693 0.001343814437438519
0.9977372065078347 0.0007569154148186431
0.9989938918999124 0.000336554937559443
0.9997484096424373 8.414331511123239e-05
1.0 0.0
