1.0 0.0
0.9997483265719305 -1.3551260148606725e-07
0.9989935597015303 1.991680758030269e-06
0.9977364593750593 1.3659132527688536e-05
0.9959782913859863 4.59217275567559e-05
0.9937208260604428 0.00011201560259226202
0.9909663364746544 0.0002251544132979661
0.9877175961661462 0.00039574834055295874
0.9839778763410246 0.0006281708007120498
0.9797509425801512 0.0009224864681358025
0.9750410510475211 0.0012785724644765262
0.9698529442046677 0.0016905715820129188
0.9641918460354046 0.00214577559050978
0.9580634567857175 0.0026369790650497657
0.9514739472240992 0.003163122655719839
0.9444299524281098 0.003723165121512359
0.9369385651034151 0.00431716751810764
0.9290073284420329 0.0049494803663116356
0.9206442285269795 0.005627034585828483
0.9118576862909594 0.006358822576453389
0.9026565490372013 0.007152132569615324
0.8930500815309725 0.008011418066945507
0.8830479566707464 0.008941357878039985
0.8726602457484136 0.00994656765318384
0.8618974083083442 0.011029577462408176
0.8507702816155136 0.012191896250998677
0.8392900697432956 0.01343461269446489
0.8274683322919093 0.01475818444019767
0.8153169727488828 0.01616227445599644
0.8028482265032492 0.017645946414021254
0.7900746485255473 0.019207909616186285
0.777009100726031 0.020848213071313994
0.7636647390038153 0.022567493077940117
0.7500550000000012 0.024366156999566693
0.7361935875681177 0.02624295657583611
0.7220944589755018 0.028193537813286717
0.7077718108495145 0.030212585992336085
0.6932400648827395 0.032294343792555136
0.6785138533115622 0.03443420201740468
0.6636080041827473 0.036627950479951994
0.6485375264228526 0.03887101976742415
0.6333175947255129 0.041158214243699184
0.6179635342718088 0.04348356700171151
0.6024908052991095 0.04584076000465051
0.586914987533923 0.048222797943626224
0.5712517645044337 0.05062055400337575
0.5555169077485176 0.05302409662491503
0.539726260933141 0.05542338665162535
0.5238957239011315 0.05780955808352201
0.508041236661383 0.060174688402729305
0.4921787633386187 0.06251089590387213
0.4763242760988703 0.06480858403660206
0.4604937390668608 0.06705547339163773
0.44470309225148436 0.06923931969427216
0.4289682354955682 0.07134812444049839
0.4133050124660788 0.07336995836520771
0.3977291947008924 0.07529342196230819
0.3822564657281929 0.07710739612929325
0.36690240527448886 0.07879954209553065
0.35168247357714905 0.08035792670858365
0.33661199581725443 0.08177090709541193
0.32170614668843944 0.08302259220013426
0.3069799351172622 0.08409666063802979
0.29244818915048715 0.08497804207001261
0.2781255410244997 0.0856480854064594
0.2640264124318837 0.0860884585855476
0.2501650000000001 0.0862843953463546
0.23655526099618596 0.08622665023743308
0.2232108992739701 0.08590999129018717
0.2101453514744537 0.08533247183198613
0.19737177349675178 0.08449636422608987
0.18490302725111804 0.08340711092358356
0.17275166770809142 0.08207022450285706
0.16092993025670518 0.08048524865315092
0.14944971838448706 0.0786541694897806
0.13832259169165645 0.0765885007251505
0.127559754251587 0.07431422017765427
0.11717204332925409 0.07185954658705124
0.10716991846902796 0.06924567775580008
0.0975634509627991 0.06648507520182723
0.08836231370904088 0.06359318586515071
0.07957577147302082 0.060579697044446296
0.07121267155796732 0.05745109710661942
0.0632814348965852 0.05422133784417388
0.0557900475718903 0.05090576556062764
0.04874605277590088 0.047524237796167955
0.04215654321428273 0.04409857686035139
0.036028153964595425 0.04061243086869928
0.030367055795332238 0.0370566588086558
0.025178948952478786 0.033458316102312716
0.02046905741984891 0.02988714394258461
0.016242123658975476 0.02642379075487773
0.012502403833853872 0.023059511173115832
0.009253663525345544 0.019600464044127536
0.006499173939557259 0.01604254063225622
0.004241708614013717 0.012562901299613294
0.002483540624940745 0.009431572889073822
0.0012264402984696885 0.006937384992508391
0.0004716734280696091 0.005329275365131879
0.00022 0.0047737772537780505
0.00022 0.0
0.0004716734280696091 -0.0003966726172978501
0.0012264402984696885 -0.001514206120809812
0.002483540624940745 -0.003148254955594364
0.004241708614013717 -0.005001753733428013
0.006499173939557259 -0.006749551100801597
0.009253663525345544 -0.00812764011480666
0.012502403833853872 -0.009045743968357303
0.016242123658975476 -0.009721458735115728
0.02046905741984891 -0.010586168815087523
0.025178948952478786 -0.011686560566029885
0.030367055795332238 -0.012914010051451066
0.036028153964595425 -0.014082122696993965
0.04215654321428273 -0.015086193228876133
0.04874605277590088 -0.01595394761395377
0.0557900475718903 -0.016755059137701887
0.0632814348965852 -0.017568680683707018
0.07121267155796732 -0.01839443544661146
0.07957577147302082 -0.019210302610599257
0.08836231370904088 -0.019990740209333866
0.0975634509627991 -0.020728263370387204
0.10716991846902796 -0.02143424553660975
0.11717204332925409 -0.022126288115766394
0.127559754251587 -0.022820603218636097
0.13832259169165645 -0.02351763926478308
0.14944971838448706 -0.02421524469869406
0.16092993025670518 -0.024911474801608564
0.17275166770809142 -0.02560497715213158
0.18490302725111804 -0.026294928051220454
0.19737177349675178 -0.026980834775405124
0.2101453514744537 -0.027661754878263875
0.2232108992739701 -0.02833538922171185
0.23655526099618596 -0.02899928101348541
0.2501650000000001 -0.029650884536455875
0.2640264124318837 -0.030286943781422698
0.2781255410244997 -0.030903844836486484
0.29244818915048715 -0.031497922157881476
0.3069799351172622 -0.03206605390949257
0.32170614668843944 -0.03260584583809651
0.33661199581725443 -0.03311503266374366
0.35168247357714905 -0.03359130929943655
0.36690240527448886 -0.03403200999211268
0.3822564657281929 -0.034434461863109084
0.3977291947008924 -0.03479627489534346
0.4133050124660788 -0.03511698141337364
0.4289682354955682 -0.035397328299077546
0.44470309225148436 -0.035638268186038026
0.4604937390668608 -0.03583960931287073
0.4763242760988703 -0.03599949669764891
0.4921787633386187 -0.036116093488953185
0.508041236661383 -0.036187815829671524
0.5238957239011315 -0.03621355800780862
0.539726260933141 -0.03619246449002969
0.5555169077485176 -0.036123845052261176
0.5712517645044337 -0.03600694411937986
0.586914987533923 -0.035841089186809
0.6024908052991095 -0.03562584571757409
0.6179635342718088 -0.03536117444824017
0.6333175947255129 -0.03504744930488325
0.6485375264228526 -0.03468528870302489
0.6636080041827473 -0.034274009091205454
0.6785138533115622 -0.03380957411334895
0.6932400648827395 -0.033288015633809856
0.7077718108495145 -0.0327065981303941
0.7220944589755018 -0.032066190464996404
0.7361935875681177 -0.031369072661463694
0.7500550000000012 -0.030617762224841888
0.7636647390038153 -0.029813779420046187
0.777009100726031 -0.028958212636529493
0.7900746485255473 -0.02805273116119713
0.8028482265032492 -0.027100117362676597
0.8153169727488828 -0.02610435444558138
0.8274683322919093 -0.025069840656807514
0.8392900697432956 -0.024000767089651605
0.8507702816155136 -0.02290028811822074
0.8618974083083442 -0.021771942228363383
0.8726602457484136 -0.0206198324113069
0.8830479566707464 -0.0194483222083842
0.8930500815309725 -0.01826226235079343
0.9026565490372013 -0.017067037806795447
0.9118576862909594 -0.015868127736299007
0.9206442285269795 -0.014671255487907837
0.9290073284420329 -0.013482529311853281
0.9369385651034151 -0.012301124074066071
0.9444299524281098 -0.011118451900425765
0.9514739472240992 -0.009930971778926765
0.9580634567857175 -0.008741475911747617
0.9641918460354046 -0.007559747392428935
0.9698529442046677 -0.006398237068226091
0.9750410510475211 -0.005273384191973911
0.9797509425801512 -0.004218982771817646
0.9839778763410246 -0.0032652033473971284
0.9877175961661462 -0.0024293611998553576
0.9909663364746544 -0.0017229712517131252
0.9937208260604428 -0.0011513931770742302
0.9959782913859863 -0.0007094130691224555
0.9977364593750593 -0.00038566470920034485
0.9989935597015303 -0.00016683379232895263
0.9997483265719305 -4.098990766031224e-05
1.0 0.0
