1.0 0.0
0.9997482737088806 6.191945871203613e-05
0.9989933483025598 0.00025004107800376436
0.9977359839269294 0.000571078083108878
0.9959774466413335 0.001034969353894695
0.9937195071437538 0.0016530227755153816
0.990964438987867 0.002435351921681029
0.9877150162937691 0.003387641608602385
0.9839745109546711 0.004507637117859193
0.9797466893423806 0.00578895321638176
0.9750358085148839 0.007223196546887255
0.9698466119298503 0.008794093452521277
0.9641843246683713 0.010480083103934331
0.9580546481737477 0.01227056463371418
0.9514637545106193 0.014158924972998846
0.9444182801502186 0.0161396685298988
0.9369253192880074 0.01821192854116421
0.9289924167004225 0.020380536612198477
0.9206275601479268 0.022654651786325503
0.9118391723320096 0.02504395548005088
0.902636102414242 0.02755103434648276
0.8930276171059205 0.030177994186989604
0.8830233913372739 0.03292744869287983
0.8726334985156295 0.035799192131250136
0.8618684003823451 0.03879115098575084
0.8507389364787228 0.04190090810214594
0.8392563132315091 0.04512545967673122
0.8274320926689736 0.048461054063652136
0.8152781807789267 0.051903445278999885
0.8028068155203986 0.055447550589166436
0.7900305545010523 0.0590864954464109
0.7769622623327369 0.06281241701065196
0.7636150976779144 0.06661655587979615
0.7500025000000012 0.07048819132961737
0.7361381760309689 0.07441517117464083
0.7220360859698254 0.07838439885538766
0.7077104294258797 0.08238098009410773
0.6931756311209372 0.08638840364351368
0.6784463263648294 0.09038909430483381
0.6635373463188956 0.0943597567658748
0.6484637030622621 0.09827093162210929
0.6332405744759503 0.10209134399661685
0.6178832889600373 0.10577754925429923
0.6024073099992563 0.10927257673920167
0.586828220592578 0.11251855272498024
0.5711617075624523 0.11547889125900425
0.5554235457595071 0.11813721805554536
0.539629582178611 0.12048014858830598
0.523795720002293 0.122509931093645
0.5079379025875856 0.12423932013074791
0.4920720974124161 0.1256818372979677
0.4762142799977088 0.1268470693232943
0.46038041782139083 0.12774351195089656
0.44458645424049476 0.1283811350317987
0.4288482924375495 0.12877303368310195
0.41318177940742384 0.12893367504967104
0.3976026900007456 0.1288755023422745
0.38212671103996443 0.12860298841795514
0.36676942552405145 0.12811969352837949
0.35154629693773964 0.12742997395557898
0.3364726536811061 0.1265388476407552
0.3215636736351723 0.12545215581624036
0.3068343688790644 0.1241753375847408
0.292299570574122 0.1227123047767422
0.27797391403017613 0.12106777254262041
0.2638718239690326 0.11924668338945765
0.25000750000000005 0.11725374612823325
0.23639490232208688 0.1150947995978344
0.22304773766726416 0.11277423057721916
0.20997944549894873 0.11029435662301675
0.19720318447960236 0.10765927391321156
0.18473181922107418 0.1048740001716572
0.17257790733102718 0.10194444815773868
0.16075368676849172 0.09887860288934464
0.14927106352127792 0.09568281198995487
0.13814159961765543 0.09236257958311232
0.12737650148437105 0.08892629405570249
0.11698660866272659 0.08538005087521856
0.10698238289407996 0.08172976270734633
0.09737389758575835 0.07798521707632167
0.08817082766799075 0.07415002174166885
0.07938243985207355 0.07022769136010915
0.07101758329957764 0.06622954575848435
0.06308468071199289 0.0621712207992408
0.05559171984978154 0.05807415628124261
0.048546245489380795 0.053959139788403776
0.041955351826252374 0.049802006356972066
0.03582567533162875 0.04558383057384037
0.030163388070149715 0.041324690651227354
0.02497419148511599 0.03710319381986114
0.02026331065761939 0.03300919804453967
0.01603548904532886 0.029055834618666676
0.012294983706230904 0.025024187229432192
0.00904556101213296 0.02084131639279983
0.006290492856246238 0.016665778520400704
0.004032553358666483 0.012843291350588957
0.002274016073070571 0.009647154670857753
0.0010166516974401407 0.0064338993689373545
0.00026172629111937464 0.0027840776482916728
1e-05 0.0011090355302517862
1e-05 -6e-05
0.00026172629111937464 -0.0025501906610028995
0.0010166516974401407 -0.004420272248602601
0.002274016073070571 -0.00592791895475548
0.004032553358666483 -0.00747322549143798
0.006290492856246238 -0.00906102961308076
0.00904556101213296 -0.010683146752903994
0.012294983706230904 -0.012321412929667151
0.01603548904532886 -0.013951133272847294
0.02026331065761939 -0.0155386292874657
0.02497419148511599 -0.01705875912199807
0.030163388070149715 -0.018523266833804855
0.03582567533162875 -0.019949441497138225
0.041955351826252374 -0.02132197335670725
0.048546245489380795 -0.022631568360852117
0.05559171984978154 -0.02387780791190588
0.06308468071199289 -0.025055568960676063
0.07101758329957764 -0.02616245634456687
0.07938243985207355 -0.027203456046204846
0.08817082766799075 -0.02817922227807147
0.09737389758575835 -0.029083283333203362
0.10698238289407996 -0.029911596160412873
0.11698660866272659 -0.03066557548815171
0.12737650148437105 -0.031357106009860615
0.13814159961765543 -0.03200494111248704
0.14927106352127792 -0.03262732303472561
0.16075368676849172 -0.03318648277908755
0.17257790733102718 -0.033606162295279955
0.18473181922107418 -0.03380010764913605
0.19720318447960236 -0.033769993673941796
0.20997944549894873 -0.03366675895755106
0.22304773766726416 -0.033677235094186755
0.23639490232208688 -0.03395325430039179
0.25000750000000005 -0.034398902713143005
0.2638718239690326 -0.03483232516857421
0.27797391403017613 -0.03506125222676338
0.292299570574122 -0.03504161444417378
0.3068343688790644 -0.034861606525318486
0.3215636736351723 -0.03462217052939674
0.3364726536811061 -0.034393735987747184
0.35154629693773964 -0.03416313807395191
0.36676942552405145 -0.03390415342680358
0.38212671103996443 -0.03359224871046381
0.3976026900007456 -0.03322453139797028
0.41318177940742384 -0.03280816313496388
0.4288482924375495 -0.03235068580977811
0.44458645424049476 -0.031854715066803825
0.46038041782139083 -0.03131656335466719
0.4762142799977088 -0.030732232424280654
0.4920720974124161 -0.0300988592721597
0.5079379025875856 -0.029417296956050193
0.523795720002293 -0.02868936502210667
0.539629582178611 -0.027916851560517465
0.5554235457595071 -0.027099258999740205
0.5711617075624523 -0.026234740294132038
0.586828220592578 -0.025321699304237683
0.6024073099992563 -0.02435992050810209
0.6178832889600373 -0.02335129632035323
0.6332405744759503 -0.022298099025248312
0.6484637030622621 -0.021201664865681983
0.6635373463188956 -0.020058061591804528
0.6784463263648294 -0.018862265930194876
0.6931756311209372 -0.017609954549443616
0.7077104294258797 -0.016296718411397033
0.7220360859698254 -0.014918312356847914
0.7361381760309689 -0.013471524011661679
0.7500025000000012 -0.011963020559806997
0.7636150976779144 -0.01042053665951563
0.7769622623327369 -0.008872614937352148
0.7900305545010523 -0.007345082927628561
0.8028068155203986 -0.005860874776238974
0.8152781807789267 -0.004440023760410002
0.8274320926689736 -0.0030996835921336405
0.8392563132315091 -0.0018532604717697917
0.8507389364787228 -0.0007094315435863282
0.8618684003823451 0.0003257013068660125
0.8726334985156295 0.001248097101579277
0.8830233913372739 0.00205357070272422
0.8930276171059205 0.0027382266060934865
0.902636102414242 0.0033008553393941
0.9118391723320096 0.0037425358452720177
0.9206275601479268 0.0040637342055206355
0.9289924167004225 0.004266242921420584
0.9369253192880074 0.004355035425469805
0.9444182801502186 0.004337558146120251
0.9514637545106193 0.004221390373603901
0.9580546481737477 0.004016019093535767
0.9641843246683713 0.0037336646086416326
0.9698466119298503 0.003388777915271373
0.9750358085148839 0.0029979720319837757
0.9797466893423806 0.0025786446395725682
0.9839745109546711 0.00214806915758032
0.9877150162937691 0.0017228042079396083
0.990964438987867 0.001317671506920456
0.9937195071437538 0.0009466631074247124
0.9959774466413335 0.0006228995866262388
0.9977359839269294 0.0003580034088442077
0.9989933483025598 0.00016157298455958977
0.9997482737088806 4.076636912437422e-05
1.0 0.0
