1.0 0.0
0.9997482711915926 6.966230470377682e-05
0.9989933382359422 0.0002810697004450016
0.9977359612865423 0.0006410382223628578
0.9959774064153977 0.0011594493828437505
0.9937194443381971 0.0018470538230403039
0.9909643486313533 0.0027124391343726862
0.9877148934427036 0.0037582040198612682
0.9839743506981782 0.004977521631540817
0.9797464868072487 0.006359368346706882
0.9750355588704727 0.007886432939073986
0.9698463103929542 0.009530104597609416
0.9641839665080364 0.011263712975586477
0.958054228716035 0.013073973189641562
0.9514632691433107 0.014949866029823698
0.9444177243274618 0.01688356859691293
0.9369246885348927 0.018873628088844303
0.9289917066174888 0.020923972969000813
0.9206267664155909 0.02304166831269421
0.9118382907149167 0.02522546968055355
0.9026351287655296 0.027471629986095435
0.8930265473713942 0.02977717960336087
0.8830222215594895 0.032137255087610374
0.872632224837878 0.03454555876203356
0.8618670190525357 0.03699583345746163
0.8507374438531613 0.03948094430675774
0.8392547057785669 0.04199257971515189
0.8274303669726433 0.04452214097058063
0.8152763335422621 0.047060483093803514
0.8028048435688343 0.049597594018926154
0.7900284547856001 0.05212308467555588
0.7769600319330563 0.05462738213909087
0.7636127338052524 0.05710407214739846
0.7500000000000012 0.059547670016311324
0.7361355373863427 0.061952323729293546
0.7220333063028884 0.06430899189982402
0.7077075065009447 0.06660766457736154
0.6931725628465657 0.06883888865674834
0.6784431107959373 0.07099706857180642
0.6635339816587122 0.07307851401974488
0.6484601876641387 0.0750796527740993
0.6332369068450188 0.07699376349744115
0.6178794677547149 0.07881248272884211
0.6024033340325966 0.08052784392583802
0.5868240888334664 0.08213447131442596
0.5711574191366438 0.08362895713160397
0.5554190999505066 0.08500832313455871
0.5396249784283953 0.0862687480028054
0.5237909579118721 0.08740578166753771
0.5079329819174049 0.08841540485316471
0.4920670180825969 0.08929389431355902
0.4762090420881297 0.09003785104454518
0.46037502157160654 0.09064443340073387
0.44458090004949524 0.09111189720174137
0.42884258086335814 0.09143968028481579
0.41317591116653546 0.09162779469158999
0.3975966659674052 0.09167526560012723
0.38212053224528686 0.09157972234360685
0.36676309315498296 0.09133942664351165
0.35153981233586296 0.09095437257550291
0.33646601834128953 0.09042669417666303
0.32155688920406433 0.08975929899860283
0.3068274371534359 0.08895437018151768
0.29229249349905695 0.08801259492636608
0.2779666936971131 0.08693540381996351
0.2638644626136587 0.08572472928855496
0.25000000000000006 0.0843826740944017
0.2363872661947488 0.08291236357640977
0.22303996806694482 0.0813173480643312
0.20997154521440087 0.07960100485536498
0.19719515643116664 0.077767881369537
0.18472366645773874 0.07582223019914187
0.17256963302735745 0.07376638041397787
0.1607452942214339 0.07160421987497134
0.14926255614683936 0.06934013631132202
0.1381329809474649 0.06697725879420895
0.12736777516212267 0.0645209423238486
0.116977778440511 0.06197716672909521
0.10697345262860625 0.05934992412161167
0.09736487123447068 0.05664624184761082
0.0881617092850836 0.05387235828329382
0.0793732335844094 0.051027813025668944
0.07100829338251147 0.04811739260198937
0.06307531146510753 0.0451513497976695
0.05558227567253826 0.04214299930271936
0.04853673085668936 0.03911151911876484
0.041945771283965205 0.03606384399852545
0.03581603349196366 0.0329726236983218
0.030153689607045786 0.029831832044248913
0.02496444112952728 0.026672856357025404
0.020253513192751316 0.023569909591871614
0.016025649301821876 0.02059675768670862
0.012285106557296477 0.017731374180054875
0.009035651368646647 0.014789231401064267
0.006280555661802856 0.011760153510173768
0.00402259358460233 0.008793177014678908
0.0022640387134577056 0.006119399807785026
0.0010066617640577813 0.003987343689767596
0.0002517288084074587 0.0026117297324625964
0.0 0.0021363759894584833
0.0 0.0
0.0002517288084074587 -0.0012958051264791222
0.0010066617640577813 -0.004462583700483114
0.0022640387134577056 -0.007692797501767038
0.00402259358460233 -0.009150166203688163
0.006280555661802856 -0.008716779590887246
0.009035651368646647 -0.0089324316875758
0.012285106557296477 -0.010682474152315716
0.016025649301821876 -0.013496440001762589
0.020253513192751316 -0.016082051417059293
0.02496444112952728 -0.017782236768965107
0.030153689607045786 -0.018821484958363513
0.03581603349196366 -0.019754863166207254
0.041945771283965205 -0.020971167110585113
0.04853673085668936 -0.022365933186174126
0.05558227567253826 -0.02373043000298431
0.06307531146510753 -0.02487882024547223
0.07100829338251147 -0.02582355174071142
0.0793732335844094 -0.026634037420552308
0.0881617092850836 -0.027391421983343798
0.09736487123447068 -0.02809821751582073
0.10697345262860625 -0.02872997764706056
0.116977778440511 -0.02926109807211213
0.12736777516212267 -0.02968469150298546
0.1381329809474649 -0.03000853602144553
0.14926255614683936 -0.030245057133985256
0.1607452942214339 -0.030401921356220912
0.17256963302735745 -0.03047836455168216
0.18472366645773874 -0.030474359361501294
0.19719515643116664 -0.030391046688056287
0.20997154521440087 -0.03023041739547472
0.22303996806694482 -0.02999569469272183
0.2363872661947488 -0.029690995337293625
0.25000000000000006 -0.02931881476973874
0.2638644626136587 -0.028881358888884007
0.2779666936971131 -0.028381561282568468
0.29229249349905695 -0.027822169982466578
0.3068274371534359 -0.027205624782185214
0.32155688920406433 -0.026534864257394236
0.33646601834128953 -0.025812849291478118
0.35153981233586296 -0.02504171219286862
0.36676309315498296 -0.024223729545924423
0.38212053224528686 -0.023361644351550186
0.3975966659674052 -0.02245967223559454
0.41317591116653546 -0.021522913694610415
0.42884258086335814 -0.02055675260072575
0.44458090004949524 -0.019565492377041364
0.46037502157160654 -0.018551834952426457
0.4762090420881297 -0.017518479463775948
0.4920670180825969 -0.016468478429110773
0.5079329819174049 -0.01540603836735594
0.5237909579118721 -0.014335706224747495
0.5396249784283953 -0.013262019147694157
0.5554190999505066 -0.01218889642964864
0.5711574191366438 -0.011119689447447614
0.5868240888334664 -0.010057679494525023
0.6024033340325966 -0.009006303616230947
0.6178794677547149 -0.00796959644708915
0.6332369068450188 -0.006951566998394849
0.6484601876641387 -0.005956015332741467
0.6635339816587122 -0.004986298229148188
0.6784431107959373 -0.004045372077038278
0.6931725628465657 -0.0031359482750724
0.7077075065009447 -0.0022607721285187853
0.7220333063028884 -0.001423183526707387
0.7361355373863427 -0.0006263002255483595
0.7500000000000012 0.00012716623663943513
0.7636127338052524 0.000834588993618921
0.7769600319330563 0.0014935159386623943
0.7900284547856001 0.0021020186694898774
0.8028048435688343 0.002658599369404467
0.8152763335422621 0.0031618282147855815
0.8274303669726433 0.003610756744498488
0.8392547057785669 0.004005041320347133
0.8507374438531613 0.004343841033969024
0.8618670190525357 0.004625458041220007
0.872632224837878 0.004849114941121995
0.8830222215594895 0.005014904997023704
0.8930265473713942 0.005122201681529436
0.9026351287655296 0.005170667947797503
0.9118382907149167 0.0051614179209756176
0.9206267664155909 0.005096109107072259
0.9289917066174888 0.0049745114009097586
0.9369246885348927 0.004797765832714774
0.9444177243274618 0.004569226139988233
0.9514632691433107 0.004293075261924487
0.958054228716035 0.003973331516785031
0.9641839665080364 0.0036162138500035537
0.9698463103929542 0.003229994563444105
0.9750355588704727 0.0028240492073829926
0.9797464868072487 0.0024085458046497255
0.9839743506981782 0.0019946778530264384
0.9877148934427036 0.0015940435158160106
0.9909643486313533 0.001217042384927035
0.9937194443381971 0.00087384758609359
0.9959774064153977 0.0005750290907050706
0.9977359612865423 0.0003306156656296879
0.9989933382359422 0.0001492770335180158
0.9997482711915926 3.767610668099296e-05
1.0 0.0
