1.0 0.0
0.9997482737088806 6.171398417761409e-05
0.9989933483025598 0.0002489695295024574
0.9977359839269294 0.0005676722301369085
0.9959774466413335 0.0010262201534122185
0.9937195071437538 0.0016333579775991607
0.990964438987867 0.0023952146016671593
0.9877150162937691 0.003311565515356333
0.9839745109546711 0.004373739564542943
0.9797466893423806 0.005571197971139798
0.9750358085148839 0.006887512982324758
0.9698466119298503 0.00829779185929249
0.9641843246683713 0.009783624789135281
0.9580546481737477 0.011335280026703807
0.9514637545106193 0.012944981798859431
0.9444182801502186 0.014608038682042563
0.9369253192880074 0.016323902262286392
0.9289924167004225 0.0180962228154793
0.9206275601479268 0.019929371182369388
0.9118391723320096 0.021822570726658868
0.902636102414242 0.023775579637704387
0.8930276171059205 0.025787912166950255
0.8830233913372739 0.027852608052768162
0.8726334985156295 0.02996022680630843
0.8618684003823451 0.032100925502844976
0.8507389364787228 0.03426786148443574
0.8392563132315091 0.03645580852032941
0.8274320926689736 0.038659246968087556
0.8152781807789267 0.04086613036422561
0.8028068155203986 0.04305908452018959
0.7900305545010523 0.04521907980951889
0.7769622623327369 0.04732466094802515
0.7636150976779144 0.049351995809274324
0.7500025000000012 0.05127593813507419
0.7361381760309689 0.053077144043650666
0.7220360859698254 0.05474316392872419
0.7077104294258797 0.056262548358127204
0.6931756311209372 0.057635540811191086
0.6784463263648294 0.05887650469284329
0.6635373463188956 0.060002552714182145
0.6484637030622621 0.06102409367875112
0.6332405744759503 0.06194167893024505
0.6178832889600373 0.06275586747168829
0.6024073099992563 0.06346840262942202
0.586828220592578 0.06408248559342117
0.5711617075624523 0.0646020109624778
0.5554235457595071 0.06502916747873926
0.539629582178611 0.06536215880951286
0.523795720002293 0.06559905405067387
0.5079379025875856 0.06573963060216984
0.4920720974124161 0.06578749830979973
0.4762142799977088 0.06574719899026589
0.46038041782139083 0.06562214952589038
0.44458645424049476 0.06541081309123017
0.4288482924375495 0.06511085298487905
0.41318177940742384 0.06472099863410419
0.3976026900007456 0.06424372082670532
0.38212671103996443 0.06368288235102326
0.36676942552405145 0.06304217991227758
0.35154629693773964 0.06232223014706886
0.3364726536811061 0.06152252762605014
0.3215636736351723 0.06064322167192408
0.3068343688790644 0.05968663833691676
0.292299570574122 0.05865662147623966
0.27797391403017613 0.057557253222150745
0.2638718239690326 0.05639056348230362
0.25000750000000005 0.05515683130793857
0.23639490232208688 0.05385701560239567
0.22304773766726416 0.05249325566737413
0.20997944549894873 0.05106898023675521
0.19720318447960236 0.0495882896561081
0.18473181922107418 0.04805445263259031
0.17257790733102718 0.046468505584878736
0.16075368676849172 0.04483233890368873
0.14927106352127792 0.04314903549678
0.13814159961765543 0.04142267929354807
0.12737650148437105 0.039658496918578964
0.11698660866272659 0.03786178695149844
0.10698238289407996 0.036033677608509895
0.09737389758575835 0.03417591646794097
0.08817082766799075 0.032292587450295215
0.07938243985207355 0.03038802470998816
0.07101758329957764 0.02846821595336369
0.06308468071199289 0.026541438871934466
0.05559171984978154 0.024611486269123416
0.048546245489380795 0.022681158294860643
0.041955351826252374 0.020758538240306677
0.03582567533162875 0.018845939408296174
0.030163388070149715 0.016941045289594166
0.02497419148511599 0.015053411527190303
0.02026331065761939 0.013196785417761793
0.01603548904532886 0.011383580807093356
0.012294983706230904 0.00963999139077588
0.00904556101213296 0.007971897568252666
0.006290492856246238 0.006302372599084641
0.004032553358666483 0.004682737024204959
0.002274016073070571 0.003253688245052235
0.0010166516974401407 0.001933252213175212
0.00026172629111937464 0.0008183109744268052
1e-05 0.0003704277170162627
1e-05 -3e-05
0.00026172629111937464 -0.0008824425951071198
0.0010166516974401407 -0.0018541387886266516
0.002274016073070571 -0.002962688867929793
0.004032553358666483 -0.004554018961169184
0.006290492856246238 -0.005993590871141806
0.00904556101213296 -0.007410422411356253
0.012294983706230904 -0.008975200615998134
0.01603548904532886 -0.010591432516899946
0.02026331065761939 -0.012204472962796595
0.02497419148511599 -0.013806002664059779
0.030163388070149715 -0.015421442496864548
0.03582567533162875 -0.017052713784375447
0.041955351826252374 -0.0186795415818822
0.048546245489380795 -0.020286306235047857
0.05559171984978154 -0.02186099878713078
0.06308468071199289 -0.023395686091876575
0.07101758329957764 -0.02488909986254824
0.07938243985207355 -0.026337365092528802
0.08817082766799075 -0.02772812675756348
0.09737389758575835 -0.029050239114690526
0.10698238289407996 -0.030292409073865285
0.11698660866272659 -0.03144097617421397
0.12737650148437105 -0.032482943138537855
0.13814159961765543 -0.0334064694511145
0.14927106352127792 -0.03420101305720881
0.16075368676849172 -0.034857464076856644
0.17257790733102718 -0.03537077993624081
0.18473181922107418 -0.035745495799536266
0.19720318447960236 -0.03599092637446453
0.20997944549894873 -0.03611704349637622
0.22304773766726416 -0.03612477930986757
0.23639490232208688 -0.036013583464584276
0.25000750000000005 -0.03578435500540171
0.2638718239690326 -0.035440409818403365
0.27797391403017613 -0.03498689574097679
0.292299570574122 -0.03443005530175295
0.3068343688790644 -0.03377400612694093
0.3215636736351723 -0.03302177834267466
0.3364726536811061 -0.032177202495740395
0.35154629693773964 -0.031245396079006362
0.36676942552405145 -0.030232764362808265
0.38212671103996443 -0.029146466010702463
0.3976026900007456 -0.027992896876748854
0.41318177940742384 -0.02677627952400917
0.4288482924375495 -0.025500930686033825
0.44458645424049476 -0.02417215406218985
0.46038041782139083 -0.022798210978183082
0.4762142799977088 -0.021388364402397074
0.4920720974124161 -0.019951861860728837
0.5079379025875856 -0.018495083752280733
0.523795720002293 -0.017022610998790266
0.539629582178611 -0.015539074784999406
0.5554235457595071 -0.014050602121756444
0.5711617075624523 -0.012565611373465011
0.586828220592578 -0.011092583495869043
0.6024073099992563 -0.009639485136599141
0.6178832889600373 -0.0082125294616026
0.6332405744759503 -0.006817198565386558
0.6484637030622621 -0.005458697864774376
0.6635373463188956 -0.004142341555160911
0.6784463263648294 -0.0028735108347930525
0.6931756311209372 -0.001657146518488775
0.7077104294258797 -0.0004978357443740064
0.7220360859698254 0.0005997679958283544
0.7361381760309689 0.0016314734741599804
0.7500025000000012 0.0025937368699665408
0.7636150976779144 0.0034832849408102063
0.7769622623327369 0.004297104320336834
0.7900305545010523 0.0050329578931486325
0.8028068155203986 0.005689287614707622
0.8152781807789267 0.006264515274229611
0.8274320926689736 0.006757661449897661
0.8392563132315091 0.007168704881364807
0.8507389364787228 0.007497705969101482
0.8618684003823451 0.007743864951608043
0.8726334985156295 0.00790747592672384
0.8830233913372739 0.007990138234124767
0.8930276171059205 0.007994048431710907
0.902636102414242 0.007922067162991943
0.9118391723320096 0.007778371311601136
0.9206275601479268 0.007567598072950983
0.9289924167004225 0.0072893679942216665
0.9369253192880074 0.0069431865966044235
0.9444182801502186 0.006532085151991126
0.9514637545106193 0.006062198259451587
0.9580546481737477 0.005542325129062062
0.9641843246683713 0.0049833537406234665
0.9698466119298503 0.004397744480734443
0.9750358085148839 0.0037989678390256865
0.9797466893423806 0.003200971888278419
0.9839745109546711 0.002617985612405161
0.9877150162937691 0.0020641222209265087
0.990964438987867 0.0015537179571561517
0.9937195071437538 0.001100395186185493
0.9959774466413335 0.0007152748966576056
0.9977359839269294 0.00040709490205660616
0.9989933483025598 0.0001824232757473003
0.9997482737088806 4.582798225347302e-05
1.0 0.0
