1.0 0.00031
0.9997482711915926 0.0003687464662963115
0.9989933382359422 0.0005475068287891522
0.9977359612865423 0.0008533606223249373
0.9959774064153977 0.001296502568150392
0.9937194443381971 0.00188785913909085
0.9909643486313533 0.00263579813938344
0.9877148934427036 0.003541977101601811
0.9839743506981782 0.004597973023980043
0.9797464868072487 0.00579062215481639
0.9750355588704727 0.0070983917203204785
0.9698463103929542 0.008487095146577315
0.9641839665080364 0.009929192968648162
0.958054228716035 0.011412289088269438
0.9514632691433107 0.012927444954717341
0.9444177243274618 0.014470112359041358
0.9369246885348927 0.016041693198499154
0.9289917066174888 0.01764984363784665
0.9206267664155909 0.019304660832546304
0.9118382907149167 0.021006937909082767
0.9026351287655296 0.022756592531146983
0.8930265473713942 0.024554698196357753
0.8830222215594895 0.026399648918927963
0.872632224837878 0.028288702521472156
0.8618670190525357 0.03021950137064316
0.8507374438531613 0.03218898763836312
0.8392547057785669 0.03419336065788928
0.8274303669726433 0.03622889686869484
0.8152763335422621 0.03829148923353587
0.8028048435688343 0.040376274780882904
0.7900284547856001 0.04247826838699249
0.7769600319330563 0.044591755308020224
0.7636127338052524 0.04670896008728505
0.7500000000000012 0.048821424531018134
0.7361355373863427 0.05092029592364078
0.7220333063028884 0.05299620315392975
0.7077075065009447 0.055039413024743605
0.6931725628465657 0.057039205665567104
0.6784431107959373 0.05897924754195323
0.6635339816587122 0.060840189797899
0.6484601876641387 0.06260257505793959
0.6332369068450188 0.06425242965748632
0.6178794677547149 0.06577927638102564
0.6024033340325966 0.06717319964462296
0.5868240888334664 0.06842830948829695
0.5711574191366438 0.06954183927789122
0.5554190999505066 0.07051163217345865
0.5396249784283953 0.0713351749956954
0.5237909579118721 0.07200977202889067
0.5079329819174049 0.07253361031700198
0.4920670180825969 0.07291152594932378
0.4762090420881297 0.07315444790559868
0.46037502157160654 0.07327380792944112
0.44458090004949524 0.07327620572556467
0.42884258086335814 0.07316311745505982
0.41317591116653546 0.07293622550296462
0.3975966659674052 0.07259827921337518
0.38212053224528686 0.07215322875853014
0.36676309315498296 0.07160541957498492
0.35153981233586296 0.07095832453610014
0.33646601834128953 0.07021388040063534
0.32155688920406433 0.06937433045885087
0.3068274371534359 0.06844220881698738
0.29229249349905695 0.06742014777884853
0.2779666936971131 0.06631125224766782
0.2638644626136587 0.06511864181873608
0.25000000000000006 0.06384462562592093
0.2363872661947488 0.06249197372670339
0.22303996806694482 0.06106382095760422
0.20997154521440087 0.05956276365320647
0.19719515643116664 0.057991985528087556
0.18472366645773874 0.05635512502426948
0.17256963302735745 0.05465443567593112
0.1607452942214339 0.05289268603639141
0.14926255614683936 0.05107381990311667
0.1381329809474649 0.04920186135876708
0.12736777516212267 0.04728174756755081
0.116977778440511 0.04531941679153852
0.10697345262860625 0.04331697667062227
0.09736487123447068 0.04127581071248313
0.0881617092850836 0.03920013690483209
0.0793732335844094 0.037093056385170416
0.07100829338251147 0.03495798819919046
0.06307531146510753 0.03280225208027199
0.05558227567253826 0.030629371457120122
0.04853673085668936 0.028440048378692944
0.041945771283965205 0.026242306013604833
0.03581603349196366 0.024035981158243677
0.030153689607045786 0.021810167680691203
0.02496444112952728 0.019572131712180137
0.020253513192751316 0.017339616997973744
0.016025649301821876 0.01513411324297202
0.012285106557296477 0.012994373668404488
0.009035651368646647 0.010911355445788327
0.006280555661802856 0.008784082750848892
0.00402259358460233 0.0066678053128140565
0.0022640387134577056 0.004781210440691816
0.0010066617640577813 0.0031324215933465163
0.0002517288084074587 0.0014540014883324766
0.0 0.0006881310629740772
0.0 0.0
0.0002517288084074587 -0.0006986583312592451
0.0010066617640577813 -0.0018625620769692518
0.0022640387134577056 -0.002981585129091631
0.00402259358460233 -0.004413768301402383
0.006280555661802856 -0.005817303646970627
0.009035651368646647 -0.0071714462328150205
0.012285106557296477 -0.008585872072139268
0.016025649301821876 -0.009984410888110227
0.020253513192751316 -0.011332632769041038
0.02496444112952728 -0.012639155205917315
0.030153689607045786 -0.013931733385646947
0.03581603349196366 -0.015197065494928177
0.041945771283965205 -0.01642155072139508
0.04853673085668936 -0.01759957717731368
0.05558227567253826 -0.01872675816441036
0.06307531146510753 -0.01980485637458459
0.07100829338251147 -0.02084392371411128
0.0793732335844094 -0.021846331772456075
0.0881617092850836 -0.022808313589425828
0.09736487123447068 -0.02372900496940884
0.10697345262860625 -0.024607592238084276
0.116977778440511 -0.0254416653057969
0.12736777516212267 -0.02623059498557436
0.1381329809474649 -0.026974079955503927
0.14926255614683936 -0.027668828724656598
0.1607452942214339 -0.028311815524348048
0.17256963302735745 -0.028900719565564188
0.18472366645773874 -0.029432658022070242
0.19719515643116664 -0.029904990505959943
0.20997154521440087 -0.03031562791301673
0.22303996806694482 -0.030661064203963834
0.2363872661947488 -0.030936811440244176
0.25000000000000006 -0.031138589418577074
0.2638644626136587 -0.03126021696217894
0.2779666936971131 -0.031292906340369755
0.29229249349905695 -0.031227576326124502
0.3068274371534359 -0.031056866407928502
0.32155688920406433 -0.030777472516769745
0.33646601834128953 -0.030387049518243434
0.35153981233586296 -0.029883951376452028
0.36676309315498296 -0.029267859847523895
0.38212053224528686 -0.02853921765294449
0.3975966659674052 -0.027699440250977626
0.41317591116653546 -0.026753698813656912
0.42884258086335814 -0.025709311761291966
0.44458090004949524 -0.024574448523859593
0.46037502157160654 -0.023361594664512184
0.4762090420881297 -0.022087155366736607
0.4920670180825969 -0.020768114375177837
0.5079329819174049 -0.019419654328408843
0.5237909579118721 -0.018052998776511862
0.5396249784283953 -0.016678944441610808
0.5554190999505066 -0.01530768897188984
0.5711574191366438 -0.013946329690169427
0.5868240888334664 -0.012600824295999721
0.6024033340325966 -0.01127698100786794
0.6178794677547149 -0.009980924172156383
0.6332369068450188 -0.008719027134451714
0.6484601876641387 -0.007497330341041109
0.6635339816587122 -0.006321104709428483
0.6784431107959373 -0.005193937998974499
0.6931725628465657 -0.004118774638954399
0.7077075065009447 -0.0030982157618498073
0.7220333063028884 -0.0021350305724088616
0.7361355373863427 -0.0012320149564324398
0.7500000000000012 -0.0003914636354429221
0.7636127338052524 0.00038474705405259314
0.7769600319330563 0.0010948688342044288
0.7900284547856001 0.001737657797166343
0.8028048435688343 0.002312486665180859
0.8152763335422621 0.0028193992020337
0.8274303669726433 0.003259096896522782
0.8392547057785669 0.003632841391161706
0.8507374438531613 0.003942293478387543
0.8618670190525357 0.004188787262049821
0.872632224837878 0.0043739781702068345
0.8830222215594895 0.00450019781757315
0.8930265473713942 0.004569696611559768
0.9026351287655296 0.004583945785475348
0.9118382907149167 0.004545251962283755
0.9206267664155909 0.004456917208967503
0.9289917066174888 0.0043233930103809765
0.9369246885348927 0.004150033669833667
0.9444177243274618 0.003942674435717592
0.9514632691433107 0.003706944329637187
0.958054228716035 0.003445743386681365
0.9641839665080364 0.0031624438685040977
0.9698463103929542 0.002862117099327866
0.9750355588704727 0.00255022863154263
0.9797464868072487 0.0022316415608200644
0.9839743506981782 0.001912996280384337
0.9877148934427036 0.001602350887881906
0.9909643486313533 0.0013066199619917946
0.9937194443381971 0.001032748386259018
0.9959774064153977 0.0007899079815172803
0.9977359612865423 0.0005879960691442248
0.9989933382359422 0.0004362181950542106
0.9997482711915926 0.00034196519879715876
1.0 0.00031
