1.0 0.0
0.9997483190200662 8.143974155089503e-05
0.9989935295016773 0.00032975729129212586
0.9977363914538978 0.0007562065810396757
0.9959781707081787 0.0013770842586181059
0.9937206376437729 0.0022100755611215352
0.9909660654051133 0.0032692096131560493
0.9877172276129494 0.004558494327805434
0.9839773955715455 0.006065323496549653
0.9797503349747554 0.007767170188243771
0.9750403021142873 0.009631223170923402
0.9698520395939796 0.011604292621049837
0.9641907715543999 0.013633879166475519
0.9580621984125789 0.0156950115782617
0.9514724911221735 0.017768969454652624
0.9444282849598397 0.01984463016593319
0.9369366728440711 0.021925230290367664
0.9290051981932315 0.02402647521860307
0.920641847329972 0.026171307341438577
0.9118550414396809 0.02836430502872598
0.9026536280910642 0.030605073792560906
0.8930468723273937 0.03289551184749031
0.8830444473373932 0.03523523773864282
0.8726564247151588 0.037622264280976155
0.8618932643189158 0.040055706358451196
0.8507658037388292 0.04253407118475592
0.839285247384469 0.04505421906778543
0.8274631552029185 0.04761335074807784
0.8153114310388891 0.0502087190881681
0.8028423106485563 0.05283662652472334
0.7900683493791909 0.05549338590027058
0.7770024095269891 0.05817535765162803
0.7636576473858294 0.06087778638424007
0.7500475000000012 0.06359544486597396
0.7361856716342393 0.06632306599803438
0.7220861199746909 0.06905439326633041
0.7077630420747095 0.07178230943060288
0.6932308600596249 0.07449957619390757
0.6785042066048861 0.07719898164182822
0.663597910202197 0.07987341871434979
0.6485269802284825 0.0825157939101796
0.6333065918327182 0.08511846272926327
0.6179520706558416 0.08767245973246764
0.6024788773991304 0.09016864057887004
0.586902592256588 0.09259782761477636
0.5712388992270078 0.09495063173997081
0.5555035703215161 0.09721775057641527
0.5397124496824939 0.0993895777281834
0.5238814376298689 0.10145416486195599
0.5080264746508406 0.1033990617499806
0.4921635253491612 0.10521219574459009
0.47630856237013297 0.10688184535236277
0.4604775503175079 0.10839683560130899
0.4446864296784859 0.10974526974715025
0.4289511007729941 0.11090651541723166
0.4132874077434138 0.11185719216373662
0.39771112260087144 0.11257690322279501
0.3822379293441603 0.11305630796736525
0.36688340816728354 0.1132911068945457
0.35166301977151915 0.11327791425259251
0.3365920897978047 0.1130125133030802
0.3216857933951156 0.11249156933020651
0.30695913994037677 0.11171421550870524
0.29242695792529216 0.11068429839664262
0.27810388002531067 0.1094078720905082
0.2640043283657621 0.10789450184888905
0.25014250000000005 0.10616114463943374
0.2365323526141718 0.10422634335275056
0.2231875904730121 0.10210738880959334
0.21012165062081012 0.09981854467252335
0.1973476893514447 0.09737427956305933
0.18487856896111177 0.09478601261587291
0.17272684479708225 0.09205950337467933
0.16090475261553183 0.08920194339446846
0.14942419626117145 0.08622192554802668
0.1382967356810849 0.0831290326837204
0.12753357528484185 0.07993499065810233
0.11714555266260729 0.07664988259650712
0.10714312767260681 0.07328140565631207
0.09753637190893613 0.06984047390820841
0.08833495856031943 0.06633494121133263
0.07954815267002835 0.06276944564963549
0.07118480180676878 0.05915439277816639
0.06325332715592916 0.055496246383300064
0.05576171504016048 0.05179858231523318
0.04871750887782659 0.04807478315908959
0.04212780158742126 0.04433178285135207
0.03599922844560019 0.04057398037650705
0.030337960406020447 0.03682252629573714
0.02514969788571267 0.033083874061622956
0.02043966502524469 0.029362804877221274
0.016212604428454527 0.02569672544241762
0.01247277238705059 0.022088761764552302
0.009223934594886603 0.018550215630515243
0.006469362356227113 0.01516324327712696
0.004211829291821255 0.011852453336384263
0.0024536085461021487 0.008638099313401228
0.0011964704983226104 0.005867212735635024
0.0004416809799338613 0.003976645602161008
0.00019 0.0033046287427506375
0.00019 -0.00138
0.0004416809799338613 0.35363273219957075
0.0011964704983226104 -0.34796336320541127
0.0024536085461021487 0.1256148193479335
0.004211829291821255 0.11596823922506772
0.006469362356227113 -0.17215279252001325
0.009223934594886603 -0.09343978817156806
0.01247277238705059 0.03999666163701218
0.016212604428454527 -0.005642953183337848
0.02043966502524469 -0.06261164946880181
0.02514969788571267 -0.06731395750772246
0.030337960406020447 -0.037237897432859296
0.03599922844560019 -0.008640731982309175
0.04212780158742126 -0.003447027111261343
0.04871750887782659 -0.015066444856248097
0.05576171504016048 -0.030105420359598754
0.06325332715592916 -0.03660404737926924
0.07118480180676878 -0.0358327278965896
0.07954815267002835 -0.03234186119768167
0.08833495856031943 -0.031218180919925648
0.09753637190893613 -0.03285663273705792
0.10714312767260681 -0.035768555289200706
0.11714555266260729 -0.03813595909398809
0.12753357528484185 -0.039405939903065755
0.1382967356810849 -0.04003496441377281
0.14942419626117145 -0.040610094679819846
0.16090475261553183 -0.04144718379785727
0.17272684479708225 -0.04241950270743757
0.18487856896111177 -0.04334359552051426
0.1973476893514447 -0.04407902321954492
0.21012165062081012 -0.044641778857664696
0.2231875904730121 -0.04507841122346151
0.2365323526141718 -0.045430723306088626
0.25014250000000005 -0.045687442010862896
0.2640043283657621 -0.04582019226773146
0.27810388002531067 -0.04580097902162019
0.29242695792529216 -0.04562040254167493
0.30695913994037677 -0.04527946145134404
0.3216857933951156 -0.04478020100832518
0.3365920897978047 -0.04412150752921208
0.35166301977151915 -0.04329955806672849
0.36688340816728354 -0.04231116804935292
0.3822379293441603 -0.04115852600963526
0.39771112260087144 -0.039851192460828196
0.4132874077434138 -0.03840033515787274
0.4289511007729941 -0.03682130011711069
0.4446864296784859 -0.03513850272736772
0.4604775503175079 -0.033378692873536904
0.47630856237013297 -0.03156787407831508
0.4921635253491612 -0.029722730923421228
0.5080264746508406 -0.027856432257332676
0.5238814376298689 -0.025982185840663825
0.5397124496824939 -0.024111417763423623
0.5555035703215161 -0.022253587957392882
0.5712388992270078 -0.020417914769673362
0.586902592256588 -0.018613247244098324
0.6024788773991304 -0.01684761922179496
0.6179520706558416 -0.015128602139380061
0.6333065918327182 -0.013463324721022048
0.6485269802284825 -0.011857544064325563
0.663597910202197 -0.010315689913442531
0.6785042066048861 -0.00884172013966486
0.6932308600596249 -0.00743918239194703
0.7077630420747095 -0.0061113799671639385
0.7220861199746909 -0.004861159729015888
0.7361856716342393 -0.0036908215430850027
0.7500475000000012 -0.0026024648419419216
0.7636576473858294 -0.001598169703156547
0.7770024095269891 -0.0006793883930596111
0.7900683493791909 0.00015315088479448565
0.8028423106485563 0.0008998387543216398
0.8153114310388891 0.0015619767576290173
0.8274631552029185 0.002141420792470267
0.839285247384469 0.0026402479764126153
0.8507658037388292 0.0030595585736699024
0.8618932643189158 0.003400762637008579
0.8726564247151588 0.0036661021070466915
0.8830444473373932 0.0038587076670118124
0.8930468723273937 0.003982668674041634
0.9026536280910642 0.0040426843643631425
0.9118550414396809 0.004043946169506746
0.920641847329972 0.003991955584021407
0.9290051981932315 0.0038924479303902634
0.9369366728440711 0.0037514945917298016
0.9444282849598397 0.003575341506184758
0.9514724911221735 0.003369078276676618
0.9580621984125789 0.003137383953771984
0.9641907715543999 0.0028857597769426165
0.9698520395939796 0.0026193866534042496
0.9750403021142873 0.0023369133977006644
0.9797503349747554 0.002038027597219674
0.9839773955715455 0.0017275114730545757
0.9877172276129494 0.0014132349172752896
0.9909660654051133 0.0011029836750899077
0.9937206376437729 0.0008075296386625187
0.9959781707081787 0.0005401506901633986
0.9977363914538978 0.00031459368501941733
0.9989935295016773 0.00014336687770005036
0.9997483190200662 3.638707994878491e-05
1.0 0.0
