1.0 0.0
0.999748344192947 0.00010008477218897353
0.9989936301678537 0.00040547927125171335
0.9977366178577692 0.0009307538680097672
0.9959785729675372 0.0016973703115328127
0.993721265699339 0.0027294893222887754
0.9909669689702502 0.004048182573718043
0.9877184561236052 0.005664129386305885
0.9839789981364757 0.007569138767291636
0.9797523603260746 0.009736158569338748
0.9750427985584003 0.012120421368203382
0.9698550549629402 0.014646070862771752
0.964194353157749 0.017226360111424036
0.9580663929897073 0.01982287878891644
0.9514773447952591 0.022412635876161855
0.9444338431874069 0.024982771903819194
0.9369429803752176 0.027537012582990402
0.9290122990225697 0.030095854063753903
0.9206497846533304 0.0326927656788965
0.9118638576106094 0.03533920366026767
0.9026633645781876 0.038035855927665355
0.8930575696726565 0.04078698442197306
0.8830561451152372 0.043594638551746896
0.8726691614926749 0.04645740147459469
0.8619070776170105 0.04937531454957595
0.8507807299944439 0.052348146255202975
0.8393013219138911 0.055372440349134994
0.8274804121662213 0.05844476894716614
0.8153299034055349 0.061562233206578124
0.8028620301641993 0.06472216047473384
0.7900893465337123 0.06792231692886436
0.7770247135237958 0.07116082737613462
0.7636812861124489 0.07443298352291036
0.7500725000000013 0.07773147208208882
0.7362120580805007 0.08104874579493708
0.7221139166440605 0.08437804613983532
0.7077922713240594 0.08771417264603344
0.6932615428033402 0.09105220891990828
0.6785363622938065 0.09438641248326393
0.6636315568040312 0.09770773536182545
0.6485621342097161 0.10100626982658123
0.6333432681420337 0.10427209962917575
0.6179902827090661 0.1074960489743867
0.6025186370657272 0.11066930025385398
0.5869439098477047 0.11378299293892469
0.5712817834850942 0.11682675654721303
0.555548028411521 0.1197892452911325
0.539758487184651 0.12265925824453794
0.5239290585340777 0.12542568491421618
0.5080756813526488 0.12807758661606763
0.49221431864735293 0.13060435131149936
0.47636094146592417 0.13299335656299666
0.46053151281535076 0.13522949183458047
0.4447419715884809 0.13729818249131548
0.4290082165149078 0.1391857857797748
0.4133460901522972 0.14087974265193004
0.3977713629342747 0.1423685017021829
0.38229971729093576 0.14363782151274518
0.366946731857968 0.14466974162626703
0.3517278657902856 0.14544752647235878
0.33665844319597055 0.1459484442222147
0.32175363770619514 0.14614345815474322
0.30702845719666144 0.14600692955320774
0.29249772867594226 0.14552412536323203
0.2781760833559409 0.14469040044907056
0.26407794191950074 0.14350465489918804
0.25021750000000004 0.14197178777069072
0.23660871388755234 0.14010082023855094
0.22326528647620542 0.13790238215751496
0.2102006534662887 0.13538605832566666
0.1974279698358016 0.1325632827766688
0.18496009659446602 0.12945107298465502
0.17280958783377953 0.1260752031232947
0.1609886780861097 0.12246346802374361
0.1495092700055568 0.11864028603171278
0.13838292238299016 0.11462591196065418
0.12762083850732567 0.11044211637769624
0.11723385488476325 0.1061043288527793
0.10723243032734395 0.10162492792403127
0.09762663542181269 0.09702024035750595
0.08842614238939092 0.09230188364845214
0.07964021534666992 0.08748352355311398
0.07127770097743054 0.08258269819460065
0.06334701962478265 0.0776045410515995
0.055856156812593226 0.07256064249300115
0.048812655204740915 0.0674696427405362
0.04222360701029285 0.06234148439865817
0.03609564684225099 0.0572014229753112
0.030434945037059742 0.052066981399954367
0.025247201441599715 0.04692256398460268
0.020537639673925415 0.041794296347200915
0.016311001863524344 0.036717163272353893
0.01257154387639486 0.031725064293575876
0.00932303102974974 0.026912626403526846
0.006568734300660933 0.02222064591015363
0.004311427032462795 0.017585370823688364
0.0025533821422308025 0.013262074176231445
0.0012963698321462047 0.009172762755687064
0.0005416558070530206 0.005818021385371735
0.00029 0.004495262736941854
0.00029 -0.00306
0.0005416558070530206 -0.004081225362506261
0.0012963698321462047 -0.006052591684271582
0.0025533821422308025 -0.008019040638711025
0.004311427032462795 -0.010217853419969395
0.006568734300660933 -0.012492531607830695
0.00932303102974974 -0.014855488742477451
0.01257154387639486 -0.017288436462247897
0.016311001863524344 -0.019746986324287258
0.020537639673925415 -0.02219687000118343
0.025247201441599715 -0.02461183144916463
0.030434945037059742 -0.027001057513146277
0.03609564684225099 -0.02934739104304717
0.04222360701029285 -0.03163497888786641
0.048812655204740915 -0.03386795799785703
0.055856156812593226 -0.03604031292478285
0.06334701962478265 -0.03813068111923458
0.07127770097743054 -0.04012374168496937
0.07964021534666992 -0.04201435065797392
0.08842614238939092 -0.04381164860996811
0.09762663542181269 -0.04553769469568096
0.10723243032734395 -0.04721691552128134
0.11723385488476325 -0.048835179897170185
0.12762083850732567 -0.050365088062921386
0.13838292238299016 -0.05177891278719351
0.1495092700055568 -0.053067905197447064
0.1609886780861097 -0.05423768914684833
0.17280958783377953 -0.055298088404407
0.18496009659446602 -0.05624937039206672
0.1974279698358016 -0.05707877879358476
0.2102006534662887 -0.057772969428439964
0.22326528647620542 -0.05831743750363475
0.23660871388755234 -0.05869524454046168
0.25021750000000004 -0.058888960750573496
0.26407794191950074 -0.05888372174924234
0.2781760833559409 -0.05867356761996048
0.29249772867594226 -0.0582553943724694
0.30702845719666144 -0.05762749010678898
0.32175363770619514 -0.05678987109641205
0.33665844319597055 -0.055744027778401636
0.3517278657902856 -0.054493362458180886
0.366946731857968 -0.05304824215879514
0.38229971729093576 -0.05142377045118038
0.3977713629342747 -0.04963687527247947
0.4133460901522972 -0.04770991137200996
0.4290082165149078 -0.04567077730654329
0.4447419715884809 -0.04354890535503161
0.46053151281535076 -0.04137089346780238
0.47636094146592417 -0.039154590365490446
0.49221431864735293 -0.036916823079180636
0.5080756813526488 -0.03467409762992588
0.5239290585340777 -0.03243852291498466
0.539758487184651 -0.030219931427600488
0.555548028411521 -0.02802801080503314
0.5712817834850942 -0.02587208604480306
0.5869439098477047 -0.023760911111490163
0.6025186370657272 -0.021702869715232682
0.6179902827090661 -0.01970583168251524
0.6333432681420337 -0.01777601615468951
0.6485621342097161 -0.015918467020881497
0.6636315568040312 -0.014137759837049737
0.6785363622938065 -0.012437987603801345
0.6932615428033402 -0.0108227490774705
0.7077922713240594 -0.009295105627652522
0.7221139166440605 -0.007857557241643491
0.7362120580805007 -0.006512055048914108
0.7500725000000013 -0.005260002713769656
0.7636812861124489 -0.004102209279584503
0.7770247135237958 -0.0030389136263579966
0.7900893465337123 -0.0020702111456530237
0.8028620301641993 -0.0011959101508008992
0.8153299034055349 -0.00041514711799338957
0.8274804121662213 0.00027361874909612307
0.8393013219138911 0.0008726629918891582
0.8507807299944439 0.0013848979811255954
0.8619070776170105 0.0018137854545753475
0.8726691614926749 0.0021632184594223367
0.8830561451152372 0.0024372085543832283
0.8930575696726565 0.002640171682317492
0.9026633645781876 0.0027770004367521275
0.9118638576106094 0.0028540055604611824
0.9206497846533304 0.0028806686894020973
0.9290122990225697 0.0028662575224685906
0.9369429803752176 0.0028190862319692166
0.9444338431874069 0.0027451141828060896
0.9514773447952591 0.0026468700000403605
0.9580663929897073 0.0025272379180763366
0.964194353157749 0.002389777966304073
0.9698550549629402 0.0022328104615766506
0.9750427985584003 0.0020486644945257376
0.9797523603260746 0.0018359250420191835
0.9839789981364757 0.0015990506299930155
0.9877184561236052 0.0013430352340205952
0.9909669689702502 0.0010730375040780794
0.993721265699339 0.0008013257860323695
0.9959785729675372 0.0005446494292890485
0.9977366178577692 0.0003211213223733837
0.9989936301678537 0.00014760680929949447
0.999748344192947 3.765488647257812e-05
1.0 0.0
