1.0 0.0
0.9997482711915926 9.899655845480695e-06
0.9989933382359422 3.958982867200075e-05
0.9977359612865423 8.905024115675965e-05
0.9959774064153977 0.00015826736781495663
0.9937194443381971 0.00024726454009262717
0.9909643486313533 0.0003561434967845352
0.9877148934427036 0.0004851367906438162
0.9839743506981782 0.0006346703044710223
0.9797464868072487 0.0008054349803069364
0.9750355588704727 0.0009984667252083414
0.9698463103929542 0.001215233327968461
0.9641839665080364 0.001457727104458388
0.958054228716035 0.001728561886295121
0.9514632691433107 0.0020310728794371295
0.9444177243274618 0.0023694178470755655
0.9369246885348927 0.0027486780156813478
0.9289917066174888 0.003174957064974681
0.9206267664155909 0.003655476542424822
0.9118382907149167 0.004198666041009391
0.9026351287655296 0.004814246495529798
0.8930265473713942 0.005512662054247785
0.8830222215594895 0.006299081274896278
0.872632224837878 0.007174548742148257
0.8618670190525357 0.008138859950408502
0.8507374438531613 0.009190509349205074
0.8392547057785669 0.010326615405466153
0.8274303669726433 0.011542858469756308
0.8152763335422621 0.012833432426341614
0.8028048435688343 0.014191010981029302
0.7900284547856001 0.015606816350808522
0.7769600319330563 0.01707125536500185
0.7636127338052524 0.018573664761442753
0.7500000000000012 0.020102034535576345
0.7361355373863427 0.02164304763738454
0.7220333063028884 0.023182136551502017
0.7077075065009447 0.024703554631007856
0.6931725628465657 0.02619076251942673
0.6784431107959373 0.02763448857395044
0.6635339816587122 0.029034340804958526
0.6484601876641387 0.030390848041589348
0.6332369068450188 0.031705006861856025
0.6178794677547149 0.03297825697445135
0.6024033340325966 0.03421245272315326
0.5868240888334664 0.03540830568477945
0.5711574191366438 0.03655697589578801
0.5554190999505066 0.03764569715476455
0.5396249784283953 0.038661651497756
0.5237909579118721 0.03959209052236414
0.5079329819174049 0.04042444914206861
0.4920670180825969 0.04114707037510328
0.4762090420881297 0.04176273065348068
0.46037502157160654 0.04228860529413774
0.44458090004949524 0.0427426744543517
0.42884258086335814 0.04314293057082285
0.41317591116653546 0.0435071984294454
0.3975966659674052 0.0438529352120534
0.38212053224528686 0.04418732903529507
0.36676309315498296 0.044492870093993546
0.35153981233586296 0.04474918989115256
0.33646601834128953 0.04493718887007184
0.32155688920406433 0.04503920765616007
0.3068274371534359 0.04503918262888523
0.29229249349905695 0.04492354968878054
0.2779666936971131 0.044695414530520526
0.2638644626136587 0.04437178196173687
0.25000000000000006 0.043969366734215774
0.2363872661947488 0.043503966772648096
0.22303996806694482 0.04299038124535796
0.20997154521440087 0.04244234199975062
0.19719515643116664 0.0418724020925515
0.18472366645773874 0.041283046084354
0.17256963302735745 0.04065888878600108
0.1607452942214339 0.039985303812201
0.14926255614683936 0.0392509275362651
0.1381329809474649 0.03844758941369692
0.12736777516212267 0.037570209765635326
0.116977778440511 0.036616666894898446
0.10697345262860625 0.035587635688573996
0.09736487123447068 0.034486296818584776
0.0881617092850836 0.033309276106109884
0.0793732335844094 0.032042667092863034
0.07100829338251147 0.030679304056749016
0.06307531146510753 0.02921983085679043
0.05558227567253826 0.027671804201535314
0.04853673085668936 0.026048758421542247
0.041945771283965205 0.02436924460151382
0.03581603349196366 0.022655856995442123
0.030153689607045786 0.02093425958103566
0.02496444112952728 0.019232225409107608
0.020253513192751316 0.017578701072194017
0.016025649301821876 0.01600290815835562
0.012285106557296477 0.014533492976034682
0.009035651368646647 0.013197735140280682
0.006280555661802856 0.012020824807021099
0.00402259358460233 0.011025217438757442
0.0022640387134577056 0.010230073991482737
0.0010066617640577813 0.0096507933389702
0.0002517288084074587 0.009298642607865596
0.0 0.009180489896864517
0.0 0.0
0.0002517288084074587 -0.0004276464661074455
0.0010066617640577813 -0.0016818221973914282
0.0022640387134577056 -0.003677986604356693
0.00402259358460233 -0.006281050159205735
0.006280555661802856 -0.009314010442191186
0.009035651368646647 -0.012569881203154446
0.012285106557296477 -0.01582675505183186
0.016025649301821876 -0.018865797711149684
0.020253513192751316 -0.021491931195329085
0.02496444112952728 -0.023556925235845988
0.030153689607045786 -0.024984581175515254
0.03581603349196366 -0.025797660758361974
0.041945771283965205 -0.026146184102866395
0.04853673085668936 -0.026336696965847565
0.05558227567253826 -0.026806053883948702
0.06307531146510753 -0.02771145370640835
0.07100829338251147 -0.029013351546866382
0.0793732335844094 -0.030633936765425255
0.0881617092850836 -0.03245352871988991
0.09736487123447068 -0.034306195397018555
0.10697345262860625 -0.03599201494623449
0.116977778440511 -0.037427493418427424
0.12736777516212267 -0.03861435610075781
0.1381329809474649 -0.039564693370827166
0.14926255614683936 -0.04030068817290665
0.1607452942214339 -0.04085513121797581
0.17256963302735745 -0.04127183365446192
0.18472366645773874 -0.04160592974053589
0.19719515643116664 -0.041924063058288955
0.20997154521440087 -0.042295866031295724
0.22303996806694482 -0.04273092362427644
0.2363872661947488 -0.04320507669027539
0.25000000000000006 -0.04369039851065759
0.2638644626136587 -0.044155490341176155
0.2779666936971131 -0.04456562606952805
0.29229249349905695 -0.04488293654793779
0.3068274371534359 -0.04506768451950353
0.32155688920406433 -0.04510637336885631
0.33646601834128953 -0.0450172871947514
0.35153981233586296 -0.04482254049998656
0.36676309315498296 -0.044546375086534966
0.38212053224528686 -0.04421494726721287
0.3975966659674052 -0.043856093963726146
0.41317591116653546 -0.04349413616617943
0.42884258086335814 -0.043122470825241066
0.44458090004949524 -0.042721642165105524
0.46037502157160654 -0.042271734867207165
0.4762090420881297 -0.04175260096530991
0.4920670180825969 -0.0411440612953158
0.5079329819174049 -0.04042677859433792
0.5237909579118721 -0.03959716051587034
0.5396249784283953 -0.0386674023205661
0.5554190999505066 -0.03765066884578093
0.5711574191366438 -0.036560305204290475
0.5868240888334664 -0.035409717166048
0.6024033340325966 -0.034212243675038015
0.6178794677547149 -0.03297709936619723
0.6332369068450188 -0.03170348379657335
0.6484601876641387 -0.030389386364865736
0.6635339816587122 -0.029033216980338086
0.6784431107959373 -0.02763383583897008
0.6931725628465657 -0.026190579225229875
0.7077075065009447 -0.024703717520306562
0.7220333063028884 -0.023182485897602557
0.7361355373863427 -0.02164345873006729
0.7500000000000012 -0.020102417865323595
0.7636127338052524 -0.018573963311668776
0.7769600319330563 -0.017071441730592725
0.7900284547856001 -0.015606889718202127
0.8028048435688343 -0.014190993954798389
0.8152763335422621 -0.012833359843253008
0.8274303669726433 -0.011542759201024039
0.8392547057785669 -0.010326510903148869
0.8507374438531613 -0.009190414479690209
0.8618670190525357 -0.008138783825373983
0.872632224837878 -0.007174495538155765
0.8830222215594895 -0.0062990510332156645
0.8930265473713942 -0.005512651453034971
0.9026351287655296 -0.0048142496011029275
0.9118382907149167 -0.004198676219375899
0.9206267664155909 -0.0036554888320389375
0.9289917066174888 -0.003174968117331402
0.9369246885348927 -0.0027486857980097085
0.9444177243274618 -0.002369421369041668
0.9514632691433107 -0.002031071945380149
0.958054228716035 -0.0017285568741081195
0.9641839665080364 -0.0014577187718110632
0.9698463103929542 -0.0012152226461554132
0.9750355588704727 -0.0009984547404984976
0.9797464868072487 -0.0008054227022718127
0.9839743506981782 -0.0006346586203857386
0.9877148934427036 -0.0004851264046892922
0.9909643486313533 -0.00035613489243593817
0.9937194443381971 -0.0002472579637615178
0.9959774064153977 -0.00015826283152403132
0.9977359612865423 -8.904754176962363e-05
0.9989933382359422 -3.9588580978713944e-05
0.9997482711915926 -9.899336619996596e-06
1.0 0.0
