1.0 0.0
0.9997482711915926 7.667988945186906e-06
0.9989933382359422 3.23099549309733e-05
0.9977359612865423 7.861346486968875e-05
0.9959774064153977 0.0001536394705725017
0.9937194443381971 0.00026570566719451907
0.9909643486313533 0.00042284480418011054
0.9877148934427036 0.0006310692604772063
0.9839743506981782 0.000892920068651084
0.9797464868072487 0.0012069370173294544
0.9750355588704727 0.0015716370428219076
0.9698463103929542 0.0019840298710651068
0.9641839665080364 0.00244232108309083
0.958054228716035 0.0029445372208073404
0.9514632691433107 0.003489979043047348
0.9444177243274618 0.004078279721574012
0.9369246885348927 0.004709996447451695
0.9289917066174888 0.005385974614648435
0.9206267664155909 0.006107216152073377
0.9118382907149167 0.00687460856571939
0.9026351287655296 0.0076884443377355505
0.8930265473713942 0.008548781156516963
0.8830222215594895 0.009455467098591023
0.872632224837878 0.010408009088397225
0.8618670190525357 0.011405346583343856
0.8507374438531613 0.012446047428331431
0.8392547057785669 0.01352832046224004
0.8274303669726433 0.014650347460054471
0.8152763335422621 0.015810656073915547
0.8028048435688343 0.01700754862325093
0.7900284547856001 0.018238942806856347
0.7769600319330563 0.019502547755603623
0.7636127338052524 0.020795926228135125
0.7500000000000012 0.022116593181868253
0.7361355373863427 0.02346213291655501
0.7220333063028884 0.024829738516474187
0.7077075065009447 0.026216031631477846
0.6931725628465657 0.02761765220108295
0.6784431107959373 0.029031439103154585
0.6635339816587122 0.03045391549969636
0.6484601876641387 0.03188117203760514
0.6332369068450188 0.033309128383844304
0.6178794677547149 0.0347335623512857
0.6024033340325966 0.03615002990709519
0.5868240888334664 0.03755385216479259
0.5711574191366438 0.0389402796108352
0.5554190999505066 0.04030451574203751
0.5396249784283953 0.04164141870048477
0.5237909579118721 0.042945485426017026
0.5079329819174049 0.04421121594334574
0.4920670180825969 0.04543315405956866
0.4762090420881297 0.04660558468629924
0.46037502157160654 0.047722579742372914
0.44458090004949524 0.04877838389257814
0.42884258086335814 0.04976745919699204
0.41317591116653546 0.05068410218160666
0.3975966659674052 0.05152255054328478
0.38212053224528686 0.05227726178240376
0.36676309315498296 0.05294300389965677
0.35153981233586296 0.053514728628303504
0.33646601834128953 0.05398767073858127
0.32155688920406433 0.054356905434169205
0.3068274371534359 0.05461766338552093
0.29229249349905695 0.054765860758932014
0.2779666936971131 0.0547981974115706
0.2638644626136587 0.05471182290645527
0.25000000000000006 0.054504476810873725
0.2363872661947488 0.05417345742227305
0.22303996806694482 0.05371656214705286
0.20997154521440087 0.05313458479590164
0.19719515643116664 0.05242989408492472
0.18472366645773874 0.05159969185708258
0.17256963302735745 0.0506402982410254
0.1607452942214339 0.04955622113611766
0.14926255614683936 0.04835574147681171
0.1381329809474649 0.04704065245102441
0.12736777516212267 0.04561172827345338
0.116977778440511 0.04407547527418948
0.10697345262860625 0.04244004127589874
0.09736487123447068 0.04070151832166279
0.0881617092850836 0.03885981616637585
0.0793732335844094 0.036952530938789904
0.07100829338251147 0.035014216498714335
0.06307531146510753 0.03299552743948107
0.05558227567253826 0.030848870754108356
0.04853673085668936 0.02862900348834324
0.041945771283965205 0.02640400499134343
0.03581603349196366 0.024163767520036454
0.030153689607045786 0.021894467945405068
0.02496444112952728 0.019614273053733398
0.020253513192751316 0.01734779714560195
0.016025649301821876 0.015090182374774067
0.012285106557296477 0.012864022671156385
0.009035651368646647 0.01073975621456004
0.006280555661802856 0.0087412462753059
0.00402259358460233 0.006746185867487786
0.0022640387134577056 0.004818631486904606
0.0010066617640577813 0.003176662530175711
0.0002517288084074587 0.002067085074915972
0.0 0.0016746520946503824
0.0 0.0
0.0002517288084074587 -0.0009059776773572362
0.0010066617640577813 -0.00300719016301434
0.0022640387134577056 -0.004930264573163596
0.00402259358460233 -0.005968809651492986
0.006280555661802856 -0.007292730899475626
0.009035651368646647 -0.009095982843632534
0.012285106557296477 -0.010746002406675247
0.016025649301821876 -0.012196213062831385
0.020253513192751316 -0.013704743739293338
0.02496444112952728 -0.015245664391583695
0.030153689607045786 -0.016710693736367445
0.03581603349196366 -0.018095184889465443
0.041945771283965205 -0.019432091906199364
0.04853673085668936 -0.020727094147844953
0.05558227567253826 -0.021977683993108853
0.06307531146510753 -0.02315357558162989
0.07100829338251147 -0.024234983775222388
0.0793732335844094 -0.025251198485523204
0.0881617092850836 -0.026232916271235644
0.09736487123447068 -0.027166916823108594
0.10697345262860625 -0.028038774739796893
0.116977778440511 -0.02885253906000111
0.12736777516212267 -0.02961452265721846
0.1381329809474649 -0.030324704743273725
0.14926255614683936 -0.03098354027317604
0.1607452942214339 -0.031592835049754554
0.17256963302735745 -0.03215462885590619
0.18472366645773874 -0.03266948443064373
0.19719515643116664 -0.03313814667192834
0.20997154521440087 -0.03356119794658651
0.22303996806694482 -0.03393934184736532
0.2363872661947488 -0.03427293202253308
0.25000000000000006 -0.03456257725345457
0.2638644626136587 -0.034808990373101936
0.2779666936971131 -0.03501251919451608
0.29229249349905695 -0.03517260367655236
0.3068274371534359 -0.03528921245604112
0.32155688920406433 -0.03536309647183977
0.33646601834128953 -0.03539429180981199
0.35153981233586296 -0.03538156972773686
0.36676309315498296 -0.03532437815385336
0.38212053224528686 -0.03522312990301908
0.3975966659674052 -0.0350767837211292
0.41317591116653546 -0.034882459499905885
0.42884258086335814 -0.03464286157541078
0.44458090004949524 -0.03436708006200778
0.46037502157160654 -0.034050537925386856
0.4762090420881297 -0.0336731779022416
0.4920670180825969 -0.033232976079878795
0.5079329819174049 -0.03275096556693581
0.5237909579118721 -0.03223363458337744
0.5396249784283953 -0.03167170786713761
0.5554190999505066 -0.03106185360292143
0.5711574191366438 -0.030407000451945908
0.5868240888334664 -0.02971025302019174
0.6024033340325966 -0.02897455010854607
0.6178794677547149 -0.02820112363368131
0.6332369068450188 -0.027389996363129034
0.6484601876641387 -0.026543522267779653
0.6635339816587122 -0.025665737459076955
0.6784431107959373 -0.024758448341402978
0.6931725628465657 -0.023822226005959637
0.7077075065009447 -0.022862556716288097
0.7220333063028884 -0.021887709189199005
0.7361355373863427 -0.020900010481704992
0.7500000000000012 -0.019898463501782496
0.7636127338052524 -0.018886785453883642
0.7769600319330563 -0.017871257122566212
0.7900284547856001 -0.016856073228049617
0.8028048435688343 -0.015844311920274634
0.8152763335422621 -0.014840161671298108
0.8274303669726433 -0.013848169152695648
0.8392547057785669 -0.012871912768027563
0.8507374438531613 -0.01191447898227198
0.8618670190525357 -0.010979572763444833
0.872632224837878 -0.010070960351581795
0.8830222215594895 -0.009192084136860602
0.8930265473713942 -0.00834594013869199
0.9026351287655296 -0.007534816322511232
0.9118382907149167 -0.006760498472678294
0.9206267664155909 -0.00602436569824879
0.9289917066174888 -0.005327374954052967
0.9369246885348927 -0.0046695923566328
0.9444177243274618 -0.004050926005136912
0.9514632691433107 -0.0034719028617073455
0.958054228716035 -0.002933206799790869
0.9641839665080364 -0.0024358455420918435
0.9698463103929542 -0.001980897065356629
0.9750355588704727 -0.001570505314809494
0.9797464868072487 -0.001206679259563105
0.9839743506981782 -0.0008929131367964254
0.9877148934427036 -0.000631090636013475
0.9909643486313533 -0.00042284571859468764
0.9937194443381971 -0.00026570147325602386
0.9959774064153977 -0.00015363929892108424
0.9977359612865423 -7.861624425679337e-05
0.9989933382359422 -3.231252848065292e-05
0.9997482711915926 -7.668875759762393e-06
1.0 0.0
