1.0 0.005
0.9997482711915926 0.005064993923204556
0.9989933382359422 0.005259510052297155
0.9977359612865423 0.005582167665090952
0.9959774064153977 0.006030719348345994
0.9937194443381971 0.006602130959203311
0.9909643486313533 0.007292692130519125
0.9877148934427036 0.008098155897252832
0.9839743506981782 0.009013905639810964
0.9797464868072487 0.010035147177622182
0.9750355588704727 0.01115712350599005
0.9698463103929542 0.012375349354996198
0.9641839665080364 0.013685862464221713
0.958054228716035 0.015085488214344937
0.9514632691433107 0.016572114038984204
0.9444177243274618 0.018144969859866054
0.9369246885348927 0.01980491064754154
0.9289917066174888 0.021554697110089862
0.9206267664155909 0.02339927045479221
0.9118382907149167 0.02534601715347318
0.9026351287655296 0.02740501967151344
0.8930265473713942 0.02958786693625765
0.8830222215594895 0.03189445177808324
0.872632224837878 0.0343155860503848
0.8618670190525357 0.036839427411658694
0.8507374438531613 0.03945143070832813
0.8392547057785669 0.04213424729568329
0.8274303669726433 0.04486765108804947
0.8152763335422621 0.04762849314538022
0.8028048435688343 0.05039068634163761
0.7900284547856001 0.05312738498269918
0.7769600319330563 0.05582690433597174
0.7636127338052524 0.05848612474330268
0.7500000000000012 0.06110297032324328
0.7361355373863427 0.06367636824439153
0.7220333063028884 0.06620624610948975
0.7077075065009447 0.06869351929210442
0.6931725628465657 0.07114021641174352
0.6784431107959373 0.07355336804260722
0.6635339816587122 0.07594570312054168
0.6484601876641387 0.07833161588137787
0.6332369068450188 0.08072681536901685
0.6178794677547149 0.08314817257018725
0.6024033340325966 0.08561355339407
0.5868240888334664 0.08813696447215828
0.5711574191366438 0.09070270120151899
0.5554190999505066 0.093282503990646
0.5396249784283953 0.09584734909614989
0.5237909579118721 0.09836773841067656
0.5079329819174049 0.10081396754825515
0.4920670180825969 0.10315475514868401
0.4762090420881297 0.10532141481166897
0.46037502157160654 0.10720852494775557
0.44458090004949524 0.10871109043163514
0.42884258086335814 0.10972722859736254
0.41317591116653546 0.11015918615711442
0.3975966659674052 0.10991453186824617
0.38212053224528686 0.10899296076263056
0.36676309315498296 0.10761305759870632
0.35153981233586296 0.10601903869627913
0.33646601834128953 0.10444380145146745
0.32155688920406433 0.10310690769341753
0.3068274371534359 0.10221273127627288
0.29229249349905695 0.10193892243574795
0.2779666936971131 0.10225383514424688
0.2638644626136587 0.10295226944740615
0.25000000000000006 0.10383834725955023
0.2363872661947488 0.10473353500165011
0.22303996806694482 0.10547760024522913
0.20997154521440087 0.10592935304613017
0.19719515643116664 0.10596739484610021
0.18472366645773874 0.10552571251111711
0.17256963302735745 0.10462476962333549
0.1607452942214339 0.10329703390218536
0.14926255614683936 0.10157666294535003
0.1381329809474649 0.09952252449748909
0.12736777516212267 0.0972630713470245
0.116977778440511 0.09492313273058907
0.10697345262860625 0.0926072993409439
0.09736487123447068 0.09039966814046996
0.0881617092850836 0.08827119417169231
0.0793732335844094 0.08604121437173398
0.07100829338251147 0.08356815930729228
0.06307531146510753 0.08085088792527341
0.05558227567253826 0.07799117109043925
0.04853673085668936 0.0750786842850937
0.041945771283965205 0.07211852222573838
0.03581603349196366 0.0689957541542126
0.030153689607045786 0.06564753096676468
0.02496444112952728 0.062073628000354444
0.020253513192751316 0.05832364922018276
0.016025649301821876 0.05448466729061139
0.012285106557296477 0.05066947134630448
0.009035651368646647 0.047005583864644686
0.006280555661802856 0.04362519593078185
0.00402259358460233 0.04065615651455433
0.0022640387134577056 0.038214136290492355
0.0010066617640577813 0.036396070188261444
0.0002517288084074587 0.03527496543337357
0.0 0.03489614350929409
0.0 0.027
0.0002517288084074587 0.026429149939285485
0.0010066617640577813 0.02477747434685416
0.0022640387134577056 0.022221427750787014
0.00402259358460233 0.019034620816426588
0.006280555661802856 0.015557392872942812
0.009035651368646647 0.012154795994105561
0.012285106557296477 0.009163565848515137
0.016025649301821876 0.006828808491794408
0.020253513192751316 0.005231278575573739
0.02496444112952728 0.0042062615456961334
0.030153689607045786 0.003388296506085437
0.03581603349196366 0.00268163418661054
0.041945771283965205 0.0020720719363439815
0.04853673085668936 0.0015175403240794676
0.05558227567253826 0.0009583892474193804
0.06307531146510753 0.0004360879811260306
0.07100829338251147 7.265349442182805e-05
0.0793732335844094 2.1798917896005504e-05
0.0881617092850836 0.00032007415920528193
0.09736487123447068 0.0008395441254921589
0.10697345262860625 0.0014144027303525685
0.116977778440511 0.0020129354342037
0.12736777516212267 0.002703048154244601
0.1381329809474649 0.003569406653087773
0.14926255614683936 0.004713139665527256
0.1607452942214339 0.006216445807468641
0.17256963302735745 0.007989707690970793
0.18472366645773874 0.00986457783045197
0.19719515643116664 0.011641883810765996
0.20997154521440087 0.013113905447434814
0.22303996806694482 0.014228605485021738
0.2363872661947488 0.015021239062374982
0.25000000000000006 0.0155364093024925
0.2638644626136587 0.015827419960608755
0.2779666936971131 0.01595603106607668
0.29229249349905695 0.01599212083110447
0.3068274371534359 0.016011554491362677
0.32155688920406433 0.016050627756195788
0.33646601834128953 0.016096981086832798
0.35153981233586296 0.016134648807451045
0.36676309315498296 0.016146634659009167
0.38212053224528686 0.01611505303032892
0.3975966659674052 0.01602128196998774
0.41317591116653546 0.015849448128708782
0.42884258086335814 0.015604832791414655
0.44458090004949524 0.01530171946837186
0.46037502157160654 0.014955054468209971
0.4762090420881297 0.014580279800203922
0.4920670180825969 0.014193181469590161
0.5079329819174049 0.013809003837832606
0.5237909579118721 0.013426240220855553
0.5396249784283953 0.013026651554142562
0.5554190999505066 0.012591512950612182
0.5711574191366438 0.012102535975775068
0.5868240888334664 0.011542056125289595
0.6024033340325966 0.01089324767596594
0.6178794677547149 0.010153855758911843
0.6332369068450188 0.009356237040394543
0.6484601876641387 0.008536868771077628
0.6635339816587122 0.007730537124711293
0.6784431107959373 0.00697004002429521
0.6931725628465657 0.00628591424735913
0.7077075065009447 0.00570475051876255
0.7220333063028884 0.005222562196109157
0.7361355373863427 0.004809996880478873
0.7500000000000012 0.004439008712741306
0.7636127338052524 0.004084027687708149
0.7769600319330563 0.0037220987531631704
0.7900284547856001 0.003332989908167792
0.8028048435688343 0.002899360856366438
0.8152763335422621 0.0024212001972946113
0.8274303669726433 0.0019284833585922097
0.8392547057785669 0.0014508342714010945
0.8507374438531613 0.0010134051611666271
0.8618670190525357 0.0006369344732991971
0.872632224837878 0.00033785040006681507
0.8830222215594895 0.00012841753667546343
0.8930265473713942 1.692379853537087e-05
0.9026351287655296 7.839922759312758e-06
0.9118382907149167 9.655586699376125e-05
0.9206267664155909 0.00026733093302784257
0.9289917066174888 0.0005045378352257751
0.9369246885348927 0.0007938277546035404
0.9444177243274618 0.0011220928612330743
0.9514632691433107 0.0014774218842508982
0.958054228716035 0.001849049995517221
0.9641839665080364 0.002227304292263507
0.9698463103929542 0.0026035461681731768
0.9750355588704727 0.0029701118513802845
0.9797464868072487 0.0033202523621138932
0.9839743506981782 0.0036480741025765695
0.9877148934427036 0.003948481237683361
0.9909643486313533 0.004217120958197248
0.9937194443381971 0.004450332638404403
0.9959774064153977 0.0046451018097227
0.9977359612865423 0.004799019770589117
0.9989933382359422 0.00491024954278395
0.9997482711915926 0.004977498766272099
1.0 0.005
