1.0 0.0
0.9997482711915926 0.00015718709705477433
0.9989933382359422 0.0006243032440032704
0.9977359612865423 0.0013881945856122051
0.9959774064153977 0.0024275409443824335
0.9937194443381971 0.0037137520143279085
0.9909643486313533 0.00521220576293396
0.9877148934427036 0.006883812973599102
0.9839743506981782 0.008686887555982981
0.9797464868072487 0.01057929815745354
0.9750355588704727 0.012520872767924374
0.9698463103929542 0.01447602446304073
0.9641839665080364 0.01641656321435748
0.958054228716035 0.018324655844114142
0.9514632691433107 0.020195893747223293
0.9444177243274618 0.02204242597110884
0.9369246885348927 0.0238961136579641
0.9289917066174888 0.025809744958754936
0.9206267664155909 0.0278138878404326
0.9118382907149167 0.029901089423645822
0.9026351287655296 0.03206041641138254
0.8930265473713942 0.03427908030684582
0.8830222215594895 0.0365423306952516
0.872632224837878 0.038833363426472284
0.8618670190525357 0.04113324564294109
0.8507374438531613 0.043420902030715074
0.8392547057785669 0.04567840801372993
0.8274303669726433 0.047897464785051524
0.8152763335422621 0.05007175736843561
0.8028048435688343 0.05219592625853636
0.7900284547856001 0.05426561494881209
0.7769600319330563 0.056277507646128905
0.7636127338052524 0.05822935677893193
0.7500000000000012 0.06011999999999982
0.7361355373863427 0.061948298500763735
0.7220333063028884 0.06370970687939945
0.7077075065009447 0.06539909154222148
0.6931725628465657 0.06701175876875742
0.6784431107959373 0.0685434690159245
0.6635339816587122 0.06999044828958569
0.6484601876641387 0.07134939657449617
0.6332369068450188 0.0726174933349612
0.6178794677547149 0.07379216418070081
0.6024033340325966 0.07486922877721472
0.5868240888334664 0.07584380981443223
0.5711574191366438 0.07671138044423359
0.5554190999505066 0.0774677985064644
0.5396249784283953 0.07810933100942939
0.5237909579118721 0.07863267731940833
0.5079329819174049 0.07903499088998865
0.4920670180825969 0.0793140027146238
0.4762090420881297 0.07947031051813458
0.46037502157160654 0.07950737019751496
0.44458090004949524 0.07942918959272312
0.42884258086335814 0.0792401882377261
0.41317591116653546 0.078945159234513
0.3975966659674052 0.07854923022146675
0.38212053224528686 0.0780578237550526
0.36676309315498296 0.07747658582340612
0.35153981233586296 0.07680760647872208
0.33646601834128953 0.07604615085949906
0.32155688920406433 0.07518750680188994
0.3068274371534359 0.07422790546603622
0.29229249349905695 0.07316456928367371
0.2779666936971131 0.07199575101235985
0.2638644626136587 0.07072076351917081
0.25000000000000006 0.06933999999999998
0.2363872661947488 0.06785503672858675
0.22303996806694482 0.06626888912961057
0.20997154521440087 0.06458568711892744
0.19719515643116664 0.06281055659870548
0.18472366645773874 0.06094958949739245
0.17256963302735745 0.05900980506615069
0.1607452942214339 0.056999102739862896
0.14926255614683936 0.05492620694678482
0.1381329809474649 0.05279979898260295
0.12736777516212267 0.05062274720121437
0.116977778440511 0.048396774917223974
0.10697345262860625 0.046126225266179946
0.09736487123447068 0.04381789854525513
0.0881617092850836 0.04148083598631352
0.0793732335844094 0.03912608389817079
0.07100829338251147 0.036766441137175664
0.06307531146510753 0.034416193001662584
0.05558227567253826 0.03209083475076449
0.04853673085668936 0.029806788020658066
0.041945771283965205 0.02758111345098072
0.03581603349196366 0.02543122284065714
0.030153689607045786 0.02337459412576808
0.02496444112952728 0.02142849241275667
0.020253513192751316 0.019609700208884768
0.016025649301821876 0.017934259869404928
0.012285106557296477 0.0164172311286815
0.009035651368646647 0.01507246640203118
0.006280555661802856 0.01391240633818246
0.00402259358460233 0.0129478978710412
0.0022640387134577056 0.012188036766195143
0.0010066617640577813 0.011640036384793774
0.0002517288084074587 0.011309124097792585
0.0 0.011198466479889934
0.0 0.0
0.0002517288084074587 -0.0003454066399115248
0.0010066617640577813 -0.0013656779989658736
0.0022640387134577056 -0.003013685932623809
0.00402259358460233 -0.00521326599407938
0.006280555661802856 -0.007862758563656145
0.009035651368646647 -0.01083990165272425
0.012285106557296477 -0.01400801140945679
0.016025649301821876 -0.01722336921654962
0.020253513192751316 -0.02034371797435241
0.02496444112952728 -0.023237754876936086
0.030153689607045786 -0.02579549387403552
0.03581603349196366 -0.0279393582179041
0.041945771283965205 -0.02963585215759032
0.04853673085668936 -0.030907651086698167
0.05558227567253826 -0.031845941381853655
0.06307531146510753 -0.03262283487916286
0.07100829338251147 -0.033495626845305215
0.0793732335844094 -0.03462342976092598
0.0881617092850836 -0.03599876456909936
0.09736487123447068 -0.03759312478868353
0.10697345262860625 -0.0393630685558637
0.116977778440511 -0.041248974236203086
0.12736777516212267 -0.0431739240171018
0.1381329809474649 -0.04504273410511245
0.14926255614683936 -0.04674144504179915
0.1607452942214339 -0.04817409442550316
0.17256963302735745 -0.04930800916150242
0.18472366645773874 -0.05011978931498978
0.19719515643116664 -0.05058781348770063
0.20997154521440087 -0.05069238645624288
0.22303996806694482 -0.05041587138710778
0.2363872661947488 -0.049742805725960224
0.25000000000000006 -0.048659999999999995
0.2638644626136587 -0.047163990116494914
0.2779666936971131 -0.04528474388371338
0.29229249349905695 -0.043066147104336656
0.3068274371534359 -0.040558753981564784
0.32155688920406433 -0.03781944329179575
0.33646601834128953 -0.03491100580042161
0.35153981233586296 -0.03190166600258576
0.36676309315498296 -0.02886454191113643
0.38212053224528686 -0.025871621417223756
0.3975966659674052 -0.022950525305784397
0.41317591116653546 -0.020104781857155578
0.42884258086335814 -0.017337306003920548
0.44458090004949524 -0.014650602065398787
0.46037502157160654 -0.012046770293568388
0.4762090420881297 -0.009527515478136007
0.4920670180825969 -0.0070941574839074335
0.5079329819174049 -0.004747710041047197
0.5237909579118721 -0.002490354996762394
0.5396249784283953 -0.00032544175595998666
0.5554190999505066 0.0017439881033894664
0.5711574191366438 0.003715280796116501
0.5868240888334664 0.005586182113421717
0.6024033340325966 0.00735484737194196
0.6178794677547149 0.009019849427649173
0.6332369068450188 0.01058017395056003
0.6484601876641387 0.012033955264592272
0.6635339816587122 0.013377382974752527
0.6784431107959373 0.014607036633729661
0.6931725628465657 0.015720208041731125
0.7077075065009447 0.016714924952123403
0.7220333063028884 0.017589968997289623
0.7361355373863427 0.018344887639161454
0.7500000000000012 0.01898000000000005
0.7636127338052524 0.019495770505098202
0.7769600319330563 0.019891069370844523
0.7900284547856001 0.020165297995555283
0.8028048435688343 0.02031904318128781
0.8152763335422621 0.020354058923952794
0.8274303669726433 0.020273237338710205
0.8392547057785669 0.020080569037589438
0.8507374438531613 0.019781093372753945
0.8618670190525357 0.019380736624910216
0.872632224837878 0.018885516118565964
0.8830222215594895 0.018302067619151735
0.8930265473713942 0.017638052879639623
0.9026351287655296 0.016902058890316308
0.9118382907149167 0.016103484901776672
0.9206267664155909 0.01525242242902929
0.9289917066174888 0.014359529487874624
0.9369246885348927 0.01343526848578288
0.9444177243274618 0.01247721673763122
0.9514632691433107 0.011475603367944273
0.958054228716035 0.010428747220143905
0.9641839665080364 0.009342428403349192
0.9698463103929542 0.008228559158809375
0.9750355588704727 0.0071038663295866795
0.9797464868072487 0.005988603445691557
0.9839743506981782 0.0049053097816185625
0.9877148934427036 0.0038776329067382073
0.9909643486313533 0.0029292302405956707
0.9937194443381971 0.0020827639558207863
0.9959774064153977 0.0013590022535823574
0.9977359612865423 0.0007760385842519043
0.9989933382359422 0.00034863881440071995
0.9997482711915926 8.772466679318182e-05
1.0 0.0
