1.0 0.0
0.9997482711915926 0.0001685213972146858
0.9989933382359422 0.0006322526318410173
0.9977359612865423 0.0012948886458654313
0.9959774064153977 0.0020928244571981175
0.9937194443381971 0.0030956096376706845
0.9909643486313533 0.004332880632258105
0.9877148934427036 0.0057497045849119795
0.9839743506981782 0.00732599053410913
0.9797464868072487 0.009087363484997342
0.9750355588704727 0.011025491344175286
0.9698463103929542 0.013092843424967637
0.9641839665080364 0.015267618763417588
0.958054228716035 0.017559117745181697
0.9514632691433107 0.019967857479162326
0.9444177243274618 0.022482888586328496
0.9369246885348927 0.025105468342218076
0.9289917066174888 0.02785110046663156
0.9206267664155909 0.030696629100341107
0.9118382907149167 0.033564091412621885
0.9026351287655296 0.03643781588457709
0.8930265473713942 0.03940910893787272
0.8830222215594895 0.04251562281134081
0.872632224837878 0.0456671520637278
0.8618670190525357 0.048798226117574194
0.8507374438531613 0.05192986156758207
0.8392547057785669 0.055077056985357246
0.8274303669726433 0.05821254182557043
0.8152763335422621 0.061311485513734186
0.8028048435688343 0.06437343738238316
0.7900284547856001 0.06739827949975322
0.7769600319330563 0.07037169858973802
0.7636127338052524 0.0732796809087106
0.7500000000000012 0.07611980885943255
0.7361355373863427 0.07889127833469947
0.7220333063028884 0.08158547268979531
0.7077075065009447 0.08419016951210298
0.6931725628465657 0.08668507986523558
0.6784431107959373 0.08905264909542646
0.6635339816587122 0.09130958335905638
0.6484601876641387 0.09347940569267123
0.6332369068450188 0.09552941719839435
0.6178794677547149 0.09740941939372931
0.6024033340325966 0.09914881169331109
0.5868240888334664 0.10081306211429812
0.5711574191366438 0.10237608465523666
0.5554190999505066 0.10375937546840167
0.5396249784283953 0.10497420919796585
0.5237909579118721 0.10609518069767844
0.5079329819174049 0.10712551965210652
0.4920670180825969 0.10800866849948937
0.4762090420881297 0.10874661635910784
0.46037502157160654 0.10939989083125017
0.44458090004949524 0.1099620994425517
0.42884258086335814 0.11034821997231065
0.41317591116653546 0.11054582919862231
0.3975966659674052 0.11064606479572595
0.38212053224528686 0.11067332182355218
0.36676309315498296 0.11053518915658589
0.35153981233586296 0.11019739197218507
0.33646601834128953 0.10975105447469168
0.32155688920406433 0.10924186236675713
0.3068274371534359 0.10858998570993382
0.29229249349905695 0.1077445540091624
0.2779666936971131 0.10676689880299309
0.2638644626136587 0.10570425256342467
0.25000000000000006 0.10449191540797685
0.2363872661947488 0.10307902826880176
0.22303996806694482 0.10154775082734721
0.20997154521440087 0.09996908191510842
0.19719515643116664 0.09824763381131836
0.18472366645773874 0.09628606662456597
0.17256963302735745 0.0941736022741983
0.1607452942214339 0.0920234621280233
0.14926255614683936 0.08976202097485944
0.1381329809474649 0.08727781538832506
0.12736777516212267 0.08462630619957463
0.116977778440511 0.08191536681967866
0.10697345262860625 0.07910691052649767
0.09736487123447068 0.07610814379581946
0.0881617092850836 0.07295131127941433
0.0793732335844094 0.06972982700056096
0.07100829338251147 0.06641931165345542
0.06307531146510753 0.06293327856084734
0.05558227567253826 0.05931844946210322
0.04853673085668936 0.05570869482909704
0.041945771283965205 0.05207898770598013
0.03581603349196366 0.04829252173555733
0.030153689607045786 0.04440403824384858
0.02496444112952728 0.040625833245783144
0.020253513192751316 0.03691263637016185
0.016025649301821876 0.03298903602468449
0.012285106557296477 0.028926400915865548
0.009035651368646647 0.025102235628681007
0.006280555661802856 0.021438724135320088
0.00402259358460233 0.017472300964960892
0.0022640387134577056 0.013383965397307835
0.0010066617640577813 0.009758047124753666
0.0002517288084074587 0.00725188629515586
0.0 0.006356544581509338
0.0 0.0
0.0002517288084074587 -0.00039139974675374327
0.0010066617640577813 -0.0015206528118638103
0.0022640387134577056 -0.003251045027991068
0.00402259358460233 -0.005348495953933155
0.006280555661802856 -0.007505322293754074
0.009035651368646647 -0.009583733809491483
0.012285106557296477 -0.0117371203184772
0.016025649301821876 -0.014017915863836081
0.020253513192751316 -0.016355910649384072
0.02496444112952728 -0.018692632213253218
0.030153689607045786 -0.020989911299652612
0.03581603349196366 -0.023248913942324537
0.041945771283965205 -0.02551540270120902
0.04853673085668936 -0.02780788090016801
0.05558227567253826 -0.030109263162384964
0.06307531146510753 -0.032399610994688584
0.07100829338251147 -0.034656183259779434
0.0793732335844094 -0.036859935872809745
0.0881617092850836 -0.03899729082540028
0.09736487123447068 -0.041070774463424366
0.10697345262860625 -0.04310484224527
0.116977778440511 -0.045101378866490294
0.12736777516212267 -0.04701541220320411
0.1381329809474649 -0.04882955276987905
0.14926255614683936 -0.05059137472180805
0.1607452942214339 -0.05232693220065805
0.17256963302735745 -0.053986747709278075
0.18472366645773874 -0.0555367996171938
0.19719515643116664 -0.05701789473284142
0.20997154521440087 -0.05845682197470605
0.22303996806694482 -0.05978896751265042
0.2363872661947488 -0.06096167667406492
0.25000000000000006 -0.06204155251863463
0.2638644626136587 -0.06309361655483062
0.2779666936971131 -0.0640374172262333
0.29229249349905695 -0.06478153060412564
0.3068274371534359 -0.06537393696692659
0.32155688920406433 -0.06588729509243298
0.33646601834128953 -0.06629124293702615
0.35153981233586296 -0.06652636053380384
0.36676309315498296 -0.06662044958226142
0.38212053224528686 -0.06663312973164387
0.3975966659674052 -0.06653516005932875
0.41317591116653546 -0.06625704916373715
0.42884258086335814 -0.06581858917197288
0.44458090004949524 -0.06529022765796952
0.46037502157160654 -0.06465450884795429
0.4762090420881297 -0.06383315675332195
0.4920670180825969 -0.06282345887361404
0.5079329819174049 -0.06168644564664382
0.5237909579118721 -0.060415595157141136
0.5396249784283953 -0.0589372683169976
0.5554190999505066 -0.057243879855975566
0.5711574191366438 -0.055406939416873704
0.5868240888334664 -0.05343648337381073
0.6024033340325966 -0.05125441172065
0.6178794677547149 -0.048842975135661305
0.6332369068450188 -0.04628746666289279
0.6484601876641387 -0.04363100485706568
0.6635339816587122 -0.040823353033735785
0.6784431107959373 -0.037848056907694314
0.6931725628465657 -0.034782314313808585
0.7077075065009447 -0.031682200890711894
0.7220333063028884 -0.028521217987561968
0.7361355373863427 -0.025291331369573258
0.7500000000000012 -0.022078483278402856
0.7636127338052524 -0.018959262485743037
0.7769600319330563 -0.015924922374844067
0.7900284547856001 -0.012965946527731672
0.8028048435688343 -0.010150995813685457
0.8152763335422621 -0.007547179324411743
0.8274303669726433 -0.0051313475280590935
0.8392547057785669 -0.0028657646434470307
0.8507374438531613 -0.0007917808268749157
0.8618670190525357 0.0010345237944427582
0.872632224837878 0.002632362407479924
0.8830222215594895 0.004046310838658037
0.8930265473713942 0.0052708470192100775
0.9026351287655296 0.00628109035899306
0.9118382907149167 0.007081854184426996
0.9206267664155909 0.007693602761898425
0.9289917066174888 0.008123749095006908
0.9369246885348927 0.008372885072804894
0.9444177243274618 0.008445055234802622
0.9514632691433107 0.00834825550079573
0.958054228716035 0.008093021519869611
0.9641839665080364 0.007692370050552078
0.9698463103929542 0.007157458767436888
0.9750355588704727 0.006498711345914432
0.9797464868072487 0.005749530938680735
0.9839743506981782 0.004961562451487701
0.9877148934427036 0.004151316130569625
0.9909643486313533 0.0033045984856316223
0.9937194443381971 0.0024751631515112275
0.9959774064153977 0.0017660333399500741
0.9977359612865423 0.0011638705754745651
0.9989933382359422 0.0005969944523741687
0.9997482711915926 0.00016377595691312226
1.0 0.0
