1.0 0.0
0.9997482711915926 5.5739499285729246e-05
0.9989933382359422 0.0002168473105358841
0.9977359612865423 0.0004700617861866556
0.9959774064153977 0.000810110415098381
0.9937194443381971 0.0012561338301497343
0.9909643486313533 0.0018138896237394576
0.9877148934427036 0.002464999841772359
0.9839743506981782 0.0032074462337724837
0.9797464868072487 0.00405899875557352
0.9750355588704727 0.00502068548609434
0.9698463103929542 0.006074428421982938
0.9641839665080364 0.007211595170002354
0.958054228716035 0.008434994002639735
0.9514632691433107 0.009747661219919445
0.9444177243274618 0.011152141037591223
0.9369246885348927 0.012644339825442642
0.9289917066174888 0.014211878644017795
0.9206267664155909 0.015851401960921274
0.9118382907149167 0.017573048121897195
0.9026351287655296 0.019374522834783543
0.8930265473713942 0.021232215215708956
0.8830222215594895 0.023133030713831156
0.872632224837878 0.02508728148911746
0.8618670190525357 0.027099610004248306
0.8507374438531613 0.02915716415146892
0.8392547057785669 0.03125028771692185
0.8274303669726433 0.033382511536740024
0.8152763335422621 0.03555311220271688
0.8028048435688343 0.03774414435675798
0.7900284547856001 0.039939233864544
0.7769600319330563 0.04213845819808507
0.7636127338052524 0.044339691976089904
0.7500000000000012 0.046519999999999805
0.7361355373863427 0.04865739353893476
0.7220333063028884 0.05075885318781598
0.7077075065009447 0.052834059532239526
0.6931725628465657 0.05486134925194782
0.6784431107959373 0.05681400793751156
0.6635339816587122 0.058701441328379615
0.6484601876641387 0.06054281233992945
0.6332369068450188 0.062319967294958305
0.6178794677547149 0.0640016271802676
0.6024033340325966 0.06559566662403425
0.5868240888334664 0.0671282249541231
0.5711574191366438 0.06858811994056722
0.5554190999505066 0.06994352517045878
0.5396249784283953 0.07120580554451862
0.5237909579118721 0.07241561805251803
0.5079329819174049 0.07356037110273542
0.4920670180825969 0.07458356858124118
0.4762090420881297 0.0754850341662631
0.46037502157160654 0.07632045368123606
0.44458090004949524 0.0770874927430521
0.42884258086335814 0.0777148759478731
0.41317591116653546 0.07818558050456155
0.3975966659674052 0.07856021187394852
0.38212053224528686 0.07885338528481052
0.36676309315498296 0.07899886080963778
0.35153981233586296 0.07897482980981481
0.33646601834128953 0.07885335914619868
0.32155688920406433 0.07866453360948962
0.3068274371534359 0.07832639795182975
0.29229249349905695 0.07779531708523042
0.2779666936971131 0.0771589103250479
0.2638644626136587 0.07647456987748028
0.25000000000000006 0.07565
0.2363872661947488 0.07461440605325334
0.22303996806694482 0.07346329936536725
0.20997154521440087 0.07228459032144754
0.19719515643116664 0.07098702711042425
0.18472366645773874 0.06947499805499736
0.17256963302735745 0.06784582562633538
0.1607452942214339 0.06621813155723763
0.14926255614683936 0.06450120581108569
0.1381329809474649 0.06256717746726873
0.12736777516212267 0.060521258565215424
0.116977778440511 0.05853121699618768
0.10697345262860625 0.05650379413677252
0.09736487123447068 0.05425397972176389
0.0881617092850836 0.051876581296756416
0.0793732335844094 0.04959236313508249
0.07100829338251147 0.047312889710092135
0.06307531146510753 0.044784785254270695
0.05558227567253826 0.042067936707104084
0.04853673085668936 0.03942708036942877
0.041945771283965205 0.03687072022005357
0.03581603349196366 0.03421443203318864
0.030153689607045786 0.031425266790557516
0.02496444112952728 0.028602362084060657
0.020253513192751316 0.02578949596887707
0.016025649301821876 0.022974626651343054
0.012285106557296477 0.020125648395956413
0.009035651368646647 0.017192609128965128
0.006280555661802856 0.014163543420691125
0.00402259358460233 0.011048617735457738
0.0022640387134577056 0.008081307353775958
0.0010066617640577813 0.005607691436682481
0.0002517288084074587 0.003963953749864315
0.0 0.0033876469002580545
0.0 0.0
0.0002517288084074587 -0.0005572765871808932
0.0010066617640577813 -0.0019065983207783724
0.0022640387134577056 -0.0033042427832435744
0.00402259358460233 -0.0042535408526880964
0.006280555661802856 -0.005276450062398854
0.009035651368646647 -0.006638509530194639
0.012285106557296477 -0.008043013190546044
0.016025649301821876 -0.009368542504580706
0.020253513192751316 -0.010716411859864935
0.02496444112952728 -0.012070243048708448
0.030153689607045786 -0.013288725684882477
0.03581603349196366 -0.014388706769137848
0.041945771283965205 -0.015561684743012276
0.04853673085668936 -0.016800714291174284
0.05558227567253826 -0.017860457067019855
0.06307531146510753 -0.018707825356537085
0.07100829338251147 -0.01959456805232345
0.0793732335844094 -0.020584084806064752
0.0881617092850836 -0.021443145324322798
0.09736487123447068 -0.02208613801581594
0.10697345262860625 -0.022701354268687194
0.116977778440511 -0.023367906304469808
0.12736777516212267 -0.02391704107769016
0.1381329809474649 -0.024262003141798952
0.14926255614683936 -0.024544258950745447
0.1607452942214339 -0.024849479394385653
0.17256963302735745 -0.02505294376738883
0.18472366645773874 -0.025065789607169143
0.19719515643116664 -0.02499067605707693
0.20997154521440087 -0.02491143638585974
0.22303996806694482 -0.02473329423192224
0.2363872661947488 -0.024366928697450607
0.25000000000000006 -0.02389
0.2638644626136587 -0.0233883511488645
0.2779666936971131 -0.0227931484661402
0.29229249349905695 -0.02201719012246992
0.3068274371534359 -0.02111624644561177
0.32155688920406433 -0.020175917222996307
0.33646601834128953 -0.01915701166768492
0.35153981233586296 -0.017985363630025154
0.36676309315498296 -0.016698890943471812
0.38212053224528686 -0.015378488968037429
0.3975966659674052 -0.0140142485730087
0.41317591116653546 -0.0125538874085329
0.42884258086335814 -0.01102513774947216
0.44458090004949524 -0.009501802840234675
0.46037502157160654 -0.007985115826447294
0.4762090420881297 -0.006425497989623303
0.4920670180825969 -0.00483551682885201
0.5079329819174049 -0.0032798339937478494
0.5237909579118721 -0.0017682259282080482
0.5396249784283953 -0.0002554021139300526
0.5554190999505066 0.0012551404522673868
0.5711574191366438 0.002701401409270552
0.5868240888334664 0.004059820944312211
0.6024033340325966 0.005362682044193553
0.6178794677547149 0.006611301754748866
0.6332369068450188 0.007752114168304549
0.6484601876641387 0.008761062240629457
0.6635339816587122 0.009676466685705666
0.6784431107959373 0.010520625800142801
0.6931725628465657 0.011266957820399966
0.7077075065009447 0.01189916426890036
0.7220333063028884 0.012442042007313072
0.7361355373863427 0.012913236989673933
0.7500000000000012 0.013290000000000027
0.7636127338052524 0.013553436832061335
0.7769600319330563 0.013721975466830195
0.7900284547856001 0.013814464634135116
0.8028048435688343 0.013817045844065205
0.8152763335422621 0.01371377138248145
0.8274303669726433 0.013515961039649
0.8392547057785669 0.013241429914098211
0.8507374438531613 0.012896722566179854
0.8618670190525357 0.012485213148720755
0.872632224837878 0.012016388214759775
0.8830222215594895 0.011501212414486067
0.8930265473713942 0.01094177389461171
0.9026351287655296 0.010337259138278307
0.9118382907149167 0.009697098138114741
0.9206267664155909 0.009035710574283698
0.9289917066174888 0.0083609788428961
0.9369246885348927 0.007676552405599388
0.9444177243274618 0.0069837398561265005
0.9514632691433107 0.006283033468532665
0.958054228716035 0.005582200965045977
0.9641839665080364 0.0048942237996283215
0.9698463103929542 0.004223441013618168
0.9750355588704727 0.0035673187984165424
0.9797464868072487 0.002941042698308947
0.9839743506981782 0.0023748156837192346
0.9877148934427036 0.0018756319166069082
0.9909643486313533 0.0014297071746641177
0.9937194443381971 0.001025695354693115
0.9959774064153977 0.0006554169769166801
0.9977359612865423 0.00034607247007532594
0.9989933382359422 0.00014031178124846935
0.9997482711915926 3.241845476330888e-05
1.0 0.0
