1.0 0.0
0.9997482711915926 0.00013826943975445965
0.9989933382359422 0.0005204900013850986
0.9977359612865423 0.0010715497832600067
0.9959774064153977 0.0017414493146878963
0.9937194443381971 0.002583725320539251
0.9909643486313533 0.0036252852421632025
0.9877148934427036 0.004833379770299851
0.9839743506981782 0.0061949745518900656
0.9797464868072487 0.007722794268063698
0.9750355588704727 0.00940777216180905
0.9698463103929542 0.011216041507572208
0.9641839665080364 0.01313392906908916
0.958054228716035 0.015171704613273666
0.9514632691433107 0.017327789231351635
0.9444177243274618 0.01958560681443931
0.9369246885348927 0.021938656081790728
0.9289917066174888 0.024393655486143577
0.9206267664155909 0.026944740781665203
0.9118382907149167 0.02956697365197837
0.9026351287655296 0.03225230774156034
0.8930265473713942 0.0350218778558712
0.8830222215594895 0.03787886041870479
0.872632224837878 0.04078542238870739
0.8618670190525357 0.043711145640954276
0.8507374438531613 0.04665298510282518
0.8392547057785669 0.04960709453996131
0.8274303669726433 0.052559376493587696
0.8152763335422621 0.055491838989242225
0.8028048435688343 0.05838090494249412
0.7900284547856001 0.061211843550456876
0.7769600319330563 0.06400207606956922
0.7636127338052524 0.06676388056895768
0.7500000000000012 0.06946038798451204
0.7361355373863427 0.07205352104679483
0.7220333063028884 0.07455683163005127
0.7077075065009447 0.07699030812216558
0.6931725628465657 0.07932546616451056
0.6784431107959373 0.08152688692169106
0.6635339816587122 0.08361876625734868
0.6484601876641387 0.08563976005840318
0.6332369068450188 0.08755333594665747
0.6178794677547149 0.08929771028712236
0.6024033340325966 0.0909010802165759
0.5868240888334664 0.09243363017158204
0.5711574191366438 0.09387647679985234
0.5554190999505066 0.09515934026132246
0.5396249784283953 0.09629404232991091
0.5237909579118721 0.09734969876416383
0.5079329819174049 0.09831906125698545
0.4920670180825969 0.09913175955197939
0.4762090420881297 0.09979364391540774
0.46037502157160654 0.10038645587628005
0.44458090004949524 0.10091018965617896
0.42884258086335814 0.10126832514962103
0.41317591116653546 0.10144401120419946
0.3975966659674052 0.10153485226274556
0.38212053224528686 0.10156381799022411
0.36676309315498296 0.10142345513274352
0.35153981233586296 0.10107400237008682
0.33646601834128953 0.10062083558331301
0.32155688920406433 0.10011495195695998
0.3068274371534359 0.09945830226184109
0.29229249349905695 0.09859527727232949
0.2779666936971131 0.0976246677001745
0.2638644626136587 0.096611654832197
0.25000000000000006 0.09545185800759817
0.2363872661947488 0.09406590465397892
0.22303996806694482 0.0925648252647013
0.20997154521440087 0.0910483734009183
0.19719515643116664 0.08939934939265028
0.18472366645773874 0.08749696881948232
0.17256963302735745 0.0854632066627308
0.1607452942214339 0.08344617488719347
0.14926255614683936 0.08132453469822506
0.1381329809474649 0.07892806106003014
0.12736777516212267 0.0763693816579269
0.116977778440511 0.07384159132401623
0.10697345262860625 0.07124036983847548
0.09736487123447068 0.0683553820004141
0.0881617092850836 0.06530098676818553
0.0793732335844094 0.06233875139779482
0.07100829338251147 0.05936416795770521
0.06307531146510753 0.056075524682248135
0.05558227567253826 0.05258033261863323
0.04853673085668936 0.04925130509087395
0.041945771283965205 0.0460046536300653
0.03581603349196366 0.04242948296997659
0.030153689607045786 0.03863908824189885
0.02496444112952728 0.03517904493129885
0.020253513192751316 0.03196650474030054
0.016025649301821876 0.02835659459455631
0.012285106557296477 0.024509750586120937
0.009035651368646647 0.021310001224026875
0.006280555661802856 0.018627522698175025
0.00402259358460233 0.015488035500696745
0.0022640387134577056 0.01187770577764331
0.0010066617640577813 0.008429019351133372
0.0002517288084074587 0.0059417528274268985
0.0 0.005035949912556632
0.0 0.0
0.0002517288084074587 -0.0006234680087809832
0.0010066617640577813 -0.0021958500369161243
0.0022640387134577056 -0.004032312550507529
0.00402259358460233 -0.005685974606634827
0.006280555661802856 -0.007625277104047565
0.009035651368646647 -0.009907817184645677
0.012285106557296477 -0.011931423377503733
0.016025649301821876 -0.013609323709311713
0.020253513192751316 -0.015483698327873408
0.02496444112952728 -0.01761746898377664
0.030153689607045786 -0.019549311141192814
0.03581603349196366 -0.021211563472743996
0.041945771283965205 -0.022978389593002992
0.04853673085668936 -0.02491896298089487
0.05558227567253826 -0.026732081593431194
0.06307531146510753 -0.028360091874166042
0.07100829338251147 -0.03007912839778015
0.0793732335844094 -0.031950157213713526
0.0881617092850836 -0.03370245287790228
0.09736487123447068 -0.03524809482721985
0.10697345262860625 -0.036827142964724724
0.116977778440511 -0.03853440277271855
0.12736777516212267 -0.04014428946317887
0.1381329809474649 -0.04154473530734967
0.14926255614683936 -0.04293021459495314
0.1607452942214339 -0.044413097007041415
0.17256963302735745 -0.045809636788075835
0.18472366645773874 -0.04699178049233525
0.19719515643116664 -0.04811900737044434
0.20997154521440087 -0.0493162787521499
0.22303996806694482 -0.05042253520649911
0.2363872661947488 -0.05129073421139919
0.25000000000000006 -0.05206115554297
0.2638644626136587 -0.05288538969463241
0.2779666936971131 -0.053637734453314906
0.29229249349905695 -0.05416141838061276
0.3068274371534359 -0.05456843685502332
0.32155688920406433 -0.055014481742268355
0.33646601834128953 -0.05534376002103964
0.35153981233586296 -0.0553301624421933
0.36676309315498296 -0.055161305615498236
0.38212053224528686 -0.05517201311116274
0.3975966659674052 -0.05524305853459819
0.41317591116653546 -0.05503895242737751
0.42884258086335814 -0.05457288454813739
0.44458090004949524 -0.054064915983639605
0.46037502157160654 -0.053520442167286304
0.4762090420881297 -0.05279279210071287
0.4920670180825969 -0.051877843135513885
0.5079329819174049 -0.05089243282727011
0.5237909579118721 -0.049827943593866955
0.5396249784283953 -0.04855048476435524
0.5554190999505066 -0.04703301088509108
0.5711574191366438 -0.04537792958254315
0.5868240888334664 -0.043610430814485644
0.6024033340325966 -0.0416424032527944
0.6178794677547149 -0.039443441497775955
0.6332369068450188 -0.037084951134256534
0.6484601876641387 -0.03460718244127786
0.6635339816587122 -0.031977222504612775
0.6784431107959373 -0.02919760334024658
0.6931725628465657 -0.02636415361401781
0.7077075065009447 -0.02354701462076382
0.7220333063028884 -0.02072383324844685
0.7361355373863427 -0.017888798538559438
0.7500000000000012 -0.015130242892608463
0.7636127338052524 -0.012525270367777263
0.7769600319330563 -0.010060159007174148
0.7900284547856001 -0.007714490795420318
0.8028048435688343 -0.005525183787019586
0.8152763335422621 -0.0035309555214905514
0.8274303669726433 -0.0017165980585274927
0.8392547057785669 -5.684373436381279e-05
0.8507374438531613 0.0014335167951273872
0.8618670190525357 0.0027320083923871776
0.872632224837878 0.003853189663176733
0.8830222215594895 0.0048233003188334666
0.8930265473713942 0.005636119850617016
0.9026351287655296 0.00627423591644917
0.9118382907149167 0.00674845290650825
0.9206267664155909 0.007083126527096127
0.9289917066174888 0.007282958213227987
0.9369246885348927 0.007342175894495327
0.9444177243274618 0.00726695856005771
0.9514632691433107 0.007072376029685261
0.958054228716035 0.006766040967226333
0.9641839665080364 0.006350379823551276
0.9698463103929542 0.005833771405886868
0.9750355588704727 0.005230243761270571
0.9797464868072487 0.0045693423923935305
0.9839743506981782 0.003892452838384429
0.9877148934427036 0.0032150037458437966
0.9909643486313533 0.0025297807347712535
0.9937194443381971 0.001870778221832066
0.9959774064153977 0.0013020448539538278
0.9977359612865423 0.0008252667235007251
0.9989933382359422 0.0004095216921927659
0.9997482711915926 0.00011012139481769118
1.0 0.0
