1.0 0.0
0.9997482711915926 5.863303191657295e-05
0.9989933382359422 0.00022640881914649864
0.9977359612865423 0.000485702306724012
0.9959774064153977 0.0008295266727816891
0.9937194443381971 0.001283704405282353
0.9909643486313533 0.0018593147471419487
0.9877148934427036 0.002538944491424843
0.9839743506981782 0.003317868486945608
0.9797464868072487 0.004206977224927598
0.9750355588704727 0.0052072589826492105
0.9698463103929542 0.006308386935100109
0.9641839665080364 0.00750577483390986
0.958054228716035 0.008801733709349172
0.9514632691433107 0.010198076031466207
0.9444177243274618 0.011695483417962872
0.9369246885348927 0.013289513118138582
0.9289917066174888 0.014969559364138024
0.9206267664155909 0.016734372152326746
0.9118382907149167 0.018596333111423828
0.9026351287655296 0.02055260961686658
0.8930265473713942 0.022574707846146534
0.8830222215594895 0.024647718787138905
0.872632224837878 0.026786659534563464
0.8618670190525357 0.028999494030689535
0.8507374438531613 0.03127213226355598
0.8392547057785669 0.03359388215345326
0.8274303669726433 0.03596918160022211
0.8152763335422621 0.03839748752935312
0.8028048435688343 0.04085840851376486
0.7900284547856001 0.0433340091981747
0.7769600319330563 0.04582743763917806
0.7636127338052524 0.048338736970339406
0.7500000000000012 0.05083999999999979
0.7361355373863427 0.05330373914603692
0.7220333063028884 0.055737705360173063
0.7077075065009447 0.058153454624804625
0.6931725628465657 0.06052764424378495
0.6784431107959373 0.06283114934303473
0.6635339816587122 0.06507410509933105
0.6484601876641387 0.06727707332267098
0.6332369068450188 0.06941891662508223
0.6178794677547149 0.07146393532078536
0.6024033340325966 0.07342144155207336
0.5868240888334664 0.07532162391209313
0.5711574191366438 0.07715064812644559
0.5554190999505066 0.07887014170391772
0.5396249784283953 0.08049035650945167
0.5237909579118721 0.08205467757389617
0.5079329819174049 0.08354902776987456
0.4920670180825969 0.08491178487633069
0.4762090420881297 0.08613891168478376
0.46037502157160654 0.08728369911016058
0.44458090004949524 0.08834305071180591
0.42884258086335814 0.08924671574873762
0.41317591116653546 0.08997738646640698
0.3975966659674052 0.09059344726248801
0.38212053224528686 0.09110614013574049
0.36676309315498296 0.0914442243794376
0.35153981233586296 0.09158316661432993
0.33646601834128953 0.09159660588808073
0.32155688920406433 0.09151520580233624
0.3068274371534359 0.09125431179891808
0.29229249349905695 0.09076887554988848
0.2779666936971131 0.09014916945951601
0.2638644626136587 0.08945447423270293
0.25000000000000006 0.08858999999999999
0.2363872661947488 0.08748292257048337
0.22303996806694482 0.08623059355887368
0.20997154521440087 0.08492308964148282
0.19719515643116664 0.08346865070686862
0.18472366645773874 0.08177101727342603
0.17256963302735745 0.07992866175733207
0.1607452942214339 0.07806192863582034
0.14926255614683936 0.07608095643735084
0.1381329809474649 0.07385874410412399
0.12736777516212267 0.07150242563665152
0.116977778440511 0.06918188735928421
0.10697345262860625 0.06680223286051634
0.09736487123447068 0.06417611767416712
0.0881617092850836 0.0614032012228939
0.0793732335844094 0.05871224379773964
0.07100829338251147 0.05601166900907018
0.06307531146510753 0.05303932702357553
0.05558227567253826 0.04985652301788922
0.04853673085668936 0.04673661558003314
0.041945771283965205 0.043691492205418576
0.03581603349196366 0.04053613646172756
0.030153689607045786 0.037235747624237564
0.02496444112952728 0.03388714657423577
0.020253513192751316 0.030536587317302608
0.016025649301821876 0.02717839105516445
0.012285106557296477 0.0237830362334189
0.009035651368646647 0.020298853641823704
0.006280555661802856 0.016711512296881562
0.00402259358460233 0.013027178719596709
0.0022640387134577056 0.009518517672121357
0.0010066617640577813 0.006593541679901443
0.0002517288084074587 0.00464968799736165
0.0 0.00396811504030979
0.0 0.0
0.0002517288084074587 -0.000843125845160197
0.0010066617640577813 -0.0028706754190505664
0.0022640387134577056 -0.004928903457074932
0.00402259358460233 -0.006262432233868343
0.006280555661802856 -0.007722280427208499
0.009035651368646647 -0.009723006096659744
0.012285106557296477 -0.011744248725475841
0.016025649301821876 -0.013584165639294142
0.020253513192751316 -0.01544690611141051
0.02496444112952728 -0.017349526080685244
0.030153689607045786 -0.01910501692672983
0.03581603349196366 -0.02071273581763227
0.041945771283965205 -0.02238054573378701
0.04853673085668936 -0.02410934077466782
0.05558227567253826 -0.02564964352762662
0.06307531146510753 -0.02696270419496889
0.07100829338251147 -0.028293167029463634
0.0793732335844094 -0.029703846059386918
0.0881617092850836 -0.03096981732266249
0.09736487123447068 -0.03200831669886643
0.10697345262860625 -0.03299977851925274
0.116977778440511 -0.03401856316016077
0.12736777516212267 -0.03489821198422932
0.1381329809474649 -0.03555357414015527
0.14926255614683936 -0.03612400861646672
0.1607452942214339 -0.03669327509775721
0.17256963302735745 -0.037135780121141444
0.18472366645773874 -0.03736180925021831
0.19719515643116664 -0.037472299608111756
0.20997154521440087 -0.037549935577283894
0.22303996806694482 -0.03750058843233445
0.2363872661947488 -0.037235445252981926
0.25000000000000006 -0.03683
0.2638644626136587 -0.03636825549287608
0.2779666936971131 -0.03578340759999781
0.29229249349905695 -0.03499074859035538
0.3068274371534359 -0.03404416029305444
0.32155688920406433 -0.033026589414928136
0.33646601834128953 -0.03190025840941425
0.35153981233586296 -0.030593700434795586
0.36676309315498296 -0.02914425451332953
0.38212053224528686 -0.02763124381889699
0.3975966659674052 -0.026047483961527604
0.41317591116653546 -0.024345693370398363
0.42884258086335814 -0.022556977550344706
0.44458090004949524 -0.02075736080897969
0.46037502157160654 -0.018948361255364466
0.4762090420881297 -0.017079375508157982
0.4920670180825969 -0.015163733123962983
0.5079329819174049 -0.01326849066084462
0.5237909579118721 -0.011407285449504498
0.5396249784283953 -0.00953995307899842
0.5554190999505066 -0.007671476081504464
0.5711574191366438 -0.005861126776185952
0.5868240888334664 -0.004133578012478558
0.6024033340325966 -0.002463092885109011
0.6178794677547149 -0.0008510063901326243
0.6332369068450188 0.000653164841782579
0.6484601876641387 0.0020268012737820838
0.6635339816587122 0.0033038029052452882
0.6784431107959373 0.004503484337656208
0.6931725628465657 0.005600662850628588
0.7077075065009447 0.006579769377310912
0.7220333063028884 0.007463189796940148
0.7361355373863427 0.00826689068444094
0.7500000000000012 0.00897000000000006
0.7636127338052524 0.00955439422289562
0.7769600319330563 0.010032996455770922
0.7900284547856001 0.010419679543174638
0.8028048435688343 0.010702763928576052
0.8152763335422621 0.010869383014357782
0.8274303669726433 0.010929289094905429
0.8392547057785669 0.010897840637211805
0.8507374438531613 0.010781756995535938
0.8618670190525357 0.01058531795458193
0.872632224837878 0.010316987070464464
0.8830222215594895 0.009986506311511585
0.8930265473713942 0.009599277354673776
0.9026351287655296 0.009159174966250403
0.9118382907149167 0.008673814196149383
0.9206267664155909 0.008152739797315341
0.9289917066174888 0.007603297844421022
0.9369246885348927 0.00703137923936096
0.9444177243274618 0.006440397546550269
0.9514632691433107 0.005832618630948764
0.958054228716035 0.0052154612412204345
0.9641839665080364 0.004600044140787019
0.9698463103929542 0.003989482504421319
0.9750355588704727 0.0033807453009555245
0.9797464868072487 0.0027930642281227525
0.9839743506981782 0.002264393430691537
0.9877148934427036 0.0018016872671141142
0.9909643486313533 0.0013842820512423026
0.9937194443381971 0.000998124779534587
0.9959774064153977 0.000636000719235243
0.9977359612865423 0.0003304319495413048
0.9989933382359422 0.0001307502726377271
0.9997482711915926 2.952492213195739e-05
1.0 0.0
