1.0 0.0
0.9997482711915926 2.0273512669801814e-05
0.9989933382359422 5.81798664528174e-05
0.9977359612865423 6.586840622896918e-05
0.9959774064153977 3.2934474432354914e-05
0.9937194443381971 5.393875471427966e-05
0.9909643486313533 0.00017138292283054547
0.9877148934427036 0.000328113664697807
0.9839743506981782 0.0005135568619861931
0.9797464868072487 0.0007751355576999548
0.9750355588704727 0.0011371159567433644
0.9698463103929542 0.0015964683915105067
0.9641839665080364 0.0021590946246268627
0.958054228716035 0.0028411007085958804
0.9514632691433107 0.003653214063945797
0.9444177243274618 0.004599230646383789
0.9369246885348927 0.005683596698018633
0.9289917066174888 0.006912106060033276
0.9206267664155909 0.008285329060000119
0.9118382907149167 0.009796999332629968
0.9026351287655296 0.011439886486316529
0.8930265473713942 0.013207704271915605
0.8830222215594895 0.015094837611072045
0.872632224837878 0.017098473379617007
0.8618670190525357 0.019216331296254715
0.8507374438531613 0.021447754308974592
0.8392547057785669 0.023787799745877594
0.8274303669726433 0.026222273661575698
0.8152763335422621 0.02873381587979541
0.8028048435688343 0.0313035478186766
0.7900284547856001 0.033910899057710026
0.7769600319330563 0.03653505785368719
0.7636127338052524 0.0391559077865371
0.7500000000000012 0.041759999999999776
0.7361355373863427 0.04433548314381067
0.7220333063028884 0.04687219831880755
0.7077075065009447 0.04935949939802499
0.6931725628465657 0.05178225317892636
0.6784431107959373 0.05412399575694935
0.6635339816587122 0.056370505728095675
0.6484601876641387 0.05850914880583819
0.6332369068450188 0.06053269370760816
0.6178794677547149 0.062436809298946135
0.6024033340325966 0.06421888759671367
0.5868240888334664 0.06587806736111684
0.5711574191366438 0.06741984596093563
0.5554190999505066 0.06885405346766185
0.5396249784283953 0.07019183307044494
0.5237909579118721 0.07144523737545276
0.5079329819174049 0.07262490292124098
0.4920670180825969 0.073739952877639
0.4762090420881297 0.07479425781248508
0.46037502157160654 0.07578641443757772
0.44458090004949524 0.0767142316586972
0.42884258086335814 0.07757486824051617
0.41317591116653546 0.07836630528610371
0.3975966659674052 0.07908758176616203
0.38212053224528686 0.07973572513230008
0.36676309315498296 0.0803043440837975
0.35153981233586296 0.08078888830395084
0.33646601834128953 0.0811884101420436
0.32155688920406433 0.08150119499316527
0.3068274371534359 0.08172252845174698
0.29229249349905695 0.0818471182259497
0.2779666936971131 0.08186815315943247
0.2638644626136587 0.08177867979017851
0.25000000000000006 0.08157
0.2363872661947488 0.08123542340280111
0.22303996806694482 0.08077330791589478
0.20997154521440087 0.08018207668763018
0.19719515643116664 0.07945159366856333
0.18472366645773874 0.07857303853767177
0.17256963302735745 0.07754782508665017
0.1607452942214339 0.0763800482838239
0.14926255614683936 0.07506311595246158
0.1381329809474649 0.0735876437053388
0.12736777516212267 0.07193549620535306
0.116977778440511 0.0700875256839097
0.10697345262860625 0.06801331520132331
0.09736487123447068 0.06568296289213112
0.0881617092850836 0.06306787314622103
0.0793732335844094 0.06014798921205758
0.07100829338251147 0.0569221167489747
0.06307531146510753 0.053406385853321164
0.05558227567253826 0.04963610461394435
0.04853673085668936 0.04566154537386277
0.041945771283965205 0.04153420360753928
0.03581603349196366 0.03730712345869361
0.030153689607045786 0.03304546844963193
0.02496444112952728 0.02882337090342585
0.020253513192751316 0.024702464787564483
0.016025649301821876 0.020732170651783417
0.012285106557296477 0.017000405824684966
0.009035651368646647 0.013625748754273394
0.006280555661802856 0.010609745408209185
0.00402259358460233 0.007858422829722187
0.0022640387134577056 0.005439423690968349
0.0010066617640577813 0.0035189796352028844
0.0002517288084074587 0.0022772959229676935
0.0 0.0018472553094004962
0.0 0.0
0.0002517288084074587 -0.0009522590283728448
0.0010066617640577813 -0.0032251029908895554
0.0022640387134577056 -0.005479246430998709
0.00402259358460233 -0.006851810038642074
0.006280555661802856 -0.008370069595696644
0.009035651368646647 -0.01053024871547174
0.012285106557296477 -0.012699683263166459
0.016025649301821876 -0.014633825848701792
0.020253513192751316 -0.016586617827323232
0.02496444112952728 -0.018633337554000557
0.030153689607045786 -0.020646011810617104
0.03581603349196366 -0.022567648444386457
0.041945771283965205 -0.024426482764290547
0.04853673085668936 -0.026223390666277813
0.05558227567253826 -0.027922709566906605
0.06307531146510753 -0.02949596528835901
0.07100829338251147 -0.030925260031225713
0.0793732335844094 -0.032193592523154686
0.0881617092850836 -0.03328329875671839
0.09736487123447068 -0.03418711154194099
0.10697345262860625 -0.03491194451650172
0.116977778440511 -0.03547437413008761
0.12736777516212267 -0.03590047037107245
0.1381329809474649 -0.036218571026866334
0.14926255614683936 -0.03645165164340841
0.1607452942214339 -0.03662102102128
0.17256963302735745 -0.03673865682709103
0.18472366645773874 -0.03681273914801461
0.19719515643116664 -0.0368408685671282
0.20997154521440087 -0.03682067025757198
0.22303996806694482 -0.03675456487425921
0.2363872661947488 -0.03664639334577045
0.25000000000000006 -0.03649999999999999
0.2638644626136587 -0.03631905058652976
0.2779666936971131 -0.036104578016164623
0.29229249349905695 -0.03585709316976834
0.3068274371534359 -0.035577250086620014
0.32155688920406433 -0.03526615146933738
0.33646601834128953 -0.03492655361556047
0.35153981233586296 -0.03456161706951861
0.36676309315498296 -0.03417155742306891
0.38212053224528686 -0.03375539267250463
0.3975966659674052 -0.03331324025679422
0.41317591116653546 -0.032846102977929836
0.42884258086335814 -0.03235765834316718
0.44458090004949524 -0.031853010108180396
0.46037502157160654 -0.03133299059897658
0.4762090420881297 -0.030795452747332926
0.4920670180825969 -0.030241662669057173
0.5079329819174049 -0.029675772893085553
0.5237909579118721 -0.02909930444549787
0.5396249784283953 -0.0285110739907792
0.5554190999505066 -0.02791079061613063
0.5711574191366438 -0.027299369597314483
0.5868240888334664 -0.02667926486627571
0.6024033340325966 -0.026054836793363276
0.6178794677547149 -0.025426737588941626
0.6332369068450188 -0.024789589782528265
0.6484601876641387 -0.02414137616684616
0.6635339816587122 -0.023487138121015914
0.6784431107959373 -0.022829876953563363
0.6931725628465657 -0.022166551805983883
0.7077075065009447 -0.021495037463752323
0.7220333063028884 -0.020817300910403198
0.7361355373863427 -0.0201354495527322
0.7500000000000012 -0.01944999999999994
0.7636127338052524 -0.018760548971638397
0.7769600319330563 -0.01806409502037024
0.7900284547856001 -0.017358743296311208
0.8028048435688343 -0.016648748872036327
0.8152763335422621 -0.015938447982020394
0.8274303669726433 -0.015224519082694348
0.8392547057785669 -0.014502508935586914
0.8507374438531613 -0.013773014322398382
0.8618670190525357 -0.01303856980869371
0.872632224837878 -0.01230092996433047
0.8830222215594895 -0.011561461651904621
0.8930265473713942 -0.010819449337461153
0.9026351287655296 -0.010073830741010134
0.9118382907149167 -0.009326332913055544
0.9206267664155909 -0.008580381984574788
0.9289917066174888 -0.007838506829045898
0.9369246885348927 -0.007103012157228479
0.9444177243274618 -0.006379359976725309
0.9514632691433107 -0.005675083351359571
0.958054228716035 -0.004997280961192064
0.9641839665080364 -0.004352414014380541
0.9698463103929542 -0.0037449725124681383
0.9750355588704727 -0.0031778317984376527
0.9797464868072487 -0.0026563149477599425
0.9839743506981782 -0.0021876954946075805
0.9877148934427036 -0.0017645269754553545
0.9909643486313533 -0.0013666987360297356
0.9937194443381971 -0.00101064608755569
0.9959774064153977 -0.0007413322790955443
0.9977359612865423 -0.000523845042050079
0.9989933382359422 -0.00028524523436799544
0.9997482711915926 -8.103266371169455e-05
1.0 0.0
