1.0 0.0
0.9997482711915926 2.1366618234787357e-05
0.9989933382359422 8.608835484956277e-05
0.9977359612865423 0.00019594004485982047
0.9959774064153977 0.000353578292082142
0.9937194443381971 0.0005620936416740407
0.9909643486313533 0.0008243922833747032
0.9877148934427036 0.0011424158378726913
0.9839743506981782 0.0015162100673727392
0.9797464868072487 0.001942855525954565
0.9750355588704727 0.002415275202609093
0.9698463103929542 0.002921842949214604
0.9641839665080364 0.0034557241394174263
0.958054228716035 0.004016007468459606
0.9514632691433107 0.004603763487107831
0.9444177243274618 0.005222177557928021
0.9369246885348927 0.005873136714372001
0.9289917066174888 0.006556456271880512
0.9206267664155909 0.007272339753983723
0.9118382907149167 0.00802150349233012
0.9026351287655296 0.008804259150182991
0.8930265473713942 0.009620037513497175
0.8830222215594895 0.010468274755673166
0.872632224837878 0.01134843258028142
0.8618670190525357 0.012256557292076956
0.8507374438531613 0.013182116638345925
0.8392547057785669 0.01412246930489029
0.8274303669726433 0.015095786405882597
0.8152763335422621 0.01611039166303858
0.8028048435688343 0.01713782529139433
0.7900284547856001 0.018155853873082314
0.7769600319330563 0.01918569287142892
0.7636127338052524 0.02024866299045626
0.7500000000000012 0.021329999999999905
0.7361355373863427 0.022410513182215985
0.7220333063028884 0.023491879073282613
0.7077075065009447 0.024578353154425626
0.6931725628465657 0.025656638390843874
0.6784431107959373 0.026710757536802472
0.6635339816587122 0.027746624839659232
0.6484601876641387 0.028776856429927493
0.6332369068450188 0.029797647458458025
0.6178794677547149 0.030799016754248107
0.6024033340325966 0.0317841404391147
0.5868240888334664 0.03276128051082147
0.5711574191366438 0.03371471338737778
0.5554190999505066 0.03461650015538357
0.5396249784283953 0.03548133990508543
0.5237909579118721 0.03635254771520711
0.5079329819174049 0.037218090417758705
0.4920670180825969 0.038019996934255944
0.4762090420881297 0.03875182831723491
0.46037502157160654 0.03945913953878258
0.44458090004949524 0.040154379060842925
0.42884258086335814 0.04080913751480314
0.41317591116653546 0.041407970513122824
0.3975966659674052 0.041956019417687784
0.38212053224528686 0.04245667091596189
0.36676309315498296 0.04290811301089937
0.35153981233586296 0.04330730997264508
0.33646601834128953 0.04364967287936723
0.32155688920406433 0.04393785126231856
0.3068274371534359 0.04419029251204594
0.29229249349905695 0.0444117649972311
0.2779666936971131 0.04456705670178529
0.2638644626136587 0.04463739273498037
0.25000000000000006 0.044669999999999994
0.2363872661947488 0.04470066732173929
0.22303996806694482 0.044684017359961095
0.20997154521440087 0.044572717086786756
0.19719515643116664 0.0443786965571025
0.18472366645773874 0.04412609590457618
0.17256963302735745 0.043822380124620426
0.1607452942214339 0.04346626527592923
0.14926255614683936 0.043033530825615535
0.1381329809474649 0.042501372846860945
0.12736777516212267 0.04190236639846892
0.116977778440511 0.04128376514222793
0.10697345262860625 0.04063181997743292
0.09736487123447068 0.03990565605358456
0.0881617092850836 0.0390637849316152
0.0793732335844094 0.0380753135881952
0.07100829338251147 0.03699767847606768
0.06307531146510753 0.03593090555407149
0.05558227567253826 0.03481802758291486
0.04853673085668936 0.033507667162769886
0.041945771283965205 0.03205146215780124
0.03581603349196366 0.03064834016865051
0.030153689607045786 0.029257713064637727
0.02496444112952728 0.027642615914167026
0.020253513192751316 0.025635037879679957
0.016025649301821876 0.023139464140388092
0.012285106557296477 0.020316190804786267
0.009035651368646647 0.01753041955878379
0.006280555661802856 0.014791609805076099
0.00402259358460233 0.011812618024000545
0.0022640387134577056 0.008753616653261659
0.0010066617640577813 0.006052367151460928
0.0002517288084074587 0.0041909875278687315
0.0 0.003526996004948423
0.0 0.0
0.0002517288084074587 -0.0017612370159056834
0.0010066617640577813 -0.005920070837600235
0.0022640387134577056 -0.00989258813043215
0.00402259358460233 -0.01199690925690705
0.006280555661802856 -0.01417100361373661
0.009035651368646647 -0.017398276354440547
0.012285106557296477 -0.020582614822096893
0.016025649301821876 -0.023211519251761233
0.020253513192751316 -0.02553419187220722
0.02496444112952728 -0.02760918837568902
0.030153689607045786 -0.029293017821228555
0.03581603349196366 -0.03066246484618301
0.041945771283965205 -0.03203985071899808
0.04853673085668936 -0.03350214562477601
0.05558227567253826 -0.034821674167244326
0.06307531146510753 -0.03593295362765586
0.07100829338251147 -0.036996582818342755
0.0793732335844094 -0.0380745880423496
0.0881617092850836 -0.0390641013287375
0.09736487123447068 -0.03990590353802049
0.10697345262860625 -0.04063173203661692
0.116977778440511 -0.04128368306956586
0.12736777516212267 -0.04190238970102822
0.1381329809474649 -0.04250139934787919
0.14926255614683936 -0.04303352498923255
0.1607452942214339 -0.0434662569199767
0.17256963302735745 -0.0438223814781129
0.18472366645773874 -0.04412609848462256
0.19719515643116664 -0.04437869628118845
0.20997154521440087 -0.044572716305329926
0.22303996806694482 -0.04468401740192143
0.2363872661947488 -0.04470066755446273
0.25000000000000006 -0.04467
0.2638644626136587 -0.04463739266686057
0.2779666936971131 -0.0445670566980759
0.29229249349905695 -0.044411765016841194
0.3068274371534359 -0.044190292514198995
0.32155688920406433 -0.043937851256760384
0.33646601834128953 -0.0436496728784394
0.35153981233586296 -0.04330730997419594
0.36676309315498296 -0.042908113011250824
0.38212053224528686 -0.04245667091553611
0.3975966659674052 -0.04195601941756451
0.41317591116653546 -0.04140797051323789
0.42884258086335814 -0.04080913751484431
0.44458090004949524 -0.0401543790608124
0.46037502157160654 -0.03945913953876939
0.4762090420881297 -0.03875182831724286
0.4920670180825969 -0.038019996934260045
0.5079329819174049 -0.03721809041775668
0.5237909579118721 -0.03635254771520586
0.5396249784283953 -0.03548133990508593
0.5554190999505066 -0.034616500155383936
0.5711574191366438 -0.03371471338737765
0.5868240888334664 -0.03276128051082136
0.6024033340325966 -0.031784140439114726
0.6178794677547149 -0.030799016754248138
0.6332369068450188 -0.029797647458458015
0.6484601876641387 -0.028776856429927486
0.6635339816587122 -0.027746624839659232
0.6784431107959373 -0.026710757536802476
0.6931725628465657 -0.025656638390843874
0.7077075065009447 -0.024578353154425626
0.7220333063028884 -0.023491879073282613
0.7361355373863427 -0.022410513182215985
0.7500000000000012 -0.021329999999999905
0.7636127338052524 -0.02024866299045626
0.7769600319330563 -0.01918569287142892
0.7900284547856001 -0.018155853873082314
0.8028048435688343 -0.01713782529139433
0.8152763335422621 -0.01611039166303858
0.8274303669726433 -0.015095786405882597
0.8392547057785669 -0.01412246930489029
0.8507374438531613 -0.013182116638345925
0.8618670190525357 -0.012256557292076956
0.872632224837878 -0.01134843258028142
0.8830222215594895 -0.010468274755673166
0.8930265473713942 -0.009620037513497175
0.9026351287655296 -0.008804259150182991
0.9118382907149167 -0.00802150349233012
0.9206267664155909 -0.007272339753983723
0.9289917066174888 -0.006556456271880512
0.9369246885348927 -0.005873136714372001
0.9444177243274618 -0.005222177557928021
0.9514632691433107 -0.004603763487107831
0.958054228716035 -0.004016007468459606
0.9641839665080364 -0.0034557241394174263
0.9698463103929542 -0.002921842949214604
0.9750355588704727 -0.002415275202609093
0.9797464868072487 -0.001942855525954565
0.9839743506981782 -0.0015162100673727392
0.9877148934427036 -0.0011424158378726913
0.9909643486313533 -0.0008243922833747032
0.9937194443381971 -0.0005620936416740407
0.9959774064153977 -0.000353578292082142
0.9977359612865423 -0.00019594004485982047
0.9989933382359422 -8.608835484956277e-05
0.9997482711915926 -2.1366618234787357e-05
1.0 0.0
