1.0 0.0
0.9997482711915926 1.6110463752684935e-05
0.9989933382359422 6.772987597150002e-05
0.9977359612865423 0.00016429067396512748
0.9959774064153977 0.0003200807523454733
0.9937194443381971 0.0005521148614659604
0.9909643486313533 0.0008771956419514238
0.9877148934427036 0.0013082048541926898
0.9839743506981782 0.0018496762157435512
0.9797464868072487 0.0024927115727119637
0.9750355588704727 0.0032093117939769
0.9698463103929542 0.003950562141281382
0.9641839665080364 0.004691606086611245
0.958054228716035 0.005437160021823112
0.9514632691433107 0.00620264088139209
0.9444177243274618 0.0070145097646711115
0.9369246885348927 0.007887102210866703
0.9289917066174888 0.008816863697015693
0.9206267664155909 0.009797912694231916
0.9118382907149167 0.010822559585748365
0.9026351287655296 0.011885541020553555
0.8930265473713942 0.01298626042349777
0.8830222215594895 0.01412488158260033
0.872632224837878 0.015302074690775729
0.8618670190525357 0.01651680368633402
0.8507374438531613 0.017764270582355773
0.8392547057785669 0.01904292867032582
0.8274303669726433 0.020359946545316063
0.8152763335422621 0.021718123456411012
0.8028048435688343 0.02310411130029075
0.7900284547856001 0.024504900219542304
0.7769600319330563 0.025919354785311034
0.7636127338052524 0.027348194458554853
0.7500000000000012 0.02878999999999987
0.7361355373863427 0.03024212139291705
0.7220333063028884 0.031698548066753415
0.7077075065009447 0.033152577727952666
0.6931725628465657 0.03459963425747321
0.6784431107959373 0.0360349317202139
0.6635339816587122 0.037448419781540135
0.6484601876641387 0.03883047889892566
0.6332369068450188 0.04019101790261988
0.6178794677547149 0.0415469535321985
0.6024033340325966 0.042893877250423505
0.5868240888334664 0.04421524454991138
0.5711574191366438 0.04548929431316396
0.5554190999505066 0.04669425162894108
0.5396249784283953 0.04785309333672451
0.5237909579118721 0.04901802708597593
0.5079329819174049 0.05017165385791239
0.4920670180825969 0.0512391734394188
0.4762090420881297 0.052215746910451416
0.46037502157160654 0.053166672759905706
0.44458090004949524 0.054104259394247345
0.42884258086335814 0.054976405576471085
0.41317591116653546 0.055763364138751104
0.3975966659674052 0.05649360069298192
0.38212053224528686 0.057173462002831826
0.36676309315498296 0.05776913214962956
0.35153981233586296 0.05826704940668403
0.33646601834128953 0.05869692474354582
0.32155688920406433 0.05907969743486425
0.3068274371534359 0.0594076524611979
0.29229249349905695 0.05966710498899937
0.2779666936971131 0.05983772216612486
0.2638644626136587 0.05991308306385871
0.25000000000000006 0.05992999999999998
0.2363872661947488 0.05991583417544399
0.22303996806694482 0.059838020927713315
0.20997154521440087 0.05965761975853201
0.19719515643116664 0.05935661139323398
0.18472366645773874 0.05893276374176382
0.17256963302735745 0.058428855888806926
0.1607452942214339 0.057885812387215275
0.14926255614683936 0.057258330441522017
0.1381329809474649 0.05648616187564818
0.12736777516212267 0.05559978421419171
0.116977778440511 0.05465797364933795
0.10697345262860625 0.05364172807916237
0.09736487123447068 0.052503915950153454
0.0881617092850836 0.05127130598523065
0.0793732335844094 0.0500024360546413
0.07100829338251147 0.048637743594943446
0.06307531146510753 0.047062110426266617
0.05558227567253826 0.04536037993451388
0.04853673085668936 0.04373633886796603
0.041945771283965205 0.042016934829085716
0.03581603349196366 0.039765814774507795
0.030153689607045786 0.036942177213196654
0.02496444112952728 0.03383804090489097
0.020253513192751316 0.030609763157875745
0.016025649301821876 0.027277326173213517
0.012285106557296477 0.02389703963557864
0.009035651368646647 0.02055935649023629
0.006280555661802856 0.017199179842034205
0.00402259358460233 0.013620962993747645
0.0022640387134577056 0.010053767009958147
0.0010066617640577813 0.006972995449930353
0.0002517288084074587 0.004879029656104343
0.0 0.004136871701495412
0.0 0.0
0.0002517288084074587 -0.002029135264239016
0.0010066617640577813 -0.006817822924570358
0.0022640387134577056 -0.01138968541363832
0.00402259358460233 -0.013837121215978396
0.006280555661802856 -0.016471260619238624
0.009035651368646647 -0.020404363549550927
0.012285106557296477 -0.02420953275330963
0.016025649301821876 -0.02736184080004311
0.020253513192751316 -0.03049147921484394
0.02496444112952728 -0.03379883319448067
0.030153689607045786 -0.03698358674364804
0.03581603349196366 -0.03978238184140977
0.041945771283965205 -0.04200331558128079
0.04853673085668936 -0.04372986256511695
0.05558227567253826 -0.04536465707333076
0.06307531146510753 -0.04706451264550414
0.07100829338251147 -0.048636458479953126
0.0793732335844094 -0.05000158504996974
0.0881617092850836 -0.051271677092626235
0.09736487123447068 -0.052504206228724266
0.10697345262860625 -0.053641624931930955
0.116977778440511 -0.054657877384960925
0.12736777516212267 -0.0555998115461473
0.1381329809474649 -0.05648619295912893
0.14926255614683936 -0.05725832359593229
0.1607452942214339 -0.05788580258638095
0.17256963302735745 -0.05842885747634054
0.18472366645773874 -0.05893276676794272
0.19719515643116664 -0.05935661106960985
0.20997154521440087 -0.05965761884194843
0.22303996806694482 -0.05983802097692929
0.2363872661947488 -0.059915834448409144
0.25000000000000006 -0.05993
0.2638644626136587 -0.05991308298395989
0.2779666936971131 -0.05983772216177408
0.29229249349905695 -0.059667105012000385
0.3068274371534359 -0.05940765246372326
0.32155688920406433 -0.059079697428344964
0.33646601834128953 -0.05869692474245756
0.35153981233586296 -0.058267049408503066
0.36676309315498296 -0.05776913215004179
0.38212053224528686 -0.05717346200233241
0.3975966659674052 -0.05649360069283731
0.41317591116653546 -0.055763364138886065
0.42884258086335814 -0.054976405576519366
0.44458090004949524 -0.054104259394211554
0.46037502157160654 -0.05316667275989023
0.4762090420881297 -0.05221574691046075
0.4920670180825969 -0.05123917343942361
0.5079329819174049 -0.05017165385791001
0.5237909579118721 -0.04901802708597447
0.5396249784283953 -0.0478530933367251
0.5554190999505066 -0.04669425162894151
0.5711574191366438 -0.04548929431316381
0.5868240888334664 -0.04421524454991125
0.6024033340325966 -0.04289387725042353
0.6178794677547149 -0.04154695353219853
0.6332369068450188 -0.04019101790261987
0.6484601876641387 -0.03883047889892566
0.6635339816587122 -0.03744841978154014
0.6784431107959373 -0.0360349317202139
0.6931725628465657 -0.03459963425747321
0.7077075065009447 -0.033152577727952666
0.7220333063028884 -0.031698548066753415
0.7361355373863427 -0.03024212139291705
0.7500000000000012 -0.02878999999999987
0.7636127338052524 -0.027348194458554853
0.7769600319330563 -0.025919354785311034
0.7900284547856001 -0.024504900219542304
0.8028048435688343 -0.02310411130029075
0.8152763335422621 -0.021718123456411012
0.8274303669726433 -0.020359946545316063
0.8392547057785669 -0.01904292867032582
0.8507374438531613 -0.017764270582355773
0.8618670190525357 -0.01651680368633402
0.872632224837878 -0.015302074690775729
0.8830222215594895 -0.01412488158260033
0.8930265473713942 -0.01298626042349777
0.9026351287655296 -0.011885541020553555
0.9118382907149167 -0.010822559585748365
0.9206267664155909 -0.009797912694231916
0.9289917066174888 -0.008816863697015693
0.9369246885348927 -0.007887102210866703
0.9444177243274618 -0.0070145097646711115
0.9514632691433107 -0.00620264088139209
0.958054228716035 -0.005437160021823112
0.9641839665080364 -0.004691606086611245
0.9698463103929542 -0.003950562141281382
0.9750355588704727 -0.0032093117939769
0.9797464868072487 -0.0024927115727119637
0.9839743506981782 -0.0018496762157435512
0.9877148934427036 -0.0013082048541926898
0.9909643486313533 -0.0008771956419514238
0.9937194443381971 -0.0005521148614659604
0.9959774064153977 -0.0003200807523454733
0.9977359612865423 -0.00016429067396512748
0.9989933382359422 -6.772987597150002e-05
0.9997482711915926 -1.6110463752684935e-05
1.0 0.0
