1.0 0.0
0.9997482711915926 0.00019792340003958655
0.9989933382359422 0.0007729734509960203
0.9977359612865423 0.0016735684714572461
0.9959774064153977 0.0028289379544554002
0.9937194443381971 0.004171699109567429
0.9909643486313533 0.005669022623255024
0.9877148934427036 0.007347205567412423
0.9839743506981782 0.009208909059596296
0.9797464868072487 0.011227841114414187
0.9750355588704727 0.013377582212484255
0.9698463103929542 0.015633372119738375
0.9641839665080364 0.0179782889430173
0.958054228716035 0.020405809748128757
0.9514632691433107 0.02292014540931153
0.9444177243274618 0.02553728511464707
0.9369246885348927 0.028263834461261413
0.9289917066174888 0.031092076565328915
0.9206267664155909 0.03401490638650641
0.9118382907149167 0.037026564538979866
0.9026351287655296 0.040121507554230856
0.8930265473713942 0.04329388242066313
0.8830222215594895 0.04653887695909763
0.872632224837878 0.049852980402437755
0.8618670190525357 0.05323782085200413
0.8507374438531613 0.056703656217420136
0.8392547057785669 0.06024973985129323
0.8274303669726433 0.06384543223358434
0.8152763335422621 0.06747163973664659
0.8028048435688343 0.07115446748562551
0.7900284547856001 0.07491059504589108
0.7769600319330563 0.07869796558835701
0.7636127338052524 0.0824800516185183
0.7500000000000012 0.08628999999999967
0.7361355373863427 0.09016109609572934
0.7220333063028884 0.09404706191948971
0.7077075065009447 0.09789534257630432
0.6931725628465657 0.10174475384629417
0.6784431107959373 0.10564822932848053
0.6635339816587122 0.10954772321689465
0.6484601876641387 0.11335768160465644
0.6332369068450188 0.11712319221197635
0.6178794677547149 0.12093674652657548
0.6024033340325966 0.12476100153596498
0.5868240888334664 0.1284974572134085
0.5711574191366438 0.13215869072731792
0.5554190999505066 0.13582086861900677
0.5396249784283953 0.13945542381674117
0.5237909579118721 0.14296131847110255
0.5079329819174049 0.14634000909165232
0.4920670180825969 0.1496778837170853
0.4762090420881297 0.15295018701763752
0.46037502157160654 0.15602134221664057
0.44458090004949524 0.15884459087301497
0.42884258086335814 0.16147936616738245
0.41317591116653546 0.163864526388663
0.3975966659674052 0.1657701803628021
0.38212053224528686 0.1671006357171131
0.36676309315498296 0.16798809000419776
0.35153981233586296 0.16849392099538918
0.33646601834128953 0.168511656904822
0.32155688920406433 0.16799507658436147
0.3068274371534359 0.16706592144373866
0.29229249349905695 0.1658072788391395
0.2779666936971131 0.16414850843657325
0.2638644626136587 0.16204339070431087
0.25000000000000006 0.15959
0.2363872661947488 0.15687085606844794
0.22303996806694482 0.15381557081515337
0.20997154521440087 0.15035932922840894
0.19719515643116664 0.14658740324532832
0.18472366645773874 0.1425981834797464
0.17256963302735745 0.13836483092349394
0.1607452942214339 0.13384452317812606
0.14926255614683936 0.129111625475424
0.1381329809474649 0.12426156669694086
0.12736777516212267 0.11924687384730434
0.116977778440511 0.11398458688990123
0.10697345262860625 0.10855198214582118
0.09736487123447068 0.10308691464584951
0.0881617092850836 0.09757138299982253
0.0793732335844094 0.09191625898921957
0.07100829338251147 0.08616294388164651
0.06307531146510753 0.08042784239300771
0.05558227567253826 0.07470701264324249
0.04853673085668936 0.06892188455758592
0.041945771283965205 0.06311653702604159
0.03581603349196366 0.05742633679273662
0.030153689607045786 0.05184838123484421
0.02496444112952728 0.04626821304229058
0.020253513192751316 0.040699306141166236
0.016025649301821876 0.03526913352182562
0.012285106557296477 0.030128506272005296
0.009035651368646647 0.025435572908486588
0.006280555661802856 0.02108666424116504
0.00402259358460233 0.016770397962562945
0.0022640387134577056 0.012649071631976073
0.0010066617640577813 0.009172985962130835
0.0002517288084074587 0.006839105165697994
0.0 0.006016227557184106
0.0 0.0
0.0002517288084074587 -0.0010349215395366227
0.0010066617640577813 -0.003493818700269051
0.0022640387134577056 -0.005840830690176294
0.00402259358460233 -0.006849699725021938
0.006280555661802856 -0.0070357846883738855
0.009035651368646647 -0.006889395672042998
0.012285106557296477 -0.0066253665516789115
0.016025649301821876 -0.006376753519976851
0.020253513192751316 -0.006165293537088662
0.02496444112952728 -0.0059526789967211825
0.030153689607045786 -0.005634659314389693
0.03581603349196366 -0.005167872986578969
0.041945771283965205 -0.004579490293773202
0.04853673085668936 -0.0038598041878826397
0.05558227567253826 -0.002955250398819168
0.06307531146510753 -0.0018763781401084638
0.07100829338251147 -0.0007168449055210353
0.0793732335844094 0.0004852786465282708
0.0881617092850836 0.0017814134078320237
0.09736487123447068 0.003175296016433988
0.10697345262860625 0.004585490367982714
0.116977778440511 0.0059753293576248895
0.12736777516212267 0.00740574323277852
0.1381329809474649 0.008900663957439232
0.14926255614683936 0.010384517932888145
0.1607452942214339 0.011811710528448751
0.17256963302735745 0.013241537923760972
0.18472366645773874 0.014713937365370163
0.19719515643116664 0.016167856428830056
0.20997154521440087 0.0175547803978599
0.22303996806694482 0.018927328876961753
0.2363872661947488 0.02033097834358569
0.25000000000000006 0.021700000000000004
0.2638644626136587 0.022966574347928422
0.2779666936971131 0.024180658970811463
0.29229249349905695 0.025404902128205075
0.3068274371534359 0.026589052434011693
0.32155688920406433 0.027663853510613075
0.33646601834128953 0.028675308537493314
0.35153981233586296 0.029699521777934768
0.36676309315498296 0.03068985513808044
0.38212053224528686 0.03155722759556397
0.3975966659674052 0.03234334132013161
0.41317591116653546 0.033149938804526095
0.42884258086335814 0.03394682788517106
0.44458090004949524 0.034629074186925145
0.46037502157160654 0.03522445274773559
0.4762090420881297 0.03585306127836652
0.4920670180825969 0.03651263930486648
0.5079329819174049 0.037098309782295565
0.5237909579118721 0.037611609903414264
0.5396249784283953 0.03816059892575026
0.5554190999505066 0.03875468512613885
0.5711574191366438 0.039285867786016074
0.5868240888334664 0.03975712431092292
0.6024033340325966 0.040328387550669996
0.6178794677547149 0.04105333123490907
0.6332369068450188 0.04180178522169322
0.6484601876641387 0.04249768554117136
0.6635339816587122 0.04319314444892626
0.6784431107959373 0.043891277079826235
0.6931725628465657 0.04445898070654367
0.7077075065009447 0.044805773559873266
0.7220333063028884 0.04498807641630628
0.7361355373863427 0.04505004210308411
0.7500000000000012 0.04492999999999999
0.7636127338052524 0.044576754896077514
0.7769600319330563 0.04403845489902979
0.7900284547856001 0.04336665689581688
0.8028048435688343 0.042536867022341995
0.8152763335422621 0.04151952468362457
0.8274303669726433 0.040351089741594126
0.8392547057785669 0.039078665803813264
0.8507374438531613 0.03769552071724313
0.8618670190525357 0.03618160348381468
0.872632224837878 0.034549827418423634
0.8830222215594895 0.032826226573167375
0.8930265473713942 0.03102695286491024
0.9026351287655296 0.029163619071423192
0.9118382907149167 0.027249093232344337
0.9206267664155909 0.025297284171815735
0.9289917066174888 0.023321255613640294
0.9369246885348927 0.021333964866153816
0.9444177243274618 0.019349849024993912
0.9514632691433107 0.01738446893702995
0.958054228716035 0.015451547230917111
0.9641839665080364 0.013563577007929354
0.9698463103929542 0.01173534845089438
0.9750355588704727 0.009983574904606574
0.9797464868072487 0.008331599885068501
0.9839743506981782 0.006807829756965916
0.9877148934427036 0.005434010369629306
0.9909643486313533 0.004225392808798547
0.9937194443381971 0.003158690489855031
0.9959774064153977 0.002180910660215446
0.9977359612865423 0.0013112239502327879
0.9989933382359422 0.0006131089656786078
0.9997482711915926 0.00015818292862616686
1.0 0.0
