0.99893 0.00636
0.9986785405414176 0.006344170658382588
0.9979244153640296 0.006349444207067468
0.9966683838079656 0.006511614950237327
0.9949117105905332 0.006982352938578639
0.9926561645327553 0.007818319899421826
0.9899040167783177 0.008828716214365952
0.9866580385067198 0.00965240876605609
0.9829214981429311 0.0103572842688146
0.978698158066365 0.011230146326126282
0.9739922708224812 0.012284000403640288
0.9688085748408337 0.01340084473148211
0.9631522896638728 0.01457660730086515
0.9570291106913088 0.015875165654142424
0.9504452034453273 0.017298187470826672
0.9434071973624315 0.018803679753826897
0.9359221791181604 0.020404429540675784
0.927997685491408 0.02215972881103669
0.9196416957755262 0.024062714406511643
0.9108626237438517 0.026039113286123773
0.9016693091777506 0.028090705209360464
0.8920710089657068 0.030312427958775597
0.8820773877824208 0.03271808390026702
0.8716985083573014 0.03520120888804414
0.8609448213421494 0.03773334550977997
0.8498271547882384 0.04042903479980873
0.8383567032433837 0.04333474487843855
0.8265450164799826 0.0463385434346574
0.8144039878653719 0.04938039370601915
0.8019458423862157 0.052562551108380415
0.7891831243389795 0.055947780547040374
0.776128684698888 0.0594293956462054
0.7627956681800808 0.06292807364329608
0.7491975000000012 0.06654765757119491
0.7353478723613394 0.07037629917165233
0.7212607306651443 0.0742967715647601
0.7069502594689887 0.07818913177202311
0.6924308682043199 0.08215638662873062
0.6777171766673856 0.0863199907906178
0.6628240002983374 0.09054495843691585
0.647766335263338 0.09465197514180149
0.6325593433546945 0.09876109796617416
0.6172183367242173 0.10307438730894392
0.6017587624651817 0.10746437012255694
0.5861961870584146 0.1116808399967777
0.5705462806981675 0.11583756315871813
0.5548248015135596 0.12022509617340613
0.5390475797014769 0.12475648662122803
0.5232305015869064 0.12911287794666465
0.5073894936267532 0.1333138475283086
0.49154050637324853 0.13763258389482272
0.4756994984130954 0.1420480919363081
0.4598824202985249 0.1462733053259624
0.44410519848644225 0.1502673816531588
0.42838371930183433 0.15425730705702975
0.4127338129415873 0.15824700616242615
0.3971712375348201 0.16194800179000712
0.3817116632757844 0.16519895110591143
0.3663706566453071 0.16804946542687696
0.35116366473666355 0.17044733094322823
0.3361059997016643 0.17213549759763072
0.32121282333261597 0.1730321362160147
0.3064991317956817 0.17344317988372648
0.29197974053101294 0.17354416166474296
0.27766926933485714 0.1730941182652215
0.26358212763866207 0.17194335623485327
0.24973250000000005 0.17035698238660396
0.23613433181992044 0.16854151999739528
0.2228013153011132 0.16627674789782232
0.20974687566102146 0.16337575120000006
0.1969841576137853 0.16010995018675095
0.18452601213462896 0.15675430876059362
0.1723849835200182 0.15309477676779215
0.16057329675661697 0.14887540597552346
0.14910284521176223 0.14435413236861783
0.13798517865785112 0.1398727392075396
0.1272314916426992 0.13520246677509887
0.11685261221757964 0.12997736575300525
0.10685899103429364 0.1244571773572321
0.09726069082224979 0.11911443389695674
0.08806737625614856 0.11375906770663323
0.07928830422447408 0.10791874844931335
0.07093231450859218 0.10180377558167215
0.06300782088183987 0.0959818682053213
0.05552280263756865 0.09029522505183181
0.0484847965546727 0.08414491182809336
0.04190088930869136 0.07772561667520132
0.03577771033612726 0.0717956442289124
0.030121425159166246 0.0662349139867999
0.024937729177518686 0.060226964317747954
0.020231841933635072 0.05391424856673282
0.016008501857068928 0.04826771428280134
0.01227196149328017 0.04325770611406039
0.009025983221682195 0.03796129029991957
0.006273835467244727 0.03221948201393669
0.0040182894094668055 0.02650763296195565
0.0022616161920343057 0.021370798821154165
0.0010055846359702395 0.017303091944528948
0.00025145945858246274 0.014695407191572286
0.0 0.013797568056720876
0.0 0.0
0.00025145945858246274 -0.0038334871179296153
0.0010055846359702395 -0.012208341593798381
0.0022616161920343057 -0.018127124434751098
0.0040182894094668055 -0.017825339653293408
0.006273835467244727 -0.018766324108530123
0.009025983221682195 -0.024129379174983763
0.01227196149328017 -0.028538909276830407
0.016008501857068928 -0.03031497958635272
0.020231841933635072 -0.032489477055825326
0.024937729177518686 -0.03591199241036784
0.030121425159166246 -0.03890841907321499
0.03577771033612726 -0.04108448099044525
0.04190088930869136 -0.04355526234946853
0.0484847965546727 -0.04657290687030686
0.05552280263756865 -0.049287182038303415
0.06300782088183987 -0.051479153949040526
0.07093231450859218 -0.05382751306250287
0.07928830422447408 -0.05653587603282622
0.08806737625614856 -0.05902399277429992
0.09726069082224979 -0.0610810680635428
0.10685899103429364 -0.06320887964717996
0.11685261221757964 -0.0656220117780858
0.1272314916426992 -0.06786013864276828
0.13798517865785112 -0.06968242618970787
0.14910284521176223 -0.07149242521500954
0.16057329675661697 -0.0735421096584837
0.1723849835200182 -0.07547321063899119
0.18452601213462896 -0.07702125251362615
0.1969841576137853 -0.07848780996475052
0.20974687566102146 -0.08013255678921463
0.2228013153011132 -0.08169268960594703
0.23613433181992044 -0.0829059774772948
0.24973250000000005 -0.0839878946288496
0.26358212763866207 -0.08518891688991648
0.27766926933485714 -0.08631893517218325
0.29197974053101294 -0.08712295639838784
0.3064991317956817 -0.08775328327164299
0.32121282333261597 -0.08845572079008429
0.3361059997016643 -0.08909906532026385
0.35116366473666355 -0.08943295542405934
0.3663706566453071 -0.0895503379396597
0.3817116632757844 -0.08968427179213016
0.3971712375348201 -0.08974529727540091
0.4127338129415873 -0.0894791546791359
0.42838371930183433 -0.08893771654894835
0.44410519848644225 -0.0883658568684731
0.4598824202985249 -0.08772297678485494
0.4756994984130954 -0.08675011746548479
0.49154050637324853 -0.08545417816385578
0.5073894936267532 -0.08408611457804814
0.5232305015869064 -0.0826178213569704
0.5390475797014769 -0.0807138617654683
0.5548248015135596 -0.07831412982602431
0.5705462806981675 -0.07572504903381357
0.5861961870584146 -0.07299406760086567
0.6017587624651817 -0.06974851246666434
0.6172183367242173 -0.06590123421238665
0.6325593433546945 -0.06192519430632189
0.647766335263338 -0.05812685483419973
0.6628240002983374 -0.05435460150967988
0.6777171766673856 -0.05051560065339448
0.6924308682043199 -0.046802435539780356
0.7069502594689887 -0.04335958901300729
0.7212607306651443 -0.04007227002921273
0.7353478723613394 -0.03683959872573578
0.7491975000000012 -0.03377121611759072
0.7627956681800808 -0.030973230831041886
0.776128684698888 -0.02835440295488108
0.7891831243389795 -0.025809447723759822
0.8019458423862157 -0.02341494543379768
0.8144039878653719 -0.02127321455185093
0.8265450164799826 -0.019310967079523164
0.8383567032433837 -0.017413833414282872
0.8498271547882384 -0.015633329690361984
0.8609448213421494 -0.014075632982122277
0.8716985083573014 -0.012699109946964202
0.8820773877824208 -0.01139773284883152
0.8920710089657068 -0.01019609193926731
0.9016693091777506 -0.00918935500084814
0.9108626237438517 -0.008358067835290297
0.9196416957755262 -0.007605395811882875
0.927997685491408 -0.006922598049753606
0.9359221791181604 -0.006372965074221275
0.9434071973624315 -0.005960194389813458
0.9504452034453273 -0.005629283052997576
0.9570291106913088 -0.0053614133102412535
0.9631522896638728 -0.005181196460108829
0.9688085748408337 -0.005090304092495818
0.9739922708224812 -0.005058632842330021
0.978698158066365 -0.005067497025316904
0.9829214981429311 -0.005119290145697112
0.9866580385067198 -0.005210710256237455
0.9899040167783177 -0.005329010894787235
0.9926561645327553 -0.005458859423227773
0.9949117105905332 -0.005582599585317716
0.9966683838079656 -0.005687328462078962
0.9979244153640296 -0.005765670293623119
0.9986785405414176 -0.00581379900435674
0.99893 -0.00583
