1.0 0.0124
0.9997482711915926 0.012488744074736075
0.9989933382359422 0.012748611982606753
0.9977359612865423 0.013161912110923074
0.9959774064153977 0.013703810127845304
0.9937194443381971 0.01435027954426008
0.9909643486313533 0.015096417975189944
0.9877148934427036 0.015968110863404345
0.9839743506981782 0.016976573028092672
0.9797464868072487 0.01811446309249607
0.9750355588704727 0.019379431049290966
0.9698463103929542 0.020774691262729333
0.9641839665080364 0.022297761830568388
0.958054228716035 0.023939745042151316
0.9514632691433107 0.02569621080987496
0.9444177243274618 0.027568556793467893
0.9369246885348927 0.029558974875450197
0.9289917066174888 0.031669980700715104
0.9206267664155909 0.033898197144011474
0.9118382907149167 0.03623175722067213
0.9026351287655296 0.0386594464467491
0.8930265473713942 0.041173119581465537
0.8830222215594895 0.04377359421530059
0.872632224837878 0.046477048578409584
0.8618670190525357 0.04929197829774329
0.8507374438531613 0.05220609119383918
0.8392547057785669 0.05520780759414645
0.8274303669726433 0.05829434419451081
0.8152763335422621 0.0614595730285042
0.8028048435688343 0.06468570441979374
0.7900284547856001 0.06795807998119976
0.7769600319330563 0.07128051078436057
0.7636127338052524 0.07466004739346561
0.7500000000000012 0.07809999999999971
0.7361355373863427 0.08160556178307848
0.7220333063028884 0.08519166162722365
0.7077075065009447 0.08887093028987997
0.6931725628465657 0.09262618637128235
0.6784431107959373 0.09643481595998982
0.6635339816587122 0.10030562824867996
0.6484601876641387 0.10425515321514019
0.6332369068450188 0.10826330684620979
0.6178794677547149 0.11229497265464594
0.6024033340325966 0.11633654624450122
0.5868240888334664 0.12038739540241639
0.5711574191366438 0.12446107760524179
0.5554190999505066 0.12857752444963097
0.5396249784283953 0.13272012552765222
0.5237909579118721 0.1368468340232599
0.5079329819174049 0.14094602874674392
0.4920670180825969 0.14503160000957532
0.4762090420881297 0.14908821275858963
0.46037502157160654 0.15307120353638487
0.44458090004949524 0.15695487878063696
0.42884258086335814 0.16073653632918972
0.41317591116653546 0.16438496886700435
0.3975966659674052 0.1678281968257315
0.38212053224528686 0.17095484147112752
0.36676309315498296 0.17359554923060128
0.35153981233586296 0.17563249243208837
0.33646601834128953 0.17704785106109983
0.32155688920406433 0.17785414199792615
0.3068274371534359 0.17810243010389526
0.29229249349905695 0.17783968185795693
0.2779666936971131 0.17708886054865247
0.2638644626136587 0.17586672652032553
0.25000000000000006 0.17418
0.2363872661947488 0.1720410665875498
0.22303996806694482 0.16948384928688362
0.20997154521440087 0.16654458119357263
0.19719515643116664 0.16324630121285838
0.18472366645773874 0.15961040523868747
0.17256963302735745 0.15566192166671305
0.1607452942214339 0.15142700254185926
0.14926255614683936 0.14692413226569023
0.1381329809474649 0.1421698076369035
0.12736777516212267 0.13717122955209374
0.116977778440511 0.131937557871957
0.10697345262860625 0.1265024944844114
0.09736487123447068 0.1209098184243369
0.0881617092850836 0.11516790602874671
0.0793732335844094 0.1092729814638544
0.07100829338251147 0.10327265685394434
0.06307531146510753 0.09724266794619552
0.05558227567253826 0.09117942942335018
0.04853673085668936 0.08503326943700043
0.041945771283965205 0.07885692884243567
0.03581603349196366 0.07277805746932131
0.030153689607045786 0.06677542913651528
0.02496444112952728 0.060710964852100625
0.020253513192751316 0.054673017882730296
0.016025649301821876 0.04894382917506308
0.012285106557296477 0.04347315466125266
0.009035651368646647 0.03791011039855913
0.006280555661802856 0.032213292126753224
0.00402259358460233 0.026587311139986844
0.0022640387134577056 0.02145632223721098
0.0010066617640577813 0.017321724723172338
0.0002517288084074587 0.014634436191973962
0.0 0.01370237549375873
0.0 0.0
0.0002517288084074587 -0.003841518291484145
0.0010066617640577813 -0.012235997933437319
0.0022640387134577056 -0.018175872071807795
0.00402259358460233 -0.017890643005564175
0.006280555661802856 -0.018838652580009246
0.009035651368646647 -0.024255537875686867
0.012285106557296477 -0.028968817957727922
0.016025649301821876 -0.03117228929228172
0.020253513192751316 -0.03334186109249637
0.02496444112952728 -0.036394618247517364
0.030153689607045786 -0.0394479748507851
0.03581603349196366 -0.04216512999216207
0.041945771283965205 -0.04486235011762174
0.04853673085668936 -0.04765601206743727
0.05558227567253826 -0.05039878391907989
0.06307531146510753 -0.053016698081043076
0.07100829338251147 -0.055545788725273715
0.0793732335844094 -0.058021631846641566
0.0881617092850836 -0.0604654635875918
0.09736487123447068 -0.06288302585719611
0.10697345262860625 -0.06525204324115715
0.116977778440511 -0.06755862659810585
0.12736777516212267 -0.06980672407178445
0.1381329809474649 -0.07199584507194444
0.14926255614683936 -0.07410991556902781
0.1607452942214339 -0.07613892289146927
0.17256963302735745 -0.07808991877065427
0.18472366645773874 -0.07996742970548866
0.19719515643116664 -0.08175853243734643
0.20997154521440087 -0.0834547679008398
0.22303996806694482 -0.0850694876457075
0.2363872661947488 -0.08661393541846019
0.25000000000000006 -0.08807000000000001
0.2638644626136587 -0.089413826389001
0.2779666936971131 -0.09062838471831475
0.29229249349905695 -0.09170199841482866
0.3068274371534359 -0.09264126644296866
0.32155688920406433 -0.09345949652796638
0.33646601834128953 -0.09416833619624466
0.35153981233586296 -0.09477508950031004
0.36676309315498296 -0.09525469280639134
0.38212053224528686 -0.09557083028996557
0.3975966659674052 -0.09572302825207207
0.41317591116653546 -0.09572735534657131
0.42884258086335814 -0.09556361076298506
0.44458090004949524 -0.09519205907606082
0.46037502157160654 -0.094621177571182
0.4762090420881297 -0.09389246806459876
0.4920670180825969 -0.09299281882535283
0.5079329819174049 -0.09186233026275793
0.5237909579118721 -0.09045846335029828
0.5396249784283953 -0.08875781664836337
0.5554190999505066 -0.08673342704233164
0.5711574191366438 -0.08435348768469547
0.5868240888334664 -0.08159440711225863
0.6024033340325966 -0.07844482108002473
0.6178794677547149 -0.07497237195810368
0.6332369068450188 -0.07136652606974475
0.6484601876641387 -0.06775398286586425
0.6635339816587122 -0.06412848730381078
0.6784431107959373 -0.0605146889287215
0.6931725628465657 -0.05703675526475578
0.7077075065009447 -0.05378111492581132
0.7220333063028884 -0.050711676926753955
0.7361355373863427 -0.047791725218691135
0.7500000000000012 -0.04503999999999976
0.7636127338052524 -0.042470917684408006
0.7769600319330563 -0.040048446976032465
0.7900284547856001 -0.0377388389856521
0.8028048435688343 -0.035561232267716195
0.8152763335422621 -0.03353810981297984
0.8274303669726433 -0.0316436408008317
0.8392547057785669 -0.029841978610389952
0.8507374438531613 -0.028118723701213457
0.8618670190525357 -0.02646655771397513
0.872632224837878 -0.02486440720695483
0.8830222215594895 -0.023288911544232665
0.8930265473713942 -0.021730711932349853
0.9026351287655296 -0.02018850131402193
0.9118382907149167 -0.018661951170634673
0.9206267664155909 -0.017153221798887862
0.9289917066174888 -0.015686156919183576
0.9369246885348927 -0.014295175307360646
0.9444177243274618 -0.012993849155909572
0.9514632691433107 -0.011780662719054058
0.958054228716035 -0.010659788287209157
0.9641839665080364 -0.009639412820370277
0.9698463103929542 -0.00871300004516854
0.9750355588704727 -0.007862495384210992
0.9797464868072487 -0.0070915295578076205
0.9839743506981782 -0.006422609967362406
0.9877148934427036 -0.00585663649023529
0.9909643486313533 -0.005375161956502213
0.9937194443381971 -0.004972531649094745
0.9959774064153977 -0.004654550569569187
0.9977359612865423 -0.004417457245426144
0.9989933382359422 -0.004251694676664847
0.9997482711915926 -0.0041528991876169695
1.0 -0.00412
