1.0 0.0
0.9997482711915926 0.0002530538899764552
0.9989933382359422 0.0007886140474015631
0.9977359612865423 0.0011110281198708225
0.9959774064153977 0.0009755927157722275
0.9937194443381971 0.0009741852425744277
0.9909643486313533 0.0013837839018667989
0.9877148934427036 0.0018489563828151985
0.9839743506981782 0.0022615792308527984
0.9797464868072487 0.0028239817330014704
0.9750355588704727 0.0036050581963060083
0.9698463103929542 0.004519052852531212
0.9641839665080364 0.005535435543677951
0.958054228716035 0.0066891443713360255
0.9514632691433107 0.007994729668585788
0.9444177243274618 0.009440066707394534
0.9369246885348927 0.011018888325378848
0.9289917066174888 0.012734489648288957
0.9206267664155909 0.014587466586941225
0.9118382907149167 0.01657426847872543
0.9026351287655296 0.0186885821798759
0.8930265473713942 0.02092126779076213
0.8830222215594895 0.023267873038286695
0.872632224837878 0.025733823080005627
0.8618670190525357 0.02831921578012684
0.8507374438531613 0.03101140240793531
0.8392547057785669 0.033798396041656895
0.8274303669726433 0.03667538866485633
0.8152763335422621 0.03963676867646261
0.8028048435688343 0.04267310019681692
0.7900284547856001 0.04577243459260493
0.7769600319330563 0.048918871297585924
0.7636127338052524 0.052098468661866244
0.7500000000000012 0.055309999999999714
0.7361355373863427 0.05855168817977802
0.7220333063028884 0.06180574008133858
0.7077075065009447 0.06505222305213905
0.6931725628465657 0.06828623715973399
0.6784431107959373 0.07150515963712277
0.6635339816587122 0.07468913624819788
0.6484601876641387 0.07781324094076114
0.6332369068450188 0.08086768544503628
0.6178794677547149 0.08384938372901704
0.6024033340325966 0.08675160125807867
0.5868240888334664 0.08956550386283929
0.5711574191366438 0.09227985397948385
0.5554190999505066 0.094882252876838
0.5396249784283953 0.09736374536044687
0.5237909579118721 0.09971751436910443
0.5079329819174049 0.10192705072385401
0.4920670180825969 0.10396805614652078
0.4762090420881297 0.10582644121207915
0.46037502157160654 0.10749859446996453
0.44458090004949524 0.10897805370734784
0.42884258086335814 0.1102544692563907
0.41317591116653546 0.11131765915115913
0.3975966659674052 0.11215782773604316
0.38212053224528686 0.1127698214346989
0.36676309315498296 0.11315523459013527
0.35153981233586296 0.11331341095167191
0.33646601834128953 0.11323770174585518
0.32155688920406433 0.11292295623245423
0.3068274371534359 0.11236726558464202
0.29229249349905695 0.11156784217051346
0.2779666936971131 0.11051640118999725
0.2638644626136587 0.10920565782609355
0.25000000000000006 0.10762999999999999
0.2363872661947488 0.10578845173889134
0.22303996806694482 0.10369020659519752
0.20997154521440087 0.10135007935542518
0.19719515643116664 0.09879328803109676
0.18472366645773874 0.09604605703507667
0.17256963302735745 0.09312511390983554
0.1607452942214339 0.09004528562901713
0.14926255614683936 0.08682413302726912
0.1381329809474649 0.08347980590239576
0.12736777516212267 0.08002240991842403
0.116977778440511 0.07646031818484361
0.10697345262860625 0.0728040499462655
0.09736487123447068 0.0690666834477777
0.0881617092850836 0.06526092815553279
0.0793732335844094 0.06140079297088899
0.07100829338251147 0.05749988462385695
0.06307531146510753 0.05357298682937596
0.05558227567253826 0.04963158797847451
0.04853673085668936 0.045686747194080085
0.041945771283965205 0.041750323688007664
0.03581603349196366 0.037836448732508875
0.030153689607045786 0.033962888057327265
0.02496444112952728 0.030150703886912756
0.020253513192751316 0.026409318687460583
0.016025649301821876 0.022737752144122835
0.012285106557296477 0.019192829067215852
0.009035651368646647 0.015877271116856717
0.006280555661802856 0.012764976466943686
0.00402259358460233 0.009722260236069733
0.0022640387134577056 0.006879718296485628
0.0010066617640577813 0.004524121886649118
0.0002517288084074587 0.0029604979139139093
0.0 0.002412219285784877
0.0 0.0
0.0002517288084074587 -0.001240836030277875
0.0010066617640577813 -0.004189987965225341
0.0022640387134577056 -0.0070722299402345016
0.00402259358460233 -0.008737355856182776
0.006280555661802856 -0.010528590126459039
0.009035651368646647 -0.013094393910982823
0.012285106557296477 -0.015603788252123761
0.016025649301821876 -0.017730867123288876
0.020253513192751316 -0.019800889861789073
0.02496444112952728 -0.021926750343697256
0.030153689607045786 -0.023979142065206162
0.03581603349196366 -0.02589926688274114
0.041945771283965205 -0.027713751425698846
0.04853673085668936 -0.029423950565591134
0.05558227567253826 -0.030997253220187853
0.06307531146510753 -0.03241285110962951
0.07100829338251147 -0.033665995336045085
0.0793732335844094 -0.034760175305601645
0.0881617092850836 -0.03570638769419111
0.09736487123447068 -0.03652064447583366
0.10697345262860625 -0.037220951904234724
0.116977778440511 -0.03782497550320706
0.12736777516212267 -0.038343762373502184
0.1381329809474649 -0.0387864615661376
0.14926255614683936 -0.039155365701973394
0.1607452942214339 -0.03945428046256113
0.17256963302735745 -0.03968958948262347
0.18472366645773874 -0.0398661383098386
0.19719515643116664 -0.03998080449050039
0.20997154521440087 -0.04003234029685727
0.22303996806694482 -0.0400283039850957
0.2363872661947488 -0.03997701287754529
0.25000000000000006 -0.039880000000000006
0.2638644626136587 -0.039737917818151856
0.2779666936971131 -0.039552978382247854
0.29229249349905695 -0.03932802786436826
0.3068274371534359 -0.039065394748623625
0.32155688920406433 -0.03876737520804032
0.33646601834128953 -0.038435768939756525
0.35153981233586296 -0.03807196557579554
0.36676309315498296 -0.0376747762886036
0.38212053224528686 -0.03724205650629144
0.3975966659674052 -0.03677350162271288
0.41317591116653546 -0.036269812742940354
0.42884258086335814 -0.03573115486680806
0.44458090004949524 -0.03515764252915858
0.46037502157160654 -0.03455288535070774
0.4762090420881297 -0.033922801209276626
0.4920670180825969 -0.03326796500106523
0.5079329819174049 -0.032584613439409646
0.5237909579118721 -0.03187590652423339
0.5396249784283953 -0.03115185367222583
0.5554190999505066 -0.03041653723073697
0.5711574191366438 -0.02966684336455155
0.5868240888334664 -0.028902389029173522
0.6024033340325966 -0.028126990483619073
0.6178794677547149 -0.027343231693082268
0.6332369068450188 -0.026551252503267418
0.6484601876641387 -0.02574997180455534
0.6635339816587122 -0.024936402122544006
0.6784431107959373 -0.02410992524818941
0.6931725628465657 -0.023275313795630616
0.7077075065009447 -0.022437058743054707
0.7220333063028884 -0.02159724106821566
0.7361355373863427 -0.020757595243729415
0.7500000000000012 -0.01991999999999993
0.7636127338052524 -0.01908673512429754
0.7769600319330563 -0.01826152258850741
0.7900284547856001 -0.017447040073284136
0.8028048435688343 -0.016640428133585863
0.8152763335422621 -0.015838952472113227
0.8274303669726433 -0.015046800174644428
0.8392547057785669 -0.014268769899509282
0.8507374438531613 -0.013500922432189196
0.8618670190525357 -0.012737800565334969
0.872632224837878 -0.011983013219342207
0.8830222215594895 -0.011243168830131905
0.8930265473713942 -0.010518572318046112
0.9026351287655296 -0.00980665436461106
0.9118382907149167 -0.009104467038991721
0.9206267664155909 -0.008410425269321379
0.9289917066174888 -0.007739270388339825
0.9369246885348927 -0.007112820342286732
0.9444177243274618 -0.006516757705936719
0.9514632691433107 -0.00591410872520322
0.958054228716035 -0.005289833784808446
0.9641839665080364 -0.0046477178748346205
0.9698463103929542 -0.00400921629060448
0.9750355588704727 -0.0034088569774560007
0.9797464868072487 -0.0028884275082682606
0.9839743506981782 -0.002493927196755976
0.9877148934427036 -0.0021833359157230835
0.9909643486313533 -0.0018404581714603265
0.9937194443381971 -0.001543500152035217
0.9959774064153977 -0.0015245230883444297
0.9977359612865423 -0.0015108785642007118
0.9989933382359422 -0.0009971792262527762
0.9997482711915926 -0.00031001803343507357
1.0 0.0
