1.0 0.00018311077091020937
0.9997482711915926 0.00021013560033683053
0.9989933382359422 0.0002911082374087897
0.9977359612865423 0.00042572729716924156
0.9959774064153977 0.0006135043122414453
0.9937194443381971 0.0008537843033714093
0.9909643486313533 0.0011457741986552897
0.9877148934427036 0.001488578726650526
0.9839743506981782 0.0018812433081917626
0.9797464868072487 0.002322803376297097
0.9750355588704727 0.002812339464058834
0.9698463103929542 0.0033490373178081075
0.9641839665080364 0.003932252218004489
0.958054228716035 0.004561576624031296
0.9514632691433107 0.005236910202097565
0.9444177243274618 0.005958531248388687
0.9369246885348927 0.006727168483006749
0.9289917066174888 0.007544072164532786
0.9206267664155909 0.008411083460557118
0.9118382907149167 0.00933070100648222
0.9026351287655296 0.010306143593413704
0.8930265473713942 0.011341336650208395
0.8830222215594895 0.012440167079727513
0.872632224837878 0.013606606290176092
0.8618670190525357 0.014845162490093598
0.8507374438531613 0.01616090139524801
0.8392547057785669 0.01755863907009265
0.8274303669726433 0.019038665961831923
0.8152763335422621 0.020598968122938516
0.8028048435688343 0.02223675317939148
0.7900284547856001 0.02394772510055666
0.7769600319330563 0.025719261949296073
0.7636127338052524 0.02753241828673808
0.7500000000000012 0.029365792353680892
0.7361355373863427 0.03119760480361311
0.7220333063028884 0.033014437540755205
0.7077075065009447 0.034805429197850735
0.6931725628465657 0.036559321563654955
0.6784431107959373 0.03826861390377869
0.6635339816587122 0.039931760407268875
0.6484601876641387 0.04154809385908122
0.6332369068450188 0.04311612514177038
0.6178794677547149 0.04462948050002097
0.6024033340325966 0.04608051812679628
0.5868240888334664 0.04746229530713306
0.5711574191366438 0.04877401731409905
0.5554190999505066 0.050018579880371054
0.5396249784283953 0.0511991876422332
0.5237909579118721 0.052316242811241344
0.5079329819174049 0.053367483362363216
0.4920670180825969 0.05435066303240148
0.4762090420881297 0.05525725183992969
0.46037502157160654 0.05606970737717879
0.44458090004949524 0.05677033174344807
0.42884258086335814 0.05734880661496633
0.41317591116653546 0.05781030034806916
0.3975966659674052 0.05816230188877383
0.38212053224528686 0.058408885326600796
0.36676309315498296 0.058540297929196905
0.35153981233586296 0.05854433513453066
0.33646601834128953 0.05841304085101217
0.32155688920406433 0.058165742464378285
0.3068274371534359 0.057834626992953206
0.29229249349905695 0.057449910380557925
0.2779666936971131 0.05702337845499738
0.2638644626136587 0.056543745928362345
0.25000000000000006 0.055999604758946754
0.2363872661947488 0.05538211496163004
0.22303996806694482 0.05468946461183295
0.20997154521440087 0.053923006057267645
0.19719515643116664 0.05308490672955204
0.18472366645773874 0.05217528368585588
0.17256963302735745 0.05118613830136321
0.1607452942214339 0.05011018864132209
0.14926255614683936 0.04894302594892522
0.1381329809474649 0.04768125815875146
0.12736777516212267 0.04631518161090798
0.116977778440511 0.04483678801120362
0.10697345262860625 0.04324319133875236
0.09736487123447068 0.04153630557996159
0.0881617092850836 0.03972072383686972
0.0793732335844094 0.03780069698655557
0.07100829338251147 0.03578499318585199
0.06307531146510753 0.03368765037528332
0.05558227567253826 0.03152737121096475
0.04853673085668936 0.029326241743991486
0.041945771283965205 0.027102050555562727
0.03581603349196366 0.0248553507154565
0.030153689607045786 0.022595326869910854
0.02496444112952728 0.020343425094164425
0.020253513192751316 0.018121891791559826
0.016025649301821876 0.015917730085401736
0.012285106557296477 0.0137392206816404
0.009035651368646647 0.01161404995835649
0.006280555661802856 0.009537749895974217
0.00402259358460233 0.007571178084223481
0.0022640387134577056 0.005834796421094473
0.0010066617640577813 0.004466838041698442
0.0002517288084074587 0.003590135356673731
0.0 0.003288092596782269
0.0 0.0
0.0002517288084074587 -0.0005460167416454836
0.0010066617640577813 -0.0020390979263610995
0.0022640387134577056 -0.004091083903445723
0.00402259358460233 -0.0062102153390690695
0.006280555661802856 -0.008031620017450487
0.009035651368646647 -0.00962248805195946
0.012285106557296477 -0.011258036367566606
0.016025649301821876 -0.012889643709903979
0.020253513192751316 -0.014468228229445379
0.02496444112952728 -0.015989827426189755
0.030153689607045786 -0.017490595417046957
0.03581603349196366 -0.018969552868717033
0.041945771283965205 -0.02040795140509356
0.04853673085668936 -0.021795953160098386
0.05558227567253826 -0.02313348951356408
0.06307531146510753 -0.02441484407896476
0.07100829338251147 -0.025629115487454154
0.0793732335844094 -0.026769856028844012
0.0881617092850836 -0.02783652703173736
0.09736487123447068 -0.028835600315857468
0.10697345262860625 -0.0297798304591751
0.116977778440511 -0.030675372754254387
0.12736777516212267 -0.03152153850549847
0.1381329809474649 -0.03231969385194528
0.14926255614683936 -0.03307366404910969
0.1607452942214339 -0.03378901838658381
0.17256963302735745 -0.034467695101736875
0.18472366645773874 -0.03511044041188087
0.19719515643116664 -0.03571912808468081
0.20997154521440087 -0.036296535501669315
0.22303996806694482 -0.03684346398703698
0.2363872661947488 -0.03735936406071946
0.25000000000000006 -0.037844119173822605
0.2638644626136587 -0.03829808604019408
0.2779666936971131 -0.03872212452936643
0.29229249349905695 -0.039117569475939716
0.3068274371534359 -0.03948618441206037
0.32155688920406433 -0.03982904955374807
0.33646601834128953 -0.04014593335591806
0.35153981233586296 -0.04043667192680671
0.36676309315498296 -0.0407019917973897
0.38212053224528686 -0.04094573983347884
0.3975966659674052 -0.04117285300889799
0.41317591116653546 -0.041386375334353916
0.42884258086335814 -0.0415693106163458
0.44458090004949524 -0.04169344524241233
0.46037502157160654 -0.04173069818699718
0.4762090420881297 -0.04166651347181668
0.4920670180825969 -0.04149858519477313
0.5079329819174049 -0.041225538061693434
0.5237909579118721 -0.04085132839153861
0.5396249784283953 -0.04038673630905033
0.5554190999505066 -0.03984322727912129
0.5711574191366438 -0.0392295281083468
0.5868240888334664 -0.03854878632709893
0.6024033340325966 -0.03780371300241662
0.6178794677547149 -0.036997867371899695
0.6332369068450188 -0.03613704619108962
0.6484601876641387 -0.035227535365280255
0.6635339816587122 -0.03427519882050611
0.6784431107959373 -0.03328287433447111
0.6931725628465657 -0.03225225558790627
0.7077075065009447 -0.03118520930742158
0.7220333063028884 -0.0300819008984451
0.7361355373863427 -0.02894072169344295
0.7500000000000012 -0.027760584370552014
0.7636127338052524 -0.026542512339113575
0.7769600319330563 -0.025295173637377422
0.7900284547856001 -0.024029072537216926
0.8028048435688343 -0.022754043737272134
0.8152763335422621 -0.021478664141824432
0.8274303669726433 -0.02020949119711087
0.8392547057785669 -0.018952430856355843
0.8507374438531613 -0.01771297204766076
0.8618670190525357 -0.01649599065699457
0.872632224837878 -0.015305256899039298
0.8830222215594895 -0.014144131292418306
0.8930265473713942 -0.013015768568538675
0.9026351287655296 -0.01192311456412733
0.9118382907149167 -0.010868465532532201
0.9206267664155909 -0.009853174180190919
0.9289917066174888 -0.008878639941818865
0.9369246885348927 -0.00794641151532789
0.9444177243274618 -0.007058158820460964
0.9514632691433107 -0.006215644065655406
0.958054228716035 -0.0054206922821311496
0.9641839665080364 -0.004675161685510291
0.9698463103929542 -0.003980914222906872
0.9750355588704727 -0.003339786657418978
0.9797464868072487 -0.0027535625323832015
0.9839743506981782 -0.0022239453447232896
0.9877148934427036 -0.0017525332403800502
0.9909643486313533 -0.0013407955253217929
0.9937194443381971 -0.0009900512632040807
0.9959774064153977 -0.0007014502056062077
0.9977359612865423 -0.00047595627317259867
0.9989933382359422 -0.0003143337762112653
0.9997482711915926 -0.0002171365316458132
1.0 -0.0001847
