1.0 0.00018
0.9997482711915926 0.00021027208189753214
0.9989933382359422 0.00030106970931011385
0.9977359612865423 0.0004523364741084141
0.9959774064153977 0.00066397652605458
0.9937194443381971 0.0009358518443188613
0.9909643486313533 0.0012677784704194426
0.9877148934427036 0.0016595217547425412
0.9839743506981782 0.002110790682766762
0.9797464868072487 0.0026212313603935274
0.9750355588704727 0.0031904197502354075
0.9698463103929542 0.0038178537622029717
0.9641839665080364 0.004502944812138285
0.958054228716035 0.005245008971455091
0.9514632691433107 0.006043257838663642
0.9444177243274618 0.006896789270192015
0.9369246885348927 0.007804578112992721
0.9289917066174888 0.008765467084980862
0.9206267664155909 0.00977815795134354
0.9118382907149167 0.010841203145158471
0.9026351287655296 0.011952997979545785
0.8930265473713942 0.013111905619359812
0.8830222215594895 0.014317495982898353
0.872632224837878 0.015570315011262843
0.8618670190525357 0.016871298605669757
0.8507374438531613 0.018221785874418302
0.8392547057785669 0.019621999879636903
0.8274303669726433 0.02106450871532326
0.8152763335422621 0.022538204083026963
0.8028048435688343 0.024030351256007717
0.7900284547856001 0.02552786105991952
0.7769600319330563 0.027026623901942475
0.7636127338052524 0.02852762784847483
0.7500000000000012 0.030032532914179507
0.7361355373863427 0.03154223479049685
0.7220333063028884 0.0330523607887853
0.7077075065009447 0.03455696009752038
0.6931725628465657 0.03604988673631596
0.6784431107959373 0.03752566555526076
0.6635339816587122 0.03897968281777724
0.6484601876641387 0.04040737234016744
0.6332369068450188 0.041802543548257076
0.6178794677547149 0.04315402322110204
0.6024033340325966 0.044449474776329316
0.5868240888334664 0.0456773382046483
0.5711574191366438 0.04683227755334375
0.5554190999505066 0.04791166589606782
0.5396249784283953 0.04891337777526224
0.5237909579118721 0.049837876926177326
0.5079329819174049 0.050687483598657955
0.4920670180825969 0.051465174672685646
0.4762090420881297 0.05218090849944942
0.46037502157160654 0.052851516941254874
0.44458090004949524 0.053493781511802625
0.42884258086335814 0.054104388560061854
0.41317591116653546 0.05465034473578723
0.3975966659674052 0.05509737818314492
0.38212053224528686 0.05542478535217441
0.36676309315498296 0.05564332769905834
0.35153981233586296 0.055768421833474115
0.33646601834128953 0.05581237424099994
0.32155688920406433 0.055772371706244946
0.3068274371534359 0.05564133327183059
0.29229249349905695 0.055413501962567925
0.2779666936971131 0.05508950212166627
0.2638644626136587 0.054675363332953
0.25000000000000006 0.05417748043854692
0.2363872661947488 0.05360043035685373
0.22303996806694482 0.05294150970017823
0.20997154521440087 0.052197406085946044
0.19719515643116664 0.051366284269750144
0.18472366645773874 0.050448735090856525
0.17256963302735745 0.04944859337781365
0.1607452942214339 0.04837088668288389
0.14926255614683936 0.047221513771625805
0.1381329809474649 0.046004636869055204
0.12736777516212267 0.04471766356247958
0.116977778440511 0.04335920044473608
0.10697345262860625 0.04193077817994205
0.09736487123447068 0.040436654779010844
0.0881617092850836 0.03888383155012511
0.0793732335844094 0.037281908956462405
0.07100829338251147 0.03564186243569353
0.06307531146510753 0.03396522936923213
0.05558227567253826 0.032247805771647105
0.04853673085668936 0.030492635861731066
0.041945771283965205 0.02869437505188744
0.03581603349196366 0.026829998158649008
0.030153689607045786 0.02489519410094352
0.02496444112952728 0.022905199100139426
0.020253513192751316 0.020875377659161577
0.016025649301821876 0.018790458986486014
0.012285106557296477 0.01666986217929535
0.009035651368646647 0.014519590152496731
0.006280555661802856 0.012276939875765804
0.00402259358460233 0.010018719902357394
0.0022640387134577056 0.007929619135750347
0.0010066617640577813 0.006230060495920318
0.0002517288084074587 0.005119021757996138
0.0 0.0047326183365948
0.0 0.0
0.0002517288084074587 -0.0006697427793062958
0.0010066617640577813 -0.0024723713186742607
0.0022640387134577056 -0.0048580336213384905
0.00402259358460233 -0.007142492380770222
0.006280555661802856 -0.008851995711348828
0.009035651368646647 -0.010155619196465102
0.012285106557296477 -0.011362158746466533
0.016025649301821876 -0.012352132812291984
0.020253513192751316 -0.013084554653891856
0.02496444112952728 -0.013636580690428772
0.030153689607045786 -0.014164901491269572
0.03581603349196366 -0.014708521312740232
0.041945771283965205 -0.015265459838686924
0.04853673085668936 -0.01583663173358726
0.05558227567253826 -0.016425274208355396
0.06307531146510753 -0.017028069684951443
0.07100829338251147 -0.01763693912554537
0.0793732335844094 -0.018242694555303363
0.0881617092850836 -0.01883990809006405
0.09736487123447068 -0.01942847656641593
0.10697345262860625 -0.02000981342138634
0.116977778440511 -0.02058380814495784
0.12736777516212267 -0.021149520079456995
0.1381329809474649 -0.021706722969162474
0.14926255614683936 -0.022255974606575177
0.1607452942214339 -0.02279803762694927
0.17256963302735745 -0.02333125373001748
0.18472366645773874 -0.023853186158434955
0.19719515643116664 -0.024361471101409685
0.20997154521440087 -0.02485437235191781
0.22303996806694482 -0.025334776227401688
0.2363872661947488 -0.025808525218041858
0.25000000000000006 -0.02628251040661813
0.2638644626136587 -0.02676098572242858
0.2779666936971131 -0.02723383295850733
0.29229249349905695 -0.02768618790714003
0.3068274371534359 -0.028102349220888695
0.32155688920406433 -0.028475700969915613
0.33646601834128953 -0.028810677363311683
0.35153981233586296 -0.029112916577845167
0.36676309315498296 -0.029384856971366807
0.38212053224528686 -0.02961784787175837
0.3975966659674052 -0.029800875183225106
0.41317591116653546 -0.02992397378977601
0.42884258086335814 -0.029985473804985726
0.44458090004949524 -0.029987267326079734
0.46037502157160654 -0.029931366318295648
0.4762090420881297 -0.029817591984038785
0.4920670180825969 -0.02964435591229282
0.5079329819174049 -0.029410228540170214
0.5237909579118721 -0.02911315217064838
0.5396249784283953 -0.02875046385699835
0.5554190999505066 -0.028319834413505607
0.5711574191366438 -0.027823554945294912
0.5868240888334664 -0.027270592962984862
0.6024033340325966 -0.02667045535969167
0.6178794677547149 -0.026027876628709947
0.6332369068450188 -0.025335869973115238
0.6484601876641387 -0.024586239348474016
0.6635339816587122 -0.02377323111136985
0.6784431107959373 -0.02290075477906847
0.6931725628465657 -0.021975861488679468
0.7077075065009447 -0.021005936276442264
0.7220333063028884 -0.020005870874258185
0.7361355373863427 -0.018996549862223888
0.7500000000000012 -0.017997485621524572
0.7636127338052524 -0.017023137602939498
0.7769600319330563 -0.016073698946373234
0.7900284547856001 -0.01514628266805999
0.8028048435688343 -0.01423842512532424
0.8152763335422621 -0.013349362936379753
0.8274303669726433 -0.012481150802626843
0.8392547057785669 -0.011635989508779428
0.8507374438531613 -0.010815861362414162
0.8618670190525357 -0.010022261546258706
0.872632224837878 -0.009255677208686806
0.8830222215594895 -0.008516441713411291
0.8930265473713942 -0.007804932375985153
0.9026351287655296 -0.007121567538233565
0.9118382907149167 -0.0064668657354914364
0.9206267664155909 -0.005841467766907195
0.9289917066174888 -0.005246005913170186
0.9369246885348927 -0.004681088793391782
0.9444177243274618 -0.004147299927118889
0.9514632691433107 -0.0036451962952563127
0.958054228716035 -0.003175306911951744
0.9641839665080364 -0.0027381314195164823
0.9698463103929542 -0.0023341387183555633
0.9750355588704727 -0.001963765643662903
0.9797464868072487 -0.0016274157003027308
0.9839743506981782 -0.0013254578668522518
0.9877148934427036 -0.0010582254792258791
0.9909643486313533 -0.0008260152036449167
0.9937194443381971 -0.0006290861079638983
0.9959774064153977 -0.0004676588395244961
0.9977359612865423 -0.0003419149167870252
0.9989933382359422 -0.00025199614099845916
0.9997482711915926 -0.00019800413310326273
1.0 -0.00018
