1.0 0.0
0.9997482711915926 0.00014503560232417763
0.9989933382359422 0.0005781991865765782
0.9977359612865423 0.0012937104409469719
0.9959774064153977 0.0022820994293045738
0.9937194443381971 0.00353045035767403
0.9909643486313533 0.005022738651625674
0.9877148934427036 0.006740257200093124
0.9839743506981782 0.008662126509573502
0.9797464868072487 0.010765882454593421
0.9750355588704727 0.013028134316581797
0.9698463103929542 0.015425284884100714
0.9641839665080364 0.017934303552277722
0.958054228716035 0.020533542616967652
0.9514632691433107 0.023203586317493054
0.9444177243274618 0.02592812164763923
0.9369246885348927 0.028694819533767783
0.9289917066174888 0.03149621467622367
0.9206267664155909 0.03433057216928449
0.9118382907149167 0.037202728958207164
0.9026351287655296 0.04012489826073585
0.8930265473713942 0.04311474861764315
0.8830222215594895 0.046170855742685486
0.872632224837878 0.04927789998843175
0.8618670190525357 0.05241901057955605
0.8507374438531613 0.05557589302576888
0.8392547057785669 0.05872882499601511
0.8274303669726433 0.06185666593396085
0.8152763335422621 0.06493688114237547
0.8028048435688343 0.06794558093069883
0.7900284547856001 0.07085916104996508
0.7769600319330563 0.07366600567046536
0.7636127338052524 0.07636167990806783
0.7500000000000012 0.07894343562655987
0.7361355373863427 0.081410191338774
0.7220333063028884 0.08376253129169921
0.7077075065009447 0.08600268841510833
0.6931725628465657 0.0881340961194029
0.6784431107959373 0.0901503481993052
0.6635339816587122 0.0920330651071574
0.6484601876641387 0.09376297700254649
0.6332369068450188 0.09532064570956571
0.6178794677547149 0.09668659654737843
0.6024033340325966 0.09784145633038377
0.5868240888334664 0.09876956941249536
0.5711574191366438 0.099478209856926
0.5554190999505066 0.09998483623906933
0.5396249784283953 0.1003083286143338
0.5237909579118721 0.10046876627843021
0.5079329819174049 0.10048721782070431
0.4920670180825969 0.10038499080678011
0.4762090420881297 0.10017168685444904
0.46037502157160654 0.09984510594410276
0.44458090004949524 0.09940300083908579
0.42884258086335814 0.0988436395174844
0.41317591116653546 0.09816583157049558
0.3975966659674052 0.09736894845459627
0.38212053224528686 0.09645156933201748
0.36676309315498296 0.09540948304254605
0.35153981233586296 0.09423880932645022
0.33646601834128953 0.09293661272915771
0.32155688920406433 0.09150095216355077
0.3068274371534359 0.0899309225688808
0.29229249349905695 0.08822702825588348
0.2779666936971131 0.08639745094375492
0.2638644626136587 0.08445678909816637
0.25000000000000006 0.08241972277090662
0.2363872661947488 0.08030070503155202
0.22303996806694482 0.07811389540475776
0.20997154521440087 0.07587309926050179
0.19719515643116664 0.07359166359686953
0.18472366645773874 0.07127463398322029
0.17256963302735745 0.06891186473318003
0.1607452942214339 0.06649440667175445
0.14926255614683936 0.06401668431944331
0.1381329809474649 0.06147412192026172
0.12736777516212267 0.05885858999607798
0.116977778440511 0.056165409910697954
0.10697345262860625 0.05339477378941288
0.09736487123447068 0.050551654243355004
0.0881617092850836 0.04766514592319298
0.0793732335844094 0.04479640752849418
0.07100829338251147 0.04199728144687624
0.06307531146510753 0.039264856545525764
0.05558227567253826 0.03655826549887372
0.04853673085668936 0.033853145688256994
0.041945771283965205 0.031141784105657887
0.03581603349196366 0.028430662146030374
0.030153689607045786 0.025737986212323774
0.02496444112952728 0.023091238704104313
0.020253513192751316 0.02052478309144893
0.016025649301821876 0.018077555552607392
0.012285106557296477 0.015790874091013537
0.009035651368646647 0.013706394162041138
0.006280555661802856 0.011864237653009882
0.00402259358460233 0.010301319594802091
0.0022640387134577056 0.009049894266170467
0.0010066617640577813 0.008136339410922077
0.0002517288084074587 0.007580194154326177
0.0 0.007393462910810285
0.0 0.0
0.0002517288084074587 -0.0001824192819240191
0.0010066617640577813 -0.0007178530257854194
0.0022640387134577056 -0.0015715244876452603
0.00402259358460233 -0.0026877817468859847
0.006280555661802856 -0.003993529510850146
0.009035651368646647 -0.005402969636782342
0.012285106557296477 -0.006823587165868288
0.016025649301821876 -0.00816330173885105
0.020253513192751316 -0.009338688172419686
0.02496444112952728 -0.010284154889407903
0.030153689607045786 -0.010961954973286118
0.03581603349196366 -0.01137289200677688
0.041945771283965205 -0.011567571691367469
0.04853673085668936 -0.011658040650806318
0.05558227567253826 -0.011805918761027096
0.06307531146510753 -0.012048035101414474
0.07100829338251147 -0.012330781681189756
0.0793732335844094 -0.012579459556857896
0.0881617092850836 -0.012762182611828304
0.09736487123447068 -0.012909500425732363
0.10697345262860625 -0.013062098127723116
0.116977778440511 -0.013227814703042316
0.12736777516212267 -0.013390047878427487
0.1381329809474649 -0.013527973794918385
0.14926255614683936 -0.013616610536550224
0.1607452942214339 -0.013632664208458198
0.17256963302735745 -0.013579957043658034
0.18472366645773874 -0.013473905859809492
0.19719515643116664 -0.013333541200432937
0.20997154521440087 -0.013179523023744494
0.22303996806694482 -0.013019376080409175
0.2363872661947488 -0.012853646801624105
0.25000000000000006 -0.012682910657139996
0.2638644626136587 -0.012507815326960742
0.2779666936971131 -0.012329078344953254
0.29229249349905695 -0.012147483985519618
0.3068274371534359 -0.011963864298799316
0.32155688920406433 -0.011778694497212923
0.33646601834128953 -0.01159201236414275
0.35153981233586296 -0.011403818581612516
0.36676309315498296 -0.011214099856677876
0.38212053224528686 -0.011022830488488015
0.3975966659674052 -0.0108299740990448
0.41317591116653546 -0.010635521779783849
0.42884258086335814 -0.01043969319936538
0.44458090004949524 -0.010242804055509725
0.46037502157160654 -0.010045175186981068
0.4762090420881297 -0.009847130944374425
0.4920670180825969 -0.009648997746466194
0.5079329819174049 -0.009451094651981606
0.5237909579118721 -0.009253556944095295
0.5396249784283953 -0.009056336573702051
0.5554190999505066 -0.008859379455763539
0.5711574191366438 -0.008662635761358468
0.5868240888334664 -0.008466062196944143
0.6024033340325966 -0.008269624875359583
0.6178794677547149 -0.008073572069546153
0.6332369068450188 -0.007878832964220005
0.6484601876641387 -0.007686407791562247
0.6635339816587122 -0.007497250693888185
0.6784431107959373 -0.007312262761378255
0.6931725628465657 -0.0071322856593999005
0.7077075065009447 -0.006958015409894533
0.7220333063028884 -0.006788519490602241
0.7361355373863427 -0.006621534611289398
0.7500000000000012 -0.006454964224449124
0.7636127338052524 -0.006286948073312812
0.7769600319330563 -0.006115873024331713
0.7900284547856001 -0.005940381074800407
0.8028048435688343 -0.005759388967084781
0.8152763335422621 -0.005574354032931825
0.8274303669726433 -0.005391262282393691
0.8392547057785669 -0.005215856153643323
0.8507374438531613 -0.0050529878175139716
0.8618670190525357 -0.004906631549704955
0.872632224837878 -0.004779905124559763
0.8830222215594895 -0.004675099737684445
0.8930265473713942 -0.004593717886415169
0.9026351287655296 -0.004536413441550131
0.9118382907149167 -0.00449403754311344
0.9206267664155909 -0.00444388425861845
0.9289917066174888 -0.004367584764935034
0.9369246885348927 -0.004252530152802411
0.9444177243274618 -0.004091308595030459
0.9514632691433107 -0.0038811136617573254
0.958054228716035 -0.003623132491575955
0.9641839665080364 -0.003321922584253925
0.9698463103929542 -0.002984785944650234
0.9750355588704727 -0.0026211491792061787
0.9797464868072487 -0.002241957927869429
0.9839743506981782 -0.0018590937081840056
0.9877148934427036 -0.0014848208580669515
0.9909643486313533 -0.001131270793825736
0.9937194443381971 -0.0008099702553408358
0.9959774064153977 -0.0005314195968543231
0.9977359612865423 -0.0003047265059311122
0.9989933382359422 -0.0001372998019574767
0.9997482711915926 -3.460718659882026e-05
1.0 0.0
