1.0 0.0
0.9997482711915926 3.3553680486369966e-05
0.9989933382359422 0.0001337089117868598
0.9977359612865423 0.00029896150012901815
0.9959774064153977 0.0005268484156117055
0.9937194443381971 0.0008140131642482939
0.9909643486313533 0.0011562961796895597
0.9877148934427036 0.0015488491192786223
0.9839743506981782 0.001986271649972281
0.9797464868072487 0.002462769024953567
0.9750355588704727 0.0029723284843803863
0.9698463103929542 0.003508912266418646
0.9641839665080364 0.004066664790061824
0.958054228716035 0.0046401313715891115
0.9514632691433107 0.005224485663973353
0.9444177243274618 0.005815762864968316
0.9369246885348927 0.006411095626558902
0.9289917066174888 0.0070089495172300405
0.9206267664155909 0.0076093548400797285
0.9118382907149167 0.008214131594833352
0.9026351287655296 0.008827104390651486
0.8930265473713942 0.009453602247158237
0.8830222215594895 0.010094024185622332
0.872632224837878 0.010745204698507918
0.8618670190525357 0.011403652745299924
0.8507374438531613 0.012065586336923348
0.8392547057785669 0.012726931876066487
0.8274303669726433 0.013383326301108073
0.8152763335422621 0.014030122181346161
0.8028048435688343 0.014662395884034231
0.7900284547856001 0.015275265911838386
0.7769600319330563 0.01586615952091049
0.7636127338052524 0.016433883061371796
0.7500000000000012 0.01697755952930692
0.7361355373863427 0.01749662606939981
0.7220333063028884 0.017990835346888258
0.7077075065009447 0.01846025394486829
0.6931725628465657 0.018905172291113312
0.6784431107959373 0.019323833139747462
0.6635339816587122 0.019711994944421253
0.6484601876641387 0.020065217983517746
0.6332369068450188 0.020379016524499905
0.6178794677547149 0.02064888967582049
0.6024033340325966 0.020870353726512365
0.5868240888334664 0.021039810901706757
0.5711574191366438 0.021159168719129182
0.5554190999505066 0.02123277419557601
0.5396249784283953 0.021265305717354875
0.5237909579118721 0.021261718847769572
0.5079329819174049 0.02122719512697391
0.4920670180825969 0.02116704344767938
0.4762090420881297 0.021085639293702264
0.46037502157160654 0.0209863812576733
0.44458090004949524 0.020872665235576043
0.42884258086335814 0.02074789767351836
0.41317591116653546 0.020615463360695325
0.3975966659674052 0.0204786883550059
0.38212053224528686 0.020338562276389662
0.36676309315498296 0.02019041471065344
0.35153981233586296 0.02002896627695405
0.33646601834128953 0.01984928911693888
0.32155688920406433 0.01964685313773068
0.3068274371534359 0.019417567952549047
0.29229249349905695 0.019157950063444427
0.2779666936971131 0.018867540370869917
0.2638644626136587 0.01854844366410288
0.25000000000000006 0.018202927546860908
0.2363872661947488 0.017833321679668685
0.22303996806694482 0.01744200733912774
0.20997154521440087 0.01703140704530777
0.19719515643116664 0.016603964361828198
0.18472366645773874 0.016160578061898277
0.17256963302735745 0.015699225438961746
0.1607452942214339 0.015218230281980065
0.14926255614683936 0.014716694141687723
0.1381329809474649 0.014195987746149961
0.12736777516212267 0.013662661177562676
0.116977778440511 0.013123644555011355
0.10697345262860625 0.012585134435887114
0.09736487123447068 0.012052548080096676
0.0881617092850836 0.011524973615167886
0.0793732335844094 0.010992841442509843
0.07100829338251147 0.010449000066748723
0.06307531146510753 0.00988959635273471
0.05558227567253826 0.009313728071343024
0.04853673085668936 0.008723079976095787
0.041945771283965205 0.008121548603508333
0.03581603349196366 0.007514861021131873
0.030153689607045786 0.006910192723291376
0.02496444112952728 0.006315789796059433
0.020253513192751316 0.005740600341145437
0.016025649301821876 0.005193919964706172
0.012285106557296477 0.004685055903688962
0.009035651368646647 0.004223014081765356
0.006280555661802856 0.0038162130622180377
0.00402259358460233 0.003472228499741279
0.0022640387134577056 0.0031975712908314732
0.0010066617640577813 0.0029975021874531385
0.0002517288084074587 0.002875885175456402
0.0 0.002835081432547587
0.0 0.0
0.0002517288084074587 -7.22179416276057e-05
0.0010066617640577813 -0.00028456239108594453
0.0022640387134577056 -0.0006243415590641931
0.00402259358460233 -0.0010711871345937564
0.006280555661802856 -0.0015982204089351063
0.009035651368646647 -0.0021736631993574387
0.012285106557296477 -0.002762872193181875
0.016025649301821876 -0.0033307696068478883
0.020253513192751316 -0.003844637611242126
0.02496444112952728 -0.004277238870225895
0.030153689607045786 -0.004610220828091304
0.03581603349196366 -0.004837757113670311
0.041945771283965205 -0.004970375649864988
0.04853673085668936 -0.005038919808608388
0.05558227567253826 -0.005091864393516312
0.06307531146510753 -0.00514660124072652
0.07100829338251147 -0.00519984927148206
0.0793732335844094 -0.005247121322501781
0.0881617092850836 -0.005282732604799132
0.09736487123447068 -0.005299694758284974
0.10697345262860625 -0.005290461106066429
0.116977778440511 -0.005254787470527724
0.12736777516212267 -0.005198216841489257
0.1381329809474649 -0.005128301582952645
0.14926255614683936 -0.005054658325096948
0.1607452942214339 -0.004986940943577548
0.17256963302735745 -0.004925906659794292
0.18472366645773874 -0.004868906569433426
0.19719515643116664 -0.00481271189513322
0.20997154521440087 -0.004753875785965691
0.22303996806694482 -0.004691411998572824
0.2363872661947488 -0.004625678219271476
0.25000000000000006 -0.004557104325135033
0.2638644626136587 -0.00448618293160373
0.2779666936971131 -0.004413467379404655
0.29229249349905695 -0.004339569048328794
0.3068274371534359 -0.004265140682192268
0.32155688920406433 -0.004190519506819061
0.33646601834128953 -0.004115656180518372
0.35153981233586296 -0.0040404679845624306
0.36676309315498296 -0.003964859259253342
0.38212053224528686 -0.0038887228170897997
0.3975966659674052 -0.0038119414964975494
0.41317591116653546 -0.003734417228695486
0.42884258086335814 -0.0036562231710582918
0.44458090004949524 -0.0035775039067757076
0.46037502157160654 -0.0034984071120448303
0.4762090420881297 -0.0034190826307084962
0.4920670180825969 -0.0033396816944837922
0.5079329819174049 -0.0032603531284994434
0.5237909579118721 -0.0031811766196276213
0.5396249784283953 -0.0031021626379691336
0.5554190999505066 -0.00302331901155543
0.5711574191366438 -0.0029446545640354643
0.5868240888334664 -0.002866179737989101
0.6024033340325966 -0.0027879073655999666
0.6178794677547149 -0.002709921384579712
0.6332369068450188 -0.0026324772732831364
0.6484601876641387 -0.0025558485461673742
0.6635339816587122 -0.0024802972974989385
0.6784431107959373 -0.002406072478869229
0.6931725628465657 -0.0023334083200444943
0.7077075065009447 -0.002262503555257868
0.7220333063028884 -0.00219316486547738
0.7361355373863427 -0.002124878427455667
0.7500000000000012 -0.002057169901305202
0.7636127338052524 -0.0019896211140293853
0.7769600319330563 -0.0019218726291745415
0.7900284547856001 -0.0018536256397232627
0.8028048435688343 -0.001784646641833437
0.8152763335422621 -0.0017153102750881491
0.8274303669726433 -0.0016470756164156432
0.8392547057785669 -0.0015813427881016687
0.8507374438531613 -0.001519297993244076
0.8618670190525357 -0.0014619164551538293
0.872632224837878 -0.0014099675184716248
0.8830222215594895 -0.0013640217939956466
0.8930265473713942 -0.0013244602104691553
0.9026351287655296 -0.0012914594644522193
0.9118382907149167 -0.001262832263871666
0.9206267664155909 -0.001233121699228378
0.9289917066174888 -0.0011979170388119157
0.9369246885348927 -0.0011541967680410007
0.9444177243274618 -0.0011001927064044142
0.9514632691433107 -0.0010352471622755172
0.958054228716035 -0.000959665227625095
0.9641839665080364 -0.0008745643283884371
0.9698463103929542 -0.0007817231375195816
0.9750355588704727 -0.0006834319268121528
0.9797464868072487 -0.0005823463808201082
0.9839743506981782 -0.0004813468223205907
0.9877148934427036 -0.0003834047045752398
0.9909643486313533 -0.0002914581122109983
0.9937194443381971 -0.00020829788108565463
0.9959774064153977 -0.00013646579942911145
0.9977359612865423 -7.81661894186488e-05
0.9989933382359422 -3.519199185993734e-05
0.9997482711915926 -8.866288636464548e-06
1.0 0.0
