1.0 0.0
0.9997482711915926 0.000194655897288178
0.9989933382359422 0.0007760706325130907
0.9977359612865423 0.0017366491362859244
0.9959774064153977 0.0030639448487086943
0.9937194443381971 0.0047409748331739745
0.9909643486313533 0.006746655524427605
0.9877148934427036 0.009056353765611341
0.9839743506981782 0.011642546355323517
0.9797464868072487 0.01447557996099091
0.9750355588704727 0.017524521973011367
0.9698463103929542 0.020758091688379263
0.9641839665080364 0.024145660135128033
0.958054228716035 0.02765830589114297
0.9514632691433107 0.03126991342282427
0.9444177243274618 0.034958299779570025
0.9369246885348927 0.03870635493665023
0.9289917066174888 0.042503180687895374
0.9206267664155909 0.04634521275542093
0.9118382907149167 0.05023731070953764
0.9026351287655296 0.054193800379697926
0.8930265473713942 0.05823605051710459
0.8830222215594895 0.062361279801307935
0.872632224837878 0.06654918210725297
0.8618670190525357 0.07077763708268847
0.8507374438531613 0.07502288648907687
0.8392547057785669 0.07925954166190055
0.8274303669726433 0.08346060664015241
0.8152763335422621 0.08759751774351847
0.8028048435688343 0.09164020022411823
0.7900284547856001 0.09555901297139485
0.7769600319330563 0.09933856176708612
0.7636127338052524 0.10297203659588762
0.7500000000000012 0.10645473800068324
0.7361355373863427 0.10978405950354612
0.7220333063028884 0.11295949166269184
0.7077075065009447 0.11598260608040674
0.6931725628465657 0.11885650685910795
0.6784431107959373 0.12157220244739486
0.6635339816587122 0.12410597537104125
0.6484601876641387 0.12643307255358163
0.6332369068450188 0.12852860097458668
0.6178794677547149 0.13036769436613216
0.6024033340325966 0.13192568726865148
0.5868240888334664 0.13318277041107862
0.5711574191366438 0.13414874305850327
0.5554190999505066 0.1348465840013586
0.5396249784283953 0.13530115363092365
0.5237909579118721 0.13553890149353315
0.5079329819174049 0.1355875893874247
0.4920670180825969 0.13547524898037983
0.4762090420881297 0.1352132684604006
0.46037502157160654 0.13479627895998292
0.44458090004949524 0.13421884179306118
0.42884258086335814 0.1334762678327899
0.41317591116653546 0.13256467655847212
0.3975966659674052 0.131481050686392
0.38212053224528686 0.13022330945112548
0.36676309315498296 0.12879038740724946
0.35153981233586296 0.12718221878487912
0.33646601834128953 0.12539975861878802
0.32155688920406433 0.12344500672293067
0.3068274371534359 0.1213210245697748
0.29229249349905695 0.11903212719918649
0.2779666936971131 0.11658723418774186
0.2638644626136587 0.11399917925724504
0.25000000000000006 0.11128129500257401
0.2363872661947488 0.10844722750787135
0.22303996806694482 0.10551087801326159
0.20997154521440087 0.10248634509730654
0.19719515643116664 0.09938782821764235
0.18472366645773874 0.09622340532498959
0.17256963302735745 0.09298956059468207
0.1607452942214339 0.08968412227993365
0.14926255614683936 0.0863079546918529
0.1381329809474649 0.08285933944385843
0.12736777516212267 0.07932313840709895
0.116977778440511 0.0756879489106296
0.10697345262860625 0.0719498014646813
0.09736487123447068 0.06811202068255215
0.0881617092850836 0.06421293355596294
0.0793732335844094 0.060337235361929815
0.07100829338251147 0.056556807746325176
0.06307531146510753 0.05286878332177713
0.05558227567253826 0.04921838092619859
0.04853673085668936 0.0455728463305527
0.041945771283965205 0.041921696863365755
0.03581603349196366 0.03827343904002129
0.030153689607045786 0.03465226717256553
0.02496444112952728 0.031094789187483835
0.020253513192751316 0.027646824716721263
0.016025649301821876 0.024360318891712102
0.012285106557296477 0.021290413180361654
0.009035651368646647 0.01849271208614555
0.006280555661802856 0.016020781604258856
0.00402259358460233 0.013923912033416957
0.0022640387134577056 0.01224517410841099
0.0010066617640577813 0.011019793485991528
0.0002517288084074587 0.010273864426111952
0.0 0.010023419105464192
0.0 0.0
0.0002517288084074587 -0.00024737804853491873
0.0010066617640577813 -0.0009737742331573699
0.0022640387134577056 -0.002132871761583268
0.00402259358460233 -0.0036504544145962146
0.006280555661802856 -0.005428832784533177
0.009035651368646647 -0.007352958624910845
0.012285106557296477 -0.009298145955240205
0.016025649301821876 -0.01113929577845045
0.020253513192751316 -0.012761500555927625
0.02496444112952728 -0.01407188516450574
0.030153689607045786 -0.01501252313599198
0.03581603349196366 -0.015574250743747856
0.041945771283965205 -0.015811187127063604
0.04853673085668936 -0.015855756289221788
0.05558227567253826 -0.015908265463014364
0.06307531146510753 -0.01605027577645719
0.07100829338251147 -0.016284296290244603
0.0793732335844094 -0.01660747595440477
0.0881617092850836 -0.01699657966761546
0.09736487123447068 -0.017402441091976858
0.10697345262860625 -0.017764477801062183
0.116977778440511 -0.01805507375256762
0.12736777516212267 -0.018270381702694457
0.1381329809474649 -0.018408380115910214
0.14926255614683936 -0.018468737108091333
0.1607452942214339 -0.018453745199923165
0.17256963302735745 -0.018371945874817615
0.18472366645773874 -0.01823605665262553
0.19719515643116664 -0.018061916657489983
0.20997154521440087 -0.017866886712607645
0.22303996806694482 -0.01765790514030238
0.2363872661947488 -0.017436469669037093
0.25000000000000006 -0.017204305316873572
0.2638644626136587 -0.016963395154125517
0.2779666936971131 -0.016715972041126886
0.29229249349905695 -0.01646450758739102
0.3068274371534359 -0.016211643269496888
0.32155688920406433 -0.015958714740743
0.33646601834128953 -0.015705458110551296
0.35153981233586296 -0.015451470531624658
0.36676309315498296 -0.015196294795774765
0.38212053224528686 -0.01493942527051014
0.3975966659674052 -0.01468031442018075
0.41317591116653546 -0.014418495746035506
0.42884258086335814 -0.014154227502482894
0.44458090004949524 -0.013888070290292116
0.46037502157160654 -0.013620597806084222
0.4762090420881297 -0.01335239283748514
0.4920670180825969 -0.013084043871118825
0.5079329819174049 -0.012816126922336078
0.5237909579118721 -0.012548878686562293
0.5396249784283953 -0.012282196600490614
0.5554190999505066 -0.012015965810346266
0.5711574191366438 -0.01175007745347469
0.5868240888334664 -0.011484432147931113
0.6024033340325966 -0.011218944306035927
0.6178794677547149 -0.010953925055639958
0.6332369068450188 -0.01069064191188743
0.6484601876641387 -0.010430463456098901
0.6635339816587122 -0.010174695242048197
0.6784431107959373 -0.009924570248521922
0.6931725628465657 -0.00968124013973478
0.7077075065009447 -0.009445657742925124
0.7220333063028884 -0.009216556591167912
0.7361355373863427 -0.008990856594403617
0.7500000000000012 -0.008765704321103556
0.7636127338052524 -0.008538567727221776
0.7769600319330563 -0.00830725089341672
0.7900284547856001 -0.008069904920129501
0.8028048435688343 -0.007825054600279767
0.8152763335422621 -0.007574678873446395
0.8274303669726433 -0.007326913665729644
0.8392547057785669 -0.007089563946260218
0.8507374438531613 -0.006869224535085498
0.8618670190525357 -0.0066712969217380905
0.872632224837878 -0.006500018347216954
0.8830222215594895 -0.006358502479588889
0.8930265473713942 -0.00624879090703694
0.9026351287655296 -0.0061717714178604645
0.9118382907149167 -0.006114984248346857
0.9206267664155909 -0.00604750931029192
0.9289917066174888 -0.005944334188234769
0.9369246885348927 -0.00578829153976115
0.9444177243274618 -0.005569292464483087
0.9514632691433107 -0.005283520575469012
0.958054228716035 -0.0049325986349646935
0.9641839665080364 -0.004522739693755553
0.9698463103929542 -0.004063894624316982
0.9750355588704727 -0.0035689077632437877
0.9797464868072487 -0.003052692080813787
0.9839743506981782 -0.002531434878578381
0.9877148934427036 -0.002021844484383088
0.9909643486313533 -0.0015404477741019372
0.9937194443381971 -0.001102947607556864
0.9959774064153977 -0.0007236484304987013
0.9977359612865423 -0.0004149573739534067
0.9989933382359422 -0.0001869671863055822
0.9997482711915926 -4.712627253522699e-05
1.0 0.0
