1.0 0.0
0.9997482711915926 0.00015694247158349608
0.9989933382359422 0.0006249619512287396
0.9977359612865423 0.001395717720820076
0.9959774064153977 0.0024555845037791436
0.9937194443381971 0.0037860627263871043
0.9909643486313533 0.005364345683463348
0.9877148934427036 0.007164036496584716
0.9839743506981782 0.009156005846360928
0.9797464868072487 0.011309379645928944
0.9750355588704727 0.013592644119502735
0.9698463103929542 0.015974854175156893
0.9641839665080364 0.018426929531465647
0.958054228716035 0.020923021788191422
0.9514632691433107 0.023441934535436283
0.9444177243274618 0.02596857768537822
0.9369246885348927 0.028495436495991285
0.9289917066174888 0.031024035245190845
0.9206267664155909 0.0335663752129012
0.9118382907149167 0.03614632654184073
0.9026351287655296 0.038800953677518984
0.8930265473713942 0.041576686870896024
0.8830222215594895 0.044482662851958905
0.872632224837878 0.04750039120688893
0.8618670190525357 0.050606963306659855
0.8507374438531613 0.053775145666791875
0.8392547057785669 0.0569732398567276
0.8274303669726433 0.060164985609876584
0.8152763335422621 0.06330950995663537
0.8028048435688343 0.06636132477958864
0.7900284547856001 0.069274470413571
0.7769600319330563 0.07203265941129013
0.7636127338052524 0.07463678926115906
0.7500000000000012 0.07709069351259187
0.7361355373863427 0.0794010436448102
0.7220333063028884 0.08157731318436193
0.7077075065009447 0.08363171300407758
0.6931725628465657 0.08557846810002342
0.6784431107959373 0.08741701486953851
0.6635339816587122 0.08912871212010523
0.6484601876641387 0.09069360811859761
0.6332369068450188 0.0920914793488006
0.6178794677547149 0.0933019709816925
0.6024033340325966 0.0943047444895003
0.5868240888334664 0.09508326397462986
0.5711574191366438 0.09564489678310874
0.5554190999505066 0.0960075870087881
0.5396249784283953 0.09619069488258483
0.5237909579118721 0.0962147703523071
0.5079329819174049 0.09610133991256527
0.4920670180825969 0.09587250050624438
0.4762090420881297 0.09554660540038998
0.46037502157160654 0.09513808158273179
0.44458090004949524 0.09466138034903736
0.42884258086335814 0.09413102486031337
0.41317591116653546 0.09356147304695599
0.3975966659674052 0.09296695825206003
0.38212053224528686 0.09235121249685645
0.36676309315498296 0.09169246686329433
0.35153981233586296 0.0909662651044768
0.33646601834128953 0.09014980670433238
0.32155688920406433 0.08922216127157098
0.3068274371534359 0.08816446284237345
0.29229249349905695 0.08696075125624458
0.2779666936971131 0.08561040213554022
0.2638644626136587 0.08412574141925512
0.25000000000000006 0.08251967121112619
0.2363872661947488 0.08080514194949631
0.22303996806694482 0.07899509238915958
0.20997154521440087 0.07710239276799469
0.19719515643116664 0.07513975310278265
0.18472366645773874 0.07311368072684898
0.17256963302735745 0.07101916942779048
0.1607452942214339 0.06885228279372685
0.14926255614683936 0.06661181302638057
0.1381329809474649 0.0643030454063072
0.12736777516212267 0.06194512511796733
0.116977778440511 0.059558803196320356
0.10697345262860625 0.05716355332693157
0.09736487123447068 0.0547773139316695
0.0881617092850836 0.052394947153000575
0.0793732335844094 0.049979134021674594
0.07100829338251147 0.0475030588057037
0.06307531146510753 0.044953685503897924
0.05558227567253826 0.04233028319880307
0.04853673085668936 0.039642882716592776
0.041945771283965205 0.03691068646903073
0.03581603349196366 0.03416045348078357
0.030153689607045786 0.03142488150207748
0.02496444112952728 0.028741007774296633
0.020253513192751316 0.02614864945917744
0.016025649301821876 0.02368890396745516
0.012285106557296477 0.021402728438962865
0.009035651368646647 0.01932961644404908
0.006280555661802856 0.017506388608454562
0.00402259358460233 0.01596611232491528
0.0022640387134577056 0.01473716402082442
0.0010066617640577813 0.013842445619841623
0.0002517288084074587 0.013298764885257885
0.0 0.01311638728419236
0.0 0.0
0.0002517288084074587 -0.00032526867651642435
0.0010066617640577813 -0.0012815952131077638
0.0022640387134577056 -0.0028116136693853767
0.00402259358460233 -0.004823275116222229
0.006280555661802856 -0.007195139691313819
0.009035651368646647 -0.009783687201096009
0.012285106557296477 -0.012432549219023663
0.016025649301821876 -0.014983539639693516
0.020253513192751316 -0.017289335938384085
0.02496444112952728 -0.019227640215624398
0.030153689607045786 -0.02071662772098576
0.03581603349196366 -0.021731471176872658
0.041945771283965205 -0.02232171206981034
0.04853673085668936 -0.022629235330381574
0.05558227567253826 -0.022875867389927116
0.06307531146510753 -0.023140578067885196
0.07100829338251147 -0.023406928483549153
0.0793732335844094 -0.02365191825584162
0.0881617092850836 -0.023845897252756036
0.09736487123447068 -0.023951960948173073
0.10697345262860625 -0.023929824725639835
0.116977778440511 -0.02377712124921225
0.12736777516212267 -0.02352139372217408
0.1381329809474649 -0.02320019558794219
0.14926255614683936 -0.022861350819657896
0.1607452942214339 -0.022552867817139492
0.17256963302735745 -0.02227848578048757
0.18472366645773874 -0.02202499473004257
0.19719515643116664 -0.021776298516928656
0.20997154521440087 -0.021515215093384273
0.22303996806694482 -0.021236805111472346
0.2363872661947488 -0.02094281559543717
0.25000000000000006 -0.020635352063170333
0.2638644626136587 -0.020316831527173677
0.2779666936971131 -0.019989972512858032
0.29229249349905695 -0.01965778172824208
0.3068274371534359 -0.019323471144232843
0.32155688920406433 -0.01898868266473483
0.33646601834128953 -0.018653134712974785
0.35153981233586296 -0.018316379262739862
0.36676309315498296 -0.01797790353331882
0.38212053224528686 -0.017637137052172985
0.3975966659674052 -0.017293459416839026
0.41317591116653546 -0.016946344539179616
0.42884258086335814 -0.016596115370023944
0.44458090004949524 -0.016243448892740372
0.46037502157160654 -0.01588903721454198
0.4762090420881297 -0.015533583037408137
0.4920670180825969 -0.015177795851861235
0.5079329819174049 -0.01482237347113974
0.5237909579118721 -0.014467677539395908
0.5396249784283953 -0.014113733133463965
0.5554190999505066 -0.013760552458908325
0.5711574191366438 -0.013408152522222017
0.5868240888334664 -0.013056558146952418
0.6024033340325966 -0.012705805691407567
0.6178794677547149 -0.012356270524642691
0.6332369068450188 -0.012009145643345313
0.6484601876641387 -0.011665710265127575
0.6635339816587122 -0.011327189510226638
0.6784431107959373 -0.010994746233165537
0.6931725628465657 -0.01066947353560658
0.7077075065009447 -0.010352296083206257
0.7220333063028884 -0.01004227606271642
0.7361355373863427 -0.00973695313849049
0.7500000000000012 -0.009434054823685072
0.7636127338052524 -0.009131575762989294
0.7769600319330563 -0.008827789958448821
0.7900284547856001 -0.008521259780138811
0.8028048435688343 -0.008210858185577201
0.8152763335422621 -0.007898347274941361
0.8274303669726433 -0.007590640745054928
0.8392547057785669 -0.007294372698090652
0.8507374438531613 -0.0070151615634445235
0.8618670190525357 -0.0067576240760895264
0.872632224837878 -0.006525399522661852
0.8830222215594895 -0.006321183694740051
0.8930265473713942 -0.006146771899730005
0.9026351287655296 -0.00600298986209717
0.9118382907149167 -0.0058794348872405
0.9206267664155909 -0.005750174135222565
0.9289917066174888 -0.005594244674642034
0.9369246885348927 -0.0053972829329000825
0.9444177243274618 -0.005150879262980786
0.9514632691433107 -0.004851899439531213
0.958054228716035 -0.0045017830688499705
0.9641839665080364 -0.004105828962616873
0.9698463103929542 -0.003672477483762795
0.9750355588704727 -0.0032125997258502636
0.9797464868072487 -0.0027388031367918974
0.9839743506981782 -0.0022647628467515135
0.9877148934427036 -0.0018045875126905463
0.9909643486313533 -0.0013722279532051857
0.9937194443381971 -0.0009809362228851205
0.9959774064153977 -0.0006427820720726027
0.9977359612865423 -0.0003682329630206114
0.9989933382359422 -0.00016580297513842508
0.9997482711915926 -4.1775038970208414e-05
1.0 0.0
