1.0 0.002
0.9997482711915926 0.0020622524742402878
0.9989933382359422 0.002248307282098602
0.9977359612865423 0.002556075433102426
0.9959774064153977 0.0029821378904575963
0.9937194443381971 0.003521838678709803
0.9909643486313533 0.004169413616336549
0.9877148934427036 0.004918153074938517
0.9839743506981782 0.005760596738112024
0.9797464868072487 0.006688757925187734
0.9750355588704727 0.0076943746620101085
0.9698463103929542 0.008769184326760392
0.9641839665080364 0.00990521837717917
0.958054228716035 0.011095113379790574
0.9514632691433107 0.012332434314901879
0.9444177243274618 0.013612005925904147
0.9369246885348927 0.014930247719995104
0.9289917066174888 0.01628550811172193
0.9206267664155909 0.01767839313210538
0.9118382907149167 0.019112085105507208
0.9026351287655296 0.02059264672432775
0.8930265473713942 0.02212835645871774
0.8830222215594895 0.023720437830908558
0.872632224837878 0.02536473300876463
0.8618670190525357 0.027056544818730877
0.8507374438531613 0.028790690501750066
0.8392547057785669 0.030561494050456862
0.8274303669726433 0.032362782989478985
0.8152763335422621 0.03418788986228786
0.8028048435688343 0.03602965864502625
0.7900284547856001 0.03788035691850423
0.7769600319330563 0.03973090263607335
0.7636127338052524 0.04157118879434103
0.7500000000000012 0.04339051048665558
0.7361355373863427 0.04517760779074152
0.7220333063028884 0.04692071281682489
0.7077075065009447 0.048607603949236286
0.6931725628465657 0.050225829421445344
0.6784431107959373 0.051767717244961535
0.6635339816587122 0.053231773957312746
0.6484601876641387 0.054617454269674404
0.6332369068450188 0.05592482457666504
0.6178794677547149 0.057154542157609
0.6024033340325966 0.05830782980648005
0.5868240888334664 0.059386594181447476
0.5711574191366438 0.060394291629176096
0.5554190999505066 0.06133532522998415
0.5396249784283953 0.062214557521116064
0.5237909579118721 0.0630372488290314
0.5079329819174049 0.06380899441134359
0.4920670180825969 0.06453541901723123
0.4762090420881297 0.06521593738236983
0.46037502157160654 0.06584321680225015
0.44458090004949524 0.06640985187858206
0.42884258086335814 0.06690878293081066
0.41317591116653546 0.06733336375712046
0.3975966659674052 0.06767742889698079
0.38212053224528686 0.06793721762956809
0.36676309315498296 0.06811462188500349
0.35153981233586296 0.06821270327621222
0.33646601834128953 0.06823475471955294
0.32155688920406433 0.06818427881745337
0.3068274371534359 0.06806496602438619
0.29229249349905695 0.06788037622095003
0.2779666936971131 0.06762744835017628
0.2638644626136587 0.06729719260771509
0.25000000000000006 0.06688176800353482
0.2363872661947488 0.06637485258670825
0.22303996806694482 0.06577168118873433
0.20997154521440087 0.06506906722754317
0.19719515643116664 0.06426540324631602
0.18472366645773874 0.06335930271454983
0.17256963302735745 0.06234808077094043
0.1607452942214339 0.061230820524989196
0.14926255614683936 0.06000879835626982
0.1381329809474649 0.058678839814311524
0.12736777516212267 0.0572178373529191
0.116977778440511 0.05560531279408502
0.10697345262860625 0.05382921711259709
0.09736487123447068 0.05188527401872366
0.0881617092850836 0.0497560358887307
0.0793732335844094 0.04739746291468782
0.07100829338251147 0.04478293498100588
0.06307531146510753 0.04191113927011298
0.05558227567253826 0.038802609702797294
0.04853673085668936 0.03549114098100463
0.041945771283965205 0.032022995634957224
0.03581603349196366 0.028456036779348968
0.030153689607045786 0.02485299021203738
0.02496444112952728 0.02127899276684716
0.020253513192751316 0.01779991631682807
0.016025649301821876 0.014480760910985527
0.012285106557296477 0.01138413654613627
0.009035651368646647 0.008568851866487483
0.006280555661802856 0.006088626689725633
0.00402259358460233 0.0039909436942455285
0.0022640387134577056 0.0023160528836848626
0.0010066617640577813 0.001096140589642461
0.0002517288084074587 0.0003546728001432921
0.0 0.00010592052995891103
0.0 0.0
0.0002517288084074587 -0.00016997853914753984
0.0010066617640577813 -0.0006666386468820034
0.0022640387134577056 -0.0014511430080256123
0.00402259358460233 -0.0024620468587694716
0.006280555661802856 -0.003620177769970413
0.009035651368646647 -0.004835375123402571
0.012285106557296477 -0.006014998216589336
0.016025649301821876 -0.0070740875524017924
0.020253513192751316 -0.00794704069771981
0.02496444112952728 -0.008600642375618415
0.030153689607045786 -0.00903725140908398
0.03581603349196366 -0.009261651354926027
0.041945771283965205 -0.00930417906138725
0.04853673085668936 -0.009238090788268132
0.05558227567253826 -0.009172183056648076
0.06307531146510753 -0.009131045640962348
0.07100829338251147 -0.0090769298045484
0.0793732335844094 -0.00895786937561963
0.0881617092850836 -0.008731201902911526
0.09736487123447068 -0.008370895814091889
0.10697345262860625 -0.007851886628885611
0.116977778440511 -0.007179861463105947
0.12736777516212267 -0.00638591780847913
0.1381329809474649 -0.005511862466468959
0.14926255614683936 -0.004610553810244048
0.1607452942214339 -0.0037373191061169635
0.17256963302735745 -0.0029114588466551414
0.18472366645773874 -0.002139822930871482
0.19719515643116664 -0.0014290930384059152
0.20997154521440087 -0.0007848320074928053
0.22303996806694482 -0.00020467297360178828
0.2363872661947488 0.0003188675040324044
0.25000000000000006 0.0007951505633425499
0.2638644626136587 0.0012353615104049379
0.2779666936971131 0.0016524571050599286
0.29229249349905695 0.002061093038780928
0.3068274371534359 0.0024768482752663026
0.32155688920406433 0.002898141072114805
0.33646601834128953 0.00330278874281263
0.35153981233586296 0.0036660595168594044
0.36676309315498296 0.003961833045035224
0.38212053224528686 0.004162811841920918
0.3975966659674052 0.0042407494293443355
0.41317591116653546 0.004172147428229725
0.42884258086335814 0.003968240924354365
0.44458090004949524 0.00365505823537618
0.46037502157160654 0.003259852469179036
0.4762090420881297 0.0028107995999951145
0.4920670180825969 0.0023367193862428716
0.5079329819174049 0.0018661640090473393
0.5237909579118721 0.0014134586164931799
0.5396249784283953 0.000978608261592419
0.5554190999505066 0.0005609408057033016
0.5711574191366438 0.0001597336915578567
0.5868240888334664 -0.00022577582612042798
0.6024033340325966 -0.0005963789553522799
0.6178794677547149 -0.0009522678241544051
0.6332369068450188 -0.0012921204224532353
0.6484601876641387 -0.0016144865946550635
0.6635339816587122 -0.001918049935393856
0.6784431107959373 -0.002201638386073821
0.6931725628465657 -0.002464233578243426
0.7077075065009447 -0.002704884596046805
0.7220333063028884 -0.00292097295174469
0.7361355373863427 -0.0031085676344421824
0.7500000000000012 -0.003264202959498434
0.7636127338052524 -0.0033849665542693896
0.7769600319330563 -0.0034685149584770363
0.7900284547856001 -0.0035130833587452607
0.8028048435688343 -0.0035175073489974815
0.8152763335422621 -0.003484103302541565
0.8274303669726433 -0.0034212310230214106
0.8392547057785669 -0.0033371741773075892
0.8507374438531613 -0.003239293840604911
0.8618670190525357 -0.0031340311864783486
0.872632224837878 -0.0030269199445236363
0.8830222215594895 -0.0029226081340166976
0.8930265473713942 -0.00282488849649599
0.9026351287655296 -0.002736721830782773
0.9118382907149167 -0.0026589610380997318
0.9206267664155909 -0.002589831268059935
0.9289917066174888 -0.002527617839483229
0.9369246885348927 -0.0024709313356978176
0.9444177243274618 -0.002418681007936088
0.9514632691433107 -0.002370046499019256
0.958054228716035 -0.0023244483419614785
0.9641839665080364 -0.0022815176918001413
0.9698463103929542 -0.002241065747672337
0.9750355588704727 -0.002203053315955282
0.9797464868072487 -0.0021675609542656654
0.9839743506981782 -0.002134760120411402
0.9877148934427036 -0.0021048857301958104
0.9909643486313533 -0.0020782105035191956
0.9937194443381971 -0.0020550214497773427
0.9959774064153977 -0.002035598811430345
0.9977359612865423 -0.0020201977491534624
0.9989933382359422 -0.0020090330135615012
0.9997482711915926 -0.0020022668075249713
1.0 -0.002
