1.0 0.005
0.9997482711915926 0.005056930418317999
0.9989933382359422 0.005227218931052378
0.9977359612865423 0.0055093690126407305
0.9959774064153977 0.005900925315467948
0.9937194443381971 0.0063985314667885035
0.9909643486313533 0.006998009998460314
0.9877148934427036 0.0076944634355334204
0.9839743506981782 0.008482395308478906
0.9797464868072487 0.009355849605124722
0.9750355588704727 0.010308566944728658
0.9698463103929542 0.011334155540459715
0.9641839665080364 0.01242627482011454
0.958054228716035 0.013578829400205791
0.9514632691433107 0.014786170957466035
0.9444177243274618 0.01604330541592407
0.9369246885348927 0.017346102768405293
0.9289917066174888 0.018691506779701036
0.9206267664155909 0.020077741775599067
0.9118382907149167 0.021504513708049726
0.9026351287655296 0.02297320270225805
0.8930265473713942 0.024486710847601952
0.8830222215594895 0.026046484372820627
0.872632224837878 0.02765323420384311
0.8618670190525357 0.029308538127736122
0.8507374438531613 0.031014910945822996
0.8392547057785669 0.03277584734771176
0.8274303669726433 0.03459585471118267
0.8152763335422621 0.036480475129665214
0.8028048435688343 0.038436296068543443
0.7900284547856001 0.04046953157986771
0.7769600319330563 0.0425756101477431
0.7636127338052524 0.04474352358505619
0.7500000000000012 0.04696079143423113
0.7361355373863427 0.049213533319889785
0.7220333063028884 0.051486525404102035
0.7077075065009447 0.05376327230538604
0.6931725628465657 0.056026381336722234
0.6784431107959373 0.05826526808754736
0.6635339816587122 0.060477703853686476
0.6484601876641387 0.06266222252529935
0.6332369068450188 0.0648176979608891
0.6178794677547149 0.06694333169327021
0.6024033340325966 0.0690386379296926
0.5868240888334664 0.07110118460090534
0.5711574191366438 0.07311426892457193
0.5554190999505066 0.07505521798511129
0.5396249784283953 0.07690111838636181
0.5237909579118721 0.07862903227008186
0.5079329819174049 0.08021620342365189
0.4920670180825969 0.08164097275886727
0.4762090420881297 0.08289853231754075
0.46037502157160654 0.08400096066216406
0.44458090004949524 0.0849615393393329
0.42884258086335814 0.08579390693591366
0.41317591116653546 0.08651192095889461
0.3975966659674052 0.08712950753383901
0.38212053224528686 0.08765494450038468
0.36676309315498296 0.08808254682902755
0.35153981233586296 0.08840516092133674
0.33646601834128953 0.08861649740173182
0.32155688920406433 0.08871119467136829
0.3068274371534359 0.08868487445033418
0.29229249349905695 0.088533610995122
0.2779666936971131 0.08824336015663552
0.2638644626136587 0.08779215666139523
0.25000000000000006 0.08716090873814748
0.2363872661947488 0.0863339264903675
0.22303996806694482 0.08529901307319769
0.20997154521440087 0.08404751979854201
0.19719515643116664 0.08257443829084202
0.18472366645773874 0.08088985337961296
0.17256963302735745 0.07902896735198475
0.1607452942214339 0.07702784700947511
0.14926255614683936 0.07492005251660076
0.1381329809474649 0.07272078418869954
0.12736777516212267 0.07039617540358412
0.116977778440511 0.06791297553177594
0.10697345262860625 0.065249734266784
0.09736487123447068 0.06239634082398435
0.0881617092850836 0.05937162108304469
0.0793732335844094 0.05623025024946069
0.07100829338251147 0.05302549929251639
0.06307531146510753 0.049806851352255814
0.05558227567253826 0.04661971499836214
0.04853673085668936 0.04350363049699404
0.041945771283965205 0.04044512751660639
0.03581603349196366 0.037352624431306325
0.030153689607045786 0.03417460700940293
0.02496444112952728 0.030906270045296988
0.020253513192751316 0.027580058006601516
0.016025649301821876 0.024256526919854516
0.012285106557296477 0.021015654757759624
0.009035651368646647 0.01794871987831879
0.006280555661802856 0.015150858098342842
0.00402259358460233 0.012714398858081757
0.0022640387134577056 0.010723069758675603
0.0010066617640577813 0.009247146648424602
0.0002517288084074587 0.00833961352508287
0.0 0.008033382944743948
0.0 0.0
0.0002517288084074587 -4.153332466857295e-05
0.0010066617640577813 -0.00016027677264038447
0.0022640387134577056 -0.0003393380354681457
0.00402259358460233 -0.0005528115779045968
0.006280555661802856 -0.0007691188163995739
0.009035651368646647 -0.0009556201376657518
0.012285106557296477 -0.001084435334973919
0.016025649301821876 -0.0011393920661388198
0.020253513192751316 -0.0011240058084915972
0.02496444112952728 -0.0010703796735828653
0.030153689607045786 -0.001031797271039102
0.03581603349196366 -0.0010204991367426094
0.041945771283965205 -0.0010299926879279218
0.04853673085668936 -0.0010471794235277253
0.05558227567253826 -0.0010537289293356753
0.06307531146510753 -0.0010454606453697507
0.07100829338251147 -0.0010285960990291932
0.0793732335844094 -0.001012126202737314
0.0881617092850836 -0.001000649371502324
0.09736487123447068 -0.0009922047510098177
0.10697345262860625 -0.000983966817793142
0.116977778440511 -0.0009747415805444258
0.12736777516212267 -0.0009644886414516725
0.1381329809474649 -0.0009531906686640384
0.14926255614683936 -0.0009408409968406218
0.1607452942214339 -0.0009274696781748542
0.17256963302735745 -0.0009132521971792129
0.18472366645773874 -0.0008984444245566309
0.19719515643116664 -0.0008833491918395994
0.20997154521440087 -0.000868283031144367
0.22303996806694482 -0.0008533306744164681
0.2363872661947488 -0.0008384473255992879
0.25000000000000006 -0.0008235752107088114
0.2638644626136587 -0.0008086445599446256
0.2779666936971131 -0.0007935739814546792
0.29229249349905695 -0.0007782709692871996
0.3068274371534359 -0.0007626352028876383
0.32155688920406433 -0.0007466297397104925
0.33646601834128953 -0.0007302951657356021
0.35153981233586296 -0.0007136790826837375
0.36676309315498296 -0.0006968320011198416
0.38212053224528686 -0.0006798070297932236
0.3975966659674052 -0.0006626595368734203
0.41317591116653546 -0.000645441577357936
0.42884258086335814 -0.0006281729139668022
0.44458090004949524 -0.0006108599511290423
0.46037502157160654 -0.0005935086835231135
0.4762090420881297 -0.0005761248240992425
0.4920670180825969 -0.000558713903956774
0.5079329819174049 -0.0005412817491805594
0.5237909579118721 -0.0005238428143538133
0.5396249784283953 -0.0005064201960606184
0.5554190999505066 -0.0004890373261103965
0.5711574191366438 -0.00047171752063835813
0.5868240888334664 -0.00045448390483940435
0.6024033340325966 -0.00043735932927887924
0.6178794677547149 -0.0004203622109953155
0.6332369068450188 -0.00040350047261437265
0.6484601876641387 -0.0003867807152300352
0.6635339816587122 -0.0003702099511064828
0.6784431107959373 -0.0003537956738753652
0.6931725628465657 -0.0003375459213991359
0.7077075065009447 -0.0003214703129835789
0.7220333063028884 -0.000305598132621283
0.7361355373863427 -0.0002899746792980637
0.7500000000000012 -0.000274642974633171
0.7636127338052524 -0.0002596428983124943
0.7769600319330563 -0.00024501103996324496
0.7900284547856001 -0.00023078058534619535
0.8028048435688343 -0.00021698106381129158
0.8152763335422621 -0.00020361115767767037
0.8274303669726433 -0.0001906148431666754
0.8392547057785669 -0.00017793860712864596
0.8507374438531613 -0.0001655391874032937
0.8618670190525357 -0.0001533834096555839
0.872632224837878 -0.0001414479165594856
0.8830222215594895 -0.0001297187952473423
0.8930265473713942 -0.00011819110987977326
0.9026351287655296 -0.0001068688829275841
0.9118382907149167 -9.581037021520741e-05
0.9206267664155909 -8.514679005296072e-05
0.9289917066174888 -7.499066322971202e-05
0.9369246885348927 -6.542808891524637e-05
0.9444177243274618 -5.6521120383390014e-05
0.9514632691433107 -4.8310271955508125e-05
0.958054228716035 -4.0817119113100424e-05
0.9641839665080364 -3.404695346058781e-05
0.9698463103929542 -2.7991454361113217e-05
0.9750355588704727 -2.2631339615228837e-05
0.9797464868072487 -1.793895849677237e-05
0.9839743506981782 -1.3880791790291345e-05
0.9877148934427036 -1.041982517456727e-05
0.9909643486313533 -7.517764348101938e-06
0.9937194443381971 -5.137062672442194e-06
0.9959774064153977 -3.2427347924035806e-06
0.9977359612865423 -1.8039326501383902e-06
0.9989933382359422 -7.952635115173118e-07
0.9997482711915926 -1.9783303503514537e-07
1.0 0.0
