1.0 0.0006
0.9997482711915926 0.0007131923523824772
0.9989933382359422 0.0010510841440744888
0.9977359612865423 0.0016086635100173194
0.9959774064153977 0.002377723239992074
0.9937194443381971 0.003347077743237708
0.9909643486313533 0.004502863053200526
0.9877148934427036 0.005828916172438642
0.9839743506981782 0.0073072290654224645
0.9797464868072487 0.008918471662480703
0.9750355588704727 0.010642577351129806
0.9698463103929542 0.012459383610627124
0.9641839665080364 0.014349319700318131
0.958054228716035 0.016294132649988247
0.9514632691433107 0.018277642227987768
0.9444177243274618 0.020286515086510082
0.9369246885348927 0.02231104790830003
0.9289917066174888 0.02434594910950232
0.9206267664155909 0.026391108492580907
0.9118382907149167 0.028452344193451357
0.9026351287655296 0.030542116329303527
0.8930265473713942 0.032678729223276734
0.8830222215594895 0.03486714183668585
0.872632224837878 0.03709955084110006
0.8618670190525357 0.039367410827737356
0.8507374438531613 0.0416617284226807
0.8392547057785669 0.04397307461059007
0.8274303669726433 0.046291601026891956
0.8152763335422621 0.04860706037269919
0.8028048435688343 0.050908831068818536
0.7900284547856001 0.05318652443196987
0.7769600319330563 0.055436570572256295
0.7636127338052524 0.05766088000307665
0.7500000000000012 0.05986279241733773
0.7361355373863427 0.0620469891707183
0.7220333063028884 0.06421946474304709
0.7077075065009447 0.06638748375599603
0.6931725628465657 0.06855945737346202
0.6784431107959373 0.07074093034901364
0.6635339816587122 0.07293191654486668
0.6484601876641387 0.07513213501715242
0.6332369068450188 0.07734150105439136
0.6178794677547149 0.07956010897136458
0.6024033340325966 0.08178821284129284
0.5868240888334664 0.08402405089990019
0.5711574191366438 0.08624307362320689
0.5554190999505066 0.08840635551732494
0.5396249784283953 0.0904740447232403
0.5237909579118721 0.09240591087537826
0.5079329819174049 0.09416172041689004
0.4920670180825969 0.09570201378311742
0.4762090420881297 0.09701249731860051
0.46037502157160654 0.09811791457055491
0.44458090004949524 0.09904689896497555
0.42884258086335814 0.09982835203611547
0.41317591116653546 0.10049115529971198
0.3975966659674052 0.10106388733035933
0.38212053224528686 0.1015691559384892
0.36676309315498296 0.10200563755820556
0.35153981233586296 0.10236607313592817
0.33646601834128953 0.10264392496162723
0.32155688920406433 0.10283343922407856
0.3068274371534359 0.10292970125808691
0.29229249349905695 0.10292842279329736
0.2779666936971131 0.10281071651747434
0.2638644626136587 0.10253641059590834
0.25000000000000006 0.10206814756268895
0.2363872661947488 0.10137381820446012
0.22303996806694482 0.10042674092294915
0.20997154521440087 0.09920578301337217
0.19719515643116664 0.09769542349988415
0.18472366645773874 0.09588568134961203
0.17256963302735745 0.09377185889518047
0.1607452942214339 0.09135470046701638
0.14926255614683936 0.08864030918235964
0.1381329809474649 0.08564985933426382
0.12736777516212267 0.0824682626275552
0.116977778440511 0.07919377618098927
0.10697345262860625 0.07591065597366094
0.09736487123447068 0.07268959853281154
0.0881617092850836 0.06948050925177793
0.0793732335844094 0.06591266302530455
0.07100829338251147 0.06166009830046418
0.06307531146510753 0.05681016602731714
0.05558227567253826 0.0519647517855324
0.04853673085668936 0.04761378448171003
0.041945771283965205 0.04393755159921791
0.03581603349196366 0.04052842144950552
0.030153689607045786 0.03701718964166891
0.02496444112952728 0.033205365732470495
0.020253513192751316 0.029033887824410645
0.016025649301821876 0.024552865605299998
0.012285106557296477 0.019892781213096105
0.009035651368646647 0.015237551363435834
0.006280555661802856 0.010799823974371375
0.00402259358460233 0.00679884839350821
0.0022640387134577056 0.003441220645042566
0.0010066617640577813 0.0009047642702987533
0.0002517288084074587 -0.00067423623218793
0.0 -0.0012102781935637449
0.0 0.0
0.0002517288084074587 -0.00015579707399049873
0.0010066617640577813 -0.0006170832239269206
0.0022640387134577056 -0.0013656400378310896
0.00402259358460233 -0.002371425109549185
0.006280555661802856 -0.0035930507367709793
0.009035651368646647 -0.004978446690375626
0.012285106557296477 -0.006465699734395023
0.016025649301821876 -0.007984060607864182
0.020253513192751316 -0.009455107302925063
0.02496444112952728 -0.010794051706252469
0.030153689607045786 -0.011925583561253521
0.03581603349196366 -0.012860406360893981
0.041945771283965205 -0.013689554344457261
0.04853673085668936 -0.014582378430431846
0.05558227567253826 -0.015767360866117342
0.06307531146510753 -0.01721783041988524
0.07100829338251147 -0.01867421400636698
0.0793732335844094 -0.01978415054743294
0.0881617092850836 -0.020412986241095492
0.09736487123447068 -0.02080203657087553
0.10697345262860625 -0.021278696626807002
0.116977778440511 -0.021948600665675246
0.12736777516212267 -0.022720970888103223
0.1381329809474649 -0.023475793668662384
0.14926255614683936 -0.024065849676135453
0.1607452942214339 -0.024342322357454333
0.17256963302735745 -0.02429501858600263
0.18472366645773874 -0.023979224805226067
0.19719515643116664 -0.023464621766345128
0.20997154521440087 -0.022827594059887223
0.22303996806694482 -0.02208232674493348
0.2363872661947488 -0.021203387671501026
0.25000000000000006 -0.020162693365667075
0.2638644626136587 -0.018930028162867974
0.2779666936971131 -0.017473192061434654
0.29229249349905695 -0.015758176259519575
0.3068274371534359 -0.013750454529752189
0.32155688920406433 -0.011448858770570263
0.33646601834128953 -0.008895142918281551
0.35153981233586296 -0.006137889433159831
0.36676309315498296 -0.0032298923041851257
0.38212053224528686 -0.00022771650458877244
0.3975966659674052 0.0028087849070199396
0.41317591116653546 0.0058196759864135705
0.42884258086335814 0.008759917163039666
0.44458090004949524 0.011590050029045552
0.46037502157160654 0.014270144643370097
0.4762090420881297 0.016760143974137436
0.4920670180825969 0.019020229493398932
0.5079329819174049 0.021012444392771994
0.5237909579118721 0.022724281947263354
0.5396249784283953 0.02416660926478116
0.5554190999505066 0.02535207005530305
0.5711574191366438 0.026294138726998057
0.5868240888334664 0.027006986965618734
0.6024033340325966 0.027505353978684404
0.6178794677547149 0.0278052410859683
0.6332369068450188 0.02792472119164642
0.6484601876641387 0.02788213968109118
0.6635339816587122 0.027695715429482622
0.6784431107959373 0.027383397475625015
0.6931725628465657 0.026962729553451296
0.7077075065009447 0.02645055635803731
0.7220333063028884 0.025860482216928972
0.7361355373863427 0.025203567018410988
0.7500000000000012 0.024490431376385156
0.7636127338052524 0.023731260792253277
0.7769600319330563 0.0229357550908757
0.7900284547856001 0.022113084860038625
0.8028048435688343 0.021271797531641375
0.8152763335422621 0.02041428433206223
0.8274303669726433 0.01953329348486192
0.8392547057785669 0.01862229810526965
0.8507374438531613 0.01767665376624103
0.8618670190525357 0.01669355134264824
0.872632224837878 0.015671951185516408
0.8830222215594895 0.014612499727937664
0.8930265473713942 0.013517429785366814
0.9026351287655296 0.012390549156190648
0.9118382907149167 0.011243567969340194
0.9206267664155909 0.010097636546656675
0.9289917066174888 0.008971488503798215
0.9369246885348927 0.007880568525845197
0.9444177243274618 0.006837292110996267
0.9514632691433107 0.005851321933375414
0.958054228716035 0.0049298563548379045
0.9641839665080364 0.004077925579384517
0.9698463103929542 0.003298690956334166
0.9750355588704727 0.002593742999297206
0.9797464868072487 0.00196339379630054
0.9839743506981782 0.0014069596407489161
0.9877148934427036 0.000923029911424479
0.9909643486313533 0.0005097184701655815
0.9937194443381971 0.0001648941255557242
0.9959774064153977 -0.00011361297314984751
0.9977359612865423 -0.00032783179892558714
0.9989933382359422 -0.00047950017596089895
0.9997482711915926 -0.0005699457810624195
1.0 -0.0006
