1.0 0.0009
0.9997482711915926 0.0009725123676419944
0.9989933382359422 0.001189526515622071
0.9977359612865423 0.0015494818225197376
0.9959774064153977 0.002049804637841443
0.9937194443381971 0.002686949035771461
0.9909643486313533 0.0034564532256006835
0.9877148934427036 0.004353010981672456
0.9839743506981782 0.005370557284502732
0.9797464868072487 0.006502367201557125
0.9750355588704727 0.007741166882626253
0.9698463103929542 0.00907925540236324
0.9641839665080364 0.01050863605276731
0.958054228716035 0.012021155572520502
0.9514632691433107 0.013608649699294125
0.9444177243274618 0.01526309334647107
0.9369246885348927 0.016976753638067662
0.9289917066174888 0.018742343985704953
0.9206267664155909 0.020553177359834394
0.9118382907149167 0.022403316894448355
0.9026351287655296 0.024287721970406663
0.8930265473713942 0.02620235291551097
0.8830222215594895 0.02814395775155938
0.872632224837878 0.030110249287630723
0.8618670190525357 0.03210018109915332
0.8507374438531613 0.03411404049295962
0.8392547057785669 0.036153526291153024
0.8274303669726433 0.038221812491923315
0.8152763335422621 0.04032359675207453
0.8028048435688343 0.04246513277571979
0.7900284547856001 0.04465325717215137
0.7769600319330563 0.04688770537201938
0.7636127338052524 0.049164118041786775
0.7500000000000012 0.05147783442661546
0.7361355373863427 0.05382393297976787
0.7220333063028884 0.05619724596872117
0.7077075065009447 0.05859237676088498
0.6931725628465657 0.06100362515382205
0.6784431107959373 0.06342223749428948
0.6635339816587122 0.0658357479134545
0.6484601876641387 0.06823094018893983
0.6332369068450188 0.07059410470857726
0.6178794677547149 0.07291113087486911
0.6024033340325966 0.07516760592722335
0.5868240888334664 0.0773497893792752
0.5711574191366438 0.07944990997272094
0.5554190999505066 0.0814629703179391
0.5396249784283953 0.08338431529089564
0.5237909579118721 0.08520964559903539
0.5079329819174049 0.08693503876570093
0.4920670180825969 0.08855674731403985
0.4762090420881297 0.09006569384210708
0.46037502157160654 0.09144715810850985
0.44458090004949524 0.09268675134720034
0.42884258086335814 0.09377085141460406
0.41317591116653546 0.0946867333117941
0.3975966659674052 0.09542270319182847
0.38212053224528686 0.09597485620299845
0.36676309315498296 0.09635832448339798
0.35153981233586296 0.09659137152617743
0.33646601834128953 0.09669205619096634
0.32155688920406433 0.0966780871542851
0.3068274371534359 0.09656668579385565
0.29229249349905695 0.09637348657966974
0.2779666936971131 0.09609178464334132
0.2638644626136587 0.09569501512243621
0.25000000000000006 0.09515903722382338
0.2363872661947488 0.09446326101021976
0.22303996806694482 0.09359076381777155
0.20997154521440087 0.0925283676546248
0.19719515643116664 0.09126661764337543
0.18472366645773874 0.08978564459988375
0.17256963302735745 0.08803995258646369
0.1607452942214339 0.08599050771106673
0.14926255614683936 0.08360950573890187
0.1381329809474649 0.08089751535973537
0.12736777516212267 0.07792265035166338
0.116977778440511 0.07476077789431798
0.10697345262860625 0.07147980684377724
0.09736487123447068 0.06813960032555436
0.0881617092850836 0.06475798197052943
0.0793732335844094 0.061291037190506416
0.07100829338251147 0.05770792558737294
0.06307531146510753 0.05402359423580468
0.05558227567253826 0.05028934656062553
0.04853673085668936 0.046555407715620244
0.041945771283965205 0.04282774973321094
0.03581603349196366 0.03903850091970016
0.030153689607045786 0.03515636688874477
0.02496444112952728 0.03119423529131916
0.020253513192751316 0.027199911537570894
0.016025649301821876 0.023247172395632912
0.012285106557296477 0.0194272612921153
0.009035651368646647 0.015840941627529203
0.006280555661802856 0.01259121568906679
0.00402259358460233 0.009776806887640418
0.0022640387134577056 0.007486492171348905
0.0010066617640577813 0.00579435968883182
0.0002517288084074587 0.004756054217218194
0.0 0.004406059661943855
0.0 0.0
0.0002517288084074587 -0.00022282357677685228
0.0010066617640577813 -0.0008575014277855468
0.0022640387134577056 -0.001806521983444775
0.00402259358460233 -0.0029202033724353427
0.006280555661802856 -0.004015765233926339
0.009035651368646647 -0.004903662632308504
0.012285106557296477 -0.005420820069207007
0.016025649301821876 -0.005470306703578067
0.020253513192751316 -0.005066901829598588
0.02496444112952728 -0.004387913400235024
0.030153689607045786 -0.003732338563138662
0.03581603349196366 -0.003166287592119409
0.041945771283965205 -0.002648775647004138
0.04853673085668936 -0.0021019188376963974
0.05558227567253826 -0.001419505566677146
0.06307531146510753 -0.0005823033291467239
0.07100829338251147 0.0003633574510853108
0.0793732335844094 0.0013509724802801477
0.0881617092850836 0.0023475146628722256
0.09736487123447068 0.0033697277132737455
0.10697345262860625 0.0044407016573216945
0.116977778440511 0.005563703665541683
0.12736777516212267 0.006727257432747369
0.1381329809474649 0.007917106972595771
0.14926255614683936 0.009116239925889369
0.1607452942214339 0.010306317946041494
0.17256963302735745 0.011474018046623815
0.18472366645773874 0.012607085093884956
0.19719515643116664 0.013692345350167542
0.20997154521440087 0.014716862771596869
0.22303996806694482 0.015676126988617856
0.2363872661947488 0.016570607118789674
0.25000000000000006 0.01740193096498828
0.2638644626136587 0.01817285913069082
0.2779666936971131 0.01888727079409555
0.29229249349905695 0.019550138015928867
0.3068274371534359 0.02016728646896095
0.32155688920406433 0.020740160688744267
0.33646601834128953 0.021264882889127628
0.35153981233586296 0.021737381148708754
0.36676309315498296 0.022153682695852838
0.38212053224528686 0.02250993759667423
0.3975966659674052 0.02280244277557078
0.41317591116653546 0.0230278347543789
0.42884258086335814 0.023184015367154972
0.44458090004949524 0.023269555098393263
0.46037502157160654 0.023283301625275924
0.4762090420881297 0.02322438534446911
0.4920670180825969 0.02309222466530831
0.5079329819174049 0.022886698665403802
0.5237909579118721 0.0226117292350731
0.5396249784283953 0.022275176503675723
0.5554190999505066 0.021885236381077974
0.5711574191366438 0.02145020833497152
0.5868240888334664 0.02097841875843258
0.6024033340325966 0.02047813983789949
0.6178794677547149 0.01995540015718119
0.6332369068450188 0.019410898284067658
0.6484601876641387 0.018844654949060746
0.6635339816587122 0.018256848074756513
0.6784431107959373 0.017647818446422596
0.6931725628465657 0.01701807416243111
0.7077075065009447 0.016368320567890296
0.7220333063028884 0.01569994101623941
0.7361355373863427 0.015014892798715535
0.7500000000000012 0.014315225560222241
0.7636127338052524 0.013603056311234913
0.7769600319330563 0.012880561594178521
0.7900284547856001 0.012149969429464003
0.8028048435688343 0.011413563637189886
0.8152763335422621 0.010675556678682138
0.8274303669726433 0.009943692784160367
0.8392547057785669 0.009225311787776122
0.8507374438531613 0.008526820414243038
0.8618670190525357 0.007853700828383166
0.872632224837878 0.0072105286435574815
0.8830222215594895 0.006600999888763731
0.8930265473713942 0.006027966352028688
0.9026351287655296 0.005493431057101933
0.9118382907149167 0.00499463399745757
0.9206267664155909 0.004522487132545784
0.9289917066174888 0.004069427732569119
0.9369246885348927 0.0036300668065979385
0.9444177243274618 0.003200981818320373
0.9514632691433107 0.0027804983733693595
0.958054228716035 0.002368464140215339
0.9641839665080364 0.0019660182888859143
0.9698463103929542 0.001575359719056691
0.9750355588704727 0.0011995173016956522
0.9797464868072487 0.0008421252771166183
0.9839743506981782 0.0005072068380132367
0.9877148934427036 0.00019896878012662584
0.9909643486313533 -7.839007272451425e-05
0.9937194443381971 -0.0003208541665388185
0.9959774064153977 -0.0005247479651626206
0.9977359612865423 -0.0006868721290654135
0.9989933382359422 -0.0008046173796877533
0.9997482711915926 -0.0008760545963712444
1.0 -0.0009
