1.0 0.009
0.9997482711915926 0.009051498567900508
0.9989933382359422 0.00920590350644943
0.9977359612865423 0.009462940811800383
0.9959774064153977 0.009822148142933291
0.9937194443381971 0.01028286641285073
0.9909643486313533 0.010844228201440684
0.9877148934427036 0.011505143172792425
0.9839743506981782 0.012264280728572724
0.9797464868072487 0.013120050175382389
0.9750355588704727 0.014070578727312322
0.9698463103929542 0.015113687704722975
0.9641839665080364 0.016246867326141553
0.958054228716035 0.01746725052169784
0.9514632691433107 0.018771586223342927
0.9444177243274618 0.020156212608894625
0.9369246885348927 0.021617030793464085
0.9289917066174888 0.023149479472820943
0.9206267664155909 0.02474851102858912
0.9118382907149167 0.026408569604726168
0.9026351287655296 0.028123571658472516
0.8930265473713942 0.029886911378458482
0.8830222215594895 0.031691654195776416
0.872632224837878 0.0335304902111905
0.8618670190525357 0.03539563278830363
0.8507374438531613 0.03727882106157495
0.8392547057785669 0.03917132774702123
0.8274303669726433 0.04106397130534764
0.8152763335422621 0.042947132650200955
0.8028048435688343 0.04481077655240657
0.7900284547856001 0.046645693653493324
0.7769600319330563 0.04845245013679384
0.7636127338052524 0.05023767151556016
0.7500000000000012 0.0520097925169074
0.7361355373863427 0.05377899659355633
0.7220333063028884 0.055557162917854265
0.7077075065009447 0.05735779397588139
0.6931725628465657 0.05919539278246795
0.6784431107959373 0.061071284860998595
0.6635339816587122 0.06297084165412964
0.6484601876641387 0.06487762259665834
0.6332369068450188 0.06677425796850577
0.6178794677547149 0.0686425788947969
0.6024033340325966 0.07046375789627266
0.5868240888334664 0.07222017899734134
0.5711574191366438 0.07390503885960154
0.5554190999505066 0.07551612461917483
0.5396249784283953 0.07705156871185494
0.5237909579118721 0.07850983775351372
0.5079329819174049 0.07988973036532386
0.4920670180825969 0.08119020456728801
0.4762090420881297 0.08240665963646825
0.46037502157160654 0.08353097054564489
0.44458090004949524 0.08455527467779918
0.42884258086335814 0.08547221209423055
0.41317591116653546 0.08627499386168308
0.3975966659674052 0.08695746820634963
0.38212053224528686 0.08751475666306543
0.36676309315498296 0.08794415367119165
0.35153981233586296 0.08824387600991357
0.33646601834128953 0.08841285468692862
0.32155688920406433 0.08845075525016005
0.3068274371534359 0.0883579930878697
0.29229249349905695 0.08813539127623193
0.2779666936971131 0.08777771776945154
0.2638644626136587 0.08727500664497642
0.25000000000000006 0.08661912082053522
0.2363872661947488 0.08580405657078194
0.22303996806694482 0.08482598198680237
0.20997154521440087 0.08368325398884109
0.19719515643116664 0.08237636231340693
0.18472366645773874 0.0808998316986035
0.17256963302735745 0.0792350836097446
0.1607452942214339 0.07736737601683441
0.14926255614683936 0.07528800371290201
0.1381329809474649 0.0730022882536886
0.12736777516212267 0.07054520121080364
0.116977778440511 0.06795539662539198
0.10697345262860625 0.06526910389619839
0.09736487123447068 0.06251981416020184
0.0881617092850836 0.05971240420967372
0.0793732335844094 0.05681220968465682
0.07100829338251147 0.05379741943066599
0.06307531146510753 0.050686680312432404
0.05558227567253826 0.047528416722837655
0.04853673085668936 0.04436862419272392
0.041945771283965205 0.041203386379461096
0.03581603349196366 0.03795415110397284
0.030153689607045786 0.034582174256142816
0.02496444112952728 0.031094633123548116
0.020253513192751316 0.027535110240352344
0.016025649301821876 0.02397440268147535
0.012285106557296477 0.02050178426113908
0.009035651368646647 0.017216840365327887
0.006280555661802856 0.014221986162325307
0.00402259358460233 0.011615768791792462
0.0022640387134577056 0.009487042939458441
0.0010066617640577813 0.007910097080089776
0.0002517288084074587 0.006940794743617725
0.0 0.0066137815634310475
0.0 0.0
0.0002517288084074587 -0.00033333623846703854
0.0010066617640577813 -0.0012866369937823273
0.0022640387134577056 -0.002725155469966417
0.00402259358460233 -0.004442163832687933
0.006280555661802856 -0.006185472123967664
0.009035651368646647 -0.007694044859022517
0.012285106557296477 -0.008744211843224554
0.016025649301821876 -0.009204835005418308
0.020253513192751316 -0.009100665009940515
0.02496444112952728 -0.008683001441629553
0.030153689607045786 -0.008371778141225044
0.03581603349196366 -0.00826533303278075
0.041945771283965205 -0.008316941624682689
0.04853673085668936 -0.0084310558862994
0.05558227567253826 -0.008473252261987156
0.06307531146510753 -0.008412015922199126
0.07100829338251147 -0.00829119159849008
0.0793732335844094 -0.008174041263217687
0.0881617092850836 -0.008091742500429978
0.09736487123447068 -0.008027772750322562
0.10697345262860625 -0.007959097247958685
0.116977778440511 -0.00787723307392627
0.12736777516212267 -0.007784200841029505
0.1381329809474649 -0.007682884785219953
0.14926255614683936 -0.007576958195854666
0.1607452942214339 -0.007470147266377555
0.17256963302735745 -0.007362980700464358
0.18472366645773874 -0.007254788971915226
0.19719515643116664 -0.007144733466473666
0.20997154521440087 -0.007031909160838576
0.22303996806694482 -0.006916106051968656
0.2363872661947488 -0.006797491556593918
0.25000000000000006 -0.006676248894541278
0.2638644626136587 -0.006552574437954453
0.2779666936971131 -0.006426677247490735
0.29229249349905695 -0.0062987784883675275
0.3068274371534359 -0.006169108396559996
0.32155688920406433 -0.006037843717503149
0.33646601834128953 -0.0059050951543626485
0.35153981233586296 -0.005770969042906105
0.36676309315498296 -0.00563557080324176
0.38212053224528686 -0.005499005061572349
0.3975966659674052 -0.005361375795105297
0.41317591116653546 -0.005222791074972259
0.42884258086335814 -0.0050833883771424235
0.44458090004949524 -0.004943317787119187
0.46037502157160654 -0.0048027304636370375
0.4762090420881297 -0.004661778368059165
0.4920670180825969 -0.004520614017935444
0.5079329819174049 -0.004379389900409179
0.5237909579118721 -0.00423825080325442
0.5396249784283953 -0.004097333645658156
0.5554190999505066 -0.0039567748091299095
0.5711574191366438 -0.003816710387187288
0.5868240888334664 -0.0036772760967916113
0.6024033340325966 -0.0035386071985863583
0.6178794677547149 -0.0034008423815636004
0.6332369068450188 -0.003264129498613924
0.6484601876641387 -0.0031286164865137124
0.6635339816587122 -0.0029944495237136807
0.6784431107959373 -0.0028617728066034904
0.6931725628465657 -0.002730728334564743
0.7077075065009447 -0.002601454724711763
0.7220333063028884 -0.002474069024619168
0.7361355373863427 -0.0023486702060402332
0.7500000000000012 -0.002225357267063485
0.7636127338052524 -0.0021042299518765554
0.7769600319330563 -0.001985388758213228
0.7900284547856001 -0.001868934913057335
0.8028048435688343 -0.0017549704897650048
0.8152763335422621 -0.0016436254611346954
0.8274303669726433 -0.0015350814245160761
0.8392547057785669 -0.0014295142691949949
0.8507374438531613 -0.0013270863142480673
0.8618670190525357 -0.001227946351820783
0.872632224837878 -0.0011322298015156102
0.8830222215594895 -0.00104005897008981
0.8930265473713942 -0.0009515434097220193
0.9026351287655296 -0.0008667798313752421
0.9118382907149167 -0.0007858067290532779
0.9206267664155909 -0.0007085855535399642
0.9289917066174888 -0.0006350922775641204
0.9369246885348927 -0.0005653250306427312
0.9444177243274618 -0.0004993016385626574
0.9514632691433107 -0.00043705703602244374
0.958054228716035 -0.00037864059056627055
0.9641839665080364 -0.00032411337620515563
0.9698463103929542 -0.00027354543497425853
0.9750355588704727 -0.00022701306412345744
0.9797464868072487 -0.00018459616568920601
0.9839743506981782 -0.00014637569386088934
0.9877148934427036 -0.00011243123384985554
0.9909643486313533 -8.283874391316003e-05
0.9937194443381971 -5.7668489799084826e-05
0.9959774064153977 -3.698319819340223e-05
0.9977359612865423 -2.083645278242387e-05
0.9989933382359422 -9.271353342366769e-06
0.9997482711915926 -2.3194548477611635e-06
1.0 0.0
