1.0 0.002
0.9997482711915926 0.0020473481331884378
0.9989933382359422 0.00218948054604523
0.9977359612865423 0.0024266572197123616
0.9959774064153977 0.0027592979780643686
0.9937194443381971 0.003187962448919877
0.9909643486313533 0.0037133223643752962
0.9877148934427036 0.004336126550547709
0.9839743506981782 0.005057159050927599
0.9797464868072487 0.005877190916909879
0.9750355588704727 0.006796926282974007
0.9698463103929542 0.007816943421548829
0.9641839665080364 0.008937631543020139
0.958054228716035 0.010159124168874703
0.9514632691433107 0.011481229959961307
0.9444177243274618 0.012903361926701468
0.9369246885348927 0.014424465983305212
0.9289917066174888 0.016042949833235037
0.9206267664155909 0.017756613188007534
0.9118382907149167 0.0195625803257191
0.9026351287655296 0.02145723598931892
0.8930265473713942 0.023436165607631315
0.8830222215594895 0.025494100794542805
0.872632224837878 0.027624871043822535
0.8618670190525357 0.029821362489038626
0.8507374438531613 0.03207548454036676
0.8392547057785669 0.03437814514325821
0.8274303669726433 0.03671923532852496
0.8152763335422621 0.03908762364008191
0.8028048435688343 0.04147116093611036
0.7900284547856001 0.043857276953557324
0.7769600319330563 0.046237268834253165
0.7636127338052524 0.04860454600517699
0.7500000000000012 0.05095262895297072
0.7361355373863427 0.05327515911039161
0.7220333063028884 0.05556592127533874
0.7077075065009447 0.057818865545712965
0.6931725628465657 0.06002801923194164
0.6784431107959373 0.06218460966216727
0.6635339816587122 0.0642765384992729
0.6484601876641387 0.06629134380086171
0.6332369068450188 0.06821643313992233
0.6178794677547149 0.07003916365388746
0.6024033340325966 0.07174692591380478
0.5868240888334664 0.07332903731086958
0.5711574191366438 0.07478674769748064
0.5554190999505066 0.07612662376572743
0.5396249784283953 0.07735600485099409
0.5237909579118721 0.07848290107705776
0.5079329819174049 0.07951589790826047
0.4920670180825969 0.08046365025824015
0.4762090420881297 0.08132584233066623
0.46037502157160654 0.08209318215477479
0.44458090004949524 0.08275643087357219
0.42884258086335814 0.083306897937118
0.41317591116653546 0.08373652613905376
0.3975966659674052 0.08403797901447602
0.38212053224528686 0.0842073682300427
0.36676309315498296 0.08424821084452755
0.35153981233586296 0.08416550041994361
0.33646601834128953 0.08396459982967898
0.32155688920406433 0.08365120759383063
0.3068274371534359 0.08323132380448757
0.29229249349905695 0.08271079273194257
0.2779666936971131 0.08208749961241023
0.2638644626136587 0.08135292460810013
0.25000000000000006 0.08050000000000002
0.2363872661947488 0.07952064274487795
0.22303996806694482 0.0783979981675157
0.20997154521440087 0.07711607006434483
0.19719515643116664 0.07566280293764928
0.18472366645773874 0.0740390401308934
0.17256963302735745 0.07226635484955786
0.1607452942214339 0.0703681302891941
0.14926255614683936 0.06836691598578824
0.1381329809474649 0.06626893660954465
0.12736777516212267 0.06403408419463069
0.116977778440511 0.06162436874688976
0.10697345262860625 0.059014772972366084
0.09736487123447068 0.05619319976000943
0.0881617092850836 0.053218165772594354
0.0793732335844094 0.050242636491631715
0.07100829338251147 0.04739151656131685
0.06307531146510753 0.044630974695811
0.05558227567253826 0.04181706778230809
0.04853673085668936 0.0388528565335125
0.041945771283965205 0.03572661174326607
0.03581603349196366 0.03252523990047115
0.030153689607045786 0.029334648663728664
0.02496444112952728 0.026228148721576507
0.020253513192751316 0.02326769681217822
0.016025649301821876 0.020505109948602156
0.012285106557296477 0.017983230780182328
0.009035651368646647 0.01573702520689509
0.006280555661802856 0.013794594756437153
0.00402259358460233 0.012178087816817403
0.0022640387134577056 0.010904495572991836
0.0010066617640577813 0.009986320404912808
0.0002517288084074587 0.009432106545380348
0.0 0.009246824947030507
0.0 0.0
0.0002517288084074587 -0.0003479424943479938
0.0010066617640577813 -0.0013415877309237894
0.0022640387134577056 -0.002835951713111269
0.00402259358460233 -0.004607861023267813
0.006280555661802856 -0.006383387835569654
0.009035651368646647 -0.007875732084290104
0.012285106557296477 -0.008833030570977146
0.016025649301821876 -0.009095433565066991
0.020253513192751316 -0.008660657152271057
0.02496444112952728 -0.00775709561635346
0.030153689607045786 -0.0067876485714652435
0.03581603349196366 -0.005838390720692702
0.041945771283965205 -0.004858740011520702
0.04853673085668936 -0.0037608613792312474
0.05558227567253826 -0.0024305383827214746
0.06307531146510753 -0.0008591969928039994
0.07100829338251147 0.0008796796854446366
0.0793732335844094 0.002682614024028668
0.0881617092850836 0.004514119448248683
0.09736487123447068 0.006437008233856652
0.10697345262860625 0.008527805795406901
0.116977778440511 0.010769151858928102
0.12736777516212267 0.013070382632767722
0.1381329809474649 0.015318180693973123
0.14926255614683936 0.017376199135301074
0.1607452942214339 0.019115437060546584
0.17256963302735745 0.020546567324264207
0.18472366645773874 0.02173910613616449
0.19719515643116664 0.022779852731229306
0.20997154521440087 0.023762968660543785
0.22303996806694482 0.024716122878192193
0.2363872661947488 0.02563132124979745
0.25000000000000006 0.0265
0.2638644626136587 0.02731195249794798
0.2779666936971131 0.028051096795211044
0.29229249349905695 0.028699053841649377
0.3068274371534359 0.029236872699937758
0.32155688920406433 0.02965472623172493
0.33646601834128953 0.02995384442836746
0.35153981233586296 0.030136928422728908
0.36676309315498296 0.03020759336724328
0.38212053224528686 0.030170324208623214
0.3975966659674052 0.03003042427935284
0.41317591116653546 0.029793732746048955
0.42884258086335814 0.02946532819121861
0.44458090004949524 0.0290502923111899
0.46037502157160654 0.028554211484695755
0.4762090420881297 0.02798312219670259
0.4920670180825969 0.027343452173914477
0.5079329819174049 0.026642117979715302
0.5237909579118721 0.025889952068926962
0.5396249784283953 0.02510160017536974
0.5554190999505066 0.024291889966042132
0.5711574191366438 0.02347553194810748
0.5868240888334664 0.022666981462175544
0.6024033340325966 0.021880287864104987
0.6178794677547149 0.021122333190922805
0.6332369068450188 0.0203829865399643
0.6484601876641387 0.019649975988546085
0.6635339816587122 0.01891169154623441
0.6784431107959373 0.018157293271429262
0.6931725628465657 0.017376810198197066
0.7077075065009447 0.016561861044367326
0.7220333063028884 0.015717333045360687
0.7361355373863427 0.014859077409846412
0.7500000000000012 0.014002181335363505
0.7636127338052524 0.01316044290548282
0.7769600319330563 0.012346300599501495
0.7900284547856001 0.011570778606475533
0.8028048435688343 0.01084341844936803
0.8152763335422621 0.010167609910447089
0.8274303669726433 0.009536502205066204
0.8392547057785669 0.008942802116833523
0.8507374438531613 0.008380113226527574
0.8618670190525357 0.00784293158341674
0.872632224837878 0.007326631737820485
0.8830222215594895 0.0068274436255821025
0.8930265473713942 0.006342420879472241
0.9026351287655296 0.005869401220107194
0.9118382907149167 0.005406959649047199
0.9206267664155909 0.0049543552287138045
0.9289917066174888 0.004511472287086357
0.9369246885348927 0.004078756929346314
0.9444177243274618 0.003657149773363132
0.9514632691433107 0.003248015850876997
0.958054228716035 0.0028530726312481253
0.9641839665080364 0.002474317129618988
0.9698463103929542 0.002113953056283637
0.9750355588704727 0.001774318949080352
0.9797464868072487 0.0014578182059184835
0.9839743506981782 0.0011668519004101965
0.9877148934427036 0.0009037552203837055
0.9909643486313533 0.0006707383172754087
0.9937194443381971 0.00046983229458295736
0.9959774064153977 0.0003028409963370949
0.9977359612865423 0.0001712991826124373
0.9989933382359422 7.643759920801689e-05
0.9997482711915926 1.9155363603235064e-05
1.0 0.0
