1.0 0.001
0.9997482711915926 0.0010693188153638876
0.9989933382359422 0.0012761034836940395
0.9977359612865423 0.0016168771425267583
0.9959774064153977 0.002085972770737235
0.9937194443381971 0.002675723115520843
0.9909643486313533 0.0033767232130913877
0.9877148934427036 0.004178162167626043
0.9839743506981782 0.005068219958985946
0.9797464868072487 0.006034524199208501
0.9750355588704727 0.007064660959511414
0.9698463103929542 0.008146733051874187
0.9641839665080364 0.009269958479904798
0.958054228716035 0.010425301179730027
0.9514632691433107 0.011606125659427199
0.9444177243274618 0.012808866720613038
0.9369246885348927 0.014033705112960796
0.9289917066174888 0.015285239735480316
0.9206267664155909 0.016573146860300418
0.9118382907149167 0.01791281681741803
0.9026351287655296 0.01932595864342884
0.8930265473713942 0.020838875344852213
0.8830222215594895 0.022458895852072863
0.872632224837878 0.02417790819700559
0.8618670190525357 0.025984824853646303
0.8507374438531613 0.027865628694749574
0.8392547057785669 0.02980325692090899
0.8274303669726433 0.03177751423579144
0.8152763335422621 0.03376501726878557
0.8028048435688343 0.035739171959466944
0.7900284547856001 0.037672856457964934
0.7769600319330563 0.03956117820739363
0.7636127338052524 0.041413577037690656
0.7500000000000012 0.04324197281646013
0.7361355373863427 0.045060604641814425
0.7220333063028884 0.046885958967947186
0.7077075065009447 0.04873667203373359
0.6931725628465657 0.050632757269747086
0.6784431107959373 0.05257307991782855
0.6635339816587122 0.054527593855448794
0.6484601876641387 0.05646236347403081
0.6332369068450188 0.05834149944133421
0.6178794677547149 0.06012744084049839
0.6024033340325966 0.06178126004811911
0.5868240888334664 0.06326836313771426
0.5711574191366438 0.06459517561359683
0.5554190999505066 0.06578847341206856
0.5396249784283953 0.06687652316303815
0.5237909579118721 0.06788868453132209
0.5079329819174049 0.06885510485890405
0.4920670180825969 0.06980563983034813
0.4762090420881297 0.0707462140409268
0.46037502157160654 0.07165450130417098
0.44458090004949524 0.07250688211427792
0.42884258086335814 0.07328030050426174
0.41317591116653546 0.07395248811965642
0.3975966659674052 0.07450218447135817
0.38212053224528686 0.0749160788108031
0.36676309315498296 0.07520255464240402
0.35153981233586296 0.07537411162356351
0.33646601834128953 0.07544316820395369
0.32155688920406433 0.07542196263380964
0.3068274371534359 0.07532245938276445
0.29229249349905695 0.07515537905542034
0.2779666936971131 0.07490672474509645
0.2638644626136587 0.0745377754817976
0.25000000000000006 0.07401289408009386
0.2363872661947488 0.07330123863787265
0.22303996806694482 0.07237693459919414
0.20997154521440087 0.07121919319078931
0.19719515643116664 0.06981243812321222
0.18472366645773874 0.06817637034893272
0.17256963302735745 0.06640721583115268
0.1607452942214339 0.06460164933566022
0.14926255614683936 0.062843071372084
0.1381329809474649 0.061159228565184055
0.12736777516212267 0.05940468987943351
0.116977778440511 0.057421572562312846
0.10697345262860625 0.055088676256471125
0.09736487123447068 0.05232031290906794
0.0881617092850836 0.049197584004170014
0.0793732335844094 0.046076669784884144
0.07100829338251147 0.04326091096151072
0.06307531146510753 0.04073810160080131
0.05558227567253826 0.038222982550752654
0.04853673085668936 0.035504028396864694
0.041945771283965205 0.03251646189931919
0.03581603349196366 0.029391633627797568
0.030153689607045786 0.02626076679212792
0.02496444112952728 0.023226159729944768
0.020253513192751316 0.020365239429989718
0.016025649301821876 0.017734495973992615
0.012285106557296477 0.015373238729971012
0.009035651368646647 0.013307118674170686
0.006280555661802856 0.011551365358437649
0.00402259358460233 0.010113691728473286
0.0022640387134577056 0.008996825184786759
0.0010066617640577813 0.008200628906014128
0.0002517288084074587 0.0077237834631626095
0.0 0.007565005079110511
0.0 0.0
0.0002517288084074587 -0.00041442412144686324
0.0010066617640577813 -0.0016083036284590035
0.0022640387134577056 -0.003438704435177198
0.00402259358460233 -0.0056848132288659994
0.006280555661802856 -0.008073803365225235
0.009035651368646647 -0.01031655110799665
0.012285106557296477 -0.012152712441581665
0.016025649301821876 -0.013404539601283653
0.020253513192751316 -0.014038691902409807
0.02496444112952728 -0.01423517872697194
0.030153689607045786 -0.014351664173127646
0.03581603349196366 -0.01447063937817808
0.041945771283965205 -0.014548633160404471
0.04853673085668936 -0.014521771081740383
0.05558227567253826 -0.014306908111620963
0.06307531146510753 -0.013837990331912577
0.07100829338251147 -0.013059725755445553
0.0793732335844094 -0.011915555380452565
0.0881617092850836 -0.010448426044312982
0.09736487123447068 -0.008840493422050125
0.10697345262860625 -0.007319696767795684
0.116977778440511 -0.0059611777134027984
0.12736777516212267 -0.004723052003761346
0.1381329809474649 -0.003545977826851947
0.14926255614683936 -0.002353628700686927
0.1607452942214339 -0.0010686522736812842
0.17256963302735745 0.00031617680271334815
0.18472366645773874 0.001781443022108334
0.19719515643116664 0.0033037626797104776
0.20997154521440087 0.004856578741067364
0.22303996806694482 0.006416058387389873
0.2363872661947488 0.007958643233976886
0.25000000000000006 0.009458353217504694
0.2638644626136587 0.01088686935247223
0.2779666936971131 0.012213661879815475
0.29229249349905695 0.013406146464644313
0.3068274371534359 0.014430841696977174
0.32155688920406433 0.01527761272208752
0.33646601834128953 0.015963469525256884
0.35153981233586296 0.016509132473516028
0.36676309315498296 0.016937656135427612
0.38212053224528686 0.017274216410922135
0.3975966659674052 0.017545875257215297
0.41317591116653546 0.017776716873288224
0.42884258086335814 0.017963728643821508
0.44458090004949524 0.01809329514288004
0.46037502157160654 0.018151662903521392
0.4762090420881297 0.01812508953489002
0.4920670180825969 0.01799997611858342
0.5079329819174049 0.017763820899352457
0.5237909579118721 0.017422050345871107
0.5396249784283953 0.016997263177288408
0.5554190999505066 0.016512867527625767
0.5711574191366438 0.015992173990023246
0.5868240888334664 0.015458170794142946
0.6024033340325966 0.014933284828264623
0.6178794677547149 0.014432807533174899
0.6332369068450188 0.01395596397753249
0.6484601876641387 0.013499666135781562
0.6635339816587122 0.013060921454169403
0.6784431107959373 0.012636861094256187
0.6931725628465657 0.01222476618828839
0.7077075065009447 0.011822077629588245
0.7220333063028884 0.011426169640589666
0.7361355373863427 0.011034426881338358
0.7500000000000012 0.010644506586916578
0.7636127338052524 0.010254363521242229
0.7769600319330563 0.009862262843243916
0.7900284547856001 0.009466789430700565
0.8028048435688343 0.009066848843977519
0.8152763335422621 0.008661000985641388
0.8274303669726433 0.008246909018856902
0.8392547057785669 0.007822710075831464
0.8507374438531613 0.007387185009832396
0.8618670190525357 0.006939740953675957
0.872632224837878 0.006480387509295247
0.8830222215594895 0.006009706949290143
0.8930265473713942 0.005528818866263802
0.9026351287655296 0.00503935730201325
0.9118382907149167 0.004544834735209357
0.9206267664155909 0.004051142707223913
0.9289917066174888 0.0035637574040652017
0.9369246885348927 0.0030874844685557967
0.9444177243274618 0.002626499589300612
0.9514632691433107 0.0021843925011811407
0.958054228716035 0.0017642135876315595
0.9641839665080364 0.0013685222668184996
0.9698463103929542 0.0009994363447916451
0.9750355588704727 0.0006586815286139966
0.9797464868072487 0.00034764031124850177
0.9839743506981782 6.739946731630642e-05
0.9877148934427036 -0.0001812045655892558
0.9909643486313533 -0.00039754310196847683
0.9937194443381971 -0.0005811560511008946
0.9959774064153977 -0.0007317167611452266
0.9977359612865423 -0.0008490013748854712
0.9989933382359422 -0.0009328631383647654
0.9997482711915926 -0.0009832120299748798
1.0 -0.001
