1.0 0.0
0.9997482711915926 5.2786799093732576e-05
0.9989933382359422 0.0002105809699769867
0.9977359612865423 0.0004717001992449431
0.9959774064153977 0.0008333949794329312
0.9937194443381971 0.0012919294179480358
0.9909643486313533 0.001842692950306088
0.9877148934427036 0.0024803415558321794
0.9839743506981782 0.003198966698163677
0.9797464868072487 0.003992289855281544
0.9750355588704727 0.00485388016807918
0.9698463103929542 0.00577739242613585
0.9641839665080364 0.006756822327636348
0.958054228716035 0.007786775700231706
0.9514632691433107 0.00886274815373467
0.9444177243274618 0.009981411456221959
0.9369246885348927 0.011140902784361788
0.9289917066174888 0.01234111289821422
0.9206267664155909 0.013583969231596715
0.9118382907149167 0.014873709872200472
0.9026351287655296 0.016217144431408773
0.8930265473713942 0.017623337719960063
0.8830222215594895 0.01909798371549144
0.872632224837878 0.020644374748217283
0.8618670190525357 0.02226649116485452
0.8507374438531613 0.023969075190638775
0.8392547057785669 0.02575765210108881
0.8274303669726433 0.02763854303358573
0.8152763335422621 0.02961886892146939
0.8028048435688343 0.0317065451157727
0.7900284547856001 0.033909374668836346
0.7769600319330563 0.03622746450635495
0.7636127338052524 0.03865585714251811
0.7500000000000012 0.04118846336245535
0.7361355373863427 0.04381811227103447
0.7220333063028884 0.046536574232606494
0.7077075065009447 0.049334594520468115
0.6931725628465657 0.052201932962539284
0.6784431107959373 0.05512725530117702
0.6635339816587122 0.058098138487615456
0.6484601876641387 0.06110133109893026
0.6332369068450188 0.06412285238068777
0.6178794677547149 0.06714808708920689
0.6024033340325966 0.07016188817905598
0.5868240888334664 0.07314866007882263
0.5711574191366438 0.07609228577446958
0.5554190999505066 0.07897635201814417
0.5396249784283953 0.08178437752186662
0.5237909579118721 0.08449994520796784
0.5079329819174049 0.08710683581499223
0.4920670180825969 0.08958917297668392
0.4762090420881297 0.09193192957424577
0.46037502157160654 0.09412115380541113
0.44458090004949524 0.09614363979417051
0.42884258086335814 0.0979870140017922
0.41317591116653546 0.09963984729810464
0.3975966659674052 0.10109176059059669
0.38212053224528686 0.10232938698782293
0.36676309315498296 0.10332682751128296
0.35153981233586296 0.10405749031521336
0.33646601834128953 0.10449741905170282
0.32155688920406433 0.10462552544289029
0.3068274371534359 0.10442379546488176
0.29229249349905695 0.10387825056870055
0.2779666936971131 0.10300471508970502
0.2638644626136587 0.10185186219108457
0.25000000000000006 0.10046814107711392
0.2363872661947488 0.0988994102096333
0.22303996806694482 0.09718870054817662
0.20997154521440087 0.09537601685009756
0.19719515643116664 0.09349815535433068
0.18472366645773874 0.09156440851739027
0.17256963302735745 0.08951639692620776
0.1607452942214339 0.08729471891065312
0.14926255614683936 0.08485258104246993
0.1381329809474649 0.08216180037129518
0.12736777516212267 0.07923277095409441
0.116977778440511 0.07608831206306305
0.10697345262860625 0.07275402316825522
0.09736487123447068 0.06925798654785431
0.0881617092850836 0.06563309375701215
0.0793732335844094 0.06191948757164957
0.07100829338251147 0.05815790831579101
0.06307531146510753 0.05441362436055784
0.05558227567253826 0.0507754525742246
0.04853673085668936 0.04731419933271872
0.041945771283965205 0.044029578602588486
0.03581603349196366 0.040788607252912175
0.030153689607045786 0.03749740739464772
0.02496444112952728 0.034122980557108135
0.020253513192751316 0.03068136441643473
0.016025649301821876 0.027226186645525535
0.012285106557296477 0.023837776486241757
0.009035651368646647 0.02061298492309354
0.006280555661802856 0.017655853028666044
0.00402259358460233 0.015069255277968463
0.0022640387134577056 0.012947630528935387
0.0010066617640577813 0.01137089808947976
0.0002517288084074587 0.010399639999098785
0.0 0.01007161351608993
0.0 0.0
0.0002517288084074587 -0.0004803046302474659
0.0010066617640577813 -0.001862624585138981
0.0022640387134577056 -0.003977197350309503
0.00402259358460233 -0.006561067793221217
0.006280555661802856 -0.00928777589058727
0.009035651368646647 -0.01180835090643457
0.012285106557296477 -0.013803050534778755
0.016025649301821876 -0.015043133239536004
0.020253513192751316 -0.015461809216081982
0.02496444112952728 -0.01523338157678572
0.030153689607045786 -0.014743990907761358
0.03581603349196366 -0.014109645916347892
0.041945771283965205 -0.013337174956611667
0.04853673085668936 -0.012447587268056285
0.05558227567253826 -0.011479756985185142
0.06307531146510753 -0.010500447333109002
0.07100829338251147 -0.00960656568303347
0.0793732335844094 -0.00891947356694173
0.0881617092850836 -0.008440081471719775
0.09736487123447068 -0.00799545074642338
0.10697345262860625 -0.007367281898560254
0.116977778440511 -0.006488906226549761
0.12736777516212267 -0.0054102276429748315
0.1381329809474649 -0.004199960056104249
0.14926255614683936 -0.0029452297549841643
0.1607452942214339 -0.0017368129422757701
0.17256963302735745 -0.0006027787068858768
0.18472366645773874 0.00045097358268705336
0.19719515643116664 0.0014195023609642377
0.20997154521440087 0.0022991975759919163
0.22303996806694482 0.003090228445455116
0.2363872661947488 0.003795549758831975
0.25000000000000006 0.00441976841213769
0.2638644626136587 0.004969123881572853
0.2779666936971131 0.00545145883139221
0.29229249349905695 0.005876172864457533
0.3068274371534359 0.006253815327519825
0.32155688920406433 0.006587176100990973
0.33646601834128953 0.006869688658780095
0.35153981233586296 0.007094168589536949
0.36676309315498296 0.00725332327806094
0.38212053224528686 0.007339804935622544
0.3975966659674052 0.007346266395176838
0.41317591116653546 0.007267164850559104
0.42884258086335814 0.0071081586780560365
0.44458090004949524 0.006879740700703451
0.46037502157160654 0.0065930012780936265
0.4762090420881297 0.006259508816525961
0.4920670180825969 0.005891195222680749
0.5079329819174049 0.0055001140037553315
0.5237909579118721 0.005095662770709335
0.5396249784283953 0.004684532990670987
0.5554190999505066 0.004273273130815726
0.5711574191366438 0.003868343195486125
0.5868240888334664 0.0034760542177428243
0.6024033340325966 0.0031025023025499946
0.6178794677547149 0.0027507628179879767
0.6332369068450188 0.002416868879336939
0.6484601876641387 0.002095929367759956
0.6635339816587122 0.0017832673105284476
0.6784431107959373 0.0014744625754436651
0.6931725628465657 0.00116539119974077
0.7077075065009447 0.0008527572787754543
0.7220333063028884 0.0005431779805085457
0.7361355373863427 0.0002513288132817912
0.7500000000000012 -9.201607316758968e-06
0.7636127338052524 -0.00022633258044219733
0.7769600319330563 -0.0003895559361958052
0.7900284547856001 -0.0004899831852355175
0.8028048435688343 -0.0005204300681546399
0.8152763335422621 -0.0004841200283626232
0.8274303669726433 -0.0004023528385949157
0.8392547057785669 -0.00029613673851052987
0.8507374438531613 -0.00018367740326978409
0.8618670190525357 -8.040343845793154e-05
0.872632224837878 9.790710832240562e-07
0.8830222215594895 5.040448882789189e-05
0.8930265473713942 6.033981384832125e-05
0.9026351287655296 2.5741090856336258e-05
0.9118382907149167 -4.856521711622602e-05
0.9206267664155909 -0.00014486521635417583
0.9289917066174888 -0.0002476641974239176
0.9369246885348927 -0.0003450234975089053
0.9444177243274618 -0.0004282444256155648
0.9514632691433107 -0.00049153419206098
0.958054228716035 -0.0005316589774226339
0.9641839665080364 -0.0005475893136044126
0.9698463103929542 -0.0005401429316996923
0.9750355588704727 -0.0005116301584527719
0.9797464868072487 -0.0004655068164057578
0.9839743506981782 -0.0004060394038602727
0.9877148934427036 -0.00033798710167623296
0.9909643486313533 -0.000266304877249926
0.9937194443381971 -0.00019587163479387084
0.9959774064153977 -0.000131246998742248
0.9977359612865423 -7.645991758194338e-05
0.9989933382359422 -3.4831842871470155e-05
0.9997482711915926 -8.836777184452898e-06
1.0 0.0
