1.0 0.0026
0.9997482711915926 0.002647517282530717
0.9989933382359422 0.002790337007882634
0.9977359612865423 0.003029247701365867
0.9959774064153977 0.003365513409758836
0.9937194443381971 0.003800799148540845
0.9909643486313533 0.004337067901348243
0.9877148934427036 0.004976450527905629
0.9839743506981782 0.005721090299968731
0.9797464868072487 0.006572964130258282
0.9750355588704727 0.007533682883351905
0.9698463103929542 0.008604273456622437
0.9641839665080364 0.00978494559039978
0.958054228716035 0.011074846606684619
0.9514632691433107 0.01247180748235505
0.9444177243274618 0.013972083833596721
0.9369246885348927 0.015570095521318932
0.9289917066174888 0.017258168681016796
0.9206267664155909 0.019026284033712093
0.9118382907149167 0.02086183534644972
0.9026351287655296 0.022749401880938346
0.8930265473713942 0.024671518613786535
0.8830222215594895 0.02661824888825124
0.872632224837878 0.028585509441498905
0.8618670190525357 0.03057020781015195
0.8507374438531613 0.03257025547471294
0.8392547057785669 0.034584636847412094
0.8274303669726433 0.036613467523215655
0.8152763335422621 0.03865804095022963
0.8028048435688343 0.040720862782224226
0.7900284547856001 0.04280470201964112
0.7769600319330563 0.04490497218107658
0.7636127338052524 0.047012688609180876
0.7500000000000012 0.049118279719189625
0.7361355373863427 0.05121165035727867
0.7220333063028884 0.05328222207377471
0.7077075065009447 0.05531897988715775
0.6931725628465657 0.0573107847821918
0.6784431107959373 0.05925418224922171
0.6635339816587122 0.061155460613409825
0.6484601876641387 0.0630224559425324
0.6332369068450188 0.0648639778858135
0.6178794677547149 0.06668971613857817
0.6024033340325966 0.0685101372129072
0.5868240888334664 0.07033235314293937
0.5711574191366438 0.0721356920875441
0.5554190999505066 0.07388691384187966
0.5396249784283953 0.07555211733151643
0.5237909579118721 0.07709709649026418
0.5079329819174049 0.07848766000941436
0.4920670180825969 0.07969103103278546
0.4762090420881297 0.08070362337137914
0.46037502157160654 0.0815533526439324
0.44458090004949524 0.08227004989548553
0.42884258086335814 0.08288362408721676
0.41317591116653546 0.08342376395244973
0.3975966659674052 0.0839196262296396
0.38212053224528686 0.08438475477268927
0.36676309315498296 0.08479161191513204
0.35153981233586296 0.08510724723650805
0.33646601834128953 0.08530082977630635
0.32155688920406433 0.08534392654513519
0.3068274371534359 0.08521075522737906
0.29229249349905695 0.08487924944143968
0.2779666936971131 0.08434946536967806
0.2638644626136587 0.08364166701248382
0.25000000000000006 0.08277652949139702
0.2363872661947488 0.08177414328206678
0.22303996806694482 0.08065391278884615
0.20997154521440087 0.07943446654211912
0.19719515643116664 0.07813350706229566
0.18472366645773874 0.07674986819209749
0.17256963302735745 0.07524392246311921
0.1607452942214339 0.07357851762353808
0.14926255614683936 0.07172523761922892
0.1381329809474649 0.06967432809386188
0.12736777516212267 0.06745776098266533
0.116977778440511 0.06511416185453457
0.10697345262860625 0.06267940242712271
0.09736487123447068 0.06018629362478161
0.0881617092850836 0.057625287697741855
0.0793732335844094 0.05492069974774197
0.07100829338251147 0.05201597217883249
0.06307531146510753 0.0488831723024283
0.05558227567253826 0.045519713374409985
0.04853673085668936 0.041943297864697714
0.041945771283965205 0.038199413408181136
0.03581603349196366 0.03436618326973384
0.030153689607045786 0.030522632300621536
0.02496444112952728 0.02674364538739895
0.020253513192751316 0.02309945337281369
0.016025649301821876 0.019655150317162966
0.012285106557296477 0.016470245554308448
0.009035651368646647 0.013598253756342658
0.006280555661802856 0.01108632595525195
0.00402259358460233 0.008974924180893904
0.0022640387134577056 0.007297542064462604
0.0010066617640577813 0.006080473427788532
0.0002517288084074587 0.005342630533915634
0.0 0.005095413316136933
0.0 0.0
0.0002517288084074587 -0.0003344871932777825
0.0010066617640577813 -0.001288705410871875
0.0022640387134577056 -0.0027205942454908336
0.00402259358460233 -0.004412207831007815
0.006280555661802856 -0.0060976767909394864
0.009035651368646647 -0.007501817339324544
0.012285106557296477 -0.008388856678126723
0.016025649301821876 -0.008620601762112661
0.020253513192751316 -0.00822324350178036
0.02496444112952728 -0.007461861979237956
0.030153689607045786 -0.006782856513195463
0.03581603349196366 -0.006296058095642935
0.041945771283965205 -0.005956649018228892
0.04853673085668936 -0.005669443491144685
0.05558227567253826 -0.005299493794359906
0.06307531146510753 -0.004823911934696601
0.07100829338251147 -0.004303772019947248
0.0793732335844094 -0.003823031512871155
0.0881617092850836 -0.003412112559924453
0.09736487123447068 -0.003023717150211445
0.10697345262860625 -0.0025961982589805793
0.116977778440511 -0.0021135609566879467
0.12736777516212267 -0.001593843333368235
0.1381329809474649 -0.0010605270860273455
0.14926255614683936 -0.0005424351910272339
0.1607452942214339 -6.703897971694909e-05
0.17256963302735745 0.00036877531299204743
0.18472366645773874 0.0007808209241173651
0.19719515643116664 0.0011884090578056635
0.20997154521440087 0.001612039799802191
0.22303996806694482 0.0020563460585244337
0.2363872661947488 0.002517230677329007
0.25000000000000006 0.0029899557822945823
0.2638644626136587 0.0034692104078816
0.2779666936971131 0.003949133475756213
0.29229249349905695 0.004423343191350625
0.3068274371534359 0.00488499714721669
0.32155688920406433 0.005327474010692943
0.33646601834128953 0.005744537680953447
0.35153981233586296 0.006129743339157486
0.36676309315498296 0.006476448662753735
0.38212053224528686 0.006777862809090127
0.3975966659674052 0.007027098509317884
0.41317591116653546 0.007218948761123723
0.42884258086335814 0.007359307538819695
0.44458090004949524 0.007458854042255407
0.46037502157160654 0.0075287588697472325
0.4762090420881297 0.007580561549904256
0.4920670180825969 0.007626054306165857
0.5079329819174049 0.007676573578198836
0.5237909579118721 0.007730120963785991
0.5396249784283953 0.007771491846492958
0.5554190999505066 0.007785104855469229
0.5711574191366438 0.007755725743396064
0.5868240888334664 0.007668620044545453
0.6024033340325966 0.007509718293332214
0.6178794677547149 0.007272522322020774
0.6332369068450188 0.006968032837475496
0.6484601876641387 0.006609674313601165
0.6635339816587122 0.00621048334704502
0.6784431107959373 0.005783002504354439
0.6931725628465657 0.005339181617340745
0.7077075065009447 0.004890192447698493
0.7220333063028884 0.004444622073003933
0.7361355373863427 0.004008762514456246
0.7500000000000012 0.003588293137544248
0.7636127338052524 0.0031883125328433038
0.7769600319330563 0.0028133126791904796
0.7900284547856001 0.002467159832288976
0.8028048435688343 0.0021530582827369274
0.8152763335422621 0.0018698339137028996
0.8274303669726433 0.0016086914955403396
0.8392547057785669 0.0013610265456752509
0.8507374438531613 0.0011194849190475668
0.8618670190525357 0.0008779488296128374
0.872632224837878 0.0006315099178091355
0.8830222215594895 0.0003764300560119352
0.8930265473713942 0.0001100906967328708
0.9026351287655296 -0.00016902082900977143
0.9118382907149167 -0.00045731282867923464
0.9206267664155909 -0.0007444460502503338
0.9289917066174888 -0.0010214771939380204
0.9369246885348927 -0.0012815642018191176
0.9444177243274618 -0.0015197777070108012
0.9514632691433107 -0.0017329019146964375
0.958054228716035 -0.0019192279556686546
0.9641839665080364 -0.0020783427748626406
0.9698463103929542 -0.0022109166063819046
0.9750355588704727 -0.002318492043095419
0.9797464868072487 -0.0024032776336436103
0.9839743506981782 -0.002467948833572032
0.9877148934427036 -0.002515459001554374
0.9909643486313533 -0.0025488629677938718
0.9937194443381971 -0.0025711555114974606
0.9959774064153977 -0.0025851268698455026
0.9977359612865423 -0.0025932371644098486
0.9989933382359422 -0.0025975113749927524
0.9997482711915926 -0.002599456218044051
1.0 -0.0026
