1.0 0.0008
0.9997482711915926 0.0008498070863105602
0.9989933382359422 0.0009993203480190482
0.9977359612865423 0.0012488048597487284
0.9959774064153977 0.0015986661145054228
0.9937194443381971 0.00204939609188658
0.9909643486313533 0.00260149877855824
0.9877148934427036 0.0032553961531276068
0.9839743506981782 0.004011315918490348
0.9797464868072487 0.004869162522252913
0.9750355588704727 0.005828373247203324
0.9698463103929542 0.006887761376461673
0.9641839665080364 0.008045348639503756
0.958054228716035 0.009298189323532893
0.9514632691433107 0.010642188587722305
0.9444177243274618 0.012071917643947128
0.9369246885348927 0.013580428565320445
0.9289917066174888 0.01515907155195994
0.9206267664155909 0.016797317521051423
0.9118382907149167 0.018482588894845282
0.9026351287655296 0.020200101435424788
0.8930265473713942 0.02193369014122277
0.8830222215594895 0.0236751949125059
0.872632224837878 0.025422806631256175
0.8618670190525357 0.027176418849628507
0.8507374438531613 0.028937681160071983
0.8392547057785669 0.030710096892394696
0.8274303669726433 0.03249910248140611
0.8152763335422621 0.03431212714829638
0.8028048435688343 0.03615863171991923
0.7900284547856001 0.038048723118589325
0.7769600319330563 0.03998231388340008
0.7636127338052524 0.04195339080845411
0.7500000000000012 0.04395534695335692
0.7361355373863427 0.045981041518264536
0.7220333063028884 0.04802282595917623
0.7077075065009447 0.05007257598564646
0.6931725628465657 0.05212167319954472
0.6784431107959373 0.05415941594675193
0.6635339816587122 0.05617267230497668
0.6484601876641387 0.058147656603748835
0.6332369068450188 0.06007012072167456
0.6178794677547149 0.06192545249127871
0.6024033340325966 0.06369878062330549
0.5868240888334664 0.06537590400664814
0.5711574191366438 0.06694825444541277
0.5554190999505066 0.06840990841253489
0.5396249784283953 0.06975533865578984
0.5237909579118721 0.07097944077196228
0.5079329819174049 0.07207756632388593
0.4920670180825969 0.0730456641761224
0.4762090420881297 0.07388301155466674
0.46037502157160654 0.07459238343696137
0.44458090004949524 0.07517717927860784
0.42884258086335814 0.07564124225481474
0.41317591116653546 0.07598882124009695
0.3975966659674052 0.07622453095806754
0.38212053224528686 0.07635279469195042
0.36676309315498296 0.07637695155935709
0.35153981233586296 0.07630045282588648
0.33646601834128953 0.07612708307080324
0.32155688920406433 0.07586093799292447
0.3068274371534359 0.07550640143781653
0.29229249349905695 0.07506782110313966
0.2779666936971131 0.07454322894686578
0.2638644626136587 0.07392516964456325
0.25000000000000006 0.07320739911848084
0.2363872661947488 0.07238521694709704
0.22303996806694482 0.07145549706208401
0.20997154521440087 0.07041670269019436
0.19719515643116664 0.06926891497448635
0.18472366645773874 0.06802029156609683
0.17256963302735745 0.06669376487326291
0.1607452942214339 0.06531245023892063
0.14926255614683936 0.06389742085303958
0.1381329809474649 0.06244868063574005
0.12736777516212267 0.06090304187140517
0.116977778440511 0.059198035365604335
0.10697345262860625 0.05728791970382055
0.09736487123447068 0.05514289211938333
0.0881617092850836 0.052758949910007284
0.0793732335844094 0.05016287314604052
0.07100829338251147 0.04738995169370596
0.06307531146510753 0.04453334844368799
0.05558227567253826 0.04172781300231426
0.04853673085668936 0.039076984153862085
0.041945771283965205 0.03656274843703823
0.03581603349196366 0.033985740985471885
0.030153689607045786 0.03121065748588957
0.02496444112952728 0.028186525134960793
0.020253513192751316 0.024930392216985425
0.016025649301821876 0.02151156378425705
0.012285106557296477 0.01803660481968471
0.009035651368646647 0.014635318862179817
0.006280555661802856 0.011447894487742118
0.00402259358460233 0.008613394432938801
0.0022640387134577056 0.0062597427118101625
0.0010066617640577813 0.004495344018962275
0.0002517288084074587 0.003402447253119132
0.0 0.003032341372505855
0.0 0.0
0.0002517288084074587 -0.00021634373679143887
0.0010066617640577813 -0.000835391132234641
0.0022640387134577056 -0.0017705628634106846
0.00402259358460233 -0.002888754433220166
0.006280555661802856 -0.004026967102969387
0.009035651368646647 -0.005015271671462424
0.012285106557296477 -0.0057057895975194985
0.016025649301821876 -0.006007291523460394
0.020253513192751316 -0.005924933020429711
0.02496444112952728 -0.005604572193350406
0.030153689607045786 -0.005297765572302151
0.03581603349196366 -0.005052795200409494
0.041945771283965205 -0.004823682156729527
0.04853673085668936 -0.004531823344317402
0.05558227567253826 -0.004074719270515968
0.06307531146510753 -0.0034363199468518055
0.07100829338251147 -0.002667557547830655
0.0793732335844094 -0.0018438995422499548
0.0881617092850836 -0.0010201239095751495
0.09736487123447068 -0.00021698977616060183
0.10697345262860625 0.0005447503505099124
0.116977778440511 0.0012597065749525422
0.12736777516212267 0.0019345567472148107
0.1381329809474649 0.002579854977112383
0.14926255614683936 0.003210145669176799
0.1607452942214339 0.003840034702427527
0.17256963302735745 0.004466925529740227
0.18472366645773874 0.005081703179860045
0.19719515643116664 0.005674196194991742
0.20997154521440087 0.00623407539725795
0.22303996806694482 0.006757329264081287
0.2363872661947488 0.007243557467570329
0.25000000000000006 0.007692929178720193
0.2638644626136587 0.008106165536529108
0.2779666936971131 0.008484535614304208
0.29229249349905695 0.008829846938060378
0.3068274371534359 0.009144447517354975
0.32155688920406433 0.009431646938322219
0.33646601834128953 0.009695770579285981
0.35153981233586296 0.009941683940339369
0.36676309315498296 0.01017472550885582
0.38212053224528686 0.010400657957205923
0.3975966659674052 0.010625614557912883
0.41317591116653546 0.010854361532331111
0.42884258086335814 0.01108112346401293
0.44458090004949524 0.011295732171937073
0.46037502157160654 0.011487790435104185
0.4762090420881297 0.011646780566474908
0.4920670180825969 0.011762165819386116
0.5079329819174049 0.011823805426076908
0.5237909579118721 0.011828793071404596
0.5396249784283953 0.011781416590245022
0.5554190999505066 0.011686432761504134
0.5711574191366438 0.011548723267887027
0.5868240888334664 0.011373249117278564
0.6024033340325966 0.011165005994337208
0.6178794677547149 0.01092915627943189
0.6332369068450188 0.010671239634531395
0.6484601876641387 0.010396736675638042
0.6635339816587122 0.010110953810291779
0.6784431107959373 0.009818980601901265
0.6931725628465657 0.009525650217592349
0.7077075065009447 0.009235300200999882
0.7220333063028884 0.008948058912785382
0.7361355373863427 0.008660595064179946
0.7500000000000012 0.00836981002854448
0.7636127338052524 0.008072994931231954
0.7769600319330563 0.00776784672741793
0.7900284547856001 0.007452479734499099
0.8028048435688343 0.00712543391485036
0.8152763335422621 0.006785878620463968
0.8274303669726433 0.006433783830487301
0.8392547057785669 0.006069492391019049
0.8507374438531613 0.005693653206116876
0.8618670190525357 0.0053072080882905414
0.872632224837878 0.004911375716434009
0.8830222215594895 0.004507632894273851
0.8930265473713942 0.004097693327092485
0.9026351287655296 0.0036835036896361354
0.9118382907149167 0.003268860603164504
0.9206267664155909 0.00286006298975887
0.9289917066174888 0.0024626474696686166
0.9369246885348927 0.0020811154451378876
0.9444177243274618 0.001719017622639064
0.9514632691433107 0.0013790437362920206
0.958054228716035 0.001063116046046618
0.9641839665080364 0.0007724851730446138
0.9698463103929542 0.0005078268389316052
0.9750355588704727 0.00026933809560994806
0.9797464868072487 5.6831666711704425e-05
0.9839743506981782 -0.00013017292851674696
0.9877148934427036 -0.00029236273477514996
0.9909643486313533 -0.0004305503928005425
0.9937194443381971 -0.0005455999438333738
0.9959774064153977 -0.0006383604055583978
0.9977359612865423 -0.0007096080074523398
0.9989933382359422 -0.0007599978530569157
0.9997482711915926 -0.000790025648304699
1.0 -0.0008
