1.0 0.00295
0.9997482711915926 0.003002469741890913
0.9989933382359422 0.0031603716899964505
0.9977359612865423 0.00342516679553694
0.9959774064153977 0.0037992328064712813
0.9937194443381971 0.004285779265821379
0.9909643486313533 0.004888730010267381
0.9877148934427036 0.005612574651521177
0.9839743506981782 0.006462190920422352
0.9797464868072487 0.007442640131877705
0.9750355588704727 0.008558938383781134
0.9698463103929542 0.00981580643121985
0.9641839665080364 0.0112174014751737
0.958054228716035 0.012767034369405584
0.9514632691433107 0.014466875977508252
0.9444177243274618 0.016317656601641188
0.9369246885348927 0.018318362553262624
0.9289917066174888 0.02046593404242222
0.9206267664155909 0.022754968624630185
0.9118382907149167 0.02517743446207687
0.9026351287655296 0.027722397628588285
0.8930265473713942 0.03037614337967518
0.8830222215594895 0.03312850207385682
0.872632224837878 0.035973540244220656
0.8618670190525357 0.03890498495940157
0.8507374438531613 0.04191605870488515
0.8392547057785669 0.0449994761926682
0.8274303669726433 0.04814744541928503
0.8152763335422621 0.05135167320836656
0.8028048435688343 0.054603375433212045
0.7900284547856001 0.05789341628788144
0.7769600319330563 0.06121455320652859
0.7636127338052524 0.06456153346859707
0.7500000000000012 0.06792935353113315
0.7361355373863427 0.0713132086000308
0.7220333063028884 0.07470850360857789
0.7077075065009447 0.07811086217908021
0.6931725628465657 0.08151613105712958
0.6784431107959373 0.08491972017831077
0.6635339816587122 0.08831563682245597
0.6484601876641387 0.09169773805552142
0.6332369068450188 0.09505996405565648
0.6178794677547149 0.09839635839195739
0.6024033340325966 0.10170108831331506
0.5868240888334664 0.10496834925834733
0.5711574191366438 0.10818988920491034
0.5554190999505066 0.11135497748908395
0.5396249784283953 0.1144528627799068
0.5237909579118721 0.11747295279364352
0.5079329819174049 0.12040488796584876
0.4920670180825969 0.12323860786302433
0.4762090420881297 0.12595578923655232
0.46037502157160654 0.1285132796810157
0.44458090004949524 0.1308643139543517
0.42884258086335814 0.1329636180605543
0.41317591116653546 0.1347678473804865
0.3975966659674052 0.13623600898244662
0.38212053224528686 0.13733369196210704
0.36676309315498296 0.13806790684648895
0.35153981233586296 0.1384691326806811
0.33646601834128953 0.13856818742415836
0.32155688920406433 0.13839570145937685
0.3068274371534359 0.13798188886216356
0.29229249349905695 0.13735633130682662
0.2779666936971131 0.1365391445870437
0.2638644626136587 0.13552091502740948
0.25000000000000006 0.13428854564884296
0.2363872661947488 0.13283215730223216
0.22303996806694482 0.13114515196053678
0.20997154521440087 0.12922424326712564
0.19719515643116664 0.12706945429092825
0.18472366645773874 0.12467882374775598
0.17256963302735745 0.12200386295579392
0.1607452942214339 0.11898004810895889
0.14926255614683936 0.11555877860510146
0.1381329809474649 0.11171232397547368
0.12736777516212267 0.10751500183762779
0.116977778440511 0.10311065251625685
0.10697345262860625 0.09862600642904683
0.09736487123447068 0.09416846263806361
0.0881617092850836 0.08981049712912052
0.0793732335844094 0.08548744823501589
0.07100829338251147 0.08110088293294254
0.06307531146510753 0.07659070970013312
0.05558227567253826 0.07193878535162075
0.04853673085668936 0.06715386625394257
0.041945771283965205 0.06226333852181428
0.03581603349196366 0.05729926733526834
0.030153689607045786 0.05230660583149537
0.02496444112952728 0.04734790981698587
0.020253513192751316 0.04249868019043124
0.016025649301821876 0.037842782790634945
0.012285106557296477 0.03346810261275437
0.009035651368646647 0.029462489638756785
0.006280555661802856 0.02591004921260586
0.00402259358460233 0.02288782502756894
0.0022640387134577056 0.020462917433571894
0.0010066617640577813 0.018690073972885152
0.0002517288084074587 0.017609782872975228
0.0 0.017246893730079243
0.0 0.0
0.0002517288084074587 -0.0006883945890713928
0.0010066617640577813 -0.002686425476642381
0.0022640387134577056 -0.005799383734293543
0.00402259358460233 -0.009725161722981577
0.006280555661802856 -0.014087543639480454
0.009035651368646647 -0.018482175098806203
0.012285106557296477 -0.022534582585125328
0.016025649301821876 -0.025969445205145377
0.020253513192751316 -0.028690161151786492
0.02496444112952728 -0.030867601327081103
0.030153689607045786 -0.032983210248850696
0.03581603349196366 -0.03526058945419961
0.041945771283965205 -0.037592406794803114
0.04853673085668936 -0.03981438393702107
0.05558227567253826 -0.041707789484136226
0.06307531146510753 -0.04314139560471555
0.07100829338251147 -0.044139884400474484
0.0793732335844094 -0.044778600558392
0.0881617092850836 -0.04515068720538889
0.09736487123447068 -0.04532648011902075
0.10697345262860625 -0.045396476008703335
0.116977778440511 -0.045416286953597014
0.12736777516212267 -0.04538516830251969
0.1381329809474649 -0.045299947187758385
0.14926255614683936 -0.04515801480634175
0.1607452942214339 -0.044957062577350465
0.17256963302735745 -0.044692364271286894
0.18472366645773874 -0.04435760206104217
0.19719515643116664 -0.04394629495683733
0.20997154521440087 -0.04345235967652199
0.22303996806694482 -0.04287768546599781
0.2363872661947488 -0.04223153651724758
0.25000000000000006 -0.0415251938226449
0.2638644626136587 -0.04077177278026711
0.2779666936971131 -0.039986165612744075
0.29229249349905695 -0.03918496388890683
0.3068274371534359 -0.03838622073513058
0.32155688920406433 -0.03760076466804713
0.33646601834128953 -0.03682633243757011
0.35153981233586296 -0.036059099482601435
0.36676309315498296 -0.035294841955815705
0.38212053224528686 -0.03452897948814702
0.3975966659674052 -0.03375662210770506
0.41317591116653546 -0.032973123199456784
0.42884258086335814 -0.032178287942977744
0.44458090004949524 -0.03137442919447786
0.46037502157160654 -0.030563953128997713
0.4762090420881297 -0.029749319062462795
0.4920670180825969 -0.02893302218948234
0.5079329819174049 -0.028117551498000038
0.5237909579118721 -0.02730448964497036
0.5396249784283953 -0.026494258466113023
0.5554190999505066 -0.025687201565985796
0.5711574191366438 -0.024883662944419
0.5868240888334664 -0.02408399078967243
0.6024033340325966 -0.023288541208937447
0.6178794677547149 -0.022497803403797794
0.6332369068450188 -0.021712657702115445
0.6484601876641387 -0.020934051317209153
0.6635339816587122 -0.020162918146489517
0.6784431107959373 -0.019400176694240722
0.6931725628465657 -0.01864672810249595
0.7077075065009447 -0.017903450164854093
0.7220333063028884 -0.017171091433782034
0.7361355373863427 -0.016450272871662883
0.7500000000000012 -0.015741607953374398
0.7636127338052524 -0.015045708813936234
0.7769600319330563 -0.014363186077919862
0.7900284547856001 -0.01369464856999623
0.8028048435688343 -0.013040703054279719
0.8152763335422621 -0.012402000474249544
0.8274303669726433 -0.01177929141194349
0.8392547057785669 -0.011173313894143206
0.8507374438531613 -0.01058477435485375
0.8618670190525357 -0.010014347145700772
0.872632224837878 -0.009462674215695153
0.8830222215594895 -0.00893036495301277
0.8930265473713942 -0.00841799618009792
0.9026351287655296 -0.007926112131365183
0.9118382907149167 -0.007455203742581017
0.9206267664155909 -0.007005695758373525
0.9289917066174888 -0.006577993208751474
0.9369246885348927 -0.006172486373852501
0.9444177243274618 -0.005789549850035087
0.9514632691433107 -0.005429541601723271
0.958054228716035 -0.0050928020086582785
0.9641839665080364 -0.004779652918272541
0.9698463103929542 -0.004490396712860521
0.9750355588704727 -0.004225315401077939
0.9797464868072487 -0.003984669743058021
0.9839743506981782 -0.0037686984180939935
0.9877148934427036 -0.0035776172434041752
0.9909643486313533 -0.003411618451975394
0.9937194443381971 -0.0032708700368766276
0.9959774064153977 -0.0031555151687552956
0.9977359612865423 -0.003065671692479499
0.9989933382359422 -0.0030014317080795756
0.9997482711915926 -0.0029628612402792976
1.0 -0.00295
