1.0 0.00295
0.9997482711915926 0.003004961118537386
0.9989933382359422 0.0031692928909665525
0.9977359612865423 0.0034413629951581906
0.9959774064153977 0.0038185253616623035
0.9937194443381971 0.004297230860639515
0.9909643486313533 0.004873180245909632
0.9877148934427036 0.005541517363506412
0.9839743506981782 0.0062970600983186945
0.9797464868072487 0.007134566024752625
0.9750355588704727 0.00804902925116882
0.9698463103929542 0.009036004508127636
0.9641839665080364 0.010091954131868095
0.958054228716035 0.011214613241203335
0.9514632691433107 0.012403368101960714
0.9444177243274618 0.013659642421572785
0.9369246885348927 0.014987286120281353
0.9289917066174888 0.01639296098695743
0.9206267664155909 0.017886517548520654
0.9118382907149167 0.0194813574635405
0.9026351287655296 0.02119477579340935
0.8930265473713942 0.02304704198130832
0.8830222215594895 0.02504487058556633
0.872632224837878 0.027181622466449874
0.8618670190525357 0.029447358410365033
0.8507374438531613 0.03182891744617748
0.8392547057785669 0.03430977767731962
0.8274303669726433 0.03686994911887282
0.8152763335422621 0.03948590078220743
0.8028048435688343 0.042130523935732606
0.7900284547856001 0.044774795071197304
0.7769600319330563 0.04740862572485492
0.7636127338052524 0.05003763507708241
0.7500000000000012 0.05266952428236983
0.7361355373863427 0.05531374912510162
0.7220333063028884 0.057981467258218455
0.7077075065009447 0.060685465813570955
0.6931725628465657 0.06343990225267411
0.6784431107959373 0.06624532717487852
0.6635339816587122 0.06907542498201764
0.6484601876641387 0.07189933145443268
0.6332369068450188 0.07468446515208431
0.6178794677547149 0.07739677562865191
0.6024033340325966 0.08000101153380723
0.5868240888334664 0.082463340353238
0.5711574191366438 0.08478073779575405
0.5554190999505066 0.08697329186376432
0.5396249784283953 0.08906277689673954
0.5237909579118721 0.09107194468840368
0.5079329819174049 0.09302427553767154
0.4920670180825969 0.09494350670634472
0.4762090420881297 0.09682819296718598
0.46037502157160654 0.09862823762577526
0.44458090004949524 0.10028879002622254
0.42884258086335814 0.10175635493190299
0.41317591116653546 0.10297931575476404
0.3975966659674052 0.10390844065425528
0.38212053224528686 0.10450893696099685
0.36676309315498296 0.10481514558939041
0.35153981233586296 0.10488475220419007
0.33646601834128953 0.10477369125644816
0.32155688920406433 0.10453564488798973
0.3068274371534359 0.10422160738281143
0.29229249349905695 0.10387928229099024
0.2779666936971131 0.10352475018198071
0.2638644626136587 0.10311719865604925
0.25000000000000006 0.10261341037214469
0.2363872661947488 0.10197522600551918
0.22303996806694482 0.10116975460363899
0.20997154521440087 0.10016952549638941
0.19719515643116664 0.0989525812763156
0.18472366645773874 0.09750507895003449
0.17256963302735745 0.0958316190885822
0.1607452942214339 0.09394405548614894
0.14926255614683936 0.09185639685091695
0.1381329809474649 0.08958489610760438
0.12736777516212267 0.08714963767354858
0.116977778440511 0.08457299202738272
0.10697345262860625 0.08187820271651049
0.09736487123447068 0.07908920787593694
0.0881617092850836 0.07621366322573121
0.0793732335844094 0.07318808642051952
0.07100829338251147 0.0699527295369224
0.06307531146510753 0.06647334901364971
0.05558227567253826 0.06273425113277097
0.04853673085668936 0.058744762882870095
0.041945771283965205 0.054540564830892174
0.03581603349196366 0.050193539415665823
0.030153689607045786 0.04578801902615263
0.02496444112952728 0.04140947387000241
0.020253513192751316 0.03714271415933836
0.016025649301821876 0.03307018470693019
0.012285106557296477 0.029270356032007904
0.009035651368646647 0.025816230708751053
0.006280555661802856 0.022773982256901953
0.00402259358460233 0.02020174226788137
0.0022640387134577056 0.018148549697484834
0.0010066617640577813 0.01665347435542586
0.0002517288084074587 0.01574492460170558
0.0 0.015440147140163282
0.0 0.0
0.0002517288084074587 -0.0007514929293165846
0.0010066617640577813 -0.0029332067748193275
0.0022640387134577056 -0.006333878641890533
0.00402259358460233 -0.010624747988363575
0.006280555661802856 -0.015394239819512427
0.009035651368646647 -0.020195858291543977
0.012285106557296477 -0.024608636188977902
0.016025649301821876 -0.028309310548447
0.020253513192751316 -0.031155228214971447
0.02496444112952728 -0.03327682909935781
0.030153689607045786 -0.035116307895285644
0.03581603349196366 -0.036865487369933406
0.041945771283965205 -0.03844764580417244
0.04853673085668936 -0.03977212575498005
0.05558227567253826 -0.04073938443133782
0.06307531146510753 -0.04128487697918007
0.07100829338251147 -0.04139395463070084
0.0793732335844094 -0.04107667056555244
0.0881617092850836 -0.04038771162322683
0.09736487123447068 -0.03944840912865101
0.10697345262860625 -0.03842390158409867
0.116977778440511 -0.037401613613442894
0.12736777516212267 -0.03637343303520137
0.1381329809474649 -0.035323853644789203
0.14926255614683936 -0.03423308570136347
0.1607452942214339 -0.03308074349117028
0.17256963302735745 -0.03187133454360622
0.18472366645773874 -0.030623467349995426
0.19719515643116664 -0.029359039844359915
0.20997154521440087 -0.028101665773595727
0.22303996806694482 -0.026860632399967735
0.2363872661947488 -0.025634863520158566
0.25000000000000006 -0.024422359820214463
0.2638644626136587 -0.023220353186855332
0.2779666936971131 -0.02202532329009431
0.29229249349905695 -0.02083302244350258
0.3068274371534359 -0.019638767052656613
0.32155688920406433 -0.018446853985084846
0.33646601834128953 -0.017274072131741536
0.35153981233586296 -0.016138988431123075
0.36676309315498296 -0.015061065351317578
0.38212053224528686 -0.014060511498187551
0.3975966659674052 -0.013158121010664535
0.41317591116653546 -0.012371667551673583
0.42884258086335814 -0.011694297411991164
0.44458090004949524 -0.011107557186096798
0.46037502157160654 -0.010592010327561978
0.4762090420881297 -0.010127481433668607
0.4920670180825969 -0.009693263915142246
0.5079329819174049 -0.009268825378056641
0.5237909579118721 -0.008846353529385445
0.5396249784283953 -0.008431730545379164
0.5554190999505066 -0.008031425560500011
0.5711574191366438 -0.007651761244406177
0.5868240888334664 -0.007298853917152711
0.6024033340325966 -0.006978550822153988
0.6178794677547149 -0.006693653869569253
0.6332369068450188 -0.006439505540127804
0.6484601876641387 -0.006210355284558516
0.6635339816587122 -0.006000642507244139
0.6784431107959373 -0.005805044987970129
0.6931725628465657 -0.0056185237971801
0.7077075065009447 -0.00543640864667916
0.7220333063028884 -0.005255314455861522
0.7361355373863427 -0.0050730313633613276
0.7500000000000012 -0.004887626417819992
0.7636127338052524 -0.004697418905103079
0.7769600319330563 -0.004500990367620726
0.7900284547856001 -0.004297191707798954
0.8028048435688343 -0.004085156897328514
0.8152763335422621 -0.003866055182722332
0.8274303669726433 -0.003644761396578463
0.8392547057785669 -0.003426045977226411
0.8507374438531613 -0.00321403053306786
0.8618670190525357 -0.003012194575444499
0.872632224837878 -0.002823388885725706
0.8830222215594895 -0.002649855163342159
0.8930265473713942 -0.002493251543830665
0.9026351287655296 -0.0023546979214851844
0.9118382907149167 -0.0022361691012269705
0.9206267664155909 -0.0021411755672849538
0.9289917066174888 -0.0020720529890432635
0.9369246885348927 -0.002029787577483018
0.9444177243274618 -0.002014162950933579
0.9514632691433107 -0.002023913634606616
0.958054228716035 -0.0020568830434409048
0.9641839665080364 -0.0021101837857151256
0.9698463103929542 -0.002180358135489269
0.9750355588704727 -0.0022635365549806075
0.9797464868072487 -0.002355592203020482
0.9839743506981782 -0.0024522894421155853
0.9877148934427036 -0.00254942445349026
0.9909643486313533 -0.002642956185757212
0.9937194443381971 -0.002729125997310642
0.9959774064153977 -0.0028045645037422812
0.9977359612865423 -0.002866384307972192
0.9989933382359422 -0.0029122574706426066
0.9997482711915926 -0.0029404767697969935
1.0 -0.00295
