1.0 0.00185
0.9997482711915926 0.0019117706317017223
0.9989933382359422 0.002096835556437622
0.9977359612865423 0.0024044564696794712
0.9959774064153977 0.0028334115257447625
0.9937194443381971 0.0033820082372783737
0.9909643486313533 0.004048101348817605
0.9877148934427036 0.004829115500870472
0.9839743506981782 0.005722072451522163
0.9797464868072487 0.006723622575405701
0.9750355588704727 0.007830080315386054
0.9698463103929542 0.009037463220937998
0.9641839665080364 0.010341534169351607
0.958054228716035 0.011737846331938808
0.9514632691433107 0.013221790417674762
0.9444177243274618 0.01478864370147833
0.9369246885348927 0.016433620323869025
0.9289917066174888 0.018151922333236956
0.9206267664155909 0.019938790931588728
0.9118382907149167 0.021789557379498323
0.9026351287655296 0.02369969301615549
0.8930265473713942 0.025664823830174457
0.8830222215594895 0.02768044476828856
0.872632224837878 0.02974201852566737
0.8618670190525357 0.03184517571133653
0.8507374438531613 0.03398574856198569
0.8392547057785669 0.036159800182000344
0.8274303669726433 0.03836365113869077
0.8152763335422621 0.040593903154825646
0.8028048435688343 0.04284745966746669
0.7900284547856001 0.04512061180752801
0.7769600319330563 0.04740187856312447
0.7636127338052524 0.049674871794665246
0.7500000000000012 0.0519218610435056
0.7361355373863427 0.05412386569428755
0.7220333063028884 0.05626073675559373
0.7077075065009447 0.058311254002195285
0.6931725628465657 0.06025375546457536
0.6784431107959373 0.062081155456329994
0.6635339816587122 0.063804598324149
0.6484601876641387 0.0654379626895036
0.6332369068450188 0.06699682386762987
0.6178794677547149 0.06849829968555589
0.6024033340325966 0.06996087991901102
0.5868240888334664 0.07140130374882213
0.5711574191366438 0.07281717519437028
0.5554190999505066 0.07419786559312215
0.5396249784283953 0.07553263973077898
0.5237909579118721 0.07681077240707787
0.5079329819174049 0.07802164044196612
0.4920670180825969 0.07915481955057255
0.4762090420881297 0.0802002768922507
0.46037502157160654 0.08114846694486332
0.44458090004949524 0.08199031512099207
0.42884258086335814 0.08271729775745647
0.41317591116653546 0.08332152396385167
0.3975966659674052 0.08379582051197962
0.38212053224528686 0.08413804087789996
0.36676309315498296 0.08435798560790361
0.35153981233586296 0.08446743089713468
0.33646601834128953 0.08447809215993243
0.32155688920406433 0.08440153131990737
0.3068274371534359 0.08424906907648677
0.29229249349905695 0.08403088546672065
0.2779666936971131 0.08373927735188291
0.2638644626136587 0.083351045115008
0.25000000000000006 0.08284518475698072
0.2363872661947488 0.08220376291596994
0.22303996806694482 0.08141201838114336
0.20997154521440087 0.08045842980076753
0.19719515643116664 0.0793347388500509
0.18472366645773874 0.07803372800807408
0.17256963302735745 0.07654691985583921
0.1607452942214339 0.07486946565131974
0.14926255614683936 0.07300077636998202
0.1381329809474649 0.07095361424170445
0.12736777516212267 0.06877404854166455
0.116977778440511 0.06651043938717686
0.10697345262860625 0.0642055856181725
0.09736487123447068 0.06189633438619812
0.0881617092850836 0.05955357797171186
0.0793732335844094 0.05704982749464813
0.07100829338251147 0.05428859991153356
0.06307531146510753 0.05127996439000035
0.05558227567253826 0.04811671304654218
0.04853673085668936 0.044883466489882215
0.041945771283965205 0.04163741004624137
0.03581603349196366 0.03839863221772157
0.030153689607045786 0.03519237572050179
0.02496444112952728 0.03205278351069624
0.020253513192751316 0.02902045972573884
0.016025649301821876 0.026140119898252122
0.012285106557296477 0.02345836164994603
0.009035651368646647 0.02102158516753562
0.006280555661802856 0.018874090553275675
0.00402259358460233 0.01705637665310505
0.0022640387134577056 0.01560366322188342
0.0010066617640577813 0.014544655316514004
0.0002517288084074587 0.013900565644767562
0.0 0.013684407273078916
0.0 0.0
0.0002517288084074587 -0.0002122365403401272
0.0010066617640577813 -0.0008201699656490848
0.0022640387134577056 -0.0017404243708578028
0.00402259358460233 -0.0028438420059130817
0.006280555661802856 -0.0039700461976383454
0.009035651368646647 -0.00494755051912918
0.012285106557296477 -0.005619138794632425
0.016025649301821876 -0.0058721668139169285
0.020253513192751316 -0.00567336658174714
0.02496444112952728 -0.005107668287339061
0.030153689607045786 -0.004360530468544405
0.03581603349196366 -0.003505233801839937
0.041945771283965205 -0.002590038440024127
0.04853673085668936 -0.0016909790612852614
0.05558227567253826 -0.0009026457861239253
0.06307531146510753 -0.0002317973981943164
0.07100829338251147 0.00038456199418444555
0.0793732335844094 0.0010374093591449095
0.0881617092850836 0.0017571342125950037
0.09736487123447068 0.002486230365741485
0.10697345262860625 0.003152828381678961
0.116977778440511 0.0037377633597093225
0.12736777516212267 0.004261450136672062
0.1381329809474649 0.004752446119739155
0.14926255614683936 0.005247485345970225
0.1607452942214339 0.005781768233635819
0.17256963302735745 0.0063466550903277024
0.18472366645773874 0.00691572705983833
0.19719515643116664 0.007458094544188908
0.20997154521440087 0.007941883084345869
0.22303996806694482 0.008359643016918186
0.2363872661947488 0.008717672244279598
0.25000000000000006 0.009024024497194909
0.2638644626136587 0.009288407622643938
0.2779666936971131 0.009522138411980116
0.29229249349905695 0.00973807962990304
0.3068274371534359 0.009950116553086604
0.32155688920406433 0.010161496113586308
0.33646601834128953 0.010362629557506838
0.35153981233586296 0.01054263655501883
0.36676309315498296 0.010690046207397937
0.38212053224528686 0.010792889412839138
0.3975966659674052 0.010838798431685165
0.41317591116653546 0.010817537181666935
0.42884258086335814 0.010734296240864135
0.44458090004949524 0.010600833754883809
0.46037502157160654 0.010429464845892153
0.4762090420881297 0.01023292549939951
0.4920670180825969 0.010024246311493254
0.5079329819174049 0.009816271879539824
0.5237909579118721 0.009613901242463396
0.5396249784283953 0.009414092642038902
0.5554190999505066 0.009213486242999162
0.5711574191366438 0.009008780565158428
0.5868240888334664 0.008796767189949716
0.6024033340325966 0.008574368540126755
0.6178794677547149 0.008340278647197899
0.6332369068450188 0.008097329746019155
0.6484601876641387 0.007848901654112905
0.6635339816587122 0.00759824990322936
0.6784431107959373 0.007348479794882593
0.6931725628465657 0.007102522427896978
0.7077075065009447 0.00686289976052914
0.7220333063028884 0.006627829346636808
0.7361355373863427 0.006392019858239368
0.7500000000000012 0.00615057585600179
0.7636127338052524 0.005899173477182925
0.7769600319330563 0.005634085047008212
0.7900284547856001 0.0053521969934544385
0.8028048435688343 0.005051035581435361
0.8152763335422621 0.004731012444938843
0.8274303669726433 0.004397371578895862
0.8392547057785669 0.004055475992880695
0.8507374438531613 0.0037101641662048014
0.8618670190525357 0.003365749458546951
0.872632224837878 0.0030260250636669176
0.8830222215594895 0.002694274234973686
0.8930265473713942 0.0023732854632279136
0.9026351287655296 0.0020653499181792273
0.9118382907149167 0.0017703907172938035
0.9206267664155909 0.0014851977107601245
0.9289917066174888 0.0012072006746321664
0.9369246885348927 0.0009347859800008181
0.9444177243274618 0.0006671996848826071
0.9514632691433107 0.00040444579331099564
0.958054228716035 0.00014718116255866062
0.9641839665080364 -0.0001033914511553353
0.9698463103929542 -0.0003456307244757867
0.9750355588704727 -0.0005775630142216896
0.9797464868072487 -0.0007969860954756527
0.9839743506981782 -0.0010015690178875095
0.9877148934427036 -0.0011889467740457212
0.9909643486313533 -0.0013568085537156395
0.9937194443381971 -0.0015029784503526825
0.9959774064153977 -0.0016254875905850072
0.9977359612865423 -0.0017226367722285036
0.9989933382359422 -0.0017930488206483804
0.9997482711915926 -0.001835710005629756
1.0 -0.00185
