1.0 0.0
0.9997482711915926 6.0328051498061474e-05
0.9989933382359422 0.00024074789495021553
0.9977359612865423 0.0005395830818080817
0.9959774064153977 0.0009540942732844475
0.9937194443381971 0.0014805606330229293
0.9909643486313533 0.0021143923433762767
0.9877148934427036 0.0028502728294501427
0.9839743506981782 0.003682328895519835
0.9797464868072487 0.004604326617283234
0.9750355588704727 0.005609890494404676
0.9698463103929542 0.006692743054447459
0.9641839665080364 0.0078469618148646
0.958054228716035 0.009067250257212042
0.9514632691433107 0.010349219249861652
0.9444177243274618 0.011689675174581656
0.9369246885348927 0.013086910870429097
0.9289917066174888 0.014540995407094186
0.9206267664155909 0.016054058640394987
0.9118382907149167 0.017630566485884288
0.9026351287655296 0.01927758287292494
0.8930265473713942 0.02100391792178464
0.8830222215594895 0.022810010381086793
0.872632224837878 0.024689999557127973
0.8618670190525357 0.026636729881245557
0.8507374438531613 0.028641756540105145
0.8392547057785669 0.030695303535699804
0.8274303669726433 0.032786234278903134
0.8152763335422621 0.03490203554255641
0.8028048435688343 0.037028815477596115
0.7900284547856001 0.039152426960626825
0.7769600319330563 0.04126664287197243
0.7636127338052524 0.04336977140678519
0.7500000000000012 0.045460794719511935
0.7361355373863427 0.04753934613458814
0.7220333063028884 0.04960570529733034
0.7077075065009447 0.05166078655560734
0.6931725628465657 0.05370604187291067
0.6784431107959373 0.0557413503326854
0.6635339816587122 0.05776459419757127
0.6484601876641387 0.059773739587758716
0.6332369068450188 0.061766948006474705
0.6178794677547149 0.06374257299437233
0.6024033340325966 0.06569915530755288
0.5868240888334664 0.06763397525218019
0.5711574191366438 0.06953513215127857
0.5554190999505066 0.07138688780533523
0.5396249784283953 0.07317335671641031
0.5237909579118721 0.07487865059384076
0.5079329819174049 0.07648701651333104
0.4920670180825969 0.07798335976196157
0.4762090420881297 0.07936180986805189
0.46037502157160654 0.0806257660313032
0.44458090004949524 0.08177942154958541
0.42884258086335814 0.0828273302233212
0.41317591116653546 0.0837743554458158
0.3975966659674052 0.08462560583568518
0.38212053224528686 0.0853810620700505
0.36676309315498296 0.08602772430251109
0.35153981233586296 0.08655159132760168
0.33646601834128953 0.08693994901397947
0.32155688920406433 0.08718149058129075
0.3068274371534359 0.08726642367111917
0.29229249349905695 0.08718679314419296
0.2779666936971131 0.08694078013697629
0.2638644626136587 0.08653190141285298
0.25000000000000006 0.08596476787506005
0.2363872661947488 0.08524490731141544
0.22303996806694482 0.08437874023659744
0.20997154521440087 0.08337354912544809
0.19719515643116664 0.08223725640845095
0.18472366645773874 0.08094945352648737
0.17256963302735745 0.07943593753856103
0.1607452942214339 0.07762960203498337
0.14926255614683936 0.0754785706325058
0.1381329809474649 0.07297000259310578
0.12736777516212267 0.07017647359202844
0.116977778440511 0.06717949067531966
0.10697345262860625 0.06405170517855456
0.09736487123447068 0.06085678355507704
0.0881617092850836 0.05761819390374342
0.0793732335844094 0.05430624633991966
0.07100829338251147 0.05090078595883381
0.06307531146510753 0.04739247203862205
0.05558227567253826 0.043782608273409115
0.04853673085668936 0.040086560333247534
0.041945771283965205 0.036349472397635155
0.03581603349196366 0.0326535772502613
0.030153689607045786 0.029072392542528382
0.02496444112952728 0.02566629084218843
0.020253513192751316 0.022484090038869513
0.016025649301821876 0.019564600571178394
0.012285106557296477 0.01693810537717202
0.009035651368646647 0.014627749906438474
0.006280555661802856 0.01265082121288766
0.00402259358460233 0.011019897053714051
0.0022640387134577056 0.009743848030768543
0.0010066617640577813 0.008828678102689386
0.0002517288084074587 0.008278191244769946
0.0 0.008094474612335138
0.0 0.0
0.0002517288084074587 -0.00033335889994779496
0.0010066617640577813 -0.001284646175269071
0.0022640387134577056 -0.0027130054915169683
0.00402259358460233 -0.004401974169640727
0.006280555661802856 -0.0060866674098691695
0.009035651368646647 -0.007491313848719199
0.012285106557296477 -0.008376626670407212
0.016025649301821876 -0.008596356454315666
0.020253513192751316 -0.008162240771324332
0.02496444112952728 -0.007316442634763802
0.030153689607045786 -0.006474105416625151
0.03581603349196366 -0.0057289593403583115
0.041945771283965205 -0.005033017339889155
0.04853673085668936 -0.004295145457549242
0.05558227567253826 -0.0033910299088698217
0.06307531146510753 -0.0022968449992206356
0.07100829338251147 -0.0010640385805286297
0.0793732335844094 0.00023271268848644704
0.0881617092850836 0.001547159272642986
0.09736487123447068 0.0028768803582480294
0.10697345262860625 0.004222372742761483
0.116977778440511 0.0055759834747406535
0.12736777516212267 0.006923797703652973
0.1381329809474649 0.008250201266087071
0.14926255614683936 0.009537896789033733
0.1607452942214339 0.010772033844657136
0.17256963302735745 0.011957919094431495
0.18472366645773874 0.01311028845175367
0.19719515643116664 0.014247799164391827
0.20997154521440087 0.015390051125271104
0.22303996806694482 0.016535469457886438
0.2363872661947488 0.01767055740901143
0.25000000000000006 0.01878044038876401
0.2638644626136587 0.019848989816441773
0.2779666936971131 0.020858895288001406
0.29229249349905695 0.02179175189335452
0.3068274371534359 0.022628674311710804
0.32155688920406433 0.023363969984830278
0.33646601834128953 0.02400782149558164
0.35153981233586296 0.024572661416873975
0.36676309315498296 0.02507232106628133
0.38212053224528686 0.0255219012995685
0.3975966659674052 0.02593762978938897
0.41317591116653546 0.026333700959737947
0.42884258086335814 0.02670561333176908
0.44458090004949524 0.027041152282763155
0.46037502157160654 0.027327920623462305
0.4762090420881297 0.02755347301348738
0.4920670180825969 0.027705434428333082
0.5079329819174049 0.027771942412745214
0.5237909579118721 0.027748854466450035
0.5396249784283953 0.027639789123953214
0.5554190999505066 0.02744900035279383
0.5711574191366438 0.0271810159607128
0.5868240888334664 0.026840597928126982
0.6024033340325966 0.026432705631123425
0.6178794677547149 0.025963750857927174
0.6332369068450188 0.02544345660926172
0.6484601876641387 0.024881891366707622
0.6635339816587122 0.024288862620687114
0.6784431107959373 0.023673839652627766
0.6931725628465657 0.023045881588579526
0.7077075065009447 0.022413084353345575
0.7220333063028884 0.021773580109311193
0.7361355373863427 0.021117311884504494
0.7500000000000012 0.02043506895858632
0.7636127338052524 0.019718886017528494
0.7769600319330563 0.018962089916780486
0.7900284547856001 0.018159332271602734
0.8028048435688343 0.017306630381565682
0.8152763335422621 0.016404910895936625
0.8274303669726433 0.015463109485880859
0.8392547057785669 0.014490689656686333
0.8507374438531613 0.013496603728329313
0.8618670190525357 0.012489275686331286
0.872632224837878 0.011476589871055782
0.8830222215594895 0.010465885283150275
0.8930265473713942 0.009463955230982844
0.9026351287655296 0.00847709710521394
0.9118382907149167 0.007514986021550638
0.9206267664155909 0.006592324067045282
0.9289917066174888 0.00572120640553563
0.9369246885348927 0.004910560178113847
0.9444177243274618 0.004166439678782319
0.9514632691433107 0.0034923372765714423
0.958054228716035 0.0028895054325501486
0.9641839665080364 0.0023572851285644653
0.9698463103929542 0.0018934360428167784
0.9750355588704727 0.0014944638750533752
0.9797464868072487 0.0011559403401907454
0.9839743506981782 0.0008728115122470282
0.9877148934427036 0.000639690408565808
0.9909643486313533 0.0004511299552062917
0.9937194443381971 0.00030187276529611393
0.9959774064153977 0.00018707448998880324
0.9977359612865423 0.00010249786297007159
0.9989933382359422 4.467495043090734e-05
0.9997482711915926 1.1035535000975286e-05
1.0 0.0
