1.0 0.0
0.9997482711915926 5.730608312929548e-05
0.9989933382359422 0.00022899868250907086
0.9977359612865423 0.0005144025601699483
0.9959774064153977 0.0009123980113212674
0.9937194443381971 0.0014214293496342574
0.9909643486313533 0.0020395166822151584
0.9877148934427036 0.0027642708709716864
0.9839743506981782 0.003592911549161075
0.9797464868072487 0.004522288035171237
0.9750355588704727 0.005548902960269962
0.9698463103929542 0.006668938403384529
0.9641839665080364 0.007878284304162243
0.958054228716035 0.009172568905802696
0.9514632691433107 0.01054719096162576
0.9444177243274618 0.011997353424199294
0.9369246885348927 0.01351809832323519
0.9289917066174888 0.015104342528481928
0.9206267664155909 0.01675091408658693
0.9118382907149167 0.018452588816437035
0.9026351287655296 0.020204126845845938
0.8930265473713942 0.022000504289775846
0.8830222215594895 0.023838792655283627
0.872632224837878 0.02571785930429109
0.8618670190525357 0.02763753865224697
0.8507374438531613 0.029598687522894483
0.8392547057785669 0.03160324097215072
0.8274303669726433 0.0336542571317292
0.8152763335422621 0.03575595027260701
0.8028048435688343 0.037913711397075535
0.7900284547856001 0.04013240084985999
0.7769600319330563 0.042403762390466955
0.7636127338052524 0.04471169595761948
0.7500000000000012 0.04703827633594374
0.7361355373863427 0.04936385485438942
0.7220333063028884 0.05166714305890205
0.7077075065009447 0.053925316237177424
0.6931725628465657 0.05611456342962491
0.6784431107959373 0.05822153764041429
0.6635339816587122 0.0602456445520326
0.6484601876641387 0.06218773439284494
0.6332369068450188 0.06404945508118733
0.6178794677547149 0.06583321300214168
0.6024033340325966 0.06754212731932786
0.5868240888334664 0.06917851740826787
0.5711574191366438 0.07073582601830816
0.5554190999505066 0.07220398146815582
0.5396249784283953 0.07357308109963673
0.5237909579118721 0.07483347852127964
0.5079329819174049 0.07597586225407373
0.4920670180825969 0.07699144008340572
0.4762090420881297 0.07787434790397382
0.46037502157160654 0.07862169946985911
0.44458090004949524 0.07923127660259009
0.42884258086335814 0.07970144255473478
0.41317591116653546 0.08003115886404233
0.3975966659674052 0.08021999646464054
0.38212053224528686 0.08026695216368325
0.36676309315498296 0.0801687053422167
0.35153981233586296 0.07992232277355736
0.33646601834128953 0.0795257845421416
0.32155688920406433 0.07897801945760805
0.3068274371534359 0.07827893353243044
0.29229249349905695 0.07742926349205194
0.2779666936971131 0.07642751129092562
0.2638644626136587 0.07527057943883841
0.25000000000000006 0.07395689651679375
0.2363872661947488 0.07248655788480689
0.22303996806694482 0.07086133438816827
0.20997154521440087 0.06908466554531337
0.19719515643116664 0.06716165953024417
0.18472366645773874 0.06510253922839807
0.17256963302735745 0.06292565025873056
0.1607452942214339 0.06065005467993047
0.14926255614683936 0.05829446636038734
0.1381329809474649 0.05588611252351607
0.12736777516212267 0.05347800176826845
0.116977778440511 0.05112083113836293
0.10697345262860625 0.04885664588834024
0.09736487123447068 0.046718233986819034
0.0881617092850836 0.044645725575391634
0.0793732335844094 0.04245161526830876
0.07100829338251147 0.03999180228175522
0.06307531146510753 0.03727528967985485
0.05558227567253826 0.034422478889223646
0.04853673085668936 0.03153666254868466
0.041945771283965205 0.028667628443640743
0.03581603349196366 0.02579630050076718
0.030153689607045786 0.022918106903599834
0.02496444112952728 0.020049507958928677
0.020253513192751316 0.017223398578300388
0.016025649301821876 0.014484670303685911
0.012285106557296477 0.01188599387956859
0.009035651368646647 0.009483879669207497
0.006280555661802856 0.007335068908723278
0.00402259358460233 0.005493303935504228
0.0022640387134577056 0.004006520169112064
0.0010066617640577813 0.0029144968200541348
0.0002517288084074587 0.00224699711542216
0.0 0.002022422325073629
0.0 0.0
0.0002517288084074587 -0.0001433413713054536
0.0010066617640577813 -0.0005547732813140945
0.0022640387134577056 -0.001180430936746066
0.00402259358460233 -0.0019368863909361399
0.006280555661802856 -0.0027205778117258893
0.009035651368646647 -0.00342082984386727
0.012285106557296477 -0.003936286725667258
0.016025649301821876 -0.004194532086969247
0.020253513192751316 -0.0041746239965759005
0.02496444112952728 -0.003932231322434165
0.030153689607045786 -0.003583803635320781
0.03581603349196366 -0.0031524222008818886
0.041945771283965205 -0.002627425217085207
0.04853673085668936 -0.001998414958732845
0.05558227567253826 -0.001254494558854858
0.06307531146510753 -0.0003765299471825272
0.07100829338251147 0.0006616192934157259
0.0793732335844094 0.0018888828271897257
0.0881617092850836 0.0033016788811945437
0.09736487123447068 0.004852302124178894
0.10697345262860625 0.006478603696797077
0.116977778440511 0.008149720123482893
0.12736777516212267 0.009856499194287225
0.1381329809474649 0.011588953130081167
0.14926255614683936 0.013335967103488717
0.1607452942214339 0.015085577002398745
0.17256963302735745 0.016826225812974008
0.18472366645773874 0.01854600168620086
0.19719515643116664 0.020232259289369336
0.20997154521440087 0.021872152364349175
0.22303996806694482 0.023456370874472304
0.2363872661947488 0.024977629479608406
0.25000000000000006 0.02642894106675705
0.2638644626136587 0.027803635136953025
0.2779666936971131 0.02909538570181503
0.29229249349905695 0.030298237347607518
0.3068274371534359 0.03140641436029989
0.32155688920406433 0.032408650323553966
0.33646601834128953 0.0332871362538035
0.35153981233586296 0.034023319322569
0.36676309315498296 0.034598340522924195
0.38212053224528686 0.03499317129801202
0.3975966659674052 0.03518875743903248
0.41317591116653546 0.03517111829391948
0.42884258086335814 0.03495867081486328
0.44458090004949524 0.03458401171338853
0.46037502157160654 0.034081374561463595
0.4762090420881297 0.03348625864620514
0.4920670180825969 0.03283507629762349
0.5079329819174049 0.03216380385699063
0.5237909579118721 0.031485905987552514
0.5396249784283953 0.030792206299865104
0.5554190999505066 0.0300727054708789
0.5711574191366438 0.02931767623205683
0.5868240888334664 0.028517767840407555
0.6024033340325966 0.02766411753906217
0.6178794677547149 0.026752696281130407
0.6332369068450188 0.025790629163092372
0.6484601876641387 0.024786676611302638
0.6635339816587122 0.023749446885260955
0.6784431107959373 0.02268733337945173
0.6931725628465657 0.021608455818985198
0.7077075065009447 0.020520591525507895
0.7220333063028884 0.0194308636231894
0.7361355373863427 0.018345749998266124
0.7500000000000012 0.017271310283659462
0.7636127338052524 0.01621316511863504
0.7769600319330563 0.015176470688823121
0.7900284547856001 0.014165898586927753
0.8028048435688343 0.013185607206315541
0.8152763335422621 0.012237063346848548
0.8274303669726433 0.011317132639747408
0.8392547057785669 0.010422650713083037
0.8507374438531613 0.0095510435909708
0.8618670190525357 0.008700319013917993
0.872632224837878 0.007869051480470197
0.8830222215594895 0.007056361351813065
0.8930265473713942 0.006261888415737746
0.9026351287655296 0.0054858251797883645
0.9118382907149167 0.004734434110000856
0.9206267664155909 0.004022358039406096
0.9289917066174888 0.0033615809050895427
0.9369246885348927 0.0027605450024516423
0.9444177243274618 0.0022244923912796725
0.9514632691433107 0.00175582390223801
0.958054228716035 0.001354470447334437
0.9641839665080364 0.0010182713032102764
0.9698463103929542 0.0007433540579879782
0.9750355588704727 0.0005245109903261618
0.9797464868072487 0.0003555667821756573
0.9839743506981782 0.00022973265286951067
0.9877148934427036 0.00013994223947116522
0.9909643486313533 7.916483411481872e-05
0.9937194443381971 4.0691920301447795e-05
0.9959774064153977 1.839332323092157e-05
0.9977359612865423 6.93970032153273e-06
0.9989933382359422 1.9885427981899286e-06
0.9997482711915926 3.313330026245462e-07
1.0 0.0
