1.0 0.003
0.9997482711915926 0.0030542302741529224
0.9989933382359422 0.0032170555875495298
0.9977359612865423 0.0034888705802434525
0.9959774064153977 0.0038703036589087915
0.9937194443381971 0.004362173410762564
0.9909643486313533 0.004965428386846488
0.9877148934427036 0.005681071048465132
0.9839743506981782 0.0065100668832077735
0.9797464868072487 0.007453239899171385
0.9750355588704727 0.008511155895639094
0.9698463103929542 0.009683995083554393
0.9641839665080364 0.010971415787815728
0.958054228716035 0.012372411103996906
0.9514632691433107 0.013885160503056009
0.9444177243274618 0.015506878477590441
0.9369246885348927 0.017233662401097725
0.9289917066174888 0.019060341826586797
0.9206267664155909 0.020980331482056414
0.9118382907149167 0.022985490227346254
0.9026351287655296 0.025065988219433347
0.8930265473713942 0.027210861421002364
0.8830222215594895 0.02941528582532001
0.872632224837878 0.03167966869796937
0.8618670190525357 0.034005782042440695
0.8507374438531613 0.03639677849207997
0.8392547057785669 0.03885725738528227
0.8274303669726433 0.04139331605120786
0.8152763335422621 0.044012585267319125
0.8028048435688343 0.046724247996141964
0.7900284547856001 0.04953817050647429
0.7769600319330563 0.052457086640929636
0.7636127338052524 0.05547910569817141
0.7500000000000012 0.058601904082422995
0.7361355373863427 0.06182276909775531
0.7220333063028884 0.06513859923823043
0.7077075065009447 0.06854590744357102
0.6931725628465657 0.07204056210693618
0.6784431107959373 0.07560739407835455
0.6635339816587122 0.07921589590004893
0.6484601876641387 0.08283252792145473
0.6332369068450188 0.08642186149792223
0.6178794677547149 0.08994684578766346
0.6024033340325966 0.09336909612417543
0.5868240888334664 0.0966520077482429
0.5711574191366438 0.09978240911023227
0.5554190999505066 0.10275975392554267
0.5396249784283953 0.10558438066999358
0.5237909579118721 0.10825738163518878
0.5079329819174049 0.11078055957129561
0.4920670180825969 0.11315613266474979
0.4762090420881297 0.1153771421648072
0.46037502157160654 0.11742448974611285
0.44458090004949524 0.11927906380108325
0.42884258086335814 0.12092278389047331
0.41317591116653546 0.12233877227445772
0.3975966659674052 0.12351151766318919
0.38212053224528686 0.12443198154569084
0.36676309315498296 0.1251099616528515
0.35153981233586296 0.12555972507231677
0.33646601834128953 0.1257959096710774
0.32155688920406433 0.12583341490991354
0.3068274371534359 0.12568729605442114
0.29229249349905695 0.125372169410073
0.2779666936971131 0.12488462541653354
0.2638644626136587 0.12420034471258867
0.25000000000000006 0.12329734281191375
0.2363872661947488 0.12215768010452376
0.22303996806694482 0.12076756721283141
0.20997154521440087 0.11911742762739218
0.19719515643116664 0.11720192232328132
0.18472366645773874 0.11502891467210899
0.17256963302735745 0.11263574386909851
0.1607452942214339 0.11006319343686641
0.14926255614683936 0.10734966655914946
0.1381329809474649 0.10451049651151736
0.12736777516212267 0.10146506197798763
0.116977778440511 0.09812494924461215
0.10697345262860625 0.09442763513604571
0.09736487123447068 0.09033513941845409
0.0881617092850836 0.08585897360671421
0.0793732335844094 0.08109062945454018
0.07100829338251147 0.07612606888590309
0.06307531146510753 0.07104483323756679
0.05558227567253826 0.06590990085535964
0.04853673085668936 0.06078181489016253
0.041945771283965205 0.055683897701004355
0.03581603349196366 0.05055216681158934
0.030153689607045786 0.045357038643474984
0.02496444112952728 0.040118817146530227
0.020253513192751316 0.03489712883733314
0.016025649301821876 0.02978072130892742
0.012285106557296477 0.024877766180575342
0.009035651368646647 0.0203067989025713
0.006280555661802856 0.01618841789001464
0.00402259358460233 0.012637854238419585
0.0022640387134577056 0.009758510893195753
0.0010066617640577813 0.007636556735509938
0.0002517288084074587 0.006336646749862404
0.0 0.005898824403371699
0.0 0.0
0.0002517288084074587 -0.00047038593969132386
0.0010066617640577813 -0.0018242029594218523
0.0022640387134577056 -0.0038956602292625434
0.00402259358460233 -0.0064291266210472625
0.006280555661802856 -0.009109864579123965
0.009035651368646647 -0.011606467711227086
0.012285106557296477 -0.013624419696122693
0.016025649301821876 -0.014970036230485092
0.020253513192751316 -0.015623903618949036
0.02496444112952728 -0.01582278881861618
0.030153689607045786 -0.016015362203011557
0.03581603349196366 -0.016298136750423124
0.041945771283965205 -0.016590657777497568
0.04853673085668936 -0.016765010983908746
0.05558227567253826 -0.016659448557561754
0.06307531146510753 -0.016264964942717848
0.07100829338251147 -0.015703985793836715
0.0793732335844094 -0.015152259261568435
0.0881617092850836 -0.014683589233325614
0.09736487123447068 -0.014210391684095918
0.10697345262860625 -0.01361852815789221
0.116977778440511 -0.012884021374572396
0.12736777516212267 -0.012054872567980482
0.1381329809474649 -0.011194036524325178
0.14926255614683936 -0.010379292381267462
0.1607452942214339 -0.009686843025213122
0.17256963302735745 -0.009115909120756285
0.18472366645773874 -0.008633441220573664
0.19719515643116664 -0.008198643679189719
0.20997154521440087 -0.007767645572612239
0.22303996806694482 -0.007329372015464814
0.2363872661947488 -0.006891147253205861
0.25000000000000006 -0.006461269685517065
0.2638644626136587 -0.006048856810721858
0.2779666936971131 -0.0056638039125746185
0.29229249349905695 -0.005316733086508675
0.3068274371534359 -0.0050186804280668885
0.32155688920406433 -0.004774173492005137
0.33646601834128953 -0.004579764670080457
0.35153981233586296 -0.004430977154784383
0.36676309315498296 -0.004322732545620213
0.38212053224528686 -0.00424939955360413
0.3975966659674052 -0.004204848230975219
0.41317591116653546 -0.004182547064673101
0.42884258086335814 -0.004175837344984904
0.44458090004949524 -0.004177859861048726
0.46037502157160654 -0.004181526677972857
0.4762090420881297 -0.004179590755052608
0.4920670180825969 -0.004164717755324908
0.5079329819174049 -0.0041298775381943265
0.5237909579118721 -0.004075545447434052
0.5396249784283953 -0.004009771455666716
0.5554190999505066 -0.003940910060716253
0.5711574191366438 -0.0038772043643143204
0.5868240888334664 -0.0038267048362863273
0.6024033340325966 -0.0037971809791317334
0.6178794677547149 -0.003791982084228146
0.6332369068450188 -0.0038038958542876
0.6484601876641387 -0.003824345046643602
0.6635339816587122 -0.0038451479788439154
0.6784431107959373 -0.003858589579772842
0.6931725628465657 -0.003857486669358381
0.7077075065009447 -0.003835538965012426
0.7220333063028884 -0.0037928483682297433
0.7361355373863427 -0.003734903879259804
0.7500000000000012 -0.0036670163350004275
0.7636127338052524 -0.0035940739043616556
0.7769600319330563 -0.0035205161944198847
0.7900284547856001 -0.0034503137633163264
0.8028048435688343 -0.003386951330768505
0.8152763335422621 -0.0033331266000234954
0.8274303669726433 -0.0032904835133609994
0.8392547057785669 -0.0032602336938963644
0.8507374438531613 -0.0032432475260640923
0.8618670190525357 -0.0032400630197540145
0.872632224837878 -0.0032508979859843788
0.8830222215594895 -0.0032756653264773773
0.8930265473713942 -0.0033139912110162865
0.9026351287655296 -0.00336520282197402
0.9118382907149167 -0.00342538127811865
0.9206267664155909 -0.0034860578966307617
0.9289917066174888 -0.00354019490353154
0.9369246885348927 -0.0035826797062334962
0.9444177243274618 -0.003610143526604981
0.9514632691433107 -0.0036207703626410332
0.958054228716035 -0.0036140991360800803
0.9641839665080364 -0.00359082190278713
0.9698463103929542 -0.0035525809915594063
0.9750355588704727 -0.0035017678955031593
0.9797464868072487 -0.0034413266688760255
0.9839743506981782 -0.0033745644821701424
0.9877148934427036 -0.003304971860386515
0.9909643486313533 -0.0032360549753464767
0.9937194443381971 -0.0031711821841785893
0.9959774064153977 -0.0031134468047220275
0.9977359612865423 -0.003065547896630063
0.9989933382359422 -0.0030296905767663476
0.9997482711915926 -0.003007507141562625
1.0 -0.003
