1.0 0.0015
0.9997482711915926 0.0015807423699845118
0.9989933382359422 0.001821819515630307
0.9977359612865423 0.002219814280487847
0.9959774064153977 0.002769140118258597
0.9937194443381971 0.003462202743672693
0.9909643486313533 0.00428962361703479
0.9877148934427036 0.00524052247040823
0.9839743506981782 0.006302855334818867
0.9797464868072487 0.007463803815477035
0.9750355588704727 0.008710210693178547
0.9698463103929542 0.01002905631167166
0.9641839665080364 0.011407969649313496
0.958054228716035 0.012835767474680066
0.9514632691433107 0.014303014555242518
0.9444177243274618 0.01580259753042323
0.9369246885348927 0.017330304779254513
0.9289917066174888 0.018885404411695426
0.9206267664155909 0.0204712123938721
0.9118382907149167 0.022095642782754193
0.9026351287655296 0.02377173209591341
0.8930265473713942 0.025516494113177496
0.8830222215594895 0.027335941244530253
0.872632224837878 0.029228279951876452
0.8618670190525357 0.031191468123115483
0.8507374438531613 0.03322329960376752
0.8392547057785669 0.03532140141415749
0.8274303669726433 0.03748323199798012
0.8152763335422621 0.03970608057011072
0.8028048435688343 0.0419870676219743
0.7900284547856001 0.0443227023237973
0.7769600319330563 0.046705626233107596
0.7636127338052524 0.049125988717602674
0.7500000000000012 0.051573020539546204
0.7361355373863427 0.05403507938711813
0.7220333063028884 0.05649969562931964
0.7077075065009447 0.05895362802616405
0.6931725628465657 0.06138312532573431
0.6784431107959373 0.0637791953689344
0.6635339816587122 0.06613866679505803
0.6484601876641387 0.06845900601932906
0.6332369068450188 0.07073803180275577
0.6178794677547149 0.07297390944292445
0.6024033340325966 0.07516514243615839
0.5868240888334664 0.07730937758536441
0.5711574191366438 0.0793968914437369
0.5554190999505066 0.08141497207087181
0.5396249784283953 0.08335094163652651
0.5237909579118721 0.0851922652876772
0.5079329819174049 0.08692665398632314
0.4920670180825969 0.08854239440385432
0.4762090420881297 0.09003343474405047
0.46037502157160654 0.09139943090914857
0.44458090004949524 0.09264075259959198
0.42884258086335814 0.09375824411794732
0.41317591116653546 0.094753210200908
0.3975966659674052 0.09562738215556357
0.38212053224528686 0.09637556348298959
0.36676309315498296 0.09697485519173293
0.35153981233586296 0.09740121921652183
0.33646601834128953 0.0976326789008827
0.32155688920406433 0.09764952700533754
0.3068274371534359 0.09743451176070365
0.29229249349905695 0.09697402656310397
0.2779666936971131 0.09627710901224826
0.2638644626136587 0.09537169651101529
0.25000000000000006 0.09428555234509609
0.2363872661947488 0.09304539869125107
0.22303996806694482 0.09167678086284815
0.20997154521440087 0.09020394940461383
0.19719515643116664 0.08864958339506483
0.18472366645773874 0.0870069858368395
0.17256963302735745 0.08521566499648862
0.1607452942214339 0.08321970010448866
0.14926255614683936 0.08097556740540006
0.1381329809474649 0.07846990675131213
0.12736777516212267 0.07575414074652927
0.116977778440511 0.07288730607830435
0.10697345262860625 0.0699227215324739
0.09736487123447068 0.06690716443406253
0.0881617092850836 0.06379983154112866
0.0793732335844094 0.06043818315971386
0.07100829338251147 0.05670724167666279
0.06307531146510753 0.05273053028197955
0.05558227567253826 0.04879722867163249
0.04853673085668936 0.04512843946654731
0.041945771283965205 0.04172472218300717
0.03581603349196366 0.038294155133471966
0.030153689607045786 0.03463420905270011
0.02496444112952728 0.030660326150316296
0.020253513192751316 0.026383344302101507
0.016025649301821876 0.021887674461443473
0.012285106557296477 0.01731053837297828
0.009035651368646647 0.012822555090114013
0.006280555661802856 0.008609943180406776
0.00402259358460233 0.0048585810833495086
0.0022640387134577056 0.0017401411266717958
0.0010066617640577813 -0.0005995165032431254
0.0002517288084074587 -0.0020495346950832748
0.0 -0.0025407128787033745
0.0 0.0
0.0002517288084074587 -0.00026865403769660144
0.0010066617640577813 -0.0010397193939291386
0.0022640387134577056 -0.002212083688069259
0.00402259358460233 -0.003629103896471436
0.006280555661802856 -0.005096252866509851
0.009035651368646647 -0.006405486462094083
0.012285106557296477 -0.00736599761862167
0.016025649301821876 -0.007840934264706856
0.020253513192751316 -0.007789573188994897
0.02496444112952728 -0.007314362392168032
0.030153689607045786 -0.006639384313027358
0.03581603349196366 -0.005856195651508655
0.041945771283965205 -0.0050299989677663436
0.04853673085668936 -0.004262851824543708
0.05558227567253826 -0.0036762486799986637
0.06307531146510753 -0.003230141473955273
0.07100829338251147 -0.0027520503393299394
0.0793732335844094 -0.002008470071370902
0.0881617092850836 -0.0009188419531675126
0.09736487123447068 0.0003777428804572643
0.10697345262860625 0.0016978284541116025
0.116977778440511 0.0029677308227364007
0.12736777516212267 0.004192616708470417
0.1381329809474649 0.005382958885390574
0.14926255614683936 0.006553933672289913
0.1607452942214339 0.0077222852962852105
0.17256963302735745 0.008892196658134729
0.18472366645773874 0.010064072563141778
0.19719515643116664 0.011239071079097414
0.20997154521440087 0.01241786639199499
0.22303996806694482 0.013591460311705376
0.2363872661947488 0.014745049498921673
0.25000000000000006 0.015862439494585167
0.2638644626136587 0.016926135170887577
0.2779666936971131 0.01791741948710912
0.29229249349905695 0.01881644816679137
0.3068274371534359 0.019602805710158107
0.32155688920406433 0.020267435135932425
0.33646601834128953 0.020814999867899985
0.35153981233586296 0.021252048047853335
0.36676309315498296 0.02158630176188409
0.38212053224528686 0.021826576792571342
0.3975966659674052 0.021982692175165804
0.41317591116653546 0.022065366063275353
0.42884258086335814 0.022086083742664592
0.44458090004949524 0.022056997917257824
0.46037502157160654 0.021990817627247153
0.4762090420881297 0.02190068124369451
0.4920670180825969 0.021800025308120675
0.5079329819174049 0.0217017548007611
0.5237909579118721 0.021602822153050576
0.5396249784283953 0.021484258811626487
0.5554190999505066 0.021326659064009944
0.5711574191366438 0.021111071741622543
0.5868240888334664 0.0208191919153872
0.6024033340325966 0.02043356834069312
0.6178794677547149 0.019946676749326396
0.6332369068450188 0.019374128826870368
0.6484601876641387 0.018734723380413477
0.6635339816587122 0.018046685151517968
0.6784431107959373 0.01732751675251591
0.6931725628465657 0.016593861165308817
0.7077075065009447 0.01586095990141366
0.7220333063028884 0.015134901569748383
0.7361355373863427 0.01441408348824293
0.7500000000000012 0.013696884315362928
0.7636127338052524 0.012981967043466347
0.7769600319330563 0.012268289560071947
0.7900284547856001 0.01155511186854525
0.8028048435688343 0.010842012272654997
0.8152763335422621 0.010130817970822917
0.8274303669726433 0.009427297902691254
0.8392547057785669 0.008737090247303658
0.8507374438531613 0.008065146884405872
0.8618670190525357 0.0074157390258212455
0.872632224837878 0.006792469778683256
0.8830222215594895 0.006198293276165241
0.8930265473713942 0.005635539951150561
0.9026351287655296 0.005105932354540894
0.9118382907149167 0.004609326034670838
0.9206267664155909 0.004143201943315018
0.9289917066174888 0.003705275463394677
0.9369246885348927 0.0032937392987978788
0.9444177243274618 0.0029072229629408253
0.9514632691433107 0.002544749727892026
0.958054228716035 0.002205691723774919
0.9641839665080364 0.0018897238837616277
0.9698463103929542 0.001596777428036217
0.9750355588704727 0.0013269935707109358
0.9797464868072487 0.0010806781169677478
0.9839743506981782 0.000858257593885317
0.9877148934427036 0.0006602375277816449
0.9909643486313533 0.0004871634438046664
0.9937194443381971 0.0003395851203483657
0.9959774064153977 0.00021802458213119049
0.9977359612865423 0.00012294826196949075
0.9989933382359422 5.474370298469667e-05
0.9997482711915926 1.3701110813663224e-05
1.0 0.0
