1.0 0.0
0.9997482711915926 5.430023452396875e-05
0.9989933382359422 0.00021715083615651658
0.9977359612865423 0.0004883935196153918
0.9959774064153977 0.0008677379908050734
0.9937194443381971 0.0013547226129114705
0.9909643486313533 0.0019486601227159605
0.9877148934427036 0.0026485691709570627
0.9839743506981782 0.003453092667550726
0.9797464868072487 0.00436040410906682
0.9750355588704727 0.005368103249947278
0.9698463103929542 0.006473102648553987
0.9641839665080364 0.007671506772412537
0.958054228716035 0.008958485482281665
0.9514632691433107 0.010328143830420071
0.9444177243274618 0.011773390203317117
0.9369246885348927 0.013285804912084503
0.9289917066174888 0.014855511383763698
0.9206267664155909 0.016471052133307008
0.9118382907149167 0.018119271698484967
0.9026351287655296 0.019785208698237067
0.8930265473713942 0.02145309634957692
0.8830222215594895 0.023116627028087547
0.872632224837878 0.024777009580468207
0.8618670190525357 0.026438080742011594
0.8507374438531613 0.028106405945709036
0.8392547057785669 0.029791413389592385
0.8274303669726433 0.03150549988178771
0.8152763335422621 0.033264106442687645
0.8028048435688343 0.03508576192179173
0.7900284547856001 0.036989330205892235
0.7769600319330563 0.03897371789884215
0.7636127338052524 0.04102634154749257
0.7500000000000012 0.043132783369385676
0.7361355373863427 0.045276900723704376
0.7220333063028884 0.047440893385564384
0.7077075065009447 0.04960538989139153
0.6931725628465657 0.05174984254707771
0.6784431107959373 0.053860328742773286
0.6635339816587122 0.05593113706173013
0.6484601876641387 0.05795712646937347
0.6332369068450188 0.05993332888149585
0.6178794677547149 0.06185496864023089
0.6024033340325966 0.06371748156931813
0.5868240888334664 0.06551571407525315
0.5711574191366438 0.06723944267953787
0.5554190999505066 0.06887643379931115
0.5396249784283953 0.07041456348814194
0.5237909579118721 0.07184192113258972
0.5079329819174049 0.073146908989221
0.4920670180825969 0.07431885174635443
0.4762090420881297 0.07535930295017411
0.46037502157160654 0.07628201868459669
0.44458090004949524 0.077101598755588
0.42884258086335814 0.07783282548964962
0.41317591116653546 0.07849051379911487
0.3975966659674052 0.07908934672872206
0.38212053224528686 0.07963679492191231
0.36676309315498296 0.08012280871846489
0.35153981233586296 0.08053536539710164
0.33646601834128953 0.08086339062807579
0.32155688920406433 0.08109686012855083
0.3068274371534359 0.08122689093969475
0.29229249349905695 0.08124508560065838
0.2779666936971131 0.08113008783246067
0.2638644626136587 0.08085040044178918
0.25000000000000006 0.08037815292944125
0.2363872661947488 0.07968979231441332
0.22303996806694482 0.07876621626888236
0.20997154521440087 0.07759285939705507
0.19719515643116664 0.07615985114638252
0.18472366645773874 0.07448059645894346
0.17256963302735745 0.07260805240110917
0.1607452942214339 0.07059546588891405
0.14926255614683936 0.06849096366939407
0.1381329809474649 0.06631453224238595
0.12736777516212267 0.06401339130148416
0.116977778440511 0.061534391294671614
0.10697345262860625 0.05884038669324336
0.09736487123447068 0.05591005511797121
0.0881617092850836 0.05279660148760781
0.0793732335844094 0.04965190070136453
0.07100829338251147 0.046602929014231756
0.06307531146510753 0.04365287367374016
0.05558227567253826 0.04071742632570476
0.04853673085668936 0.0377405015401422
0.041945771283965205 0.03469311147505612
0.03581603349196366 0.03156787749247472
0.030153689607045786 0.02838071462065734
0.02496444112952728 0.025166942405020907
0.020253513192751316 0.02197667729769472
0.016025649301821876 0.01887038850696601
0.012285106557296477 0.015914677553703755
0.009035651368646647 0.013178338115113073
0.006280555661802856 0.010728748479517512
0.00402259358460233 0.008628644135124961
0.0022640387134577056 0.006933312721957217
0.0010066617640577813 0.00568824784508001
0.0002517288084074587 0.00492729213892015
0.0 0.004671293550348931
0.0 0.0
0.0002517288084074587 -0.00024502289973035767
0.0010066617640577813 -0.0009489844449261674
0.0022640387134577056 -0.002021844638685132
0.00402259358460233 -0.003324430336669386
0.006280555661802856 -0.004684619541695982
0.009035651368646647 -0.0059196891343634
0.012285106557296477 -0.006864519662684108
0.016025649301821876 -0.007405268813501966
0.020253513192751316 -0.0075180472670578246
0.02496444112952728 -0.007312057619202091
0.030153689607045786 -0.007001877821510005
0.03581603349196366 -0.006640584982519155
0.041945771283965205 -0.006222442668218979
0.04853673085668936 -0.005741281631649486
0.05558227567253826 -0.005190121899303238
0.06307531146510753 -0.004558086274818499
0.07100829338251147 -0.0038307982348001896
0.0793732335844094 -0.0029923931139040293
0.0881617092850836 -0.0020491911127510335
0.09736487123447068 -0.0010374972364552279
0.10697345262860625 -3.480106342595128e-06
0.116977778440511 0.0010297701734755583
0.12736777516212267 0.0020553993773016416
0.1381329809474649 0.0030665956811559056
0.14926255614683936 0.0040564238063141005
0.1607452942214339 0.005019461256211825
0.17256963302735745 0.005958700320374738
0.18472366645773874 0.006881405545317243
0.19719515643116664 0.007796991099691607
0.20997154521440087 0.008715306787465373
0.22303996806694482 0.00963389912119849
0.2363872661947488 0.010543346135112042
0.25000000000000006 0.011433337250457018
0.2638644626136587 0.01229275124962324
0.2779666936971131 0.013109705676238965
0.29229249349905695 0.01387161613254765
0.3068274371534359 0.014565431476534677
0.32155688920406433 0.015182114471288359
0.33646601834128953 0.015717557673794937
0.35153981233586296 0.016168207713462633
0.36676309315498296 0.01653084154788877
0.38212053224528686 0.0168025805879121
0.3975966659674052 0.016980903410728776
0.41317591116653546 0.017064798828864688
0.42884258086335814 0.017061043797571174
0.44458090004949524 0.01697997194937394
0.46037502157160654 0.01683254926480199
0.4762090420881297 0.01663025604705304
0.4920670180825969 0.016384971621135412
0.5079329819174049 0.016108596690699143
0.5237909579118721 0.01580723753432279
0.5396249784283953 0.01548114707780641
0.5554190999505066 0.015130423379782484
0.5711574191366438 0.014755271563848354
0.5868240888334664 0.01435600607064296
0.6024033340325966 0.013933053474944912
0.6178794677547149 0.013487391603788977
0.6332369068450188 0.013021192152587896
0.6484601876641387 0.012536830944775094
0.6635339816587122 0.012036695101441355
0.6784431107959373 0.011523168145843315
0.6931725628465657 0.010998615743258439
0.7077075065009447 0.01046546784786327
0.7220333063028884 0.009927962647349117
0.7361355373863427 0.009391775697528928
0.7500000000000012 0.00886222488869737
0.7636127338052524 0.008344174720711481
0.7769600319330563 0.007842012415387673
0.7900284547856001 0.007359629482477463
0.8028048435688343 0.006900399679180831
0.8152763335422621 0.00646574363448562
0.8274303669726433 0.006053872394142506
0.8392547057785669 0.005662799431700792
0.8507374438531613 0.005290753542470114
0.8618670190525357 0.004936179360530756
0.872632224837878 0.004597735424621935
0.8830222215594895 0.004274289911026962
0.8930265473713942 0.0039649141731861685
0.9026351287655296 0.0036688640821699653
0.9118382907149167 0.0033846988026091265
0.9206267664155909 0.0031099001599134953
0.9289917066174888 0.002842583485207385
0.9369246885348927 0.002581614033029004
0.9444177243274618 0.002326530061043568
0.9514632691433107 0.0020774621156219235
0.958054228716035 0.0018350496930310154
0.9641839665080364 0.001600356453342324
0.9698463103929542 0.0013747851590715562
0.9750355588704727 0.001159993493141828
0.9797464868072487 0.0009578118812568308
0.9839743506981782 0.0007701644025400238
0.9877148934427036 0.0005989938198123686
0.9909643486313533 0.0004461916977248247
0.9937194443381971 0.00031353450381410797
0.9959774064153977 0.00020262650518915136
0.9977359612865423 0.00011485018284584804
0.9989933382359422 5.1324787494785004e-05
0.9997482711915926 1.2873556285701323e-05
1.0 0.0
