1.0 0.00075
0.9997482711915926 0.0007877694592426544
0.9989933382359422 0.0009013851539421305
0.9977359612865423 0.0010917574341193946
0.9959774064153977 0.001360365026976036
0.9937194443381971 0.0017091977649804448
0.9909643486313533 0.0021406774244612436
0.9877148934427036 0.002657557681433352
0.9839743506981782 0.003262804461227251
0.9797464868072487 0.0039594582152276715
0.9750355588704727 0.0047504798989988425
0.9698463103929542 0.005638582648771421
0.9641839665080364 0.006626051355362855
0.958054228716035 0.00771455251396048
0.9514632691433107 0.008904936882900765
0.9444177243274618 0.010197037612944963
0.9369246885348927 0.011589466609154204
0.9289917066174888 0.01307941195914097
0.9206267664155909 0.014662439303335896
0.9118382907149167 0.01633230003436092
0.9026351287655296 0.018080749193334907
0.8930265473713942 0.019897860657257675
0.8830222215594895 0.021776835827347307
0.872632224837878 0.023713165145877534
0.8618670190525357 0.02570206575939829
0.8507374438531613 0.027738445303888047
0.8392547057785669 0.029816904193955152
0.8274303669726433 0.031931740477331536
0.8152763335422621 0.03407695737951939
0.8028048435688343 0.03624627363901279
0.7900284547856001 0.038434118055263644
0.7769600319330563 0.040643749257992745
0.7636127338052524 0.04288431475408896
0.7500000000000012 0.04516667637925964
0.7361355373863427 0.047503325707735175
0.7220333063028884 0.04990831742748727
0.7077075065009447 0.052397183615002035
0.6931725628465657 0.05498597853198477
0.6784431107959373 0.0576628761170786
0.6635339816587122 0.0603790139114434
0.6484601876641387 0.06307977845913515
0.6332369068450188 0.06570726116366696
0.6178794677547149 0.06820071889917198
0.6024033340325966 0.07049707240882326
0.5868240888334664 0.07253917303790777
0.5711574191366438 0.07432767433533599
0.5554190999505066 0.07589146982243675
0.5396249784283953 0.07726145438400257
0.5237909579118721 0.07847006042533312
0.5079329819174049 0.07955091557484269
0.4920670180825969 0.08053791858961862
0.4762090420881297 0.08144800746904826
0.46037502157160654 0.08227820265348965
0.44458090004949524 0.08302473887307048
0.42884258086335814 0.08368423162890659
0.41317591116653546 0.08425370777800383
0.3975966659674052 0.08473063198069403
0.38212053224528686 0.08510996698393755
0.36676309315498296 0.08537841643705525
0.35153981233586296 0.08552214281967686
0.33646601834128953 0.08552863013742516
0.32155688920406433 0.08538680599118169
0.3068274371534359 0.08508715012240009
0.29229249349905695 0.08462179804816972
0.2779666936971131 0.0839848631513133
0.2638644626136587 0.08317249271988883
0.25000000000000006 0.08218262910926893
0.2363872661947488 0.08101502119774681
0.22303996806694482 0.07967123382015247
0.20997154521440087 0.07815464046903116
0.19719515643116664 0.07647039736897676
0.18472366645773874 0.07462461358562704
0.17256963302735745 0.0726232671848398
0.1607452942214339 0.07047408160405237
0.14926255614683936 0.06818677416856794
0.1381329809474649 0.06577718879813353
0.12736777516212267 0.06327839574127407
0.116977778440511 0.06072492724967585
0.10697345262860625 0.058148073557146365
0.09736487123447068 0.05557580149464429
0.0881617092850836 0.05300771453762106
0.0793732335844094 0.0503961258551227
0.07100829338251147 0.047704614718013294
0.06307531146510753 0.04492104797832843
0.05558227567253826 0.04205450687197756
0.04853673085668936 0.03912347081198156
0.041945771283965205 0.03614181716858482
0.03581603349196366 0.033106315024301766
0.030153689607045786 0.030030163110403626
0.02496444112952728 0.026944674333825924
0.020253513192751316 0.023895004733582064
0.016025649301821876 0.0209360336660677
0.012285106557296477 0.018128451138063564
0.009035651368646647 0.015535104803617477
0.006280555661802856 0.013217655190630277
0.00402259358460233 0.011233583267437855
0.0022640387134577056 0.009633589546373044
0.0010066617640577813 0.008459418601983846
0.0002517288084074587 0.0077421372119502565
0.0 0.0075008883677864955
0.0 0.0
0.0002517288084074587 -0.000335747832490419
0.0010066617640577813 -0.0013023866295560403
0.0022640387134577056 -0.0027824182296226256
0.00402259358460233 -0.00459434002176113
0.006280555661802856 -0.006513931224167611
0.009035651368646647 -0.008303645466966504
0.012285106557296477 -0.009749706609774122
0.016025649301821876 -0.010706396845574822
0.020253513192751316 -0.011146923630018688
0.02496444112952728 -0.011220155915714899
0.030153689607045786 -0.011215665877571388
0.03581603349196366 -0.01118222978571256
0.041945771283965205 -0.011056917529159176
0.04853673085668936 -0.010749055560283039
0.05558227567253826 -0.01014432396038792
0.06307531146510753 -0.009172683531313529
0.07100829338251147 -0.0077969851445952665
0.0793732335844094 -0.0059899020838246044
0.0881617092850836 -0.00382461065609612
0.09736487123447068 -0.0015082703798753516
0.10697345262860625 0.0007032630948182563
0.116977778440511 0.002722603013622878
0.12736777516212267 0.00458697784921725
0.1381329809474649 0.006351658056629476
0.14926255614683936 0.008089589635636992
0.1607452942214339 0.009873950058105617
0.17256963302735745 0.011703329744937147
0.18472366645773874 0.013548668182368655
0.19719515643116664 0.01537653732977905
0.20997154521440087 0.017152129135882082
0.22303996806694482 0.018860053520813342
0.2363872661947488 0.020495223286797367
0.25000000000000006 0.022053346288179218
0.2638644626136587 0.02353089372222381
0.2779666936971131 0.024925113173945964
0.29229249349905695 0.026234034880078673
0.3068274371534359 0.027456437655571785
0.32155688920406433 0.02859104185644306
0.33646601834128953 0.0296363925472509
0.35153981233586296 0.0305916159810329
0.36676309315498296 0.03145644618940489
0.38212053224528686 0.03223120941699968
0.3975966659674052 0.03291680426094325
0.41317591116653546 0.03351536689399225
0.42884258086335814 0.03403370949821079
0.44458090004949524 0.034480803749530116
0.46037502157160654 0.03486620720854223
0.4762090420881297 0.03519995922276997
0.4920670180825969 0.03549247524659467
0.5079329819174049 0.03575288731642958
0.5237909579118721 0.03595874396672729
0.5396249784283953 0.036058248751778765
0.5554190999505066 0.035999365579177184
0.5711574191366438 0.035731487994763174
0.5868240888334664 0.03520595018819754
0.6024033340325966 0.03437663873578211
0.6178794677547149 0.033232878137157
0.6332369068450188 0.03184183758803716
0.6484601876641387 0.030279737623521135
0.6635339816587122 0.028619880703320184
0.6784431107959373 0.02693203661064632
0.6931725628465657 0.0252818748106842
0.7077075065009447 0.023728372704050454
0.7220333063028884 0.022288483910774898
0.7361355373863427 0.020945537945180445
0.7500000000000012 0.019682877019581605
0.7636127338052524 0.018485103605563828
0.7769600319330563 0.017338168083179787
0.7900284547856001 0.01622943929162068
0.8028048435688343 0.015147778022334595
0.8152763335422621 0.014086312136220813
0.8274303669726433 0.013044661176792977
0.8392547057785669 0.012023342198785718
0.8507374438531613 0.011023039127603673
0.8618670190525357 0.010044596027323171
0.872632224837878 0.009089008519203811
0.8830222215594895 0.008157413466450892
0.8930265473713942 0.00725107705707238
0.9026351287655296 0.006371429466392297
0.9118382907149167 0.0055239073824248745
0.9206267664155909 0.004719442670898502
0.9289917066174888 0.003966938594273299
0.9369246885348927 0.0032727042862194687
0.9444177243274618 0.0026407040819465544
0.9514632691433107 0.0020728196796657604
0.958054228716035 0.001569121268109361
0.9641839665080364 0.0011281437297966837
0.9698463103929542 0.0007471640457883831
0.9750355588704727 0.0004224760845967079
0.9797464868072487 0.0001496590549140044
0.9839743506981782 -7.616396230518906e-05
0.9877148934427036 -0.00026008081368591584
0.9909643486313533 -0.0004071616078954647
0.9937194443381971 -0.0005222495457112886
0.9959774064153977 -0.000609773934409961
0.9977359612865423 -0.0006735877752384596
0.9989933382359422 -0.0007168319882211607
0.9997482711915926 -0.0007418279928629436
1.0 -0.00075
