1.0 0.00055
0.9997482711915926 0.0006056689650489129
0.9989933382359422 0.0007724864057796146
0.9977359612865423 0.0010498905864037116
0.9959774064153977 0.0014369672861214372
0.9937194443381971 0.0019324825072172078
0.9909643486313533 0.0025349276692376026
0.9877148934427036 0.003242576699520564
0.9839743506981782 0.0040535542723767705
0.9797464868072487 0.004965914299012351
0.9750355588704727 0.005977727629398822
0.9698463103929542 0.007087177797219928
0.9641839665080364 0.008292663521138012
0.958054228716035 0.009592906571181649
0.9514632691433107 0.010987063519197503
0.9444177243274618 0.01247483981802095
0.9369246885348927 0.014056604596147326
0.9289917066174888 0.01573350451390925
0.9206267664155909 0.017507575004007
0.9118382907149167 0.019381847214046285
0.9026351287655296 0.021360448981682555
0.8930265473713942 0.023448062439368166
0.8830222215594895 0.025643209863674164
0.872632224837878 0.02793914323496817
0.8618670190525357 0.03032734976037491
0.8507374438531613 0.032797526805623055
0.8392547057785669 0.0353375172591463
0.8274303669726433 0.03793326236661307
0.8152763335422621 0.0405687732132021
0.8028048435688343 0.04322612186003294
0.7900284547856001 0.04588703492507624
0.7769600319330563 0.04854689806194376
0.7636127338052524 0.051210155390632534
0.7500000000000012 0.053882847173312015
0.7361355373863427 0.05657250304344841
0.7220333063028884 0.05928809795562967
0.7077075065009447 0.06203999141727125
0.6931725628465657 0.06483946305592111
0.6784431107959373 0.06768404622355532
0.6635339816587122 0.0705517272061439
0.6484601876641387 0.07341778842033854
0.6332369068450188 0.07625619133899965
0.6178794677547149 0.07903976998072908
0.6024033340325966 0.08174043973525198
0.5868240888334664 0.08433185349581108
0.5711574191366438 0.08680735271839826
0.5554190999505066 0.0891705858663121
0.5396249784283953 0.09142596891432914
0.5237909579118721 0.09357854849966515
0.5079329819174049 0.09563392658807748
0.4920670180825969 0.09759784744553526
0.4762090420881297 0.09946432647195906
0.46037502157160654 0.10121255533631314
0.44458090004949524 0.10282140090818989
0.42884258086335814 0.10427057943191338
0.41317591116653546 0.10554084984074893
0.3975966659674052 0.10661419997883072
0.38212053224528686 0.10747862441246998
0.36676309315498296 0.1081388890973457
0.35153981233586296 0.10860368083732956
0.33646601834128953 0.10888217834572377
0.32155688920406433 0.10898398763556763
0.3068274371534359 0.10891907790189771
0.29229249349905695 0.10869762453516163
0.2779666936971131 0.10832694034800182
0.2638644626136587 0.10781110491191827
0.25000000000000006 0.10715476866190385
0.2363872661947488 0.10636337513211332
0.22303996806694482 0.10544313733963012
0.20997154521440087 0.10440100859653205
0.19719515643116664 0.10324463305736903
0.18472366645773874 0.10196529111526292
0.17256963302735745 0.10050931050407436
0.1607452942214339 0.09882521937763476
0.14926255614683936 0.09687342655193974
0.1381329809474649 0.09463414246327483
0.12736777516212267 0.0921343880082659
0.116977778440511 0.08941346350387676
0.10697345262860625 0.08651002544553056
0.09736487123447068 0.08346186774914002
0.0881617092850836 0.08027482558452803
0.0793732335844094 0.07688750244112405
0.07100829338251147 0.07325506395021941
0.06307531146510753 0.06940012049346961
0.05558227567253826 0.06541099532172845
0.04853673085668936 0.06137125973330679
0.041945771283965205 0.057311550006715097
0.03581603349196366 0.053149744788835135
0.030153689607045786 0.048840247049492615
0.02496444112952728 0.04439397261068153
0.020253513192751316 0.03986660133544968
0.016025649301821876 0.03534723049035816
0.012285106557296477 0.03094758755178324
0.009035651368646647 0.02679195018808688
0.006280555661802856 0.023007910062134426
0.00402259358460233 0.01971810458207085
0.0022640387134577056 0.017033026916686636
0.0010066617640577813 0.015045009631539532
0.0002517288084074587 0.013823461350702131
0.0 0.013411419073495596
0.0 0.0
0.0002517288084074587 -0.0004948192565439359
0.0010066617640577813 -0.0019154826773555515
0.0022640387134577056 -0.004077505523223376
0.00402259358460233 -0.006696313539622416
0.006280555661802856 -0.009421265244634774
0.009035651368646647 -0.011882630311952368
0.012285106557296477 -0.013750879446245645
0.016025649301821876 -0.014807468626389238
0.020253513192751316 -0.015026136653778815
0.02496444112952728 -0.014663581326032436
0.030153689607045786 -0.014213189634929013
0.03581603349196366 -0.013803508290685716
0.041945771283965205 -0.013392403301253825
0.04853673085668936 -0.012907798376686963
0.05558227567253826 -0.012254536127926149
0.06307531146510753 -0.011414623534461377
0.07100829338251147 -0.010433303554451726
0.0793732335844094 -0.009378592460149198
0.0881617092850836 -0.00830622783977221
0.09736487123447068 -0.007248025379168081
0.10697345262860625 -0.006237507001441371
0.116977778440511 -0.0052761386079240415
0.12736777516212267 -0.004339512587384093
0.1381329809474649 -0.003394769273395942
0.14926255614683936 -0.0024004141257647324
0.1607452942214339 -0.0013195511621176656
0.17256963302735745 -0.00017806545700865074
0.18472366645773874 0.0009707212409437954
0.19719515643116664 0.002064484624059581
0.20997154521440087 0.003038406438595993
0.22303996806694482 0.0038726304072125954
0.2363872661947488 0.004572338485671169
0.25000000000000006 0.005145379961245742
0.2638644626136587 0.005602110974545313
0.2779666936971131 0.005955347073877443
0.29229249349905695 0.006220289849540543
0.3068274371534359 0.006414067732294481
0.32155688920406433 0.006546372594533404
0.33646601834128953 0.006617740022859689
0.35153981233586296 0.006628636995108166
0.36676309315498296 0.00657993227362131
0.38212053224528686 0.006472882594274255
0.3975966659674052 0.006309115932843009
0.41317591116653546 0.006092221537067673
0.42884258086335814 0.005836377574359193
0.44458090004949524 0.0055603907016737114
0.46037502157160654 0.005283675646162727
0.4762090420881297 0.00502605797355694
0.4920670180825969 0.00480758023893643
0.5079329819174049 0.00464741515650147
0.5237909579118721 0.0045445372799694725
0.5396249784283953 0.004477963219822693
0.5554190999505066 0.004425917446335865
0.5711574191366438 0.004366893646724808
0.5868240888334664 0.004279868494058723
0.6024033340325966 0.004144535231161509
0.6178794677547149 0.003951276587268387
0.6332369068450188 0.0037154151334228415
0.6484601876641387 0.003455496769938186
0.6635339816587122 0.0031892589789322885
0.6784431107959373 0.002933479260966146
0.6931725628465657 0.0027038356640400837
0.7077075065009447 0.002513996516672698
0.7220333063028884 0.0023612964419870586
0.7361355373863427 0.0022296435274849506
0.7500000000000012 0.0021037879275375457
0.7636127338052524 0.0019699414678708616
0.7769600319330563 0.0018158526157124463
0.7900284547856001 0.0016308636350921152
0.8028048435688343 0.0014059948408229397
0.8152763335422621 0.001140901806229219
0.8274303669726433 0.0008499114078295119
0.8392547057785669 0.0005474473694971503
0.8507374438531613 0.0002460541007160789
0.8618670190525357 -4.3587118865359695e-05
0.872632224837878 -0.0003126225091429484
0.8830222215594895 -0.0005539717346919452
0.8930265473713942 -0.0007622566158065718
0.9026351287655296 -0.0009337288176340926
0.9118382907149167 -0.0010674538598268767
0.9206267664155909 -0.0011657470770959546
0.9289917066174888 -0.0012314964799912602
0.9369246885348927 -0.0012678328845360243
0.9444177243274618 -0.0012780783388867626
0.9514632691433107 -0.0012656935449747281
0.958054228716035 -0.0012342248497049662
0.9641839665080364 -0.0011872513804292739
0.9698463103929542 -0.0011283328939561772
0.9750355588704727 -0.001060958897381036
0.9797464868072487 -0.0009884995826306448
0.9839743506981782 -0.0009141590949877112
0.9877148934427036 -0.0008409316292086496
0.9909643486313533 -0.0007715608154373134
0.9937194443381971 -0.000708502821255797
0.9959774064153977 -0.0006538935562511609
0.9977359612865423 -0.000609520321801344
0.9989933382359422 -0.0005767982018172949
0.9997482711915926 -0.000556751440374004
1.0 -0.00055
