1.0 0.00325
0.9997482711915926 0.003313155127259173
0.9989933382359422 0.0035016346521865895
0.9977359612865423 0.003812509454757396
0.9959774064153977 0.004240992149107366
0.9937194443381971 0.00478057756856784
0.9909643486313533 0.005423236985233395
0.9877148934427036 0.006159663634741824
0.9839743506981782 0.0069795664656188035
0.9797464868072487 0.007872008412725043
0.9750355588704727 0.00882578491242871
0.9698463103929542 0.009829837839132959
0.9641839665080364 0.010873699554327296
0.958054228716035 0.011947961325532632
0.9514632691433107 0.013044759997988306
0.9444177243274618 0.014158276490727813
0.9369246885348927 0.015285239444250864
0.9289917066174888 0.0164254271721204
0.9206267664155909 0.017582160965630006
0.9118382907149167 0.01876278277064335
0.9026351287655296 0.019979110299541646
0.8930265473713942 0.021246234021345015
0.8830222215594895 0.022566427902119685
0.872632224837878 0.02393192268421638
0.8618670190525357 0.02533326631763957
0.8507374438531613 0.02675937555016606
0.8392547057785669 0.02819748666357937
0.8274303669726433 0.029633122446394444
0.8152763335422621 0.03105007644963429
0.8028048435688343 0.032430415413323296
0.7900284547856001 0.03375637620239382
0.7769600319330563 0.035025364680626
0.7636127338052524 0.03624430641086564
0.7500000000000012 0.037422145569611674
0.7361355373863427 0.03856975113876593
0.7220333063028884 0.03969986324534302
0.7077075065009447 0.04082701855534239
0.6931725628465657 0.04196707176141915
0.6784431107959373 0.04312545762836889
0.6635339816587122 0.04429396636773791
0.6484601876641387 0.04546306089215861
0.6332369068450188 0.04662269486695216
0.6178794677547149 0.04776238694854578
0.6024033340325966 0.04887130091458486
0.5868240888334664 0.049939566672508026
0.5711574191366438 0.05096589683420567
0.5554190999505066 0.051952955294028
0.5396249784283953 0.05290371047212245
0.5237909579118721 0.053821381236830716
0.5079329819174049 0.05470939474611849
0.4920670180825969 0.05557104151631347
0.4762090420881297 0.056401691825524694
0.46037502157160654 0.05718816158288578
0.44458090004949524 0.057917120539269354
0.42884258086335814 0.05857565670917559
0.41317591116653546 0.059151400730382116
0.3975966659674052 0.059632652247099294
0.38212053224528686 0.06001361789223228
0.36676309315498296 0.06030334811358248
0.35153981233586296 0.06051332508415104
0.33646601834128953 0.06065482264029562
0.32155688920406433 0.06073881337577894
0.3068274371534359 0.06077588156286385
0.29229249349905695 0.060775559956904784
0.2779666936971131 0.06073345889104924
0.2638644626136587 0.06063256477375747
0.25000000000000006 0.06045726917172884
0.2363872661947488 0.06019409997045432
0.22303996806694482 0.05983179639640535
0.20997154521440087 0.05936136026712963
0.19719515643116664 0.058776072202419954
0.18472366645773874 0.058068523448933755
0.17256963302735745 0.05722724412117682
0.1607452942214339 0.056243560127916675
0.14926255614683936 0.055112608459407256
0.1381329809474649 0.05383353556163272
0.12736777516212267 0.05241008832194662
0.116977778440511 0.05084933233943733
0.10697345262860625 0.049161143785105624
0.09736487123447068 0.047357940943130866
0.0881617092850836 0.04544965491460319
0.0793732335844094 0.04344040555272931
0.07100829338251147 0.04133905761015401
0.06307531146510753 0.03916990807619828
0.05558227567253826 0.03696953280660076
0.04853673085668936 0.03477186494715216
0.041945771283965205 0.03257240765744165
0.03581603349196366 0.03030043641385582
0.030153689607045786 0.027916531000422778
0.02496444112952728 0.025420190525881684
0.020253513192751316 0.022841887847167296
0.016025649301821876 0.020235394542408656
0.012285106557296477 0.01767048315141427
0.009035651368646647 0.01522610693250249
0.006280555661802856 0.012984149863225764
0.00402259358460233 0.01102383112071206
0.0022640387134577056 0.009416838906009745
0.0010066617640577813 0.008223258325416403
0.0002517288084074587 0.007488347217226775
0.0 0.007240202428015574
0.0 0.0
0.0002517288084074587 -0.00038611112636129173
0.0010066617640577813 -0.0015033600688476958
0.0022640387134577056 -0.003232763670457551
0.00402259358460233 -0.005390192372130892
0.006280555661802856 -0.007747430885302097
0.009035651368646647 -0.010061259556282938
0.012285106557296477 -0.012110157923490674
0.016025649301821876 -0.013738125311458167
0.020253513192751316 -0.014905011952994391
0.02496444112952728 -0.01574265915673889
0.030153689607045786 -0.016523947485872895
0.03581603349196366 -0.01729931676114494
0.041945771283965205 -0.018021811674009167
0.04853673085668936 -0.018630294821500713
0.05558227567253826 -0.01905507945271148
0.06307531146510753 -0.019281773662573488
0.07100829338251147 -0.01934377311712202
0.0793732335844094 -0.019296945959233324
0.0881617092850836 -0.019162376053943428
0.09736487123447068 -0.018905732078509527
0.10697345262860625 -0.01848781831942841
0.116977778440511 -0.01791286016763793
0.12736777516212267 -0.017221220699298996
0.1381329809474649 -0.016466482101915998
0.14926255614683936 -0.015715762205452795
0.1607452942214339 -0.015034855512129542
0.17256963302735745 -0.014420052061847986
0.18472366645773874 -0.01383868874188399
0.19719515643116664 -0.013251303529534858
0.20997154521440087 -0.012616506428698994
0.22303996806694482 -0.011928212721526802
0.2363872661947488 -0.011200704484212974
0.25000000000000006 -0.010450536610906313
0.2638644626136587 -0.009696348461039542
0.2779666936971131 -0.008958779839466342
0.29229249349905695 -0.008260363401604062
0.3068274371534359 -0.007624979097303191
0.32155688920406433 -0.007066436728086724
0.33646601834128953 -0.006586019360962725
0.35153981233586296 -0.006183847850502818
0.36676309315498296 -0.005859524667836984
0.38212053224528686 -0.005612149013588304
0.3975966659674052 -0.005440335629043977
0.41317591116653546 -0.005342508939296175
0.42884258086335814 -0.005318438658904283
0.44458090004949524 -0.005368255274318053
0.46037502157160654 -0.005491770244318962
0.4762090420881297 -0.005688479912301139
0.4920670180825969 -0.005957572646525453
0.5079329819174049 -0.006297645214674834
0.5237909579118721 -0.006700193108786424
0.5396249784283953 -0.007149636956022193
0.5554190999505066 -0.007630042047557342
0.5711574191366438 -0.008125575849577921
0.5868240888334664 -0.008620659746202049
0.6024033340325966 -0.00910012493562828
0.6178794677547149 -0.00955286510618036
0.6332369068450188 -0.009977247972680644
0.6484601876641387 -0.010373218172162217
0.6635339816587122 -0.010740830779776021
0.6784431107959373 -0.011080250308800457
0.6931725628465657 -0.011391749173934356
0.7077075065009447 -0.011675536970064118
0.7220333063028884 -0.01192855938651948
0.7361355373863427 -0.012145092699253617
0.7500000000000012 -0.012320037503928542
0.7636127338052524 -0.012449077602974642
0.7769600319330563 -0.012528703280573159
0.7900284547856001 -0.012556226187391774
0.8028048435688343 -0.012529785035301647
0.8152763335422621 -0.012448212068309117
0.8274303669726433 -0.012310900793097887
0.8392547057785669 -0.012118070567630305
0.8507374438531613 -0.011870779752619237
0.8618670190525357 -0.011570890923694491
0.872632224837878 -0.011221028356278005
0.8830222215594895 -0.01082452829881708
0.8930265473713942 -0.010385382615756115
0.9026351287655296 -0.009908205679601639
0.9118382907149167 -0.009400896239096786
0.9206267664155909 -0.008875839973138046
0.9289917066174888 -0.008344308228473162
0.9369246885348927 -0.00781593688587843
0.9444177243274618 -0.007298840656540683
0.9514632691433107 -0.006799735753244819
0.958054228716035 -0.006324068824557796
0.9641839665080364 -0.005876150020961961
0.9698463103929542 -0.005459288066032416
0.9750355588704727 -0.005075925233056977
0.9797464868072487 -0.004727770177520498
0.9839743506981782 -0.004415926647955381
0.9877148934427036 -0.0041410161909187365
0.9909643486313533 -0.0039032930792123033
0.9937194443381971 -0.0037027498246360886
0.9959774064153977 -0.0035392117861033382
0.9977359612865423 -0.003412419549215534
0.9989933382359422 -0.003322097932625216
0.9997482711915926 -0.003268010667788448
1.0 -0.00325
