1.0 0.0
0.9997482711915926 5.2701159443190424e-05
0.9989933382359422 0.00021056621619582915
0.9977359612865423 0.00047288268924127803
0.9959774064153977 0.000838472359944425
0.9937194443381971 0.001305705044297929
0.9909643486313533 0.00187251767040071
0.9877148934427036 0.0025364384598697345
0.9839743506981782 0.003294615957729197
0.9797464868072487 0.004143852603638717
0.9750355588704727 0.005080642488618033
0.9698463103929542 0.006101212896171642
0.9641839665080364 0.007201569185359306
0.958054228716035 0.008377542536299801
0.9514632691433107 0.009624840046204973
0.9444177243274618 0.01093909663663881
0.9369246885348927 0.012315928210560094
0.9289917066174888 0.013750985481061273
0.9206267664155909 0.015240007882737851
0.9118382907149167 0.01677887697143345
0.9026351287655296 0.018363668718770994
0.8930265473713942 0.019990709788941935
0.8830222215594895 0.021656684197822993
0.872632224837878 0.023358670687212486
0.8618670190525357 0.02509415606051724
0.8507374438531613 0.026861074145611757
0.8392547057785669 0.028657840593042775
0.8274303669726433 0.030483382629346963
0.8152763335422621 0.032337163360033894
0.8028048435688343 0.03421920026709013
0.7900284547856001 0.036129640707938615
0.7769600319330563 0.038065170718568825
0.7636127338052524 0.040020333431828134
0.7500000000000012 0.04198938144770999
0.7361355373863427 0.04396631139093643
0.7220333063028884 0.04594488519452762
0.7077075065009447 0.04791865443535726
0.6931725628465657 0.0498808697798588
0.6784431107959373 0.05182066954873804
0.6635339816587122 0.0537219306783098
0.6484601876641387 0.055567543334438176
0.6332369068450188 0.057339798614119385
0.6178794677547149 0.0590205152241252
0.6024033340325966 0.06059117464099432
0.5868240888334664 0.06203576001676409
0.5711574191366438 0.06335837247267682
0.5554190999505066 0.06457292568459581
0.5396249784283953 0.06569429271848222
0.5237909579118721 0.06673810160464318
0.5079329819174049 0.06772056620174352
0.4920670180825969 0.06865773213996226
0.4762090420881297 0.0695488826710278
0.46037502157160654 0.07037421635336455
0.44458090004949524 0.07111332565522303
0.42884258086335814 0.07174644459103548
0.41317591116653546 0.07225464244807583
0.3975966659674052 0.07262001238729643
0.38212053224528686 0.07282813482043084
0.36676309315498296 0.07287254713003884
0.35153981233586296 0.07274907005608851
0.33646601834128953 0.07245458969426029
0.32155688920406433 0.07198710353381235
0.3068274371534359 0.07134575818327757
0.29229249349905695 0.07053127650153519
0.2779666936971131 0.06955561932775627
0.2638644626136587 0.06844148662841586
0.25000000000000006 0.06721125199535118
0.2363872661947488 0.06588629515574357
0.22303996806694482 0.06448689453315506
0.20997154521440087 0.06303213535759915
0.19719515643116664 0.061539786722853304
0.18472366645773874 0.06001088745253163
0.17256963302735745 0.05841104152147225
0.1607452942214339 0.05670717828240633
0.14926255614683936 0.054873590164210916
0.1381329809474649 0.05289961657862167
0.12736777516212267 0.05080914428324637
0.116977778440511 0.04863218375512623
0.10697345262860625 0.04639667727513723
0.09736487123447068 0.04412822322947932
0.0881617092850836 0.04180904519584297
0.0793732335844094 0.039349759371760384
0.07100829338251147 0.03668405109508851
0.06307531146510753 0.03384661031032936
0.05558227567253826 0.030954520086523076
0.04853673085668936 0.028105445614763722
0.041945771283965205 0.025344752319618486
0.03581603349196366 0.02264410855340801
0.030153689607045786 0.019986605795794567
0.02496444112952728 0.017375857252285888
0.020253513192751316 0.014831738171715
0.016025649301821876 0.012386271754382736
0.012285106557296477 0.010079717726524
0.009035651368646647 0.007956917195785708
0.006280555661802856 0.006063943379000781
0.00402259358460233 0.004445103251371468
0.0022640387134577056 0.0031403301538843716
0.0010066617640577813 0.0021830019665233296
0.0002517288084074587 0.001598213665784964
0.0 0.0014015269967284827
0.0 0.0
0.0002517288084074587 -0.00027857822151956243
0.0010066617640577813 -0.0010848948750900246
0.0022640387134577056 -0.0023336422207858266
0.00402259358460233 -0.003892421606481609
0.006280555661802856 -0.005596275040453975
0.009035651368646647 -0.0072677513004108085
0.012285106557296477 -0.008742231984298918
0.016025649301821876 -0.009898169411972711
0.020253513192751316 -0.010691818444397743
0.02496444112952728 -0.01119597883827106
0.030153689607045786 -0.011579632934351991
0.03581603349196366 -0.011863657330355317
0.041945771283965205 -0.012006819937050137
0.04853673085668936 -0.011962686090989006
0.05558227567253826 -0.011685588538656876
0.06307531146510753 -0.011183230471139106
0.07100829338251147 -0.010511649063048252
0.0793732335844094 -0.009755411460403427
0.0881617092850836 -0.00896002306225347
0.09736487123447068 -0.008108803530905043
0.10697345262860625 -0.007179258416696358
0.116977778440511 -0.006170224128386788
0.12736777516212267 -0.0050974189925201046
0.1381329809474649 -0.003981244740351793
0.14926255614683936 -0.002846845704419749
0.1607452942214339 -0.0017199519721758706
0.17256963302735745 -0.0006083548320429655
0.18472366645773874 0.0004867848499895879
0.19719515643116664 0.0015650483130333487
0.20997154521440087 0.0026264275954120953
0.22303996806694482 0.0036687743962991065
0.2363872661947488 0.004688892078204351
0.25000000000000006 0.00568376306559338
0.2638644626136587 0.006650568397256322
0.2779666936971131 0.007586698177537186
0.29229249349905695 0.008489760497992277
0.3068274371534359 0.009357515751790387
0.32155688920406433 0.01018601578297573
0.33646601834128953 0.010969294260666002
0.35153981233586296 0.011701236963228724
0.36676309315498296 0.012375716240176084
0.38212053224528686 0.012986630630420892
0.3975966659674052 0.013527946095933736
0.41317591116653546 0.013994425885378746
0.42884258086335814 0.014385307154569971
0.44458090004949524 0.014701823919825918
0.46037502157160654 0.014945590302250443
0.4762090420881297 0.015118574250708009
0.4920670180825969 0.015223072594563071
0.5079329819174049 0.015261718085108853
0.5237909579118721 0.015238151762527076
0.5396249784283953 0.015156964614502978
0.5554190999505066 0.015022968942212353
0.5711574191366438 0.014841123229827642
0.5868240888334664 0.014616486388845792
0.6024033340325966 0.014354171631233733
0.6178794677547149 0.014059046160791039
0.6332369068450188 0.013735332424644277
0.6484601876641387 0.013387129996742025
0.6635339816587122 0.013018481079719334
0.6784431107959373 0.012633340484134904
0.6931725628465657 0.012235547396824998
0.7077075065009447 0.01182861175064579
0.7220333063028884 0.011412399818705888
0.7361355373863427 0.010983864787223787
0.7500000000000012 0.010540300851996419
0.7636127338052524 0.010079478784420705
0.7769600319330563 0.009599660366777778
0.7900284547856001 0.009099607594163039
0.8028048435688343 0.00857860124199654
0.8152763335422621 0.008038535633808503
0.8274303669726433 0.007485662655100471
0.8392547057785669 0.006926243882889527
0.8507374438531613 0.006365968371812429
0.8618670190525357 0.0058099506941866694
0.872632224837878 0.005262735022894768
0.8830222215594895 0.004728304966253963
0.8930265473713942 0.0042100988111475265
0.9026351287655296 0.0037110488174111654
0.9118382907149167 0.003235177320804206
0.9206267664155909 0.002788260816105665
0.9289917066174888 0.002374781796471076
0.9369246885348927 0.0019977354490226737
0.9444177243274618 0.0016587773111051622
0.9514632691433107 0.0013583782546284873
0.958054228716035 0.0010959845464771252
0.9641839665080364 0.0008701807188520288
0.9698463103929542 0.0006788529932651923
0.9750355588704727 0.0005193510354863279
0.9797464868072487 0.00038864587557753687
0.9839743506981782 0.0002834819065530873
0.9877148934427036 0.00020052097625842912
0.9909643486313533 0.00013647670865969095
0.9937194443381971 8.823733155929386e-05
0.9959774064153977 5.297544630925039e-05
0.9977359612865423 2.8243349715388525e-05
0.9989933382359422 1.20527071949638e-05
0.9997482711915926 2.93757741220796e-06
1.0 0.0
