1.0 0.00105
0.9997482711915926 0.0011077791020267754
0.9989933382359422 0.0012806953055586848
0.9977359612865423 0.001567501729977648
0.9959774064153977 0.001966174785007502
0.9937194443381971 0.0024739952446944822
0.9909643486313533 0.0030876602745658205
0.9877148934427036 0.003803424953877226
0.9839743506981782 0.004617271444244699
0.9797464868072487 0.005525103584484495
0.9750355588704727 0.006522964343036334
0.9698463103929542 0.007607273237573494
0.9641839665080364 0.008775080539715154
0.958054228716035 0.010024334824260822
0.9514632691433107 0.011354160199862564
0.9444177243274618 0.012765139373984446
0.9369246885348927 0.014259598561452652
0.9289917066174888 0.015841890144561284
0.9206267664155909 0.017518668934852804
0.9118382907149167 0.019299157873200863
0.9026351287655296 0.021195399036117345
0.8930265473713942 0.02322123720169924
0.8830222215594895 0.025379745622150948
0.872632224837878 0.027665217421460414
0.8618670190525357 0.030069619748242887
0.8507374438531613 0.03258256622267023
0.8392547057785669 0.03519121774880224
0.8274303669726433 0.03788020646838863
0.8152763335422621 0.040631584472662394
0.8028048435688343 0.043424798661825414
0.7900284547856001 0.04623778750383122
0.7769600319330563 0.04905607660928714
0.7636127338052524 0.05186953915146081
0.7500000000000012 0.05466778127949748
0.7361355373863427 0.05744013676616941
0.7220333063028884 0.0601757079687069
0.7077075065009447 0.06286341082510508
0.6931725628465657 0.06549226993964061
0.6784431107959373 0.06805965614608449
0.6635339816587122 0.070573951877805
0.6484601876641387 0.07304550980121997
0.6332369068450188 0.07548595387155448
0.6178794677547149 0.07790805611277915
0.6024033340325966 0.080325600692128
0.5868240888334664 0.08274965262246821
0.5711574191366438 0.08516479419340808
0.5554190999505066 0.08754290807029465
0.5396249784283953 0.08985530135129893
0.5237909579118721 0.09207302259595965
0.5079329819174049 0.09416712453981076
0.4920670180825969 0.09610937351092791
0.4762090420881297 0.09788563286117989
0.46037502157160654 0.09949817203278546
0.44458090004949524 0.1009507557629262
0.42884258086335814 0.10224771145112369
0.41317591116653546 0.10339387998573346
0.3975966659674052 0.1043945633162222
0.38212053224528686 0.10525200625923697
0.36676309315498296 0.10595848919101858
0.35153981233586296 0.10650534130636397
0.33646601834128953 0.10688508772082907
0.32155688920406433 0.10709152720303472
0.3068274371534359 0.10711979933885318
0.29229249349905695 0.1069660690266795
0.2779666936971131 0.10661790426693095
0.2638644626136587 0.10605443383649062
0.25000000000000006 0.10525779848005475
0.2363872661947488 0.10421387375845513
0.22303996806694482 0.10291235456470751
0.20997154521440087 0.10134680103814223
0.19719515643116664 0.09951464311480392
0.18472366645773874 0.09741593479296767
0.17256963302735745 0.09505164396573322
0.1607452942214339 0.09242659436207032
0.14926255614683936 0.08954986262615387
0.1381329809474649 0.086436404262194
0.12736777516212267 0.08311177712315257
0.116977778440511 0.07960508917711574
0.10697345262860625 0.07594667069639599
0.09736487123447068 0.07216787335241365
0.0881617092850836 0.06830502936179492
0.0793732335844094 0.06440256259248485
0.07100829338251147 0.06050146291619656
0.06307531146510753 0.056593107928404336
0.05558227567253826 0.0526269528284799
0.04853673085668936 0.048577658562280975
0.041945771283965205 0.044454146918285434
0.03581603349196366 0.04030376043402642
0.030153689607045786 0.03618316103535434
0.02496444112952728 0.03215215680569369
0.020253513192751316 0.02827197276423902
0.016025649301821876 0.02460359149728665
0.012285106557296477 0.02120618413158752
0.009035651368646647 0.01813565087220755
0.006280555661802856 0.01544328886579234
0.00402259358460233 0.013174603508570528
0.0022640387134577056 0.011368277513824084
0.0010066617640577813 0.010055310104378882
0.0002517288084074587 0.009258336621773893
0.0 0.00899113666616919
0.0 0.0
0.0002517288084074587 -0.00039105323576938105
0.0010066617640577813 -0.0015111299885599678
0.0022640387134577056 -0.0032066250226138442
0.00402259358460233 -0.005240264807831819
0.006280555661802856 -0.0073189419815875715
0.009035651368646647 -0.009132149821575815
0.012285106557296477 -0.010400489673792965
0.016025649301821876 -0.01093358321669264
0.020253513192751316 -0.010696587396647595
0.02496444112952728 -0.00988438426174976
0.030153689607045786 -0.008882286316624943
0.03581603349196366 -0.00781131335812448
0.041945771283965205 -0.006695192799312875
0.04853673085668936 -0.005566362238124326
0.05558227567253826 -0.004463370359971562
0.06307531146510753 -0.0034002676531102926
0.07100829338251147 -0.002371479780806718
0.0793732335844094 -0.001363573785493496
0.0881617092850836 -0.0003727894320885906
0.09736487123447068 0.000589679806014301
0.10697345262860625 0.0015122357796323674
0.116977778440511 0.002390326573766901
0.12736777516212267 0.0032252431715435346
0.1381329809474649 0.00402100066161915
0.14926255614683936 0.0047844686530393015
0.1607452942214339 0.0055222828494349875
0.17256963302735745 0.006227392807646257
0.18472366645773874 0.0068874553421975435
0.19719515643116664 0.007489079971452494
0.20997154521440087 0.008019616460278442
0.22303996806694482 0.008479861695005902
0.2363872661947488 0.008878660876997124
0.25000000000000006 0.009226949539147843
0.2638644626136587 0.009537679642361834
0.2779666936971131 0.009825759107180473
0.29229249349905695 0.010107969375718038
0.3068274371534359 0.010402168558686711
0.32155688920406433 0.010709461159702085
0.33646601834128953 0.011011076408032037
0.35153981233586296 0.011285919376467292
0.36676309315498296 0.011511654493138842
0.38212053224528686 0.01166488757002907
0.3975966659674052 0.011721362478616045
0.41317591116653546 0.011661030582799837
0.42884258086335814 0.011494265178795905
0.44458090004949524 0.011244196057563717
0.46037502157160654 0.010934978383956866
0.4762090420881297 0.010591528696571002
0.4920670180825969 0.010239278338556871
0.5079329819174049 0.009903182626394145
0.5237909579118721 0.009591721243794161
0.5396249784283953 0.0092970840232866
0.5554190999505066 0.009010788558295605
0.5711574191366438 0.008724452470389001
0.5868240888334664 0.00842987903415649
0.6024033340325966 0.00811914881360331
0.6178794677547149 0.007787837234648984
0.6332369068450188 0.007439590432733261
0.6484601876641387 0.007079178231297735
0.6635339816587122 0.006711218093227583
0.6784431107959373 0.00634013885156247
0.6931725628465657 0.005970147075267656
0.7077075065009447 0.005605115677388648
0.7220333063028884 0.005247103544717099
0.7361355373863427 0.004896643409583079
0.7500000000000012 0.00455418362150553
0.7636127338052524 0.004220140455891651
0.7769600319330563 0.0038948973404349407
0.7900284547856001 0.0035788043462377976
0.8028048435688343 0.0032721790122284744
0.8152763335422621 0.002975469161578834
0.8274303669726433 0.0026893940644090526
0.8392547057785669 0.0024146038481497796
0.8507374438531613 0.002151634839355934
0.8618670190525357 0.00190091206633945
0.872632224837878 0.0016627528013028786
0.8830222215594895 0.0014373710806237624
0.8930265473713942 0.001224883133057224
0.9026351287655296 0.0010253066448977885
0.9118382907149167 0.0008379797820130686
0.9206267664155909 0.0006613255843374035
0.9289917066174888 0.000494018661757781
0.9369246885348927 0.00033508093684009554
0.9444177243274618 0.0001838494896086525
0.9514632691433107 3.9942610284806094e-05
0.958054228716035 -9.67754229651655e-05
0.9641839665080364 -0.00022623032050073048
0.9698463103929542 -0.00034817399297690346
0.9750355588704727 -0.0004622204868671963
0.9797464868072487 -0.0005678811449800272
0.9839743506981782 -0.0006645985112477161
0.9877148934427036 -0.0007517785221481975
0.9909643486313533 -0.000828820554983403
0.9937194443381971 -0.0008951449355801841
0.9959774064153977 -0.0009502175444513455
0.9977359612865423 -0.0009935712006687283
0.9989933382359422 -0.0010248235462335536
0.9997482711915926 -0.0010436912001266377
1.0 -0.00105
