1.0 0.0
0.9997482711915926 4.605766423228328e-05
0.9989933382359422 0.00018394318551659674
0.9977359612865423 0.00041279995582772235
0.9959774064153977 0.0007312195799362067
0.9937194443381971 0.0011372705610226705
0.9909643486313533 0.0016285379798344126
0.9877148934427036 0.0022021736925024603
0.9839743506981782 0.0028549564447112774
0.9797464868072487 0.0035833611785704377
0.9750355588704727 0.004383636694512201
0.9698463103929542 0.005251890724992528
0.9641839665080364 0.0061841813807924865
0.958054228716035 0.007176613845291644
0.9514632691433107 0.00822544111811041
0.9444177243274618 0.009327167547775331
0.9369246885348927 0.010478653844219588
0.9289917066174888 0.01167722222653242
0.9206267664155909 0.012920760339833933
0.9118382907149167 0.014207822567758951
0.9026351287655296 0.015537727373931437
0.8930265473713942 0.01691049379780663
0.8830222215594895 0.01832535943471026
0.872632224837878 0.019781091693944562
0.8618670190525357 0.021276821082436292
0.8507374438531613 0.022812080932308274
0.8392547057785669 0.024386832045648062
0.8274303669726433 0.026001482778880435
0.8152763335422621 0.02765690422933432
0.8028048435688343 0.029354440231937794
0.7900284547856001 0.031095907922131988
0.7769600319330563 0.032883564491389156
0.7636127338052524 0.03472011251586771
0.7500000000000012 0.036608703687170535
0.7361355373863427 0.03855292069598211
0.7220333063028884 0.04055675323232237
0.7077075065009447 0.042624568329151624
0.6931725628465657 0.044760690258805254
0.6784431107959373 0.04695728395161343
0.6635339816587122 0.04919086191020471
0.6484601876641387 0.05143536451803286
0.6332369068450188 0.05366316653492555
0.6178794677547149 0.055845290561637326
0.6024033340325966 0.05795163814788985
0.5868240888334664 0.059955251823131904
0.5711574191366438 0.06185809821442629
0.5554190999505066 0.06367582904866304
0.5396249784283953 0.06542504339921461
0.5237909579118721 0.06712304764998447
0.5079329819174049 0.06878766511259113
0.4920670180825969 0.07043626533051255
0.4762090420881297 0.07206391655344825
0.46037502157160654 0.0736405251984886
0.44458090004949524 0.07513510648159757
0.42884258086335814 0.07651744169562594
0.41317591116653546 0.07775836884578997
0.3975966659674052 0.07883006891936273
0.38212053224528686 0.07971291135287309
0.36676309315498296 0.08040808845420096
0.35153981233586296 0.08092107610948418
0.33646601834128953 0.08125793616901943
0.32155688920406433 0.08142527750417353
0.3068274371534359 0.08143021575034494
0.29229249349905695 0.08128027955137455
0.2779666936971131 0.08098208089855784
0.2638644626136587 0.08054133016720286
0.25000000000000006 0.0799642793835982
0.2363872661947488 0.07925776811946092
0.22303996806694482 0.07842919187788154
0.20997154521440087 0.07748646725843568
0.19719515643116664 0.07643795660030475
0.18472366645773874 0.07527833173922552
0.17256963302735745 0.07397057216148366
0.1607452942214339 0.07248038544586029
0.14926255614683936 0.07078200879713238
0.1381329809474649 0.06885909584426333
0.12736777516212267 0.06670728571028879
0.116977778440511 0.06432985578763199
0.10697345262860625 0.061736133475037744
0.09736487123447068 0.05894128222671943
0.0881617092850836 0.05600474038839498
0.0793732335844094 0.053059186881115494
0.07100829338251147 0.050216225424230716
0.06307531146510753 0.04744520736061422
0.05558227567253826 0.04459664183409432
0.04853673085668936 0.04156853114109531
0.041945771283965205 0.03835866144588891
0.03581603349196366 0.03510275764654425
0.030153689607045786 0.03192435650430829
0.02496444112952728 0.028915027982745582
0.020253513192751316 0.026139245631393884
0.016025649301821876 0.023639107965099472
0.012285106557296477 0.021438841226213503
0.009035651368646647 0.019549018099188048
0.006280555661802856 0.017970431826305054
0.00402259358460233 0.01669757069531359
0.0022640387134577056 0.015721643974442194
0.0010066617640577813 0.015033116991777094
0.0002517288084074587 0.014623720123557945
0.0 0.014487903894440862
0.0 0.0
0.0002517288084074587 -0.00037453395465814217
0.0010066617640577813 -0.0014484556617771012
0.0022640387134577056 -0.0030781000982289786
0.00402259358460233 -0.0050418704307236325
0.006280555661802856 -0.00706674958955983
0.009035651368646647 -0.008864907759494077
0.012285106557296477 -0.010179903478784042
0.016025649301821876 -0.01084184159928284
0.020253513192751316 -0.010830723611056617
0.02496444112952728 -0.01034710612854703
0.030153689607045786 -0.009771660144621325
0.03581603349196366 -0.009211487128462996
0.041945771283965205 -0.008660052024592519
0.04853673085668936 -0.008099868516723403
0.05558227567253826 -0.0075036042524888845
0.06307531146510753 -0.006858577255911045
0.07100829338251147 -0.006161851450973259
0.0793732335844094 -0.005410910955509991
0.0881617092850836 -0.004624319609829883
0.09736487123447068 -0.0038490372938477548
0.10697345262860625 -0.003140977846092498
0.116977778440511 -0.0025187097733536923
0.12736777516212267 -0.001972352725455794
0.1381329809474649 -0.001486225336249092
0.14926255614683936 -0.001038813906622122
0.1607452942214339 -0.0006089602014560936
0.17256963302735745 -0.0002032428131742149
0.18472366645773874 0.0001608396262471124
0.19719515643116664 0.00046357521666541763
0.20997154521440087 0.0006854304917833609
0.22303996806694482 0.0008244478220293754
0.2363872661947488 0.0008889879227873181
0.25000000000000006 0.0008894877425971206
0.2638644626136587 0.0008383734092015215
0.2779666936971131 0.0007500036412600046
0.29229249349905695 0.0006405917186582237
0.3068274371534359 0.0005277848691972451
0.32155688920406433 0.0004220620600731139
0.33646601834128953 0.00032501480615307804
0.35153981233586296 0.00023779091425062324
0.36676309315498296 0.00016154577281076308
0.38212053224528686 9.743446083814721e-05
0.3975966659674052 4.6603500626871014e-05
0.41317591116653546 9.919976606926294e-06
0.42884258086335814 -1.3477382510425162e-05
0.44458090004949524 -2.5213044060355852e-05
0.46037502157160654 -2.7010282341080976e-05
0.4762090420881297 -2.0671933610738075e-05
0.4920670180825969 -8.062083544899767e-06
0.5079329819174049 8.99502632480251e-06
0.5237909579118721 3.054226139968448e-05
0.5396249784283953 5.8489007116433983e-05
0.5554190999505066 9.478273787806636e-05
0.5711574191366438 0.00014130677170769658
0.5868240888334664 0.00019986083324647488
0.6024033340325966 0.000272133363863863
0.6178794677547149 0.0003560431773570064
0.6332369068450188 0.0004403857673375431
0.6484601876641387 0.0005130460587221533
0.6635339816587122 0.0005625826599972644
0.6784431107959373 0.0005783292978513745
0.6931725628465657 0.0005504874021030023
0.7077075065009447 0.0004708590532476844
0.7220333063028884 0.00034481594219390997
0.7361355373863427 0.00018890861937821864
0.7500000000000012 1.885166436996303e-05
0.7636127338052524 -0.0001510174811531483
0.7769600319330563 -0.0003078148858866632
0.7900284547856001 -0.00044016939866654305
0.8028048435688343 -0.0005382954520699869
0.8152763335422621 -0.00059888950026334
0.8274303669726433 -0.0006294389587840225
0.8392547057785669 -0.0006379297467263352
0.8507374438531613 -0.0006314347853612229
0.8618670190525357 -0.0006161173543387439
0.872632224837878 -0.0005972441158547761
0.8830222215594895 -0.0005792073175732807
0.8930265473713942 -0.0005655556006006869
0.9026351287655296 -0.0005590049407578153
0.9118382907149167 -0.0005590788092679908
0.9206267664155909 -0.000561130733399001
0.9289917066174888 -0.0005611775571027
0.9369246885348927 -0.0005563274364635044
0.9444177243274618 -0.0005446770063969391
0.9514632691433107 -0.0005252030576669554
0.958054228716035 -0.0004976503451218443
0.9641839665080364 -0.0004624171591180463
0.9698463103929542 -0.0004204402857833384
0.9750355588704727 -0.00037308095823762496
0.9797464868072487 -0.00032201336047873465
0.9839743506981782 -0.0002691171888527145
0.9877148934427036 -0.00021637570352087346
0.9909643486313533 -0.0001657806149180473
0.9937194443381971 -0.00011924504881973572
0.9959774064153977 -7.852571938536437e-05
0.9977359612865423 -4.515531362913998e-05
0.9989933382359422 -2.038595450899085e-05
0.9997482711915926 -5.14446463644231e-06
1.0 0.0
