1.0 0.0
0.9997482711915926 5.2977192851458454e-05
0.9989933382359422 0.00021155528358772255
0.9977359612865423 0.0004746828813062895
0.9959774064153977 0.000840637797448231
0.9937194443381971 0.0013070718485615658
0.9909643486313533 0.001871072800968519
0.9877148934427036 0.0025292426876786698
0.9839743506981782 0.0032777915215192236
0.9797464868072487 0.00411264523205399
0.9750355588704727 0.005029566469456129
0.9698463103929542 0.006024286747990139
0.9641839665080364 0.007092648246923654
0.958054228716035 0.00823075344915061
0.9514632691433107 0.009435120679026871
0.9444177243274618 0.01070284350217544
0.9369246885348927 0.012031751872401977
0.9289917066174888 0.013420572855256888
0.9206267664155909 0.014869088724865375
0.9118382907149167 0.01637829022087885
0.9026351287655296 0.017950522766012722
0.8930265473713942 0.019588968346168953
0.8830222215594895 0.021291592582641426
0.872632224837878 0.023052376358483846
0.8618670190525357 0.02486430135242835
0.8507374438531613 0.026719350653699278
0.8392547057785669 0.02860848297448814
0.8274303669726433 0.030521616505148896
0.8152763335422621 0.03244762302027763
0.8028048435688343 0.03437433274980865
0.7900284547856001 0.036289339393977625
0.7769600319330563 0.038185815146932825
0.7636127338052524 0.04006011505424903
0.7500000000000012 0.04190904353382173
0.7361355373863427 0.04372984829204254
0.7220333063028884 0.045520227680596125
0.7077075065009447 0.04727833390008966
0.6931725628465657 0.049002692157706036
0.6784431107959373 0.0506900802741452
0.6635339816587122 0.052335121286853935
0.6484601876641387 0.053932418616309534
0.6332369068450188 0.055476696114604485
0.6178794677547149 0.056962823494909866
0.6024033340325966 0.05838584193136502
0.5868240888334664 0.05974146642980304
0.5711574191366438 0.06102872852951289
0.5554190999505066 0.062248231148954294
0.5396249784283953 0.06340094936548818
0.5237909579118721 0.06448820293249231
0.5079329819174049 0.06551162973158964
0.4920670180825969 0.06647286663633718
0.4762090420881297 0.06736712803986843
0.46037502157160654 0.06818324524748236
0.44458090004949524 0.06891016638140815
0.42884258086335814 0.0695373528943994
0.41317591116653546 0.07005488174685626
0.3975966659674052 0.07045355183912444
0.38212053224528686 0.07072849006649844
0.36676309315498296 0.0708843884584088
0.35153981233586296 0.0709276420382896
0.33646601834128953 0.07086487764939435
0.32155688920406433 0.07070290690496664
0.3068274371534359 0.07044868018233141
0.29229249349905695 0.07010882693345244
0.2779666936971131 0.0696819920036362
0.2638644626136587 0.06916035230724758
0.25000000000000006 0.06853731826111702
0.2363872661947488 0.067807870145603
0.22303996806694482 0.06696859010823926
0.20997154521440087 0.06601767811476073
0.19719515643116664 0.06495489236532141
0.18472366645773874 0.06377222515802622
0.17256963302735745 0.062445693636297386
0.1607452942214339 0.060954903528743165
0.14926255614683936 0.05928562440399697
0.1381329809474649 0.057438947278928176
0.12736777516212267 0.055449156015333824
0.116977778440511 0.05335416093816872
0.10697345262860625 0.05118859299583945
0.09736487123447068 0.04898327862631692
0.0881617092850836 0.04671585040926077
0.0793732335844094 0.044289914792575394
0.07100829338251147 0.04163731525621095
0.06307531146510753 0.0388163087393647
0.05558227567253826 0.035974009214466016
0.04853673085668936 0.0332272204794202
0.041945771283965205 0.030599740173901255
0.03581603349196366 0.027993450650853915
0.030153689607045786 0.02534352656603238
0.02496444112952728 0.022630315029121502
0.020253513192751316 0.01987046012418614
0.016025649301821876 0.01710832598441402
0.012285106557296477 0.014407838541028329
0.009035651368646647 0.011844858792955978
0.006280555661802856 0.009500191983912094
0.00402259358460233 0.007453327519094968
0.0022640387134577056 0.005776993907293997
0.0010066617640577813 0.004532601588035385
0.0002517288084074587 0.003766634318014936
0.0 0.0035080369743462777
0.0 0.0
0.0002517288084074587 -0.000215449264444537
0.0010066617640577813 -0.0008366805351044717
0.0022640387134577056 -0.0017908717956249293
0.00402259358460233 -0.0029650438173319913
0.006280555661802856 -0.0042185264091603595
0.009035651368646647 -0.005400172563373331
0.012285106557296477 -0.00637008489427646
0.016025649301821876 -0.007025555707340599
0.020253513192751316 -0.007330862111506563
0.02496444112952728 -0.007350501432682125
0.030153689607045786 -0.007231129576398279
0.03581603349196366 -0.007009917514923962
0.041945771283965205 -0.006691472426245693
0.04853673085668936 -0.006292654967572811
0.05558227567253826 -0.00584131352614394
0.06307531146510753 -0.005349449085233447
0.07100829338251147 -0.004819223563561079
0.0793732335844094 -0.004254189999165864
0.0881617092850836 -0.003663860374992095
0.09736487123447068 -0.003065303418713877
0.10697345262860625 -0.002478165096178669
0.116977778440511 -0.0019049073356481917
0.12736777516212267 -0.0013347011233085474
0.1381329809474649 -0.0007529834670535145
0.14926255614683936 -0.0001413908499846512
0.1607452942214339 0.0005158874483939711
0.17256963302735745 0.001204491207713247
0.18472366645773874 0.001896762435832236
0.19719515643116664 0.002560434959072119
0.20997154521440087 0.0031622612815683155
0.22303996806694482 0.0036946745409561967
0.2363872661947488 0.004164691043905574
0.25000000000000006 0.004581257784658605
0.2638644626136587 0.0049551410606440745
0.2779666936971131 0.005298876041499003
0.29229249349905695 0.005626696705787629
0.3068274371534359 0.005953904035438789
0.32155688920406433 0.0062823955074329295
0.33646601834128953 0.006597834649538815
0.35153981233586296 0.006884093289644715
0.36676309315498296 0.007124157221458524
0.38212053224528686 0.00730026326994811
0.3975966659674052 0.0073940470952635375
0.41317591116653546 0.007389704699996721
0.42884258086335814 0.007290649800800975
0.44458090004949524 0.00710853142365881
0.46037502157160654 0.006855700106140014
0.4762090420881297 0.006545065603394781
0.4920670180825969 0.006189968197736832
0.5079329819174049 0.005804022129866541
0.5237909579118721 0.005400444387082319
0.5396249784283953 0.00499192521916848
0.5554190999505066 0.004591041564444481
0.5711574191366438 0.004210159369538387
0.5868240888334664 0.003861313889728461
0.6024033340325966 0.0035560779750073326
0.6178794677547149 0.00329914018521415
0.6332369068450188 0.0030789480322319564
0.6484601876641387 0.00288187115278042
0.6635339816587122 0.0026948800351495185
0.6784431107959373 0.0025056601932956614
0.6931725628465657 0.0023027172419123818
0.7077075065009447 0.002075938742779029
0.7220333063028884 0.0018252484202173976
0.7361355373863427 0.001558927385095275
0.7500000000000012 0.0012849707897153195
0.7636127338052524 0.0010107171698885687
0.7769600319330563 0.0007428102496951827
0.7900284547856001 0.00048716897886167467
0.8028048435688343 0.0002489557586535023
0.8152763335422621 3.097463573948863e-05
0.8274303669726433 -0.00016772926228358662
0.8392547057785669 -0.0003485197223124423
0.8507374438531613 -0.0005127086715872113
0.8618670190525357 -0.0006615520972553838
0.872632224837878 -0.000796246734747939
0.8830222215594895 -0.0009179275032526334
0.8930265473713942 -0.001027665659547632
0.9026351287655296 -0.0011264343334883215
0.9118382907149167 -0.0012122550875365823
0.9206267664155909 -0.0012789904174222815
0.9289917066174888 -0.0013219930897861707
0.9369246885348927 -0.0013385367913917967
0.9444177243274618 -0.0013276171494709652
0.9514632691433107 -0.0012897432251299979
0.958054228716035 -0.0012267224668645216
0.9641839665080364 -0.0011414421292585005
0.9698463103929542 -0.0010376501482865447
0.9750355588704727 -0.0009197384196174798
0.9797464868072487 -0.0007925313505533133
0.9839743506981782 -0.0006610824506477926
0.9877148934427036 -0.0005304815918348824
0.9909643486313533 -0.0004056754075360627
0.9937194443381971 -0.0002913031134414821
0.9959774064153977 -0.00019154982245223916
0.9977359612865423 -0.00011001919483030955
0.9989933382359422 -4.962701433336129e-05
0.9997482711915926 -1.2517014596521102e-05
1.0 0.0
