1.0 0.0
0.9997482711915926 4.551266180279985e-05
0.9989933382359422 0.00018190688067479745
0.9977359612865423 0.00040875301341170863
0.9959774064153977 0.0007253404914836284
0.9937194443381971 0.0011306860138702495
0.9909643486313533 0.0016235448928971898
0.9877148934427036 0.0022024254303996253
0.9839743506981782 0.0028656061685589443
0.9797464868072487 0.00361115582830262
0.9750355588704727 0.004436955718537774
0.9698463103929542 0.005340724371994619
0.9641839665080364 0.006320044138363125
0.958054228716035 0.007372389442961163
0.9514632691433107 0.00849515639960337
0.9444177243274618 0.009685693449842311
0.9369246885348927 0.010941332687498735
0.9289917066174888 0.01225942151752226
0.9206267664155909 0.013637354291836566
0.9118382907149167 0.015072603561997404
0.9026351287655296 0.01656275058926634
0.8930265473713942 0.018105486484407612
0.8830222215594895 0.019698365105640873
0.872632224837878 0.021338874962932103
0.8618670190525357 0.023024594523625888
0.8507374438531613 0.024753210489586792
0.8392547057785669 0.026522532896114417
0.8274303669726433 0.02833050860036543
0.8152763335422621 0.030175233014470993
0.8028048435688343 0.03205495995498402
0.7900284547856001 0.033967412965378
0.7769600319330563 0.035904441007444825
0.7636127338052524 0.03785415851109313
0.7500000000000012 0.03980359595282937
0.7361355373863427 0.041738765680445315
0.7220333063028884 0.04364472081512826
0.7077075065009447 0.045505626243005255
0.6931725628465657 0.047305282861955726
0.6784431107959373 0.04903992777564136
0.6635339816587122 0.050721337233862206
0.6484601876641387 0.05236358975228548
0.6332369068450188 0.05398216485834566
0.6178794677547149 0.055593795054408264
0.6024033340325966 0.057216303386087956
0.5868240888334664 0.0588643215984436
0.5711574191366438 0.06052496144227936
0.5554190999505066 0.06217317501860448
0.5396249784283953 0.06378330678611388
0.5237909579118721 0.06532936645164747
0.5079329819174049 0.06678526999019797
0.4920670180825969 0.06812580516532976
0.4762090420881297 0.06934451447297593
0.46037502157160654 0.07045480055250801
0.44458090004949524 0.07147129153957445
0.42884258086335814 0.07240875504216529
0.41317591116653546 0.07328194614197941
0.3975966659674052 0.074105444081396
0.38212053224528686 0.07488458455378967
0.36676309315498296 0.07560066532347914
0.35153981233586296 0.0762320998472623
0.33646601834128953 0.07675877752494148
0.32155688920406433 0.07716224425312838
0.3068274371534359 0.07742586571198268
0.29229249349905695 0.07753518933645417
0.2779666936971131 0.07748260634522021
0.2638644626136587 0.07726684514659887
0.25000000000000006 0.0768881693509101
0.2363872661947488 0.07634817704961971
0.22303996806694482 0.07564979707859498
0.20997154521440087 0.07479727369301105
0.19719515643116664 0.07379610921557558
0.18472366645773874 0.07264617356002555
0.17256963302735745 0.07133446683727505
0.1607452942214339 0.06985050866730591
0.14926255614683936 0.06818857920303542
0.1381329809474649 0.0663543514309006
0.12736777516212267 0.06437984088504128
0.116977778440511 0.06230030268693196
0.10697345262860625 0.06014820472544341
0.09736487123447068 0.05795286351443141
0.0881617092850836 0.0556953860546806
0.0793732335844094 0.053283086134407145
0.07100829338251147 0.05064714231701863
0.06307531146510753 0.04779239642920405
0.05558227567253826 0.044782195733099515
0.04853673085668936 0.04167868737238809
0.041945771283965205 0.03850143709049553
0.03581603349196366 0.035200296905646015
0.030153689607045786 0.03175779195218163
0.02496444112952728 0.028196153466640627
0.020253513192751316 0.024568799415213578
0.016025649301821876 0.020952109447111837
0.012285106557296477 0.0174376075415805
0.009035651368646647 0.01412465883461165
0.006280555661802856 0.011113779114623799
0.00402259358460233 0.00850064645105973
0.0022640387134577056 0.006370894462483176
0.0010066617640577813 0.004795755946722521
0.0002517288084074587 0.0038286140982468028
0.0 0.003502506447403354
0.0 0.0
0.0002517288084074587 -0.00020051340307710946
0.0010066617640577813 -0.0007654774825514621
0.0022640387134577056 -0.0015896197647866212
0.00402259358460233 -0.002512278204825432
0.006280555661802856 -0.0033393765321113366
0.009035651368646647 -0.0038737664878418796
0.012285106557296477 -0.003953519040328477
0.016025649301821876 -0.0034976348218828768
0.020253513192751316 -0.002558537758512272
0.02496444112952728 -0.001380616289844956
0.030153689607045786 -0.00034699024550773603
0.03581603349196366 0.000452221754285451
0.041945771283965205 0.0010705278463222113
0.04853673085668936 0.0016244604347945672
0.05558227567253826 0.002280876753769255
0.06307531146510753 0.003075159644728339
0.07100829338251147 0.003947203714978811
0.0793732335844094 0.00481243083790678
0.0881617092850836 0.005611040359156832
0.09736487123447068 0.006322204699052548
0.10697345262860625 0.006928524066690344
0.116977778440511 0.007437824258145249
0.12736777516212267 0.007878826483213456
0.1381329809474649 0.008290312002031801
0.14926255614683936 0.008721495713504989
0.1607452942214339 0.009219055708952964
0.17256963302735745 0.009771085959339062
0.18472366645773874 0.010341734626954388
0.19719515643116664 0.01088873997105563
0.20997154521440087 0.011368191733560738
0.22303996806694482 0.0117691001344999
0.2363872661947488 0.012098774768075055
0.25000000000000006 0.012366569211914985
0.2638644626136587 0.012583750510542032
0.2779666936971131 0.012763447075815872
0.29229249349905695 0.012920576024110056
0.3068274371534359 0.013071240779346816
0.32155688920406433 0.013219412617042053
0.33646601834128953 0.013354473051396597
0.35153981233586296 0.013464356583068918
0.36676309315498296 0.01353634239814065
0.38212053224528686 0.013557157383229892
0.3975966659674052 0.01351308715911741
0.41317591116653546 0.013393181238247778
0.42884258086335814 0.013206045816889157
0.44458090004949524 0.01296857054444616
0.46037502157160654 0.012698343643832526
0.4762090420881297 0.012413462112851978
0.4920670180825969 0.012132353509950324
0.5079329819174049 0.011872953623381073
0.5237909579118721 0.011638708111127199
0.5396249784283953 0.011418681689839377
0.5554190999505066 0.011201376980982893
0.5711574191366438 0.010975463295744222
0.5868240888334664 0.010729891210277884
0.6024033340325966 0.010454014097562277
0.6178794677547149 0.010141616172406795
0.6332369068450188 0.009796673065534958
0.6484601876641387 0.009424649823697834
0.6635339816587122 0.009030899114810139
0.6784431107959373 0.008620620134943037
0.6931725628465657 0.00819882016455626
0.7077075065009447 0.007770277953309529
0.7220333063028884 0.007339491159068842
0.7361355373863427 0.006910651798654878
0.7500000000000012 0.006487641531718665
0.7636127338052524 0.006074011251434399
0.7769600319330563 0.005672963801998088
0.7900284547856001 0.005287340657923809
0.8028048435688343 0.004919597270309038
0.8152763335422621 0.004569439070065696
0.8274303669726433 0.004231768623937185
0.8392547057785669 0.003901639561421916
0.8507374438531613 0.0035749243119732703
0.8618670190525357 0.003248302401400305
0.872632224837878 0.002919240310643535
0.8830222215594895 0.002585963357531953
0.8930265473713942 0.002247420135454216
0.9026351287655296 0.0019032997978491203
0.9118382907149167 0.0015590493154877157
0.9206267664155909 0.001227939436377862
0.9289917066174888 0.0009210002628501637
0.9369246885348927 0.0006462021139824606
0.9444177243274618 0.00040874513613901306
0.9514632691433107 0.0002113642212029213
0.958054228716035 5.4644688249182866e-05
0.9641839665080364 -6.265584624611404e-05
0.9698463103929542 -0.00014328396652795122
0.9750355588704727 -0.00019116981464043604
0.9797464868072487 -0.00021111368358353876
0.9839743506981782 -0.00020848406431259447
0.9877148934427036 -0.00018893116097190934
0.9909643486313533 -0.0001581196436318271
0.9937194443381971 -0.00012148412359246996
0.9959774064153977 -8.401051606616512e-05
0.9977359612865423 -5.004610213801547e-05
0.9989933382359422 -2.3140720026157592e-05
0.9997482711915926 -5.9211087922923675e-06
1.0 0.0
