1.0 0.0
0.9997482711915926 7.012815166199506e-05
0.9989933382359422 0.0002795033646124469
0.9977359612865423 0.0006251280797157474
0.9959774064153977 0.0011021065441288033
0.9937194443381971 0.0017037937624101395
0.9909643486313533 0.0024220014069974267
0.9877148934427036 0.0032472580991716746
0.9839743506981782 0.004169120777592232
0.9797464868072487 0.005176533211088177
0.9750355588704727 0.006258227092446413
0.9698463103929542 0.0074031605768713525
0.9641839665080364 0.008600988608593459
0.958054228716035 0.009842558917248055
0.9514632691433107 0.011120427167056648
0.9444177243274618 0.012429384410833763
0.9369246885348927 0.013766989741084736
0.9289917066174888 0.01513410084493797
0.9206267664155909 0.0165353950606449
0.9118382907149167 0.01797987350242036
0.9026351287655296 0.01948134086826897
0.8930265473713942 0.021057148434083003
0.8830222215594895 0.022711817595903985
0.872632224837878 0.02444009891057803
0.8618670190525357 0.02623535289698471
0.8507374438531613 0.02808959994179042
0.8392547057785669 0.029993473191761724
0.8274303669726433 0.031936184531709974
0.8152763335422621 0.03390550452430713
0.8028048435688343 0.03588775706002229
0.7900284547856001 0.03786903202444832
0.7769600319330563 0.03984458323579736
0.7636127338052524 0.041815190958774374
0.7500000000000012 0.043782537392076076
0.7361355373863427 0.045749162450205126
0.7220333063028884 0.04771844556680047
0.7077075065009447 0.04969457814564236
0.6931725628465657 0.051682276310272515
0.6784431107959373 0.0536793639971715
0.6635339816587122 0.055674885410179696
0.6484601876641387 0.057656857465136324
0.6332369068450188 0.059612807646626666
0.6178794677547149 0.06152986009869116
0.6024033340325966 0.06339482789356721
0.5868240888334664 0.06519493996842302
0.5711574191366438 0.06692170444971364
0.5554190999505066 0.06856862039482946
0.5396249784283953 0.07012943725095844
0.5237909579118721 0.07159819009022947
0.5079329819174049 0.07296924062553659
0.4920670180825969 0.07423752912135963
0.4762090420881297 0.07540392891874581
0.46037502157160654 0.07647562022867972
0.44458090004949524 0.0774603743429519
0.42884258086335814 0.07836617783644448
0.41317591116653546 0.07920114800917333
0.3975966659674052 0.07997343829209407
0.38212053224528686 0.0806832834927167
0.36676309315498296 0.08130963472626919
0.35153981233586296 0.08182911376630222
0.33646601834128953 0.08222003125403604
0.32155688920406433 0.08246258446918726
0.3068274371534359 0.08253903576473695
0.29229249349905695 0.08243436253783813
0.2779666936971131 0.08214695351688162
0.2638644626136587 0.08168745645644727
0.25000000000000006 0.08106736153687975
0.2363872661947488 0.08029843809598634
0.22303996806694482 0.07939267705125436
0.20997154521440087 0.07836223451067298
0.19719515643116664 0.07721932827865788
0.18472366645773874 0.07596431708328999
0.17256963302735745 0.07457273672216896
0.1607452942214339 0.07302240296777593
0.14926255614683936 0.07129751993719019
0.1381329809474649 0.06939211062020141
0.12736777516212267 0.06731804789007485
0.116977778440511 0.06509246992975136
0.10697345262860625 0.0627342732421874
0.09736487123447068 0.06026362082652753
0.0881617092850836 0.05766675158461167
0.0793732335844094 0.054874743580936136
0.07100829338251147 0.051841111263543696
0.06307531146510753 0.04860988432973143
0.05558227567253826 0.04529578065535217
0.04853673085668936 0.0419962406603233
0.041945771283965205 0.03873580111888133
0.03581603349196366 0.035429343984971794
0.030153689607045786 0.03202751075126962
0.02496444112952728 0.0285290343012819
0.020253513192751316 0.02497093273231923
0.016025649301821876 0.021419036891935646
0.012285106557296477 0.017958983383078386
0.009035651368646647 0.014687796806811995
0.006280555661802856 0.011706175725921432
0.00402259358460233 0.009111586348806863
0.0022640387134577056 0.006992256363225712
0.0010066617640577813 0.00542214881639779
0.0002517288084074587 0.004456982573798917
0.0 0.004131351833601057
0.0 0.0
0.0002517288084074587 -0.00034739424273827653
0.0010066617640577813 -0.001334636558249091
0.0022640387134577056 -0.0028032821560563556
0.00402259358460233 -0.00451042408291652
0.006280555661802856 -0.006160140734596253
0.009035651368646647 -0.007446917581658687
0.012285106557296477 -0.008110445936058232
0.016025649301821876 -0.008001041764347192
0.020253513192751316 -0.007154775689191403
0.02496444112952728 -0.0058772630245579
0.030153689607045786 -0.004677621365781501
0.03581603349196366 -0.003684913443601765
0.041945771283965205 -0.0028541451978559124
0.04853673085668936 -0.002082765768785786
0.05558227567253826 -0.0012204807624798205
0.06307531146510753 -0.00022349177419051305
0.07100829338251147 0.0008762701013622471
0.0793732335844094 0.0020319194011730246
0.0881617092850836 0.0032025007320124017
0.09736487123447068 0.004358688058692687
0.10697345262860625 0.005468529490878124
0.116977778440511 0.0065206510858869604
0.12736777516212267 0.007519378862867613
0.1381329809474649 0.008473169327247211
0.14926255614683936 0.009394713541384466
0.1607452942214339 0.010296496361507954
0.17256963302735745 0.011171469719391808
0.18472366645773874 0.012005099359758978
0.19719515643116664 0.012781452797455232
0.20997154521440087 0.01348494205910092
0.22303996806694482 0.014112710837294729
0.2363872661947488 0.01466938229784664
0.25000000000000006 0.015161266270213884
0.2638644626136587 0.015596304639875467
0.2779666936971131 0.015984034093190075
0.29229249349905695 0.0163355316348586
0.3068274371534359 0.016662945965170924
0.32155688920406433 0.016969223822816865
0.33646601834128953 0.0172462733209526
0.35153981233586296 0.01748505152392049
0.36676309315498296 0.017676161925824024
0.38212053224528686 0.017809927097630348
0.3975966659674052 0.017876466335454297
0.41317591116653546 0.017867326828909673
0.42884258086335814 0.01778387496862634
0.44458090004949524 0.01763167604316712
0.46037502157160654 0.01741675550530191
0.4762090420881297 0.017145529291531337
0.4920670180825969 0.0168247394520073
0.5079329819174049 0.016461465520334267
0.5237909579118721 0.016064721792394546
0.5396249784283953 0.01564534439245009
0.5554190999505066 0.015214240781302164
0.5711574191366438 0.014782212203044898
0.5868240888334664 0.014359850687473084
0.6024033340325966 0.013957420890755018
0.6178794677547149 0.01357809990498832
0.6332369068450188 0.01320835862491719
0.6484601876641387 0.012832761012697693
0.6635339816587122 0.01243672509514537
0.6784431107959373 0.012006655410877792
0.6931725628465657 0.011530064003653556
0.7077075065009447 0.010996434780777576
0.7220333063028884 0.010410932075889803
0.7361355373863427 0.009791556968440642
0.7500000000000012 0.009155509101107184
0.7636127338052524 0.008518587616675819
0.7769600319330563 0.007895109151648868
0.7900284547856001 0.007297843414231397
0.8028048435688343 0.006737920826634521
0.8152763335422621 0.006217894241087123
0.8274303669726433 0.005725778507769748
0.8392547057785669 0.005249508474507028
0.8507374438531613 0.00477888143412984
0.8618670190525357 0.004305533348647336
0.872632224837878 0.003822895857503907
0.8830222215594895 0.0033261351081271917
0.8930265473713942 0.002812073614056182
0.9026351287655296 0.002279219265358155
0.9118382907149167 0.0017380769126872828
0.9206267664155909 0.0012153884438586278
0.9289917066174888 0.0007334219030153092
0.9369246885348927 0.00030827544438126594
0.9444177243274618 -4.953899339638491e-05
0.9514632691433107 -0.0003344811100780031
0.958054228716035 -0.0005453459292471311
0.9641839665080364 -0.0006846149736817948
0.9698463103929542 -0.00075780412178838
0.9750355588704727 -0.0007728172026930341
0.9797464868072487 -0.0007393141587354237
0.9839743506981782 -0.0006681022827493552
0.9877148934427036 -0.0005705586273615905
0.9909643486313533 -0.0004580911891631627
0.9937194443381971 -0.00034164589738260254
0.9959774064153977 -0.0002312657907489583
0.9977359612865423 -0.00013570805440012382
0.9989933382359422 -6.212381842527692e-05
0.9997482711915926 -1.5804798942590352e-05
1.0 0.0
