1.0 0.0
0.9997482711915926 9.932972356559622e-05
0.9989933382359422 0.0003962343805724684
0.9977359612865423 0.0008874924595670659
0.9959774064153977 0.0015678411390807605
0.9937194443381971 0.002430134434308133
0.9909643486313533 0.0034655618176776546
0.9877148934427036 0.004663924562752773
0.9839743506981782 0.006013966323541826
0.9797464868072487 0.007503753759685122
0.9750355588704727 0.009121102359373402
0.9698463103929542 0.010854042003062945
0.9641839665080364 0.012691316258454419
0.958054228716035 0.01462290890661106
0.9514632691433107 0.016640590775742776
0.9444177243274618 0.018738479607658447
0.9369246885348927 0.020913605406092127
0.9289917066174888 0.02316647351920987
0.9206267664155909 0.02550161759302162
0.9118382907149167 0.027928134499790147
0.9026351287655296 0.030460193396678416
0.8930265473713942 0.03311589813023724
0.8830222215594895 0.035901076653246856
0.872632224837878 0.03881195737650577
0.8618670190525357 0.04184374565612686
0.8507374438531613 0.04499070397165039
0.8392547057785669 0.04824611630622506
0.8274303669726433 0.05160226112422696
0.8152763335422621 0.05505039354488108
0.8028048435688343 0.05858073722681357
0.7900284547856001 0.06218251900981012
0.7769600319330563 0.06584425393151883
0.7636127338052524 0.06955367037236178
0.7500000000000012 0.07329760192185236
0.7361355373863427 0.07706202850497466
0.7220333063028884 0.08083212882957572
0.7077075065009447 0.08459234267121116
0.6931725628465657 0.08832659003416876
0.6784431107959373 0.09202332643768467
0.6635339816587122 0.09567726364440504
0.6484601876641387 0.09928390416297701
0.6332369068450188 0.10283917757947764
0.6178794677547149 0.10633943866768648
0.6024033340325966 0.10978146256729618
0.5868240888334664 0.11316239663192396
0.5711574191366438 0.11647947941764068
0.5554190999505066 0.11973018599670397
0.5396249784283953 0.12291235501176485
0.5237909579118721 0.12602417709732328
0.5079329819174049 0.1290641807440352
0.4920670180825969 0.13203085677281945
0.4762090420881297 0.1349117369871179
0.46037502157160654 0.1376815264753546
0.44458090004949524 0.14031481831038733
0.42884258086335814 0.14278708390851885
0.41317591116653546 0.14507489910417432
0.3975966659674052 0.1471561634673682
0.38212053224528686 0.14901419012993355
0.36676309315498296 0.1506458017951781
0.35153981233586296 0.1520512104357345
0.33646601834128953 0.15323162636240922
0.32155688920406433 0.1541892587997451
0.3068274371534359 0.1549273109331748
0.29229249349905695 0.1554491969959064
0.2779666936971131 0.1557373636422406
0.2638644626136587 0.15575293759221595
0.25000000000000006 0.15546125638511002
0.2363872661947488 0.15483349481802988
0.22303996806694482 0.15384682788316104
0.20997154521440087 0.1524845315429449
0.19719515643116664 0.15073601487593563
0.18472366645773874 0.14859308933483642
0.17256963302735745 0.1460444906515272
0.1607452942214339 0.1430853527874651
0.14926255614683936 0.13971879478448096
0.1381329809474649 0.13594920931921428
0.12736777516212267 0.13176301899605924
0.116977778440511 0.12715318232158043
0.10697345262860625 0.12212667998541804
0.09736487123447068 0.11670359248082313
0.0881617092850836 0.11092445159117441
0.0793732335844094 0.10485674062060282
0.07100829338251147 0.09857038722190274
0.06307531146510753 0.092044875815346
0.05558227567253826 0.08517774379126096
0.04853673085668936 0.07792336783679274
0.041945771283965205 0.07032796733856998
0.03581603349196366 0.06255680513094555
0.030153689607045786 0.05478080305485055
0.02496444112952728 0.047157111354185155
0.020253513192751316 0.039829068898627716
0.016025649301821876 0.03292619378060132
0.012285106557296477 0.026564197583585233
0.009035651368646647 0.020845016960628883
0.006280555661802856 0.01585685658776562
0.00402259358460233 0.011674238060669745
0.0022640387134577056 0.008358049877204662
0.0010066617640577813 0.005955594285582534
0.0002517288084074587 0.004500627469182055
0.0 0.004013390275545914
0.0 0.0
0.0002517288084074587 -0.0002153070302074552
0.0010066617640577813 -0.0008360048047249588
0.0022640387134577056 -0.00178897535145893
0.00402259358460233 -0.002960827258525076
0.006280555661802856 -0.004210482356372297
0.009035651368646647 -0.0053865561167089826
0.012285106557296477 -0.00634929384330936
0.016025649301821876 -0.006996761048698759
0.020253513192751316 -0.007294925895848976
0.02496444112952728 -0.007311214876386556
0.030153689607045786 -0.00719201618146224
0.03581603349196366 -0.006942665246662801
0.041945771283965205 -0.006506941905310547
0.04853673085668936 -0.005814152304586285
0.05558227567253826 -0.004782187779013201
0.06307531146510753 -0.0033557829803526023
0.07100829338251147 -0.0015000800014893143
0.0793732335844094 0.0008153510844041151
0.0881617092850836 0.0036615120449693386
0.09736487123447068 0.007164240967879996
0.10697345262860625 0.011460709692337263
0.116977778440511 0.016600986457678893
0.12736777516212267 0.022567786012318878
0.1381329809474649 0.02932229713589855
0.14926255614683936 0.03680340391103638
0.1607452942214339 0.04490903958820814
0.17256963302735745 0.05342683773342029
0.18472366645773874 0.06207749236105295
0.19719515643116664 0.07053456674797905
0.20997154521440087 0.07845878793107659
0.22303996806694482 0.08571450428150176
0.2363872661947488 0.09226466846797532
0.25000000000000006 0.09807812645836188
0.2638644626136587 0.10312943757340132
0.2779666936971131 0.10739899012975446
0.29229249349905695 0.11087306851970845
0.3068274371534359 0.1135453307736756
0.32155688920406433 0.11544585118472998
0.33646601834128953 0.1166418652831456
0.35153981233586296 0.11721158660817212
0.36676309315498296 0.1172424475803379
0.38212053224528686 0.11683029502294551
0.3975966659674052 0.1160784988213378
0.41317591116653546 0.11508403065796301
0.42884258086335814 0.11387858317773905
0.44458090004949524 0.11247212050341578
0.46037502157160654 0.11087569375968029
0.4762090420881297 0.10910135087116386
0.4920670180825969 0.1071620233495251
0.5079329819174049 0.10507125582075146
0.5237909579118721 0.10284044726939166
0.5396249784283953 0.1004790983538182
0.5554190999505066 0.09799710090543054
0.5711574191366438 0.09540474720615001
0.5868240888334664 0.0927126555930268
0.6024033340325966 0.08993169832454208
0.6178794677547149 0.08707343815695029
0.6332369068450188 0.08415065584385015
0.6484601876641387 0.08117623366915212
0.6635339816587122 0.07816291119481796
0.6784431107959373 0.07512320446510819
0.6931725628465657 0.07206932977544478
0.7077075065009447 0.0690127801036044
0.7220333063028884 0.06595877864836037
0.7361355373863427 0.06290782976929307
0.7500000000000012 0.05986081190480499
0.7636127338052524 0.05681914755921157
0.7769600319330563 0.05378481002128356
0.7900284547856001 0.05076032423928365
0.8028048435688343 0.04774880853963926
0.8152763335422621 0.04475936032895177
0.8274303669726433 0.04181096341762316
0.8392547057785669 0.0389218166061866
0.8507374438531613 0.03610801912661502
0.8618670190525357 0.033383585572069795
0.872632224837878 0.030760481879425546
0.8830222215594895 0.02824868126523062
0.8930265473713942 0.025856238833038225
0.9026351287655296 0.02358929909347174
0.9118382907149167 0.021446064928629657
0.9206267664155909 0.019414835837432746
0.9289917066174888 0.017485771802003253
0.9369246885348927 0.015651831743249772
0.9444177243274618 0.013908508467619488
0.9514632691433107 0.01225354907126924
0.958054228716035 0.01068666503215497
0.9641839665080364 0.009209236250603057
0.9698463103929542 0.007824013283437355
0.9750355588704727 0.006534821956135141
0.9797464868072487 0.005346274432655495
0.9839743506981782 0.00426349067483677
0.9877148934427036 0.00329183403431348
0.9909643486313533 0.0024366644918785646
0.9937194443381971 0.0017031127946033199
0.9959774064153977 0.0010958784426718824
0.9977359612865423 0.0006190541489519404
0.9989933382359422 0.00027597903827218266
0.9997482711915926 6.912247392461829e-05
1.0 0.0
