1.0 0.0013
0.9997482711915926 0.0014106399001629665
0.9989933382359422 0.0017418873341262474
0.9977359612865423 0.002291744620238888
0.9959774064153977 0.0030569457754455326
0.9937194443381971 0.004033050907085847
0.9909643486313533 0.0052145766947502325
0.9877148934427036 0.006595161316035474
0.9839743506981782 0.008167761728790059
0.9797464868072487 0.00992488080260995
0.9750355588704727 0.01185882139828598
0.9698463103929542 0.013961964129703014
0.9641839665080364 0.016227065212167005
0.958054228716035 0.01864757050777012
0.9514632691433107 0.021217941625336537
0.9444177243274618 0.023933989722464424
0.9369246885348927 0.026793212492533407
0.9289917066174888 0.02979512970217698
0.9206267664155909 0.032941612576076
0.9118382907149167 0.036237202306988923
0.9026351287655296 0.03968941300019026
0.8930265473713942 0.04330746817815118
0.8830222215594895 0.04708751501464269
0.872632224837878 0.051015353796289555
0.8618670190525357 0.05507381057467018
0.8507374438531613 0.05924271019632158
0.8392547057785669 0.06349878202543521
0.8274303669726433 0.0678155950211084
0.8152763335422621 0.07216352408595599
0.8028048435688343 0.0765097493159633
0.7900284547856001 0.0808209977196778
0.7769600319330563 0.08508435410518721
0.7636127338052524 0.08929905479749048
0.7500000000000012 0.09346637600948145
0.7361355373863427 0.09758955308340755
0.7220333063028884 0.10167375282656795
0.7077075065009447 0.105726025269111
0.6931725628465657 0.1097548519911563
0.6784431107959373 0.11375911196589801
0.6635339816587122 0.11772543715629785
0.6484601876641387 0.1216395546027229
0.6332369068450188 0.1254870200526149
0.6178794677547149 0.12925329987053613
0.6024033340325966 0.13292385690186775
0.5868240888334664 0.1364840804274523
0.5711574191366438 0.13991845067306607
0.5554190999505066 0.1432112342620529
0.5396249784283953 0.1463470282614401
0.5237909579118721 0.14931087411112348
0.5079329819174049 0.15208837019720695
0.4920670180825969 0.15466610761632105
0.4762090420881297 0.15703958217757963
0.46037502157160654 0.15921361200309211
0.44458090004949524 0.16119414684351435
0.42884258086335814 0.16298779099151034
0.41317591116653546 0.16460172813771273
0.3975966659674052 0.16604362856929794
0.38212053224528686 0.16731171756027097
0.36676309315498296 0.16837875610513073
0.35153981233586296 0.1692153056432188
0.33646601834128953 0.1697945183193121
0.32155688920406433 0.170092390330739
0.3068274371534359 0.1700879881121175
0.29229249349905695 0.1697635279708559
0.2779666936971131 0.16910214883919228
0.2638644626136587 0.16808839861506486
0.25000000000000006 0.16671088376273627
0.2363872661947488 0.16496246848251886
0.22303996806694482 0.16284032671735574
0.20997154521440087 0.16034595296392587
0.19719515643116664 0.1574850517388428
0.18472366645773874 0.15425072569392992
0.17256963302735745 0.1506063639230588
0.1607452942214339 0.14652275342777282
0.14926255614683936 0.1419833533948815
0.1381329809474649 0.13697964349984043
0.12736777516212267 0.13150135234276736
0.116977778440511 0.12555002220922631
0.10697345262860625 0.11914176590312489
0.09736487123447068 0.11230448591618644
0.0881617092850836 0.10489126625048202
0.0793732335844094 0.09648036521718252
0.07100829338251147 0.08677324978331165
0.06307531146510753 0.07590943533702058
0.05558227567253826 0.06436051568511907
0.04853673085668936 0.05253824719816748
0.041945771283965205 0.0409858620826612
0.03581603349196366 0.03051127867968885
0.030153689607045786 0.021670435688920128
0.02496444112952728 0.014743334681713759
0.020253513192751316 0.009785355715142838
0.016025649301821876 0.006676875230240072
0.012285106557296477 0.005170484637640619
0.009035651368646647 0.004935150414172621
0.006280555661802856 0.005596705902430922
0.00402259358460233 0.006774120782886239
0.0022640387134577056 0.008111055773905505
0.0010066617640577813 0.009302276852639922
0.0002517288084074587 0.010114574473047295
0.0 0.010401908137672113
0.0 0.0
0.0002517288084074587 -0.00011946949819838591
0.0010066617640577813 -0.00046136796667070384
0.0022640387134577056 -0.0009780341663802867
0.00402259358460233 -0.0015962366471116423
0.006280555661802856 -0.0022263906301862235
0.009035651368646647 -0.0027752845250681264
0.012285106557296477 -0.0031621411910598488
0.016025649301821876 -0.003337792249265082
0.020253513192751316 -0.0033066992737461926
0.02496444112952728 -0.0031515140159965693
0.030153689607045786 -0.0030120105827821327
0.03581603349196366 -0.002909358383379407
0.041945771283965205 -0.0028079596201301496
0.04853673085668936 -0.0026492069419218733
0.05558227567253826 -0.0023564864126789926
0.06307531146510753 -0.0019030879714595716
0.07100829338251147 -0.0012995427083913758
0.0793732335844094 -0.0005692242776635145
0.0881617092850836 0.00023016707450580428
0.09736487123447068 0.0009984493875346535
0.10697345262860625 0.0016187504275812952
0.116977778440511 0.0020805578394735695
0.12736777516212267 0.002455293027788907
0.1381329809474649 0.0028365236255053863
0.14926255614683936 0.0033402870708505892
0.1607452942214339 0.004078427140050082
0.17256963302735745 0.005042284534618283
0.18472366645773874 0.006174076601675328
0.19719515643116664 0.007403467883099317
0.20997154521440087 0.008655632218803203
0.22303996806694482 0.009910828169471114
0.2363872661947488 0.011179470408173332
0.25000000000000006 0.012473877870271618
0.2638644626136587 0.01380804478115285
0.2779666936971131 0.015197570590602158
0.29229249349905695 0.016659570419287947
0.3068274371534359 0.018211641260801905
0.32155688920406433 0.019847499496270217
0.33646601834128953 0.0215324204047419
0.35153981233586296 0.02322757935592762
0.36676309315498296 0.02489165242427218
0.38212053224528686 0.026481149334447403
0.3975966659674052 0.02795077443573656
0.41317591116653546 0.02926156930222223
0.42884258086335814 0.03042340115845406
0.44458090004949524 0.0314666950671671
0.46037502157160654 0.03242333512181551
0.4762090420881297 0.0333262922636987
0.4920670180825969 0.03420928518547052
0.5079329819174049 0.03510503067445272
0.5237909579118721 0.03601472164545298
0.5396249784283953 0.03690836726045681
0.5554190999505066 0.03775498143596673
0.5711574191366438 0.03852421627476901
0.5868240888334664 0.03918665833617437
0.6024033340325966 0.03971414018014872
0.6178794677547149 0.04008913432927852
0.6332369068450188 0.040318050690597275
0.6484601876641387 0.04041110995865886
0.6635339816587122 0.04037868017883413
0.6784431107959373 0.040231198702082596
0.6931725628465657 0.03997909721017706
0.7077075065009447 0.039632332482843986
0.7220333063028884 0.03919319898830558
0.7361355373863427 0.038657820608138355
0.7500000000000012 0.03802323925602434
0.7636127338052524 0.03728769961078898
0.7769600319330563 0.036450663499299936
0.7900284547856001 0.0355128126131597
0.8028048435688343 0.03447604378807759
0.8152763335422621 0.03334406840098107
0.8274303669726433 0.03212290627094565
0.8392547057785669 0.030819553530839483
0.8507374438531613 0.029441759633180513
0.8618670190525357 0.027997969750457204
0.872632224837878 0.026497260896186856
0.8830222215594895 0.024949272298125335
0.8930265473713942 0.023364130607087797
0.9026351287655296 0.021752344434206646
0.9118382907149167 0.020122563655900927
0.9206267664155909 0.018480620957974137
0.9289917066174888 0.016833673189103383
0.9369246885348927 0.01519042524283089
0.9444177243274618 0.013560888312201288
0.9514632691433107 0.011956130623370394
0.958054228716035 0.010388023723668491
0.9641839665080364 0.00886898740926238
0.9698463103929542 0.007411736355942805
0.9750355588704727 0.006029031464007208
0.9797464868072487 0.004733438845347298
0.9839743506981782 0.0035370992686119965
0.9877148934427036 0.002451510737896222
0.9909643486313533 0.0014873267132743389
0.9937194443381971 0.000654172289368767
0.9959774064153977 -3.951956702218139e-05
0.9977359612865423 -0.0005866498552515644
0.9989933382359422 -0.0009815718446578154
0.9997482711915926 -0.0012201845039556652
1.0 -0.0013
