1.0 0.00055
0.9997482711915926 0.0006135010747513862
0.9989933382359422 0.0008038005640993673
0.9977359612865423 0.0011202913349487808
0.9959774064153977 0.001561975021299802
0.9937194443381971 0.002127482134937444
0.9909643486313533 0.002815099876109718
0.9877148934427036 0.0036228073041124275
0.9839743506981782 0.004548317436494684
0.9797464868072487 0.005589125758788767
0.9750355588704727 0.006742564545143103
0.9698463103929542 0.008005862314834526
0.9641839665080364 0.009376207681142227
0.958054228716035 0.01085081678819236
0.9514632691433107 0.01242700347877668
0.9444177243274618 0.01410225129237216
0.9369246885348927 0.01587428635812411
0.9289917066174888 0.01774115022279149
0.9206267664155909 0.01970127163889024
0.9118382907149167 0.021753536333711198
0.9026351287655296 0.023897353785633516
0.8930265473713942 0.026132585376336524
0.8830222215594895 0.028457404879414477
0.872632224837878 0.030868131047888624
0.8618670190525357 0.033360695875858964
0.8507374438531613 0.035930684530697234
0.8392547057785669 0.03857333113511052
0.8274303669726433 0.04128351729728616
0.8152763335422621 0.044055773552036555
0.8028048435688343 0.04688428384967928
0.7900284547856001 0.04976315625213761
0.7769600319330563 0.052690697461541765
0.7636127338052524 0.05566933187161771
0.7500000000000012 0.05870239050391436
0.7361355373863427 0.061793988659786005
0.7220333063028884 0.06494899565095495
0.7077075065009447 0.06817299501196564
0.6931725628465657 0.07147218911833382
0.6784431107959373 0.0748443101486018
0.6635339816587122 0.07826678215136108
0.6484601876641387 0.08171278110377532
0.6332369068450188 0.08515393678654382
0.6178794677547149 0.08856054351438755
0.6024033340325966 0.09190178816997313
0.5868240888334664 0.09514669337046255
0.5711574191366438 0.09827822827702991
0.5554190999505066 0.10129320001108731
0.5396249784283953 0.10418950702502787
0.5237909579118721 0.10696560594429437
0.5079329819174049 0.10962049517340894
0.4920670180825969 0.11215368484129282
0.4762090420881297 0.11455667182647251
0.46037502157160654 0.11679786082792104
0.44458090004949524 0.11884250571697863
0.42884258086335814 0.12065713754892715
0.41317591116653546 0.12220988761123698
0.3975966659674052 0.12347079806617614
0.38212053224528686 0.12441432768020717
0.36676309315498296 0.12503782225865837
0.35153981233586296 0.12535129192381664
0.33646601834128953 0.12536586849262268
0.32155688920406433 0.12509361968738134
0.3068274371534359 0.12454747836811111
0.29229249349905695 0.12374116796664628
0.2779666936971131 0.12268334896521525
0.2638644626136587 0.12136577961549479
0.25000000000000006 0.11977959392901964
0.2363872661947488 0.11791923717086854
0.22303996806694482 0.11578250850833446
0.20997154521440087 0.11337057137436687
0.19719515643116664 0.11068793157732479
0.18472366645773874 0.10774725456328288
0.17256963302735745 0.10460379522794785
0.1607452942214339 0.10132841724829734
0.14926255614683936 0.09798487519296387
0.1381329809474649 0.09462522932210089
0.12736777516212267 0.0912337289050232
0.116977778440511 0.08775656873642781
0.10697345262860625 0.08415406857084065
0.09736487123447068 0.0804011289122247
0.0881617092850836 0.07649416428336141
0.0793732335844094 0.07249022500263506
0.07100829338251147 0.06846147647539859
0.06307531146510753 0.06444800436672196
0.05558227567253826 0.06041499887223145
0.04853673085668936 0.05633522826063081
0.041945771283965205 0.052199189822061134
0.03581603349196366 0.04797213283674337
0.030153689607045786 0.04363880304154021
0.02496444112952728 0.03922587821516498
0.020253513192751316 0.03479305509150877
0.016025649301821876 0.03042427252887112
0.012285106557296477 0.02621937010093127
0.009035651368646647 0.022286295633658686
0.006280555661802856 0.018733966686219964
0.00402259358460233 0.01566588135154776
0.0022640387134577056 0.013174563136418528
0.0010066617640577813 0.011336913183976628
0.0002517288084074587 0.010210530844437984
0.0 0.00983105071025241
0.0 0.0
0.0002517288084074587 -0.0005621563898786752
0.0010066617640577813 -0.0021878401995925785
0.0022640387134577056 -0.004700939589536058
0.00402259358460233 -0.007828663978015854
0.006280555661802856 -0.011232341217299638
0.009035651368646647 -0.014549943733446676
0.012285106557296477 -0.017449761145217367
0.016025649301821876 -0.019694480975826587
0.020253513192751316 -0.021214790922465677
0.02496444112952728 -0.022191477321962083
0.030153689607045786 -0.023079908209643358
0.03581603349196366 -0.02409576398981391
0.041945771283965205 -0.02523539079465599
0.04853673085668936 -0.02648541676148692
0.05558227567253826 -0.027821213957020845
0.06307531146510753 -0.029170625063490465
0.07100829338251147 -0.030403007208285145
0.0793732335844094 -0.03134764920655693
0.0881617092850836 -0.031926520243660376
0.09736487123447068 -0.032291747766223795
0.10697345262860625 -0.03266812652653629
0.116977778440511 -0.03316828253843532
0.12736777516212267 -0.03376199218164447
0.1381329809474649 -0.03440293082328105
0.14926255614683936 -0.03503324985023342
0.1607452942214339 -0.03558934999647671
0.17256963302735745 -0.03604941615503098
0.18472366645773874 -0.03641643184465446
0.19719515643116664 -0.03669591284653444
0.20997154521440087 -0.03689534404358143
0.22303996806694482 -0.037018210861386396
0.2363872661947488 -0.037064771158396244
0.25000000000000006 -0.03703611060833871
0.2638644626136587 -0.0369342400914656
0.2779666936971131 -0.036762088032475035
0.29229249349905695 -0.036523483729527316
0.3068274371534359 -0.03622304367125724
0.32155688920406433 -0.03586085488720552
0.33646601834128953 -0.03542894433784467
0.35153981233586296 -0.034918396025163514
0.36676309315498296 -0.034320102577016266
0.38212053224528686 -0.03362483761138653
0.3975966659674052 -0.032823332208737774
0.41317591116653546 -0.031908164443474746
0.42884258086335814 -0.0308889184669113
0.44458090004949524 -0.029785061935456353
0.46037502157160654 -0.02861701857305489
0.4762090420881297 -0.027405886475753448
0.4920670180825969 -0.026173236961976435
0.5079329819174049 -0.024940706478320692
0.5237909579118721 -0.023722756129077767
0.5396249784283953 -0.022524725395786278
0.5554190999505066 -0.02135127469914026
0.5711574191366438 -0.020206921047048885
0.5868240888334664 -0.01909600270304395
0.6024033340325966 -0.018022645156881328
0.6178794677547149 -0.016990659287463107
0.6332369068450188 -0.016003374718164803
0.6484601876641387 -0.015063792572752727
0.6635339816587122 -0.01417460335386249
0.6784431107959373 -0.013338166503146188
0.6931725628465657 -0.012556492646514147
0.7077075065009447 -0.011831081853084452
0.7220333063028884 -0.01115961918819096
0.7361355373863427 -0.010536279593973154
0.7500000000000012 -0.009955379136701822
0.7636127338052524 -0.009411578396629304
0.7769600319330563 -0.008899913264374702
0.7900284547856001 -0.008415820568086669
0.8028048435688343 -0.007955162477363737
0.8152763335422621 -0.007515208561351373
0.8274303669726433 -0.007095688185804217
0.8392547057785669 -0.006696590690080701
0.8507374438531613 -0.006317829356153119
0.8618670190525357 -0.005959245454848692
0.872632224837878 -0.005620612828946452
0.8830222215594895 -0.005301642970341975
0.8930265473713942 -0.0050019905441368835
0.9026351287655296 -0.0047212356507826524
0.9118382907149167 -0.004456267773465005
0.9206267664155909 -0.00419984184482956
0.9289917066174888 -0.0039461210683374316
0.9369246885348927 -0.003691170240848838
0.9444177243274618 -0.0034327683935061856
0.9514632691433107 -0.003170211861883896
0.958054228716035 -0.0029041106796994366
0.9641839665080364 -0.0026361812092578836
0.9698463103929542 -0.002369037909767363
0.9750355588704727 -0.002105987102022836
0.9797464868072487 -0.0018508255153136133
0.9839743506981782 -0.0016076463006575708
0.9877148934427036 -0.001380655064772729
0.9909643486313533 -0.0011739983230038718
0.9937194443381971 -0.0009916065884198978
0.9959774064153977 -0.0008370541104172283
0.9977359612865423 -0.0007134370515529929
0.9989933382359422 -0.0006232716483361918
0.9997482711915926 -0.000568413642846301
1.0 -0.00055
