1.0 0.0
0.9997482711915926 2.255642578644042e-05
0.9989933382359422 9.097382977766369e-05
0.9977359612865423 0.00020746907541938626
0.9959774064153977 0.00037564556335574836
0.9937194443381971 0.0006003573942621512
0.9909643486313533 0.0008875216248862177
0.9877148934427036 0.00124388101542732
0.9839743506981782 0.0016767203091079667
0.9797464868072487 0.0021935396962280487
0.9750355588704727 0.002801689688807574
0.9698463103929542 0.0035079721621340447
0.9641839665080364 0.0043182128005762425
0.958054228716035 0.005236810611811855
0.9514632691433107 0.00626627054157052
0.9444177243274618 0.007406725526104401
0.9369246885348927 0.00865545455845933
0.9289917066174888 0.010006403514457592
0.9206267664155909 0.011449715583011798
0.9118382907149167 0.012971278171545544
0.9026351287655296 0.014552293110174527
0.8930265473713942 0.016170365626465143
0.8830222215594895 0.01781318176857001
0.872632224837878 0.019475644457536797
0.8618670190525357 0.021153037899311347
0.8507374438531613 0.022840990595606923
0.8392547057785669 0.02453551516455479
0.8274303669726433 0.02623304423337538
0.8152763335422621 0.027930462033304303
0.8028048435688343 0.029625131366472005
0.7900284547856001 0.03131474652968098
0.7769600319330563 0.032996109566472545
0.7636127338052524 0.034665663760056115
0.7500000000000012 0.0363200965724492
0.7361355373863427 0.037956354847491054
0.7220333063028884 0.039571653984196584
0.7077075065009447 0.041163484806035
0.6931725628465657 0.04272955195042541
0.6784431107959373 0.0442660244924108
0.6635339816587122 0.04576720605500706
0.6484601876641387 0.04722731127615052
0.6332369068450188 0.04864059114578693
0.6178794677547149 0.05000136428718335
0.6024033340325966 0.05130404915328661
0.5868240888334664 0.05254434537445511
0.5711574191366438 0.053725571727087286
0.5554190999505066 0.05485443535027033
0.5396249784283953 0.0559381172364781
0.5237909579118721 0.056984181646880516
0.5079329819174049 0.05800048931234534
0.4920670180825969 0.058994459021994766
0.4762090420881297 0.05995871134979606
0.46037502157160654 0.060871133850451425
0.44458090004949524 0.061709367135808026
0.42884258086335814 0.062451671328294045
0.41317591116653546 0.06307713798461603
0.3975966659674052 0.06356591144231041
0.38212053224528686 0.06390615825460137
0.36676309315498296 0.06410418219715586
0.35153981233586296 0.06416928576433624
0.33646601834128953 0.06411095365578501
0.32155688920406433 0.06393878245706956
0.3068274371534359 0.06366241280645903
0.29229249349905695 0.06329123632344355
0.2779666936971131 0.0628301439914631
0.2638644626136587 0.06228032503375878
0.25000000000000006 0.061643469399993274
0.2363872661947488 0.060921923799562405
0.22303996806694482 0.060118683705271965
0.20997154521440087 0.0592373799670813
0.19719515643116664 0.05828227633399306
0.18472366645773874 0.05726078674942446
0.17256963302735745 0.05618567893386698
0.1607452942214339 0.05506968656762767
0.14926255614683936 0.05392474691234906
0.1381329809474649 0.05274273023412047
0.12736777516212267 0.05145805315160887
0.116977778440511 0.05000817654793317
0.10697345262860625 0.04834719242267909
0.09736487123447068 0.0464455052992687
0.0881617092850836 0.04433677669771651
0.0793732335844094 0.0421370817686376
0.07100829338251147 0.039948660041719646
0.06307531146510753 0.037850776861351396
0.05558227567253826 0.03590189353258799
0.04853673085668936 0.034141912582864545
0.041945771283965205 0.03250535831005323
0.03581603349196366 0.03077569442589404
0.030153689607045786 0.028808207896275716
0.02496444112952728 0.02654380145160634
0.020253513192751316 0.023992568119282822
0.016025649301821876 0.021217914340281623
0.012285106557296477 0.018321454952802463
0.009035651368646647 0.015428889814603214
0.006280555661802856 0.012677056116222107
0.00402259358460233 0.010202332681042158
0.0022640387134577056 0.008130552946049816
0.0010066617640577813 0.006568562077839206
0.0002517288084074587 0.00559753102630593
0.0 0.005268116491482228
0.0 0.0
0.0002517288084074587 -0.0005405032014032645
0.0010066617640577813 -0.0021127245906598846
0.0022640387134577056 -0.004573865124016108
0.00402259358460233 -0.007702742786125596
0.006280555661802856 -0.011224776586838063
0.009035651368646647 -0.014846485569048905
0.012285106557296477 -0.018299030261448777
0.016025649301821876 -0.021390197528257597
0.020253513192751316 -0.024064109576113834
0.02496444112952728 -0.02644901809238081
0.030153689607045786 -0.028632555224988327
0.03581603349196366 -0.03060395707688822
0.041945771283965205 -0.03240093950683619
0.04853673085668936 -0.03412612507670737
0.05558227567253826 -0.035937753468053585
0.06307531146510753 -0.037888961440297096
0.07100829338251147 -0.03996156835558656
0.0793732335844094 -0.04212843619628898
0.0881617092850836 -0.04432569811797694
0.09736487123447068 -0.046442841820212036
0.10697345262860625 -0.04835228569924685
0.116977778440511 -0.050016155073504626
0.12736777516212267 -0.05146510252998188
0.1381329809474649 -0.05274654423625908
0.14926255614683936 -0.053924942195636996
0.1607452942214339 -0.055067809804256115
0.17256963302735745 -0.05618341748333278
0.18472366645773874 -0.057259283402281494
0.19719515643116664 -0.058282012382921446
0.20997154521440087 -0.05923813102785959
0.22303996806694482 -0.06012001408352361
0.2363872661947488 -0.06092345636917268
0.25000000000000006 -0.06164489981955842
0.2638644626136587 -0.062281434076795594
0.2779666936971131 -0.06283080948644876
0.29229249349905695 -0.06329144456877889
0.3068274371534359 -0.06366226666199329
0.32155688920406433 -0.06393843806247035
0.33646601834128953 -0.06411054294875429
0.35153981233586296 -0.0641689096564604
0.36676309315498296 -0.06410390784838886
0.38212053224528686 -0.0639060166411273
0.3975966659674052 -0.063565895245698
0.41317591116653546 -0.0630772049618391
0.42884258086335814 -0.06245177623637283
0.44458090004949524 -0.06170947497962497
0.46037502157160654 -0.06087122035417018
0.4762090420881297 -0.05995876329013522
0.4920670180825969 -0.058994474451159226
0.5079329819174049 -0.05800047736799534
0.5237909579118721 -0.05698415565030709
0.5396249784283953 -0.05593808774892802
0.5554190999505066 -0.05485440985774645
0.5711574191366438 -0.053725554655938604
0.5868240888334664 -0.05254433813703431
0.6024033340325966 -0.05130405022518831
0.6178794677547149 -0.05000137022286118
0.6332369068450188 -0.04864059895535876
0.6484601876641387 -0.04722731877095031
0.6635339816587122 -0.04576721181745808
0.6784431107959373 -0.044266027839332804
0.6931725628465657 -0.04272955289027297
0.7077075065009447 -0.041163483970814284
0.7220333063028884 -0.03957165219291193
0.7361355373863427 -0.03795635273959859
0.7500000000000012 -0.03632009460691218
0.7636127338052524 -0.03466566222922912
0.7769600319330563 -0.0329961086108763
0.7900284547856001 -0.03131474615348703
0.8028048435688343 -0.02962513145377461
0.8152763335422621 -0.027930462405476687
0.8274303669726433 -0.02623304474237936
0.8392547057785669 -0.024535515700394164
0.8507374438531613 -0.022840991082053758
0.8618670190525357 -0.02115303828964519
0.872632224837878 -0.019475644730342176
0.8830222215594895 -0.01781318192363531
0.8930265473713942 -0.01617036568082324
0.9026351287655296 -0.014552293094250589
0.9118382907149167 -0.012971278119355606
0.9206267664155909 -0.011449715519996363
0.9289917066174888 -0.010006403457786237
0.9369246885348927 -0.008655454518555164
0.9444177243274618 -0.007406725508045394
0.9514632691433107 -0.006266270546359932
0.958054228716035 -0.005236810637512024
0.9641839665080364 -0.00431821284330219
0.9698463103929542 -0.003507972216905424
0.9750355588704727 -0.002801689750259603
0.9797464868072487 -0.0021935397591841144
0.9839743506981782 -0.0016767203690185328
0.9877148934427036 -0.0012438810686816741
0.9909643486313533 -0.0008875216690053236
0.9937194443381971 -0.0006003574279825247
0.9959774064153977 -0.0003756455866157426
0.9977359612865423 -0.0002074690892605905
0.9989933382359422 -9.097383617525573e-05
0.9997482711915926 -2.2556427423280535e-05
1.0 0.0
