1.0 0.0
0.9997482711915926 0.00011951364528481044
0.9989933382359422 0.00047558923741840677
0.9977359612865423 0.001060900016093133
0.9959774064153977 0.0018634647589629
0.9937194443381971 0.0028669898545732476
0.9909643486313533 0.004051342247209663
0.9877148934427036 0.005393147369338458
0.9839743506981782 0.006866504599482676
0.9797464868072487 0.008443811281741279
0.9750355588704727 0.010096684933168603
0.9698463103929542 0.011796971961447168
0.9641839665080364 0.013517830031276289
0.958054228716035 0.015234870166071285
0.9514632691433107 0.016927343763084975
0.9444177243274618 0.01857935894470665
0.9369246885348927 0.02018111007479106
0.9289917066174888 0.02173010384319561
0.9206267664155909 0.02323236506942645
0.9118382907149167 0.024703605300914547
0.9026351287655296 0.026170337384758314
0.8930265473713942 0.02766764806600113
0.8830222215594895 0.029207952191160513
0.872632224837878 0.030787017881707377
0.8618670190525357 0.03240018389254023
0.8507374438531613 0.03404257507512239
0.8392547057785669 0.03570911018252215
0.8274303669726433 0.03739451140153957
0.8152763335422621 0.03909331566953859
0.8028048435688343 0.04079988781732806
0.7900284547856001 0.04250889208883084
0.7769600319330563 0.04421881557818712
0.7636127338052524 0.04593058664232489
0.7500000000000012 0.04764585906318621
0.7361355373863427 0.04936699062205035
0.7220333063028884 0.051097026428722214
0.7077075065009447 0.05283967446368166
0.6931725628465657 0.054599051770912725
0.6784431107959373 0.056373288088715647
0.6635339816587122 0.058152992574739625
0.6484601876641387 0.059927870129868416
0.6332369068450188 0.061687172533231666
0.6178794677547149 0.06341977278520154
0.6024033340325966 0.06511424495845534
0.5868240888334664 0.06675913837658945
0.5711574191366438 0.06834417247101182
0.5554190999505066 0.0698596127773108
0.5396249784283953 0.0712958296208642
0.5237909579118721 0.07264337286798773
0.5079329819174049 0.07389304889848371
0.4920670180825969 0.07503618429882122
0.4762090420881297 0.07606921361302499
0.46037502157160654 0.07699394171796611
0.44458090004949524 0.07781281392178471
0.42884258086335814 0.07852865185324956
0.41317591116653546 0.07914462263727745
0.3975966659674052 0.07966420018973078
0.38212053224528686 0.0800869819243065
0.36676309315498296 0.08040194085836985
0.35153981233586296 0.08059722377610673
0.33646601834128953 0.08066216742252405
0.32155688920406433 0.08058740326208516
0.3068274371534359 0.08036495032300274
0.29229249349905695 0.07998836375457204
0.2779666936971131 0.0794541976704513
0.2638644626136587 0.07876185191384452
0.25000000000000006 0.07791212264371843
0.2363872661947488 0.07690714748625868
0.22303996806694482 0.07575040101662153
0.20997154521440087 0.07444667854770183
0.19719515643116664 0.07300207311619658
0.18472366645773874 0.07142492750658182
0.17256963302735745 0.06972678586364728
0.1607452942214339 0.06792013044501059
0.14926255614683936 0.06601798833696557
0.1381329809474649 0.06403115902051028
0.12736777516212267 0.06196229866811812
0.116977778440511 0.05981480388759569
0.10697345262860625 0.05759492510026978
0.09736487123447068 0.055311091026840876
0.0881617092850836 0.05292487868628795
0.0793732335844094 0.0503247740977478
0.07100829338251147 0.047432309348622546
0.06307531146510753 0.04431939270530882
0.05558227567253826 0.041170585803252856
0.04853673085668936 0.03813244658144703
0.041945771283965205 0.035245856460040303
0.03581603349196366 0.03240840098562957
0.030153689607045786 0.029549047670786154
0.02496444112952728 0.026644027838985174
0.020253513192751316 0.02370760854863895
0.016025649301821876 0.02078317427782039
0.012285106557296477 0.017934743424677622
0.009035651368646647 0.015239037107897733
0.006280555661802856 0.012778208945134433
0.00402259358460233 0.010633334540978485
0.0022640387134577056 0.008878748436684684
0.0010066617640577813 0.007577304378258343
0.0002517288084074587 0.0067766220732330875
0.0 0.00650637026268774
0.0 0.0
0.0002517288084074587 -0.00026830857411134346
0.0010066617640577813 -0.001048363940684603
0.0022640387134577056 -0.0022675233977823652
0.00402259358460233 -0.0038112504843051858
0.006280555661802856 -0.005532824538334211
0.009035651368646647 -0.007266750062603494
0.012285106557296477 -0.008845684189352557
0.016025649301821876 -0.010120651893219037
0.020253513192751316 -0.01098427236864238
0.02496444112952728 -0.011396676655717603
0.030153689607045786 -0.0113906077558526
0.03581603349196366 -0.011000057015581792
0.041945771283965205 -0.010307059974607667
0.04853673085668936 -0.009476317095170264
0.05558227567253826 -0.008736825333597362
0.06307531146510753 -0.008124763177058812
0.07100829338251147 -0.007529728743350816
0.0793732335844094 -0.006798424918455303
0.0881617092850836 -0.005881072516418699
0.09736487123447068 -0.00487829827128479
0.10697345262860625 -0.003920141492827366
0.116977778440511 -0.0030574752012086483
0.12736777516212267 -0.002283176272358352
0.1381329809474649 -0.0015839344706357077
0.14926255614683936 -0.0009405478720962305
0.1607452942214339 -0.000333188510114957
0.17256963302735745 0.0002351897426208039
0.18472366645773874 0.000753316233717231
0.19719515643116664 0.001209066421729475
0.20997154521440087 0.0015909870533636849
0.22303996806694482 0.001899289332773842
0.2363872661947488 0.002141269975851541
0.25000000000000006 0.002326104625186112
0.2638644626136587 0.0024647840366499585
0.2779666936971131 0.0025700634371094116
0.29229249349905695 0.0026563923281453616
0.3068274371534359 0.0027394301123645714
0.32155688920406433 0.0028255177664017225
0.33646601834128953 0.0029096109476697356
0.35153981233586296 0.0029857033292851063
0.36676309315498296 0.003047437374376127
0.38212053224528686 0.003088156126073651
0.3975966659674052 0.0031009591546229324
0.41317591116653546 0.0030798880544282902
0.42884258086335814 0.0030261552188715953
0.44458090004949524 0.0029440320382492988
0.46037502157160654 0.0028380373745700827
0.4762090420881297 0.0027128856942729563
0.4920670180825969 0.0025734402836171785
0.5079329819174049 0.0024245506427239753
0.5237909579118721 0.0022684933716739185
0.5396249784283953 0.0021049549187348478
0.5554190999505066 0.0019335442859123293
0.5711574191366438 0.0017539123990661393
0.5868240888334664 0.0015657574930260428
0.6024033340325966 0.0013688291265777225
0.6178794677547149 0.0011625023565679047
0.6332369068450188 0.0009451528526515504
0.6484601876641387 0.0007151325497132125
0.6635339816587122 0.00047096143509522866
0.6784431107959373 0.00021134393562784689
0.6931725628465657 -6.481648071719086e-05
0.7077075065009447 -0.0003581606018289992
0.7220333063028884 -0.0006643823068303984
0.7361355373863427 -0.0009751359194356654
0.7500000000000012 -0.0012825807777152574
0.7636127338052524 -0.0015795964439075394
0.7769600319330563 -0.0018598197704338825
0.7900284547856001 -0.002117673253569734
0.8028048435688343 -0.0023484294547546107
0.8152763335422621 -0.0025553109651320215
0.8274303669726433 -0.002755751761490162
0.8392547057785669 -0.0029664272935666573
0.8507374438531613 -0.003201223314527388
0.8618670190525357 -0.0034712785531286422
0.872632224837878 -0.0037850557421310873
0.8830222215594895 -0.004148439440656356
0.8930265473713942 -0.004564858842197619
0.9026351287655296 -0.005035152826151663
0.9118382907149167 -0.0055332316180455865
0.9206267664155909 -0.005995653619312013
0.9289917066174888 -0.006370583790330056
0.9369246885348927 -0.006621757676360753
0.9444177243274618 -0.006726975996507635
0.9514632691433107 -0.00667652126549577
0.958054228716035 -0.006471519850352539
0.9641839665080364 -0.006122273018653257
0.9698463103929542 -0.005646580439330332
0.9750355588704727 -0.005068079253625813
0.9797464868072487 -0.004414621247469996
0.9839743506981782 -0.0037167098346057325
0.9877148934427036 -0.0030060175116247145
0.9909643486313533 -0.0023140031833835304
0.9937194443381971 -0.0016706472937211413
0.9959774064153977 -0.0011033210476287338
0.9977359612865423 -0.0006358041944150345
0.9989933382359422 -0.00028746387596252534
0.9997482711915926 -7.260495029352886e-05
1.0 0.0
