1.0 0.0008
0.9997482711915926 0.000858772749061567
0.9989933382359422 0.001035014920294343
0.9977359612865423 0.0013284994082002764
0.9959774064153977 0.001738851430613564
0.9937194443381971 0.002265554069660138
0.9909643486313533 0.002907955930555638
0.9877148934427036 0.003665280820923664
0.9839743506981782 0.004536639327250638
0.9797464868072487 0.005521042140309755
0.9750355588704727 0.006617414958145442
0.9698463103929542 0.00782461477375275
0.9641839665080364 0.009141447335145537
0.958054228716035 0.010566685548286736
0.9514632691433107 0.012099088578544654
0.9444177243274618 0.013737421394101215
0.9369246885348927 0.015480474485213537
0.9289917066174888 0.017327083486528644
0.9206267664155909 0.01927614842586101
0.9118382907149167 0.021326652322020367
0.9026351287655296 0.023477678856448452
0.8930265473713942 0.025728170720777117
0.8830222215594895 0.028073658937628643
0.872632224837878 0.030506381007821704
0.8618670190525357 0.03301714284730488
0.8507374438531613 0.03559530556878688
0.8392547057785669 0.038228743662034735
0.8274303669726433 0.04090381713795734
0.8152763335422621 0.04360535853619166
0.8028048435688343 0.04631667555963502
0.7900284547856001 0.04902057305803866
0.7769600319330563 0.051710756381585996
0.7636127338052524 0.05438949673526277
0.7500000000000012 0.05706059987501242
0.7361355373863427 0.05972926110695225
0.7220333063028884 0.06240203250148204
0.7077075065009447 0.06508677489799054
0.6931725628465657 0.06779248348337372
0.6784431107959373 0.0705220703331309
0.6635339816587122 0.07326728767761025
0.6484601876641387 0.07601850148105532
0.6332369068450188 0.07876572421294471
0.6178794677547149 0.08149867557967347
0.6024033340325966 0.08420684753333456
0.5868240888334664 0.08687916295854774
0.5711574191366438 0.08949977929315958
0.5554190999505066 0.09204973226677972
0.5396249784283953 0.09450990736133126
0.5237909579118721 0.0968612449585353
0.5079329819174049 0.09908490267540389
0.4920670180825969 0.10116253613382901
0.4762090420881297 0.10308521284123594
0.46037502157160654 0.10485951996717069
0.44458090004949524 0.10649398016676703
0.42884258086335814 0.1079975210373417
0.41317591116653546 0.10937937763070431
0.3975966659674052 0.11064899543839116
0.38212053224528686 0.11181185803556418
0.36676309315498296 0.11285395360978036
0.35153981233586296 0.113756475290459
0.33646601834128953 0.11450219929805731
0.32155688920406433 0.11507564490608986
0.3068274371534359 0.1154632161419031
0.29229249349905695 0.11565325137174422
0.2779666936971131 0.11562980055052828
0.2638644626136587 0.11536862814026579
0.25000000000000006 0.11484836205121798
0.2363872661947488 0.11405184943132572
0.22303996806694482 0.11296625672118163
0.20997154521440087 0.11158312587639706
0.19719515643116664 0.10989838663150074
0.18472366645773874 0.10792310978512726
0.17256963302735745 0.10571896279073359
0.1607452942214339 0.10335593097666927
0.14926255614683936 0.10089678197201878
0.1381329809474649 0.09838768252682796
0.12736777516212267 0.09580102752236873
0.116977778440511 0.09308768614961388
0.10697345262860625 0.09021278318360783
0.09736487123447068 0.0871551034550982
0.0881617092850836 0.08389038742181065
0.0793732335844094 0.0803498511958025
0.07100829338251147 0.07648166021485107
0.06307531146510753 0.07233597779472963
0.05558227567253826 0.0681148381373349
0.04853673085668936 0.06399486368327006
0.041945771283965205 0.06004678240422166
0.03581603349196366 0.05605354225879548
0.030153689607045786 0.05182340446716622
0.02496444112952728 0.047282767991179725
0.020253513192751316 0.04245339021750422
0.016025649301821876 0.03743033399360741
0.012285106557296477 0.032360987915511195
0.009035651368646647 0.027425450924014792
0.006280555661802856 0.02281855045306134
0.00402259358460233 0.018733738735617917
0.0022640387134577056 0.015349084673708853
0.0010066617640577813 0.012815549209528793
0.0002517288084074587 0.011247700705130512
0.0 0.010716993779053349
0.0 0.0
0.0002517288084074587 -0.0006519905435976229
0.0010066617640577813 -0.0025370612537734807
0.0022640387134577056 -0.005449840062009299
0.00402259358460233 -0.009072376040008908
0.006280555661802856 -0.013010294951761654
0.009035651368646647 -0.016842724323920873
0.012285106557296477 -0.020185304047795307
0.016025649301821876 -0.02276541545857574
0.020253513192751316 -0.02450858787396529
0.02496444112952728 -0.02563487855836596
0.030153689607045786 -0.02665755649816401
0.03581603349196366 -0.027732281232072973
0.041945771283965205 -0.028761721588986974
0.04853673085668936 -0.029604570531815467
0.05558227567253826 -0.03008198634803428
0.06307531146510753 -0.03013491778406653
0.07100829338251147 -0.029835359083403228
0.0793732335844094 -0.02930713582836819
0.0881617092850836 -0.028657594269383233
0.09736487123447068 -0.027934299483183777
0.10697345262860625 -0.027191172256169644
0.116977778440511 -0.026449693121520634
0.12736777516212267 -0.02570030273359796
0.1381329809474649 -0.024929466883271925
0.14926255614683936 -0.02412014533432985
0.1607452942214339 -0.02325720125572068
0.17256963302735745 -0.022357247416801108
0.18472366645773874 -0.02145336732111102
0.19719515643116664 -0.02058412107790316
0.20997154521440087 -0.019789917630393148
0.22303996806694482 -0.0190811471614312
0.2363872661947488 -0.01844870468479448
0.25000000000000006 -0.017880940782171444
0.2638644626136587 -0.017363881461716173
0.2779666936971131 -0.01688129380420188
0.29229249349905695 -0.016414776763643234
0.3068274371534359 -0.01594428109577401
0.32155688920406433 -0.015461132007749269
0.33646601834128953 -0.01497198323166072
0.35153981233586296 -0.014484910015765462
0.36676309315498296 -0.014008465205953932
0.38212053224528686 -0.013551611952185797
0.3975966659674052 -0.013123650925596876
0.41317591116653546 -0.012732731455452123
0.42884258086335814 -0.012377234393559665
0.44458090004949524 -0.01205107332558378
0.46037502157160654 -0.011747833472184343
0.4762090420881297 -0.011460854259252782
0.4920670180825969 -0.01118329906341057
0.5079329819174049 -0.010908203045793296
0.5237909579118721 -0.010627969463975418
0.5396249784283953 -0.010334414246034708
0.5554190999505066 -0.01001945484606751
0.5711574191366438 -0.009675224746720164
0.5868240888334664 -0.009294155536802197
0.6024033340325966 -0.008869067599866162
0.6178794677547149 -0.00839964075190507
0.6332369068450188 -0.007902706038817356
0.6484601876641387 -0.007397255800145445
0.6635339816587122 -0.0069013947256131416
0.6784431107959373 -0.006432185590425597
0.6931725628465657 -0.006005507641989929
0.7077075065009447 -0.00563543478990271
0.7220333063028884 -0.005324505192539849
0.7361355373863427 -0.005065284225754879
0.7500000000000012 -0.004850317303555118
0.7636127338052524 -0.004672572663856978
0.7769600319330563 -0.004525479533555383
0.7900284547856001 -0.004402960024908527
0.8028048435688343 -0.004299450971134997
0.8152763335422621 -0.004209274062361888
0.8274303669726433 -0.004126040681437794
0.8392547057785669 -0.004044058280168289
0.8507374438531613 -0.003958525815525608
0.8618670190525357 -0.003865521690608694
0.872632224837878 -0.0037619825687778313
0.8830222215594895 -0.0036456735572722755
0.8930265473713942 -0.0035151503358918294
0.9026351287655296 -0.0033697244020136166
0.9118382907149167 -0.0032104128490707626
0.9206267664155909 -0.003040358223977911
0.9289917066174888 -0.0028627276942243384
0.9369246885348927 -0.0026804808870759785
0.9444177243274618 -0.0024963713013080647
0.9514632691433107 -0.002312948846124268
0.958054228716035 -0.0021325633415000137
0.9641839665080364 -0.0019573688108157376
0.9698463103929542 -0.001789328395389811
0.9750355588704727 -0.0016302197213661901
0.9797464868072487 -0.0014816405523228465
0.9839743506981782 -0.001345014565887514
0.9877148934427036 -0.0012215970995002787
0.9909643486313533 -0.0011124807191522103
0.9937194443381971 -0.0010186004753407023
0.9959774064153977 -0.0009407387224842211
0.9977359612865423 -0.0008795293914835617
0.9989933382359422 -0.0008354616198421326
0.9997482711915926 -0.0008088826595890053
1.0 -0.0008
