1.0 0.0
0.9997482711915926 4.925247697831099e-05
0.9989933382359422 0.00019668668045863313
0.9977359612865423 0.00044134059697098585
0.9959774064153977 0.0007816363398958185
0.9937194443381971 0.0012154180258056313
0.9909643486313533 0.0017400041499574953
0.9877148934427036 0.00235225381750196
0.9839743506981782 0.003048646014409486
0.9797464868072487 0.0038253709378589327
0.9750355588704727 0.0046784322515689555
0.9698463103929542 0.005603758988868543
0.9641839665080364 0.0065973256966796205
0.958054228716035 0.007655279298373362
0.9514632691433107 0.008774071053882834
0.9444177243274618 0.009950591912572868
0.9369246885348927 0.011182309489094384
0.9289917066174888 0.012467404845522832
0.9206267664155909 0.013804907235064928
0.9118382907149167 0.015194824953897868
0.9026351287655296 0.016638270458475712
0.8930265473713942 0.018137134144543737
0.8830222215594895 0.0196900071731561
0.872632224837878 0.021293036904211728
0.8618670190525357 0.022941968145134467
0.8507374438531613 0.024632159823485284
0.8392547057785669 0.026358580925629344
0.8274303669726433 0.028115809874946458
0.8152763335422621 0.029898037546020443
0.8028048435688343 0.03169907407807078
0.7900284547856001 0.033512365620383046
0.7769600319330563 0.03533105313972147
0.7636127338052524 0.03714797271550121
0.7500000000000012 0.03895565725464371
0.7361355373863427 0.04074636292668542
0.7220333063028884 0.04251209959302323
0.7077075065009447 0.04424466498593703
0.6931725628465657 0.04593577301694253
0.6784431107959373 0.0475794918797059
0.6635339816587122 0.049172739740327494
0.6484601876641387 0.05071289788283374
0.6332369068450188 0.05219768288788103
0.6178794677547149 0.053625146896243765
0.6024033340325966 0.05499367576479788
0.5868240888334664 0.05630051233848638
0.5711574191366438 0.05753366523018949
0.5554190999505066 0.05867736992392313
0.5396249784283953 0.05971586000527916
0.5237909579118721 0.06063351481204597
0.5079329819174049 0.061414999984725
0.4920670180825969 0.06204605319098012
0.4762090420881297 0.06252778781944943
0.46037502157160654 0.0628766760212018
0.44458090004949524 0.06311021125934042
0.42884258086335814 0.06324608930801537
0.41317591116653546 0.0633020352205905
0.3975966659674052 0.06329561907177446
0.38212053224528686 0.06323832787705849
0.36676309315498296 0.06312695824794738
0.35153981233586296 0.06295648854672378
0.33646601834128953 0.06272246541087231
0.32155688920406433 0.06242105066788416
0.3068274371534359 0.06204906269166034
0.29229249349905695 0.06160391622261502
0.2779666936971131 0.061081896272642065
0.2638644626136587 0.06047853951592459
0.25000000000000006 0.05979043293292845
0.2363872661947488 0.05901530863256697
0.22303996806694482 0.0581520609835373
0.20997154521440087 0.05720075239647736
0.19719515643116664 0.05616262971193009
0.18472366645773874 0.055043544354569394
0.17256963302735745 0.05385694399877926
0.1607452942214339 0.0526165928110662
0.14926255614683936 0.05133554766055499
0.1381329809474649 0.0500175960847647
0.12736777516212267 0.04864066670180501
0.116977778440511 0.04718364121520076
0.10697345262860625 0.045632372190140734
0.09736487123447068 0.04397939266108741
0.0881617092850836 0.04223214717667113
0.0793732335844094 0.0404161632443974
0.07100829338251147 0.03855576740197695
0.06307531146510753 0.03663872671436962
0.05558227567253826 0.03462889626226928
0.04853673085668936 0.03250879428864123
0.041945771283965205 0.030273170553382942
0.03581603349196366 0.027923152286225973
0.030153689607045786 0.02547775680116867
0.02496444112952728 0.022971898271711748
0.020253513192751316 0.020452504257322417
0.016025649301821876 0.017974771021176724
0.012285106557296477 0.015598608163257744
0.009035651368646647 0.013385320015531514
0.006280555661802856 0.011394567674516637
0.00402259358460233 0.009681651519498687
0.0022640387134577056 0.008295149624677423
0.0010066617640577813 0.007274942667380239
0.0002517288084074587 0.006650650812345489
0.0 0.006440502667196698
0.0 0.0
0.0002517288084074587 -0.0002851511124806603
0.0010066617640577813 -0.001111489881075974
0.0022640387134577056 -0.002394773932393413
0.00402259358460233 -0.004004894825781885
0.006280555661802856 -0.0057811738508859924
0.009035651368646647 -0.0075534827833646945
0.012285106557296477 -0.009168899930146324
0.016025649301821876 -0.010523534267889902
0.020253513192751316 -0.011599076807381072
0.02496444112952728 -0.012503569283230011
0.030153689607045786 -0.013440145988464847
0.03581603349196366 -0.014433329861852922
0.041945771283965205 -0.015429465848989393
0.04853673085668936 -0.01635216232323109
0.05558227567253826 -0.01710738397257248
0.06307531146510753 -0.01764900279244136
0.07100829338251147 -0.01796671658114543
0.0793732335844094 -0.018062034604294824
0.0881617092850836 -0.017949372365726725
0.09736487123447068 -0.01765750748636432
0.10697345262860625 -0.017228238135482587
0.116977778440511 -0.016688284133875752
0.12736777516212267 -0.016055845529652807
0.1381329809474649 -0.015355440661000629
0.14926255614683936 -0.0146184092231129
0.1607452942214339 -0.013878052291273146
0.17256963302735745 -0.013147944016415496
0.18472366645773874 -0.012435330627271302
0.19719515643116664 -0.01174802458682635
0.20997154521440087 -0.011093726158228229
0.22303996806694482 -0.010475121503827548
0.2363872661947488 -0.009891908046934414
0.25000000000000006 -0.009343107984085176
0.2638644626136587 -0.008827085051340292
0.2779666936971131 -0.008341553204394878
0.29229249349905695 -0.007883591998967633
0.3068274371534359 -0.0074497251354033985
0.32155688920406433 -0.007037446117436755
0.33646601834128953 -0.006645534888263634
0.35153981233586296 -0.006272578102437148
0.36676309315498296 -0.0059169044950359035
0.38212053224528686 -0.005576604112209426
0.3975966659674052 -0.005249549873198672
0.41317591116653546 -0.004934512868308029
0.42884258086335814 -0.00463718046416947
0.44458090004949524 -0.00436613039658605
0.46037502157160654 -0.00413005745157548
0.4762090420881297 -0.003937685729024412
0.4920670180825969 -0.003797685952715541
0.5079329819174049 -0.003718049480276664
0.5237909579118721 -0.003694085259973669
0.5396249784283953 -0.003708467763280417
0.5554190999505066 -0.0037433354536533727
0.5711574191366438 -0.0037810108874200827
0.5868240888334664 -0.00380417533662464
0.6024033340325966 -0.003796057817312485
0.6178794677547149 -0.0037483291129521254
0.6332369068450188 -0.0036725902641426634
0.6484601876641387 -0.003583047765011032
0.6635339816587122 -0.003493256136257384
0.6784431107959373 -0.003416000669043931
0.6931725628465657 -0.0033631896837960744
0.7077075065009447 -0.0033451208647196653
0.7220333063028884 -0.003358711323926365
0.7361355373863427 -0.003389811623411275
0.7500000000000012 -0.0034250111879298075
0.7636127338052524 -0.0034521610537125514
0.7769600319330563 -0.0034604392508038448
0.7900284547856001 -0.003440400793553684
0.8028048435688343 -0.003384038368307319
0.8152763335422621 -0.003288911991130177
0.8274303669726433 -0.0031617639172442837
0.8392547057785669 -0.003009845987437317
0.8507374438531613 -0.002839729520031818
0.8618670190525357 -0.0026573026449029534
0.872632224837878 -0.0024677749925275817
0.8830222215594895 -0.0022756893859614312
0.8930265473713942 -0.002084940119104169
0.9026351287655296 -0.0018987905752935106
0.9118382907149167 -0.0017193232234899982
0.9206267664155909 -0.001547229101125902
0.9289917066174888 -0.0013829955032120895
0.9369246885348927 -0.0012270363911127324
0.9444177243274618 -0.0010796977670173742
0.9514632691433107 -0.0009412633878367646
0.958054228716035 -0.0008119607265666153
0.9641839665080364 -0.0006919670884498103
0.9698463103929542 -0.0005814157895535576
0.9750355588704727 -0.00048040230665356127
0.9797464868072487 -0.00038899030956329083
0.9839743506981782 -0.00030721749023439695
0.9877148934427036 -0.00023510110704637771
0.9909643486313533 -0.00017264316765353466
0.9937194443381971 -0.00011983517951018183
0.9959774064153977 -7.66624036889171e-05
0.9977359612865423 -4.310755477171213e-05
0.9989933382359422 -1.915389735406753e-05
0.9997482711915926 -4.78769797662307e-06
1.0 0.0
