1.0 0.0016
0.9997482711915926 0.001656525746704932
0.9989933382359422 0.001826069621184468
0.9977359612865423 0.0021085326596091483
0.9959774064153977 0.0025037536828008402
0.9937194443381971 0.003011514879870821
0.9909643486313533 0.003631549511608046
0.9877148934427036 0.004363551621379281
0.9839743506981782 0.005207187611313951
0.9797464868072487 0.006162109513089149
0.9750355588704727 0.0072279697560155825
0.9698463103929542 0.008404437210641888
0.9641839665080364 0.009691214264018182
0.958054228716035 0.011088054663333364
0.9514632691433107 0.012594781848090358
0.9444177243274618 0.014211307477499598
0.9369246885348927 0.0159376498495204
0.9289917066174888 0.01777395190109179
0.9206267664155909 0.019720498475670464
0.9118382907149167 0.021777732544298486
0.9026351287655296 0.023946270070084676
0.8930265473713942 0.026226857106031745
0.8830222215594895 0.028619851896825216
0.872632224837878 0.031125329756473304
0.8618670190525357 0.033743336969127895
0.8507374438531613 0.0364738877834077
0.8392547057785669 0.03931695779827585
0.8274303669726433 0.04227247676430078
0.8152763335422621 0.045340320802678885
0.8028048435688343 0.04852030405074653
0.7900284547856001 0.05181055992919911
0.7769600319330563 0.055195722790595356
0.7636127338052524 0.05865188609912009
0.7500000000000012 0.06215227347095187
0.7361355373863427 0.06566736818755022
0.7220333063028884 0.06916503852301328
0.7077075065009447 0.0726106942837874
0.6931725628465657 0.07596828855511872
0.6784431107959373 0.07922210536943444
0.6635339816587122 0.08238106593331865
0.6484601876641387 0.08545709336692196
0.6332369068450188 0.08846380876983818
0.6178794677547149 0.09141638178988523
0.6024033340325966 0.0943313648577777
0.5868240888334664 0.09722235767155962
0.5711574191366438 0.10007700450148412
0.5554190999505066 0.10287221628573558
0.5396249784283953 0.10558462090004822
0.5237909579118721 0.1081907882374995
0.5079329819174049 0.11066743383736787
0.4920670180825969 0.11299172715722924
0.4762090420881297 0.11514375355586202
0.46037502157160654 0.11710669350095743
0.44458090004949524 0.11886471737985237
0.42884258086335814 0.12040302917040974
0.41317591116653546 0.12170800671952113
0.3975966659674052 0.12276734426759438
0.38212053224528686 0.12357409346602508
0.36676309315498296 0.12413251969742985
0.35153981233586296 0.12444935271201794
0.33646601834128953 0.12453215829509484
0.32155688920406433 0.12438929398305978
0.3068274371534359 0.12402986230454868
0.29229249349905695 0.12346307550096554
0.2779666936971131 0.12268743954817325
0.2638644626136587 0.12169290193531564
0.25000000000000006 0.12047173151455905
0.2363872661947488 0.11901898983237223
0.22303996806694482 0.11733256791674083
0.20997154521440087 0.11541319580496422
0.19719515643116664 0.1132644157929976
0.18472366645773874 0.11089112203074983
0.17256963302735745 0.10829824563836056
0.1607452942214339 0.1054936406946141
0.14926255614683936 0.10248836237688715
0.1381329809474649 0.09929167473624315
0.12736777516212267 0.09590147788730388
0.116977778440511 0.09231928602900202
0.10697345262860625 0.08855339862696428
0.09736487123447068 0.08461857109099864
0.0881617092850836 0.08054884851609577
0.0793732335844094 0.07640263529396321
0.07100829338251147 0.07223657123504988
0.06307531146510753 0.06812440056774492
0.05558227567253826 0.06414906758452937
0.04853673085668936 0.06037485170774452
0.041945771283965205 0.05673528967692345
0.03581603349196366 0.05297461341684408
0.030153689607045786 0.04892978464609893
0.02496444112952728 0.044547369173190694
0.020253513192751316 0.039862105702136046
0.016025649301821876 0.03497619473283097
0.012285106557296477 0.030039597806226354
0.009035651368646647 0.025231619771257784
0.006280555661802856 0.020744026309607987
0.00402259358460233 0.016765925868313623
0.0022640387134577056 0.013470619666953289
0.0010066617640577813 0.011004595836675294
0.0002517288084074587 0.009478814304069095
0.0 0.008962398062839324
0.0 0.0
0.0002517288084074587 -0.0008066043572121755
0.0010066617640577813 -0.003145559365081953
0.0022640387134577056 -0.006782289413483474
0.00402259358460233 -0.011352388375815562
0.006280555661802856 -0.01640107008437353
0.009035651368646647 -0.021437644360462575
0.012285106557296477 -0.026004273454824433
0.016025649301821876 -0.029758064311671002
0.020253513192751316 -0.03256536254131958
0.02496444112952728 -0.03460693637928864
0.030153689607045786 -0.036325716689568986
0.03581603349196366 -0.037841076763958544
0.041945771283965205 -0.03918900510278562
0.04853673085668936 -0.04046369831596068
0.05558227567253826 -0.04180596710972021
0.06307531146510753 -0.04323376203441203
0.07100829338251147 -0.044675496805788736
0.0793732335844094 -0.04603641452888351
0.0881617092850836 -0.04723920889272595
0.09736487123447068 -0.04823588930025107
0.10697345262860625 -0.04897970490169783
0.116977778440511 -0.04945851214634338
0.12736777516212267 -0.049688422253860595
0.1381329809474649 -0.04969749196096314
0.14926255614683936 -0.04952621241190674
0.1607452942214339 -0.04921966305324159
0.17256963302735745 -0.048792039935414366
0.18472366645773874 -0.04824874370462985
0.19719515643116664 -0.04759777916201285
0.20997154521440087 -0.04684876052244411
0.22303996806694482 -0.04600526829345441
0.2363872661947488 -0.045068064853663756
0.25000000000000006 -0.044038744272868996
0.2638644626136587 -0.04291975755233209
0.2779666936971131 -0.041714406538949055
0.29229249349905695 -0.04042682976405687
0.3068274371534359 -0.03906208266124022
0.32155688920406433 -0.03762881815105662
0.33646601834128953 -0.036139759395319576
0.35153981233586296 -0.034608902151755556
0.36676309315498296 -0.03305126187159735
0.38212053224528686 -0.03148275652724491
0.3975966659674052 -0.029920078841619794
0.41317591116653546 -0.0283778484960578
0.42884258086335814 -0.026853586857558
0.44458090004949524 -0.025337628486325536
0.46037502157160654 -0.023819920186649742
0.4762090420881297 -0.022290150149274757
0.4920670180825969 -0.02073786382886558
0.5079329819174049 -0.019153389800185345
0.5237909579118721 -0.017545709737205387
0.5396249784283953 -0.01594238247836113
0.5554190999505066 -0.014371522860188444
0.5711574191366438 -0.01286072671442402
0.5868240888334664 -0.011436809224182012
0.6024033340325966 -0.010125522172709745
0.6178794677547149 -0.008939522474363283
0.6332369068450188 -0.007860860185742247
0.6484601876641387 -0.006867405323668264
0.6635339816587122 -0.005937823669301315
0.6784431107959373 -0.005051764666150914
0.6931725628465657 -0.0041900353712493515
0.7077075065009447 -0.00333559824074364
0.7220333063028884 -0.0024891217189251347
0.7361355373863427 -0.0016659548289846779
0.7500000000000012 -0.000880582282002173
0.7636127338052524 -0.00014595682500226896
0.7769600319330563 0.0005265677153312209
0.7900284547856001 0.0011272856622023713
0.8028048435688343 0.0016481960669687437
0.8152763335422621 0.002086966559240011
0.8274303669726433 0.0024503996958073946
0.8392547057785669 0.0027460885317377353
0.8507374438531613 0.0029812600684358042
0.8618670190525357 0.0031627572852214523
0.872632224837878 0.00329702587791066
0.8830222215594895 0.0033901055429350524
0.8930265473713942 0.0034476256031806384
0.9026351287655296 0.003474758234007732
0.9118382907149167 0.003472238507367268
0.9206267664155909 0.0034346853230444183
0.9289917066174888 0.0033584988765678553
0.9369246885348927 0.0032424734537868536
0.9444177243274618 0.003087532905485561
0.9514632691433107 0.002896454331975367
0.958054228716035 0.002673583829272392
0.9641839665080364 0.0024245481697520474
0.9698463103929542 0.0021559662708979513
0.9750355588704727 0.0018751642463438038
0.9797464868072487 0.0015898977346446637
0.9839743506981782 0.0013080850642860622
0.9877148934427036 0.0010375546398871444
0.9909643486313533 0.0007858097262697661
0.9937194443381971 0.0005598135662711386
0.9959774064153977 0.00036579749740664464
0.9977359612865423 0.00020909443455829915
0.9989933382359422 9.399976385024282e-05
0.9997482711915926 2.366135007943735e-05
1.0 0.0
