1.0 0.0
0.9997482711915926 7.028752711267434e-05
0.9989933382359422 0.0002803821092953307
0.9977359612865423 0.0006279995585669983
0.9959774064153977 0.0011093986830091956
0.9937194443381971 0.0017194791188290819
0.9909643486313533 0.002451916604117811
0.9877148934427036 0.0032993340238371143
0.9839743506981782 0.0042535061075889904
0.9797464868072487 0.005305595235334926
0.9750355588704727 0.006446415405809766
0.9698463103929542 0.007666721052046466
0.9641839665080364 0.008957517052038278
0.958054228716035 0.010310385983629308
0.9514632691433107 0.011717828414408367
0.9444177243274618 0.013173611802456126
0.9369246885348927 0.014673123414624217
0.9289917066174888 0.01621372254752706
0.9206267664155909 0.017795087264071006
0.9118382907149167 0.019419550836125028
0.9026351287655296 0.021092423112362774
0.8930265473713942 0.02282141873870206
0.8830222215594895 0.02460729258060243
0.872632224837878 0.026445092874335732
0.8618670190525357 0.028329359731589322
0.8507374438531613 0.030254206645897314
0.8392547057785669 0.03221331959491028
0.8274303669726433 0.03419995994465075
0.8152763335422621 0.03620697135758052
0.8028048435688343 0.03822679086971316
0.7900284547856001 0.04025171916803848
0.7769600319330563 0.042276245268211776
0.7636127338052524 0.04429632895342432
0.7500000000000012 0.046308167953001626
0.7361355373863427 0.04830819616468772
0.7220333063028884 0.050293093906460334
0.7077075065009447 0.05225979605865519
0.6931725628465657 0.05420546979746186
0.6784431107959373 0.05612642318284786
0.6635339816587122 0.058017660730914244
0.6484601876641387 0.05987417151373834
0.6332369068450188 0.06169104397727181
0.6178794677547149 0.06346348747304409
0.6024033340325966 0.06518685390119966
0.5868240888334664 0.06685616148416654
0.5711574191366438 0.06846247458029482
0.5554190999505066 0.06999489501550311
0.5396249784283953 0.07144260103624198
0.5237909579118721 0.07279494869406948
0.5079329819174049 0.07404156029196995
0.4920670180825969 0.0751726514114853
0.4762090420881297 0.07618746903449088
0.46037502157160654 0.07709647558732483
0.44458090004949524 0.07791113221370992
0.42884258086335814 0.07864309402324307
0.41317591116653546 0.07930409091973012
0.3975966659674052 0.07990580877251943
0.38212053224528686 0.08045246991136498
0.36676309315498296 0.08092435821315937
0.35153981233586296 0.08129806226553564
0.33646601834128953 0.0815518304825372
0.32155688920406433 0.08166576979814966
0.3068274371534359 0.08162202512823158
0.29229249349905695 0.08140523543073871
0.2779666936971131 0.08101198283755345
0.2638644626136587 0.08045174445911552
0.25000000000000006 0.07973512696024539
0.2363872661947488 0.07887308971891763
0.22303996806694482 0.07787689200222393
0.20997154521440087 0.0767580403521195
0.19719515643116664 0.07552822720234162
0.18472366645773874 0.07419046631925723
0.17256963302735745 0.0727247659951778
0.1607452942214339 0.0711121230464209
0.14926255614683936 0.06933930623285524
0.1381329809474649 0.06740262105143591
0.12736777516212267 0.06532024818551704
0.116977778440511 0.06311605696103842
0.10697345262860625 0.06081376506902315
0.09736487123447068 0.058436685471324155
0.0881617092850836 0.05595769918259526
0.0793732335844094 0.053246699910603046
0.07100829338251147 0.05020280094789238
0.06307531146510753 0.046872163554841854
0.05558227567253826 0.04344093627218425
0.04853673085668936 0.04006425987859265
0.041945771283965205 0.0367994153047954
0.03581603349196366 0.033538109652899765
0.030153689607045786 0.030202223164186078
0.02496444112952728 0.02677065339299193
0.020253513192751316 0.02326804511026134
0.016025649301821876 0.019753900054563164
0.012285106557296477 0.016312218873761036
0.009035651368646647 0.013041818374435892
0.006280555661802856 0.010047456465585167
0.00402259358460233 0.00743188506481495
0.0022640387134577056 0.005288937859312456
0.0010066617640577813 0.0036977453225132692
0.0002517288084074587 0.002718153933452783
0.0 0.0023874102914137494
0.0 0.0
0.0002517288084074587 -0.00035034008292242683
0.0010066617640577813 -0.001364519020448488
0.0022640387134577056 -0.002935825185837246
0.00402259358460233 -0.0048990616593760986
0.006280555661802856 -0.0070493488145522715
0.009035651368646647 -0.009168087687293812
0.012285106557296477 -0.01105572840973061
0.016025649301821876 -0.01257089278263634
0.020253513192751316 -0.013675309588275128
0.02496444112952728 -0.014483936466396301
0.030153689607045786 -0.015244080283810219
0.03581603349196366 -0.016011016741887575
0.041945771283965205 -0.016749729596363915
0.04853673085668936 -0.01741523072567349
0.05558227567253826 -0.017954706269726263
0.06307531146510753 -0.018339033142592057
0.07100829338251147 -0.018559893167166754
0.0793732335844094 -0.0186170453634997
0.0881617092850836 -0.018513252463882104
0.09736487123447068 -0.018252656774719996
0.10697345262860625 -0.017846451411336114
0.116977778440511 -0.017313849739179665
0.12736777516212267 -0.016682699105921323
0.1381329809474649 -0.015990016808329847
0.14926255614683936 -0.015282450067326864
0.1607452942214339 -0.014604511911983498
0.17256963302735745 -0.013942288817590505
0.18472366645773874 -0.013255852232919071
0.19719515643116664 -0.012498084765660226
0.20997154521440087 -0.011621332732868727
0.22303996806694482 -0.010629639718413303
0.2363872661947488 -0.009558553672695999
0.25000000000000006 -0.00844919682715333
0.2638644626136587 -0.007347912694102416
0.2779666936971131 -0.006306054309951111
0.29229249349905695 -0.005379713193351131
0.3068274371534359 -0.004627908576068723
0.32155688920406433 -0.004071682014052829
0.33646601834128953 -0.0036852818662273957
0.35153981233586296 -0.0034373771330122017
0.36676309315498296 -0.0032936265371415947
0.38212053224528686 -0.003216983271477428
0.3975966659674052 -0.0031680298216773812
0.41317591116653546 -0.0031102940531218958
0.42884258086335814 -0.0030384158743536403
0.44458090004949524 -0.002960038917778842
0.46037502157160654 -0.0028830796134380015
0.4762090420881297 -0.0028156157676202283
0.4920670180825969 -0.0027658073302315412
0.5079329819174049 -0.00274150822582084
0.5237909579118721 -0.002743321168334646
0.5396249784283953 -0.0027645327851802616
0.5554190999505066 -0.0027980952259869696
0.5711574191366438 -0.0028370154151717984
0.5868240888334664 -0.002874423762429291
0.6024033340325966 -0.002903648431346852
0.6178794677547149 -0.002921415002605587
0.6332369068450188 -0.002932576271959457
0.6484601876641387 -0.0029430326187956206
0.6635339816587122 -0.00295838431519687
0.6784431107959373 -0.0029838821418463352
0.6931725628465657 -0.0030243821594777096
0.7077075065009447 -0.003084058859839712
0.7220333063028884 -0.0031617612037483952
0.7361355373863427 -0.0032518754584371663
0.7500000000000012 -0.0033490223382551393
0.7636127338052524 -0.0034482683603490726
0.7769600319330563 -0.0035451518995918314
0.7900284547856001 -0.0036357036282416598
0.8028048435688343 -0.003716453949077166
0.8152763335422621 -0.003783220158729533
0.8274303669726433 -0.0038299984352937588
0.8392547057785669 -0.0038515691382821197
0.8507374438531613 -0.0038438467610968025
0.8618670190525357 -0.003803855715389671
0.872632224837878 -0.0037296948837843655
0.8830222215594895 -0.0036204915883922104
0.8930265473713942 -0.003476345719530919
0.9026351287655296 -0.0032982901222601635
0.9118382907149167 -0.0030905085376826086
0.9206267664155909 -0.002861291600145956
0.9289917066174888 -0.0026183474681163495
0.9369246885348927 -0.002368348485807006
0.9444177243274618 -0.002116999175608373
0.9514632691433107 -0.0018691095882786134
0.958054228716035 -0.0016286727034226
0.9641839665080364 -0.0013989445601704192
0.9698463103929542 -0.0011825257999304676
0.9750355588704727 -0.0009814433195040556
0.9797464868072487 -0.0007972307634335492
0.9839743506981782 -0.0006310066288026159
0.9877148934427036 -0.0004835488132684293
0.9909643486313533 -0.00035536450720784874
0.9937194443381971 -0.0002467544127061299
0.9959774064153977 -0.00015787036479871527
0.9977359612865423 -8.876553287908128e-05
0.9989933382359422 -3.943649140004496e-05
0.9997482711915926 -9.85656772861808e-06
1.0 0.0
