1.0 0.0
0.9997482711915926 7.705209506774124e-05
0.9989933382359422 0.00030770434469715874
0.9977359612865423 0.0006904569691284733
0.9959774064153977 0.0012228512738089393
0.9937194443381971 0.0019015305282796093
0.9909643486313533 0.0027223241447835826
0.9877148934427036 0.0036803541176199392
0.9839743506981782 0.004770162405647838
0.9797464868072487 0.0059858576751592625
0.9750355588704727 0.007321279571311432
0.9698463103929542 0.00877017845600553
0.9641839665080364 0.01032640834091374
0.958054228716035 0.011984130558475057
0.9514632691433107 0.013738025553074847
0.9444177243274618 0.015583510041015054
0.9369246885348927 0.017516956682742977
0.9289917066174888 0.019535913335329655
0.9206267664155909 0.021639318908287776
0.9118382907149167 0.023827712832112546
0.9026351287655296 0.026103435166731248
0.8930265473713942 0.028470402816790048
0.8830222215594895 0.030930101309645477
0.872632224837878 0.03348234711005784
0.8618670190525357 0.036127472454710034
0.8507374438531613 0.03886638811911146
0.8392547057785669 0.04170061020590586
0.8274303669726433 0.04463228016843301
0.8152763335422621 0.047664177611591314
0.8028048435688343 0.05079972547927433
0.7900284547856001 0.054040766365770744
0.7769600319330563 0.05736947579258515
0.7636127338052524 0.06075506954301861
0.7500000000000012 0.06416305344155335
0.7361355373863427 0.0675554273193934
0.7220333063028884 0.07089085069231148
0.7077075065009447 0.07412484887692308
0.6931725628465657 0.07721102619852552
0.6784431107959373 0.08013253142787294
0.6635339816587122 0.08291176185448038
0.6484601876641387 0.08557645879312657
0.6332369068450188 0.0881572815056971
0.6178794677547149 0.09068751511038929
0.6024033340325966 0.09320274924068697
0.5868240888334664 0.09573452043944061
0.5711574191366438 0.09827137561024582
0.5554190999505066 0.10078174572470779
0.5396249784283953 0.10323332055433213
0.5237909579118721 0.10559342865068205
0.5079329819174049 0.10782933593986972
0.4920670180825969 0.10990908091104565
0.4762090420881297 0.11181674329537057
0.46037502157160654 0.11355464362015108
0.44458090004949524 0.11512668209740703
0.42884258086335814 0.1165373409216666
0.41317591116653546 0.1177916327304739
0.3975966659674052 0.11889504488406412
0.38212053224528686 0.11984981199640643
0.36676309315498296 0.12064794606203003
0.35153981233586296 0.1212805543775622
0.33646601834128953 0.12173997355425172
0.32155688920406433 0.1220198487735421
0.3068274371534359 0.12211520221810125
0.29229249349905695 0.12202217849449427
0.2779666936971131 0.12173046450241934
0.2638644626136587 0.12122367969709794
0.25000000000000006 0.12048818664333251
0.2363872661947488 0.11951362481807738
0.22303996806694482 0.11829297441895913
0.20997154521440087 0.11682258697411115
0.19719515643116664 0.11510219615062292
0.18472366645773874 0.11313994221133528
0.17256963302735745 0.11095875078718419
0.1607452942214339 0.10858386030410612
0.14926255614683936 0.10604059202558018
0.1381329809474649 0.10334742078638806
0.12736777516212267 0.10049801989112878
0.116977778440511 0.09748613717972801
0.10697345262860625 0.09431269079579048
0.09736487123447068 0.09098515763744904
0.0881617092850836 0.0874937387102744
0.0793732335844094 0.08379297684546393
0.07100829338251147 0.0798565069013759
0.06307531146510753 0.07572326155502067
0.05558227567253826 0.07148761640190264
0.04853673085668936 0.06723546573986665
0.041945771283965205 0.06297055663340906
0.03581603349196366 0.058548649213869305
0.030153689607045786 0.05388610889543205
0.02496444112952728 0.04897953067793637
0.020253513192751316 0.04388940292931405
0.016025649301821876 0.03872432700041322
0.012285106557296477 0.0336260121909377
0.009035651368646647 0.028755252279201185
0.006280555661802856 0.024279074357739485
0.00402259358460233 0.020359233249576034
0.0022640387134577056 0.017142205503313957
0.0010066617640577813 0.014750816083805903
0.0002517288084074587 0.013277608608913916
0.0 0.0127800465650331
0.0 0.0
0.0002517288084074587 -0.0002263940121033418
0.0010066617640577813 -0.0008746757529663045
0.0022640387134577056 -0.0018556981551717709
0.00402259358460233 -0.003032680289353069
0.006280555661802856 -0.004238734233798953
0.009035651368646647 -0.005301065708682486
0.012285106557296477 -0.006071515735792565
0.016025649301821876 -0.006463021533508154
0.020253513192751316 -0.006491490238807001
0.02496444112952728 -0.006322499760848078
0.030153689607045786 -0.006221282298840924
0.03581603349196366 -0.006167397471936487
0.041945771283965205 -0.005977903254543084
0.04853673085668936 -0.005373772674139352
0.05558227567253826 -0.003987500070869108
0.06307531146510753 -0.0015403492188712045
0.07100829338251147 0.0021958433950435598
0.0793732335844094 0.007451208857926153
0.0881617092850836 0.013987691759924292
0.09736487123447068 0.020946649575908752
0.10697345262860625 0.02727645221027419
0.116977778440511 0.032654138134502346
0.12736777516212267 0.03727154853344112
0.1381329809474649 0.041403186197830615
0.14926255614683936 0.04540597631730443
0.1607452942214339 0.04961513147473739
0.17256963302735745 0.053963610127269766
0.18472366645773874 0.058243667418416294
0.19719515643116664 0.06221403607776416
0.20997154521440087 0.06563038955886748
0.22303996806694482 0.06844276452626517
0.2363872661947488 0.07070212013318891
0.25000000000000006 0.07247392654222524
0.2638644626136587 0.07383759250750677
0.2779666936971131 0.07488609967180589
0.29229249349905695 0.07572548781889155
0.3068274371534359 0.07647073483457444
0.32155688920406433 0.0771686735594299
0.33646601834128953 0.0777905718920389
0.35153981233586296 0.0783026600279604
0.36676309315498296 0.07866959909972117
0.38212053224528686 0.07885476133759106
0.3975966659674052 0.07882053076440965
0.41317591116653546 0.07853588262606988
0.42884258086335814 0.07801171032204274
0.44458090004949524 0.07727539057284215
0.46037502157160654 0.07635598457908811
0.4762090420881297 0.07528393005761044
0.4920670180825969 0.07409074004317755
0.5079329819174049 0.07280774766713984
0.5237909579118721 0.07144797050463737
0.5396249784283953 0.07000749688618721
0.5554190999505066 0.06848215899853308
0.5711574191366438 0.06686823287204628
0.5868240888334664 0.0651624931045792
0.6024033340325966 0.0633622756500053
0.6178794677547149 0.061468434007413766
0.6332369068450188 0.05948907480775242
0.6484601876641387 0.057433441639750143
0.6635339816587122 0.05531086507984292
0.6784431107959373 0.05313070644699408
0.6931725628465657 0.05090230368617863
0.7077075065009447 0.048634992042934325
0.7220333063028884 0.04633924349926761
0.7361355373863427 0.044026307349686086
0.7500000000000012 0.04170702229293241
0.7636127338052524 0.03939172750224489
0.7769600319330563 0.0370902179146147
0.7900284547856001 0.03481170638609893
0.8028048435688343 0.03256477782964602
0.8152763335422621 0.03035543760225635
0.8274303669726433 0.028185590545017007
0.8392547057785669 0.026056926405532383
0.8507374438531613 0.023971406170285276
0.8618670190525357 0.02193124856122463
0.872632224837878 0.019938913478628827
0.8830222215594895 0.017997082589970195
0.8930265473713942 0.01610863729108125
0.9026351287655296 0.014276746702459948
0.9118382907149167 0.01251362683222331
0.9206267664155909 0.010843816357238932
0.9289917066174888 0.009287172320085793
0.9369246885348927 0.00785762162072326
0.9444177243274618 0.006563734613315905
0.9514632691433107 0.005409328049533172
0.958054228716035 0.004394088500088993
0.9641839665080364 0.0035142073287361053
0.9698463103929542 0.0027630183300572713
0.9750355588704727 0.002131629273252879
0.9797464868072487 0.0016095388168640647
0.9839743506981782 0.0011852305712631702
0.9877148934427036 0.0008467364832006135
0.9909643486313533 0.0005821621953141777
0.9937194443381971 0.0003801675880981285
0.9959774064153977 0.00023039633648735556
0.9977359612865423 0.00012384900135481243
0.9989933382359422 5.319492066539479e-05
0.9997482711915926 1.3018958052484522e-05
1.0 0.0
