1.0 0.0
0.9997482711915926 8.814444367126901e-05
0.9989933382359422 0.0003527442338947441
0.9977359612865423 0.0007942847644685456
0.9959774064153977 0.001413528597816295
0.9937194443381971 0.0022114464715517926
0.9909643486313533 0.003189121995604126
0.9877148934427036 0.004347631311769713
0.9839743506981782 0.005687899328166556
0.9797464868072487 0.007210534464888861
0.9750355588704727 0.008915644150799906
0.9698463103929542 0.010802633591646679
0.9641839665080364 0.012869990583556465
0.958054228716035 0.015115059370748276
0.9514632691433107 0.017533806739518595
0.9444177243274618 0.02012058370009054
0.9369246885348927 0.022867886231933546
0.9289917066174888 0.025766118655183072
0.9206267664155909 0.02880336323970227
0.9118382907149167 0.03196515967337587
0.9026351287655296 0.03523429798203345
0.8930265473713942 0.038591472394419006
0.8830222215594895 0.042026596649661754
0.872632224837878 0.04553869085681357
0.8618670190525357 0.049129037553430684
0.8507374438531613 0.052801149665810246
0.8392547057785669 0.05656088528098298
0.8274303669726433 0.060416538627455746
0.8152763335422621 0.06437890555718764
0.8028048435688343 0.06846132205640809
0.7900284547856001 0.072677943671891
0.7769600319330563 0.07702232489009178
0.7636127338052524 0.08147091114173945
0.7500000000000012 0.08599699880528468
0.7361355373863427 0.09057111916235279
0.7220333063028884 0.0951611594359566
0.7077075065009447 0.09973251482985324
0.6931725628465657 0.10424837862800526
0.6784431107959373 0.10867897440389665
0.6635339816587122 0.11300946589710655
0.6484601876641387 0.11722679543643101
0.6332369068450188 0.12131822588576414
0.6178794677547149 0.1252713991529849
0.6024033340325966 0.12907439478372879
0.5868240888334664 0.13271630614101074
0.5711574191366438 0.13619360179421222
0.5554190999505066 0.13950836927024893
0.5396249784283953 0.1426637154942238
0.5237909579118721 0.14566360026258843
0.5079329819174049 0.1485127611753673
0.4920670180825969 0.15121655864036077
0.4762090420881297 0.15376958876916552
0.46037502157160654 0.15614370619891543
0.44458090004949524 0.1583088471962389
0.42884258086335814 0.16023620278968076
0.41317591116653546 0.16189849491609004
0.3975966659674052 0.16327024128653225
0.38212053224528686 0.1643306003259788
0.36676309315498296 0.16507510387061974
0.35153981233586296 0.16550576024965694
0.33646601834128953 0.16562601210747097
0.32155688920406433 0.16544073034617912
0.3068274371534359 0.16495620477162268
0.29229249349905695 0.16418003690774907
0.2779666936971131 0.16311046205298615
0.2638644626136587 0.1617275945803591
0.25000000000000006 0.16001359415437902
0.2363872661947488 0.1579553207033317
0.22303996806694482 0.15554441983883138
0.20997154521440087 0.15277736092462602
0.19719515643116664 0.14965542774855747
0.18472366645773874 0.1461899796943294
0.17256963302735745 0.14242181066722936
0.1607452942214339 0.1383990738490036
0.14926255614683936 0.1341682194846155
0.1381329809474649 0.129766660234873
0.12736777516212267 0.12517540695791615
0.116977778440511 0.12036019771823085
0.10697345262860625 0.11530200429176526
0.09736487123447068 0.10999630908893837
0.0881617092850836 0.10444558529439156
0.0793732335844094 0.09864125020228169
0.07100829338251147 0.09258821340662395
0.06307531146510753 0.0863281361501809
0.05558227567253826 0.07994996072926606
0.04853673085668936 0.07354420224640165
0.041945771283965205 0.06718157202741948
0.03581603349196366 0.06087075381022825
0.030153689607045786 0.05463041285854068
0.02496444112952728 0.048507559648002026
0.020253513192751316 0.042570905508122855
0.016025649301821876 0.03690445004864591
0.012285106557296477 0.031601390584085905
0.009035651368646647 0.02675843541923494
0.006280555661802856 0.0224705967016532
0.00402259358460233 0.018826531602574175
0.0022640387134577056 0.015904492929165136
0.0010066617640577813 0.013768941979437142
0.0002517288084074587 0.012467867613120055
0.0 0.01203084621951556
0.0 0.0
0.0002517288084074587 -0.00041664314673145003
0.0010066617640577813 -0.0016336516107433204
0.0022640387134577056 -0.003554853314376639
0.00402259358460233 -0.0060285627456746725
0.006280555661802856 -0.008860361149533393
0.009035651368646647 -0.011830746632548357
0.012285106557296477 -0.014717415056540005
0.016025649301821876 -0.017321868581190027
0.020253513192751316 -0.019499987874886493
0.02496444112952728 -0.021196146987257008
0.030153689607045786 -0.02245166840560886
0.03581603349196366 -0.023271901250305742
0.041945771283965205 -0.023676447957799635
0.04853673085668936 -0.023755727989496152
0.05558227567253826 -0.023670112084251974
0.06307531146510753 -0.02350128688440727
0.07100829338251147 -0.023263450462112496
0.0793732335844094 -0.022977461227471283
0.0881617092850836 -0.02263524759719126
0.09736487123447068 -0.022180495972264066
0.10697345262860625 -0.02154518685230113
0.116977778440511 -0.02071213418056313
0.12736777516212267 -0.01970954214423858
0.1381329809474649 -0.018577274719993143
0.14926255614683936 -0.017366794004228855
0.1607452942214339 -0.01613211686053589
0.17256963302735745 -0.014883679786800122
0.18472366645773874 -0.013614154821416941
0.19719515643116664 -0.01231446615815126
0.20997154521440087 -0.010974095723763807
0.22303996806694482 -0.009583512001544503
0.2363872661947488 -0.008133277766345504
0.25000000000000006 -0.006612869538085039
0.2638644626136587 -0.0050107146041053485
0.2779666936971131 -0.003314251484900172
0.29229249349905695 -0.0015100036097550485
0.3068274371534359 0.0004154236594984098
0.32155688920406433 0.002451051268660166
0.33646601834128953 0.004556811242493189
0.35153981233586296 0.00668803011367906
0.36676309315498296 0.00879709753573763
0.38212053224528686 0.01083384980141335
0.3975966659674052 0.012745985970950013
0.41317591116653546 0.014488516773963627
0.42884258086335814 0.016070059531082013
0.44458090004949524 0.01752072500289439
0.46037502157160654 0.018872135601662423
0.4762090420881297 0.02015706191919222
0.4920670180825969 0.021409081455585354
0.5079329819174049 0.022660579455027294
0.5237909579118721 0.023911662436434094
0.5396249784283953 0.025132938606576203
0.5554190999505066 0.02629430724523042
0.5711574191366438 0.027366337822267252
0.5868240888334664 0.028320554845830195
0.6024033340325966 0.029129764087526766
0.6178794677547149 0.02977871011468465
0.6332369068450188 0.030276384181892824
0.6484601876641387 0.030635108193509043
0.6635339816587122 0.030867235875210862
0.6784431107959373 0.03098505521494722
0.6931725628465657 0.031000695622857854
0.7077075065009447 0.030925479762390337
0.7220333063028884 0.030761732728752284
0.7361355373863427 0.030505402857883314
0.7500000000000012 0.030153341459575177
0.7636127338052524 0.0297035326637346
0.7769600319330563 0.029155107802399452
0.7900284547856001 0.02850834879840108
0.8028048435688343 0.02776468341604104
0.8152763335422621 0.026926921906656437
0.8274303669726433 0.025999379884992208
0.8392547057785669 0.024987365357842975
0.8507374438531613 0.023897077601628278
0.8618670190525357 0.022735550447098126
0.872632224837878 0.02151058786160332
0.8830222215594895 0.02023069242743715
0.8930265473713942 0.01890498737923487
0.9026351287655296 0.017543181293407085
0.9118382907149167 0.016158294245898246
0.9206267664155909 0.014767189031129523
0.9289917066174888 0.01338548013224448
0.9369246885348927 0.012027148070760666
0.9444177243274618 0.010704621239164245
0.9514632691433107 0.009428866118307313
0.958054228716035 0.008209484041410793
0.9641839665080364 0.00705481264548809
0.9698463103929542 0.0059720301510084745
0.9750355588704727 0.004967260631429211
0.9797464868072487 0.0040456784754542745
0.9839743506981782 0.0032116103059398006
0.9877148934427036 0.002468632699478072
0.9909643486313533 0.0018196641488877421
0.9937194443381971 0.0012670498259713574
0.9959774064153977 0.0008126378326664446
0.9977359612865423 0.00045784577364892305
0.9989933382359422 0.00020371664095260872
0.9997482711915926 5.0963169522698904e-05
1.0 0.0
