1.0 0.0
0.9997482711915926 5.5886861170294594e-05
0.9989933382359422 0.00022338331333006476
0.9977359612865423 0.0005019953253532059
0.9959774064153977 0.0008908940842820717
0.9937194443381971 0.0013889079554466263
0.9909643486313533 0.001994511428950684
0.9877148934427036 0.0027058112521455486
0.9839743506981782 0.0035205300009195505
0.9797464868072487 0.004435987393022012
0.9750355588704727 0.00544907969364412
0.9698463103929542 0.006556257606557878
0.9641839665080364 0.007753503082774286
0.958054228716035 0.009036305512465204
0.9514632691433107 0.010399637794397596
0.9444177243274618 0.011837932799997362
0.9369246885348927 0.013345060766096989
0.9289917066174888 0.014914308161185476
0.9206267664155909 0.016538358574394053
0.9118382907149167 0.018209276174402662
0.9026351287655296 0.01991849227688676
0.8930265473713942 0.021657192751800256
0.8830222215594895 0.02342005845750067
0.872632224837878 0.02520458559001275
0.8618670190525357 0.027009338450656745
0.8507374438531613 0.02883400709280597
0.8392547057785669 0.030679475463407373
0.8274303669726433 0.0325478775954517
0.8152763335422621 0.03444264094878021
0.8028048435688343 0.03636851611487519
0.7900284547856001 0.03833108265469493
0.7769600319330563 0.040333011695421826
0.7636127338052524 0.0423756239462291
0.7500000000000012 0.044460658080223
0.7361355373863427 0.046590269615310036
0.7220333063028884 0.048767013139622825
0.7077075065009447 0.05099381928923377
0.6931725628465657 0.05327361157872123
0.6784431107959373 0.055599873671355084
0.6635339816587122 0.05795484165464273
0.6484601876641387 0.06031900732810558
0.6332369068450188 0.06267176869687957
0.6178794677547149 0.06499158334912579
0.6024033340325966 0.06725613425565488
0.5868240888334664 0.06944473922592122
0.5711574191366438 0.07155079346595045
0.5554190999505066 0.07357367427631246
0.5396249784283953 0.07551321102251879
0.5237909579118721 0.07736964999877705
0.5079329819174049 0.07914363060251321
0.4920670180825969 0.08083576580847741
0.4762090420881297 0.08243796361869675
0.46037502157160654 0.0839334930626089
0.44458090004949524 0.0853057941570016
0.42884258086335814 0.08653902707601406
0.41317591116653546 0.08761822269549506
0.3975966659674052 0.08852944320005472
0.38212053224528686 0.08926657261055713
0.36676309315498296 0.08984119898973053
0.35153981233586296 0.09026769253890092
0.33646601834128953 0.09056039022521498
0.32155688920406433 0.09073348110290347
0.3068274371534359 0.09080089758019047
0.29229249349905695 0.09077487406054441
0.2779666936971131 0.09064125954187288
0.2638644626136587 0.09036445842298352
0.25000000000000006 0.08991233211757105
0.2363872661947488 0.08925733418047288
0.22303996806694482 0.08837666459173726
0.20997154521440087 0.08725237338345007
0.19719515643116664 0.08587142089160023
0.18472366645773874 0.08422686738123704
0.17256963302735745 0.08231886828881155
0.1607452942214339 0.08015207459981899
0.14926255614683936 0.07773515581751891
0.1381329809474649 0.07509636158582073
0.12736777516212267 0.0723138660823723
0.116977778440511 0.0694660508802959
0.10697345262860625 0.06662011912244267
0.09736487123447068 0.06383144989853404
0.0881617092850836 0.06105288154613376
0.0793732335844094 0.05809669718931138
0.07100829338251147 0.05482175822932994
0.06307531146510753 0.05127399389163066
0.05558227567253826 0.047633137951504465
0.04853673085668936 0.04404601868282908
0.041945771283965205 0.04056206201215746
0.03581603349196366 0.03710475545215017
0.030153689607045786 0.03362728598933541
0.02496444112952728 0.030124814720967775
0.020253513192751316 0.026625986058519745
0.016025649301821876 0.02318472508760758
0.012285106557296477 0.019872437363949114
0.009035651368646647 0.0167707184996929
0.006280555661802856 0.013964672841826705
0.00402259358460233 0.011536931451875647
0.0022640387134577056 0.00956244956124097
0.0010066617640577813 0.00810415280585285
0.0002517288084074587 0.007209489951884953
0.0 0.006907937632568102
0.0 0.0
0.0002517288084074587 -0.00019809734749437366
0.0010066617640577813 -0.0007635359827940065
0.0022640387134577056 -0.0016127188063590884
0.00402259358460233 -0.002616154067759479
0.006280555661802856 -0.0036130697750386778
0.009035651368646647 -0.004431593955768201
0.012285106557296477 -0.00491422437937415
0.016025649301821876 -0.004948237374536107
0.020253513192751316 -0.004500615078255089
0.02496444112952728 -0.0036570045793232007
0.030153689607045786 -0.0026043746889332746
0.03581603349196366 -0.0014226196391468392
0.041945771283965205 -0.00017215695282994518
0.04853673085668936 0.0010537515495567793
0.05558227567253826 0.0021411708526159114
0.06307531146510753 0.0030901711536188087
0.07100829338251147 0.003992159192179623
0.0793732335844094 0.004977380557065134
0.0881617092850836 0.006094481166679823
0.09736487123447068 0.007273393381547888
0.10697345262860625 0.008424747323065888
0.116977778440511 0.009524994052338446
0.12736777516212267 0.010599855290162044
0.1381329809474649 0.011684343866542038
0.14926255614683936 0.01282273379164326
0.1607452942214339 0.014054649735011833
0.17256963302735745 0.015354461610054755
0.18472366645773874 0.016668347203068576
0.19719515643116664 0.01793337779408114
0.20997154521440087 0.019084172428299087
0.22303996806694482 0.020101841883590682
0.2363872661947488 0.02099362838879753
0.25000000000000006 0.02176969826895774
0.2638644626136587 0.02244296248034795
0.2779666936971131 0.02302901634709726
0.29229249349905695 0.023546050460121377
0.3068274371534359 0.02401410796888424
0.32155688920406433 0.024438385710512357
0.33646601834128953 0.024805945476366643
0.35153981233586296 0.0251023276518014
0.36676309315498296 0.025312557565046124
0.38212053224528686 0.025421260899512046
0.3975966659674052 0.025412786785075234
0.41317591116653546 0.025274948224186494
0.42884258086335814 0.02501897859478787
0.44458090004949524 0.024666264995280116
0.46037502157160654 0.024239223303213583
0.4762090420881297 0.023761054435528357
0.4920670180825969 0.0232555151685005
0.5079329819174049 0.02274601002264846
0.5237909579118721 0.022240551148285454
0.5396249784283953 0.02173168234475482
0.5554190999505066 0.021211367904886973
0.5711574191366438 0.020671751528452357
0.5868240888334664 0.020105239726994233
0.6024033340325966 0.01950459400049444
0.6178794677547149 0.01886763323701526
0.6332369068450188 0.018204087182070186
0.6484601876641387 0.017525211608884175
0.6635339816587122 0.016841820814817464
0.6784431107959373 0.01616419985394186
0.6931725628465657 0.01550202357389677
0.7077075065009447 0.014863858630122035
0.7220333063028884 0.014249303970008544
0.7361355373863427 0.013650527116412268
0.7500000000000012 0.013060132671564419
0.7636127338052524 0.012471505059065415
0.7769600319330563 0.0118788469064192
0.7900284547856001 0.011277207924186242
0.8028048435688343 0.010662523805526139
0.8152763335422621 0.01003469778958826
0.8274303669726433 0.009400299591129202
0.8392547057785669 0.00876608416608351
0.8507374438531613 0.008138103919260738
0.8618670190525357 0.007521710128939963
0.872632224837878 0.0069215616562239065
0.8830222215594895 0.006341640573865136
0.8930265473713942 0.005785274285729304
0.9026351287655296 0.005255152126672593
0.9118382907149167 0.004752371783870001
0.9206267664155909 0.00427605991573817
0.9289917066174888 0.003825369428943832
0.9369246885348927 0.003399674409037148
0.9444177243274618 0.0029985499408430732
0.9514632691433107 0.002621750701333005
0.958054228716035 0.002269188663320496
0.9641839665080364 0.0019409102510356368
0.9698463103929542 0.0016370732876546184
0.9750355588704727 0.0013579240702282713
0.9797464868072487 0.0011037748992368144
0.9839743506981782 0.0008749823783034292
0.9877148934427036 0.0006719267845649486
0.9909643486313533 0.0004949927919957715
0.9937194443381971 0.00034455180881196967
0.9959774064153977 0.00022094616617760276
0.9977359612865423 0.0001244753690500345
0.9989933382359422 5.5384591416885026e-05
0.9997482711915926 1.3855567694853691e-05
1.0 0.0
