1.0 0.0008
0.9997482711915926 0.0008338219592803984
0.9989933382359422 0.0009353743039135026
0.9977359612865423 0.0011049119878340761
0.9959774064153977 0.0013428451699122532
0.9937194443381971 0.0016497172667372818
0.9909643486313533 0.002026174623037621
0.9877148934427036 0.0024729281913613978
0.9839743506981782 0.0029907077175878737
0.9797464868072487 0.0035802090286689843
0.9750355588704727 0.004242035112674153
0.9698463103929542 0.0049766317677513525
0.9641839665080364 0.005784218675115434
0.958054228716035 0.006664716820795455
0.9514632691433107 0.007617673250870483
0.9444177243274618 0.008642184194640254
0.9369246885348927 0.009736817629057764
0.9289917066174888 0.01089953638534055
0.9206267664155909 0.012127622914633015
0.9118382907149167 0.013417606833681409
0.9026351287655296 0.014765196363585956
0.8930265473713942 0.016165441562200875
0.8830222215594895 0.017614815836853648
0.872632224837878 0.019110778003170063
0.8618670190525357 0.020650729896089258
0.8507374438531613 0.022232010389849306
0.8392547057785669 0.023851901844281896
0.8274303669726433 0.02550763672389655
0.8152763335422621 0.02719640437333283
0.8028048435688343 0.028915357931615968
0.7900284547856001 0.030661833068767106
0.7769600319330563 0.03243490807116664
0.7636127338052524 0.03423475771219655
0.7500000000000012 0.03606191337249385
0.7361355373863427 0.037917251886952295
0.7220333063028884 0.03980198490341725
0.7077075065009447 0.041717644080838674
0.6931725628465657 0.04366589579058551
0.6784431107959373 0.045644112161952625
0.6635339816587122 0.04764451480212829
0.6484601876641387 0.04965861909400465
0.6332369068450188 0.05167752728841678
0.6178794677547149 0.053691987251498166
0.6024033340325966 0.05569245582975244
0.5868240888334664 0.0576688874991194
0.5711574191366438 0.059609274745845375
0.5554190999505066 0.0615007573765578
0.5396249784283953 0.06333041459499121
0.5237909579118721 0.06508537309943933
0.5079329819174049 0.06675291514371533
0.4920670180825969 0.06832069238906335
0.4762090420881297 0.0697791434458594
0.46037502157160654 0.07112157579432893
0.44458090004949524 0.07234191134709574
0.42884258086335814 0.07343463349663433
0.41317591116653546 0.07439483630104124
0.3975966659674052 0.07521826997949616
0.38212053224528686 0.07590126950571119
0.36676309315498296 0.07644062612501991
0.35153981233586296 0.07683387650291493
0.33646601834128953 0.07707938048485465
0.32155688920406433 0.07717634733468642
0.3068274371534359 0.077124856060249
0.29229249349905695 0.07692562680466442
0.2779666936971131 0.07657557113569323
0.2638644626136587 0.07606870446501446
0.25000000000000006 0.07540066816748534
0.2363872661947488 0.07456893565459158
0.22303996806694482 0.07357283226050601
0.20997154521440087 0.07241353755054414
0.19719515643116664 0.07109407995015504
0.18472366645773874 0.06962084886541116
0.17256963302735745 0.06800490217862028
0.1607452942214339 0.06625864566525183
0.14926255614683936 0.06439531187426151
0.1381329809474649 0.062420782021366854
0.12736777516212267 0.060317779837912394
0.116977778440511 0.05807121792202845
0.10697345262860625 0.05567380902788031
0.09736487123447068 0.05312605935705281
0.0881617092850836 0.05047618301862814
0.0793732335844094 0.047836624461235114
0.07100829338251147 0.045298589215310846
0.06307531146510753 0.04282328971877741
0.05558227567253826 0.040282617616353766
0.04853673085668936 0.03759133223098185
0.041945771283965205 0.03472768070285244
0.03581603349196366 0.03173827363416699
0.030153689607045786 0.028681370813863915
0.02496444112952728 0.02561813152117832
0.020253513192751316 0.022610910835461896
0.016025649301821876 0.01972162533944324
0.012285106557296477 0.017010208259927422
0.009035651368646647 0.014533172849493878
0.006280555661802856 0.01234230138178938
0.00402259358460233 0.010483475526386331
0.0022640387134577056 0.008995662103414891
0.0010066617640577813 0.007910066311313163
0.0002517288084074587 0.0072494624924486165
0.0 0.007027710371560385
0.0 0.0
0.0002517288084074587 -0.00036317188065424606
0.0010066617640577813 -0.0014101218815267022
0.0022640387134577056 -0.0030175907971257284
0.00402259358460233 -0.004994878584294581
0.006280555661802856 -0.007105731450784388
0.009035651368646647 -0.009098564329950602
0.012285106557296477 -0.010744604570305212
0.016025649301821876 -0.011883431817104106
0.020253513192751316 -0.012475283724841578
0.02496444112952728 -0.01265939843065782
0.030153689607045786 -0.012716201090394385
0.03581603349196366 -0.012704974859542636
0.041945771283965205 -0.01260296394555892
0.04853673085668936 -0.012384354286994827
0.05558227567253826 -0.012015879596380374
0.06307531146510753 -0.01142377109903806
0.07100829338251147 -0.010497543485194664
0.0793732335844094 -0.0091072288102127
0.0881617092850836 -0.007273021740971308
0.09736487123447068 -0.005220476709373428
0.10697345262860625 -0.0032341078175200325
0.116977778440511 -0.001416097908328773
0.12736777516212267 0.0002646454991299282
0.1381329809474649 0.0018550774222835897
0.14926255614683936 0.0034174165057345098
0.1607452942214339 0.005013974283019751
0.17256963302735745 0.0066401866352258105
0.18472366645773874 0.008265825844318774
0.19719515643116664 0.009856233000674909
0.20997154521440087 0.011375342750488448
0.22303996806694482 0.012807817877997472
0.2363872661947488 0.014149871377507431
0.25000000000000006 0.015398805675046232
0.2638644626136587 0.016552960940547243
0.2779666936971131 0.017611720769489688
0.29229249349905695 0.018575508215518777
0.3068274371534359 0.01944568900006155
0.32155688920406433 0.02022234515023986
0.33646601834128953 0.020903827828201372
0.35153981233586296 0.021488953607382223
0.36676309315498296 0.021977118011513044
0.38212053224528686 0.022368285302798992
0.3975966659674052 0.022662974397098672
0.41317591116653546 0.022862477972383072
0.42884258086335814 0.022970141619467758
0.44458090004949524 0.02299045977050102
0.46037502157160654 0.02292844015082619
0.4762090420881297 0.0227895480608847
0.4920670180825969 0.022579649154333338
0.5079329819174049 0.02230477370116186
0.5237909579118721 0.02196718545924145
0.5396249784283953 0.021565361400499465
0.5554190999505066 0.021097882475094705
0.5711574191366438 0.020563629532485618
0.5868240888334664 0.019961801636082983
0.6024033340325966 0.019291941129727853
0.6178794677547149 0.018557378328964206
0.6332369068450188 0.017770272460241553
0.6484601876641387 0.016943869782202192
0.6635339816587122 0.016091005777381158
0.6784431107959373 0.015224003362607185
0.6931725628465657 0.014354578416640559
0.7077075065009447 0.013493626488039001
0.7220333063028884 0.0126488153008673
0.7361355373863427 0.01182499264767872
0.7500000000000012 0.011026494255341674
0.7636127338052524 0.010257209437261126
0.7769600319330563 0.00952056339627171
0.7900284547856001 0.008819504460236419
0.8028048435688343 0.008156485278187887
0.8152763335422621 0.007531736235777648
0.8274303669726433 0.006941753145383894
0.8392547057785669 0.00638293583126006
0.8507374438531613 0.005852087590519071
0.8618670190525357 0.005346415253432264
0.872632224837878 0.004863524739647545
0.8830222215594895 0.004401412331080715
0.8930265473713942 0.003958451921850151
0.9026351287655296 0.003533398175723207
0.9118382907149167 0.0031270486579410488
0.9206267664155909 0.0027429328781827054
0.9289917066174888 0.002383956394857309
0.9369246885348927 0.0020521197576110753
0.9444177243274618 0.001748607089286137
0.9514632691433107 0.0014738791094908474
0.958054228716035 0.0012277692425114207
0.9641839665080364 0.0010095814437061363
0.9698463103929542 0.0008181883843921005
0.9750355588704727 0.0006521286554151283
0.9797464868072487 0.0005097016838030281
0.9839743506981782 0.00038905910472432576
0.9877148934427036 0.00028829139185983016
0.9909643486313533 0.00020550862257068953
0.9937194443381971 0.00013891433912165517
0.9959774064153977 8.687156279014245e-05
0.9977359612865423 4.7960122955273345e-05
0.9989933382359422 2.1024577119839813e-05
0.9997482711915926 5.2121190926935665e-06
1.0 0.0
