1.0 0.00105
0.9997482711915926 0.0011295313278873987
0.9989933382359422 0.0013691100642374363
0.9977359612865423 0.0017716430943607738
0.9959774064153977 0.002341817933599205
0.9937194443381971 0.0030858689355335897
0.9909643486313533 0.00401125425758713
0.9877148934427036 0.005126247805083166
0.9839743506981782 0.006439451505613123
0.9797464868072487 0.007959234340941757
0.9750355588704727 0.00969310557239898
0.9698463103929542 0.011647030527186358
0.9641839665080364 0.013824698157419083
0.958054228716035 0.016226750332009987
0.9514632691433107 0.018849983465594425
0.9444177243274618 0.021686533621496428
0.9369246885348927 0.024723056641230222
0.9289917066174888 0.02793991514631933
0.9206267664155909 0.03131038442558815
0.9118382907149167 0.03479988926003945
0.9026351287655296 0.038365283646714175
0.8930265473713942 0.04195596333336877
0.8830222215594895 0.04554280175509873
0.872632224837878 0.04912086564623703
0.8618670190525357 0.05268967508444431
0.8507374438531613 0.056252821478683046
0.8392547057785669 0.059818196083946104
0.8274303669726433 0.06339817619815152
0.8152763335422621 0.06700976589519402
0.8028048435688343 0.07067468856595172
0.7900284547856001 0.07441782613008473
0.7769600319330563 0.07824217523627532
0.7636127338052524 0.08212984306628095
0.7500000000000012 0.0860605299770376
0.7361355373863427 0.09001215540327698
0.7220333063028884 0.09396094711588704
0.7077075065009447 0.09788155080767358
0.6931725628465657 0.10174718927141893
0.6784431107959373 0.1055342498664347
0.6635339816587122 0.1092276229480547
0.6484601876641387 0.11281334845991135
0.6332369068450188 0.1162776137790032
0.6178794677547149 0.11960682725224478
0.6024033340325966 0.12278769350516919
0.5868240888334664 0.12580758350942214
0.5711574191366438 0.12865928287821166
0.5554190999505066 0.13134038650118854
0.5396249784283953 0.1338494178658162
0.5237909579118721 0.13618568762209213
0.5079329819174049 0.13834926988528667
0.4920670180825969 0.14034095525518897
0.4762090420881297 0.14215795662818753
0.46037502157160654 0.14378860930217277
0.44458090004949524 0.1452207858151047
0.42884258086335814 0.14644331785157516
0.41317591116653546 0.14744610311723802
0.3975966659674052 0.14822020586569504
0.38212053224528686 0.14875907339566521
0.36676309315498296 0.14906496287933213
0.35153981233586296 0.14914418965247797
0.33646601834128953 0.14900388213141316
0.32155688920406433 0.14865193164106819
0.3068274371534359 0.14809694998819609
0.29229249349905695 0.14734817097635475
0.2779666936971131 0.14640164560183022
0.2638644626136587 0.14522377648278173
0.25000000000000006 0.1437815400673474
0.2363872661947488 0.14204750384683298
0.22303996806694482 0.1399999864212373
0.20997154521440087 0.13762315752981838
0.19719515643116664 0.13490707777721622
0.18472366645773874 0.13185388880274232
0.17256963302735745 0.12850750146530787
0.1607452942214339 0.12492427203182936
0.14926255614683936 0.12115715421303369
0.1381329809474649 0.11725040137461308
0.12736777516212267 0.11319492369712895
0.116977778440511 0.10896084185014498
0.10697345262860625 0.10453105382103653
0.09736487123447068 0.09990087341939762
0.0881617092850836 0.0951089129486413
0.0793732335844094 0.09034807925191235
0.07100829338251147 0.0858163129364662
0.06307531146510753 0.08155414025910883
0.05558227567253826 0.07731907648800658
0.04853673085668936 0.07290766361015012
0.041945771283965205 0.06820642870448758
0.03581603349196366 0.06319423093603677
0.030153689607045786 0.05790994798306143
0.02496444112952728 0.052432614981696046
0.020253513192751316 0.046871764979718476
0.016025649301821876 0.04135813231129371
0.012285106557296477 0.03603482488785079
0.009035651368646647 0.031049083499651204
0.006280555661802856 0.026544737335845146
0.00402259358460233 0.022655454909149098
0.0022640387134577056 0.0194988785212073
0.0010066617640577813 0.017171718442550065
0.0002517288084074587 0.015745870231905164
0.0 0.015265605216013164
0.0 0.0
0.0002517288084074587 -0.0006506492198142018
0.0010066617640577813 -0.0025322172957419706
0.0022640387134577056 -0.0054407818512271265
0.00402259358460233 -0.009060428631659956
0.006280555661802856 -0.012998843367531878
0.009035651368646647 -0.01683645868140515
0.012285106557296477 -0.020188482913948792
0.016025649301821876 -0.022778957582806358
0.020253513192751316 -0.024525818985494843
0.02496444112952728 -0.02563577902769057
0.030153689607045786 -0.026611318826202875
0.03581603349196366 -0.0276318205165853
0.041945771283965205 -0.02864145760329472
0.04853673085668936 -0.029560769955530582
0.05558227567253826 -0.03028954253314298
0.06307531146510753 -0.030778391216084864
0.07100829338251147 -0.031035492630792944
0.0793732335844094 -0.03108970106615181
0.0881617092850836 -0.03099087374056911
0.09736487123447068 -0.030811322145192516
0.10697345262860625 -0.030643766966837727
0.116977778440511 -0.03052310798364473
0.12736777516212267 -0.03042546680235189
0.1381329809474649 -0.03031839243610204
0.14926255614683936 -0.030161856092942654
0.1607452942214339 -0.029913851715793298
0.17256963302735745 -0.029564844717742823
0.18472366645773874 -0.029121349407192153
0.19719515643116664 -0.028592429372090212
0.20997154521440087 -0.02798930543407071
0.22303996806694482 -0.027321511213914018
0.2363872661947488 -0.02659798047148169
0.25000000000000006 -0.025829211398553747
0.2638644626136587 -0.025027260303631397
0.2779666936971131 -0.024205688852114313
0.29229249349905695 -0.0233794942449288
0.3068274371534359 -0.02256478886635314
0.32155688920406433 -0.021770384805506488
0.33646601834128953 -0.0209947019763788
0.35153981233586296 -0.020235113512198512
0.36676309315498296 -0.019488621613571976
0.38212053224528686 -0.018751890915920146
0.3975966659674052 -0.018021285462907023
0.41317591116653546 -0.017293402096688917
0.42884258086335814 -0.01656824085833758
0.44458090004949524 -0.015847346664601046
0.46037502157160654 -0.015132264188633508
0.4762090420881297 -0.014424522752961943
0.4920670180825969 -0.013725627960659438
0.5079329819174049 -0.013037121257292268
0.5237909579118721 -0.01236229903316325
0.5396249784283953 -0.011706326417156762
0.5554190999505066 -0.011074350146374052
0.5711574191366438 -0.01047135619826199
0.5868240888334664 -0.009902124884173028
0.6024033340325966 -0.0093711776508203
0.6178794677547149 -0.008876836465924985
0.6332369068450188 -0.008401641293527187
0.6484601876641387 -0.007926285976843563
0.6635339816587122 -0.007432497190139029
0.6784431107959373 -0.006903199706777369
0.6931725628465657 -0.006322667559859166
0.7077075065009447 -0.005677807853005157
0.7220333063028884 -0.004980851344882227
0.7361355373863427 -0.0042656793333181115
0.7500000000000012 -0.003564254081024506
0.7636127338052524 -0.002905480281251667
0.7769600319330563 -0.002315051988905061
0.7900284547856001 -0.0018153363781454905
0.8028048435688343 -0.0014252306552348974
0.8152763335422621 -0.0011496245402286727
0.8274303669726433 -0.0009699423466861251
0.8392547057785669 -0.0008664901102053584
0.8507374438531613 -0.0008215642898164296
0.8618670190525357 -0.0008194543464116336
0.872632224837878 -0.0008464238385840792
0.8830222215594895 -0.0008906710837371865
0.8930265473713942 -0.0009422706206825555
0.9026351287655296 -0.000993112857014166
0.9118382907149167 -0.001038332162280929
0.9206267664155909 -0.001076925018914956
0.9289917066174888 -0.0011085368479337285
0.9369246885348927 -0.0011330811198874847
0.9444177243274618 -0.0011507093379716407
0.9514632691433107 -0.0011617797137072016
0.958054228716035 -0.0011668249681182448
0.9641839665080364 -0.001166519693650168
0.9698463103929542 -0.001161647709839703
0.9750355588704727 -0.0011530698390145855
0.9797464868072487 -0.0011416925171571805
0.9839743506981782 -0.0011284376396444632
0.9877148934427036 -0.0011142140220495509
0.9909643486313533 -0.0010998908327696044
0.9937194443381971 -0.0010862733271806708
0.9959774064153977 -0.0010740811825957904
0.9977359612865423 -0.001063929699834354
0.9989933382359422 -0.0010563141010430785
0.9997482711915926 -0.0010515971149124897
1.0 -0.00105
