1.0 0.0
0.9997482711915926 6.236626157070767e-05
0.9989933382359422 0.00024932879400892273
0.9977359612865423 0.0005604792093362308
0.9959774064153977 0.000995138089676849
0.9937194443381971 0.0015523568278547036
0.9909643486313533 0.0022309201991481194
0.9877148934427036 0.003029349659095122
0.9839743506981782 0.003945907360746983
0.9797464868072487 0.004978600883245904
0.9750355588704727 0.006125188662051687
0.9698463103929542 0.007383186109554337
0.9641839665080364 0.00874987241318639
0.958054228716035 0.010222297996483424
0.9514632691433107 0.01179729262683659
0.9444177243274618 0.013471474151933437
0.9369246885348927 0.015241257845096643
0.9289917066174888 0.017102866337903637
0.9206267664155909 0.019052340116609376
0.9118382907149167 0.021085548557003987
0.9026351287655296 0.02319820147041851
0.8930265473713942 0.02538586113165961
0.8830222215594895 0.0276439547577087
0.872632224837878 0.029967787404076608
0.8618670190525357 0.032352555243770745
0.8507374438531613 0.034793359191917894
0.8392547057785669 0.03728521883720736
0.8274303669726433 0.03982308663948675
0.8152763335422621 0.04240186235107204
0.8028048435688343 0.04501640761763991
0.7900284547856001 0.047661627307331554
0.7769600319330563 0.050332972837860125
0.7636127338052524 0.053026251516124924
0.7500000000000012 0.0557374063571987
0.7361355373863427 0.058462525062447576
0.7220333063028884 0.06119784904061017
0.7077075065009447 0.0639397809572914
0.6931725628465657 0.06668496441637504
0.6784431107959373 0.06943223780140098
0.6635339816587122 0.07218300437748203
0.6484601876641387 0.07493925432817528
0.6332369068450188 0.07770342036834683
0.6178794677547149 0.08047833425965782
0.6024033340325966 0.08326717869787188
0.5868240888334664 0.08607002104482131
0.5711574191366438 0.08886501589688402
0.5554190999505066 0.09162102221497222
0.5396249784283953 0.09430630484249782
0.5237909579118721 0.09688883849505783
0.5079329819174049 0.09933659729488535
0.4920670180825969 0.10161846638822153
0.4762090420881297 0.10371812436158916
0.46037502157160654 0.10563418667745737
0.44458090004949524 0.10736660883472604
0.42884258086335814 0.10891605645611628
0.41317591116653546 0.11028389104411315
0.3975966659674052 0.11147214668423246
0.38212053224528686 0.11248090047564545
0.36676309315498296 0.11330442427881335
0.35153981233586296 0.11393706028115502
0.33646601834128953 0.11437434093156379
0.32155688920406433 0.11461304266914567
0.3068274371534359 0.11465123032070375
0.29229249349905695 0.11448765545098266
0.2779666936971131 0.1141100986332391
0.2638644626136587 0.11349777126931014
0.25000000000000006 0.11263318426968413
0.2363872661947488 0.11150271195401613
0.22303996806694482 0.11009667455875524
0.20997154521440087 0.10840938112787332
0.19719515643116664 0.10643926745066494
0.18472366645773874 0.10420995560188388
0.17256963302735745 0.10178871239986592
0.1607452942214339 0.09924189080677025
0.14926255614683936 0.09662880108899363
0.1381329809474649 0.09396719031202333
0.12736777516212267 0.09116628475310778
0.116977778440511 0.08813546624390477
0.10697345262860625 0.08480885433548586
0.09736487123447068 0.08114464670111649
0.0881617092850836 0.07717991754247881
0.0793732335844094 0.07305274450948478
0.07100829338251147 0.06888767767789025
0.06307531146510753 0.06476076455684002
0.05558227567253826 0.060710647783204216
0.04853673085668936 0.05677134492103709
0.041945771283965205 0.05291726203822229
0.03581603349196366 0.04903286364408578
0.030153689607045786 0.04505300138385049
0.02496444112952728 0.04097039014035395
0.020253513192751316 0.03682391400604598
0.016025649301821876 0.03268732911779152
0.012285106557296477 0.02865852074807192
0.009035651368646647 0.024849462508184407
0.006280555661802856 0.02137701442836667
0.00402259358460233 0.018354684156943166
0.0022640387134577056 0.01588546169988887
0.0010066617640577813 0.014055823150373343
0.0002517288084074587 0.012930982892673755
0.0 0.012551456973617649
0.0 0.0
0.0002517288084074587 -0.000454715843510925
0.0010066617640577813 -0.001768626220917097
0.0022640387134577056 -0.003796313355024317
0.00402259358460233 -0.0063129877816756165
0.006280555661802856 -0.009040596968506441
0.009035651368646647 -0.011683876836212408
0.012285106557296477 -0.013975851936496411
0.016025649301821876 -0.015732157758578943
0.020253513192751316 -0.016913432933734464
0.02496444112952728 -0.017694911316891243
0.030153689607045786 -0.018421666708682716
0.03581603349196366 -0.01917790467618906
0.041945771283965205 -0.01995264730327921
0.04853673085668936 -0.020733915954028473
0.05558227567253826 -0.02150636500095802
0.06307531146510753 -0.02223272696761491
0.07100829338251147 -0.022856065185560076
0.0793732335844094 -0.02330852590541029
0.0881617092850836 -0.023582931496740837
0.09736487123447068 -0.023755912799983923
0.10697345262860625 -0.023926896573994192
0.116977778440511 -0.024127107964890145
0.12736777516212267 -0.024338112835705514
0.1381329809474649 -0.024536080403443336
0.14926255614683936 -0.024692080115715383
0.1607452942214339 -0.02477779803499664
0.17256963302735745 -0.02479054899116355
0.18472366645773874 -0.024737969967882193
0.19719515643116664 -0.024630151518722363
0.20997154521440087 -0.024478345046717264
0.22303996806694482 -0.02428526506601039
0.2363872661947488 -0.024049150358500297
0.25000000000000006 -0.023768383891366703
0.2638644626136587 -0.023441531995014336
0.2779666936971131 -0.023067352932367398
0.29229249349905695 -0.022644804259985222
0.3068274371534359 -0.022172900886007943
0.32155688920406433 -0.02164679970720212
0.33646601834128953 -0.02105706505162184
0.35153981233586296 -0.02039365210564407
0.36676309315498296 -0.01964619863879684
0.38212053224528686 -0.018804109728195517
0.3975966659674052 -0.017856647847746807
0.41317591116653546 -0.01679669106844317
0.42884258086335814 -0.01564094274555751
0.44458090004949524 -0.014416430428413658
0.46037502157160654 -0.013151205892285163
0.4762090420881297 -0.011874055477610976
0.4920670180825969 -0.010614224731055171
0.5079329819174049 -0.009400168541005087
0.5237909579118721 -0.00823797421674623
0.5396249784283953 -0.0071113113021539255
0.5554190999505066 -0.006002908573421283
0.5711574191366438 -0.004895705324956397
0.5868240888334664 -0.0037730303770229165
0.6024033340325966 -0.0026188062657264205
0.6178794677547149 -0.001429928582308468
0.6332369068450188 -0.000234327709028799
0.6484601876641387 0.0009364820792942122
0.6635339816587122 0.002052625159993812
0.6784431107959373 0.003086120217021946
0.6931725628465657 0.004011114014441512
0.7077075065009447 0.0048048743357348225
0.7220333063028884 0.005462351166213674
0.7361355373863427 0.005993395293416568
0.7500000000000012 0.0064082849139719235
0.7636127338052524 0.006717122115976973
0.7769600319330563 0.006929778545143696
0.7900284547856001 0.007055846265274781
0.8028048435688343 0.007104590086903708
0.8152763335422621 0.00708429606275307
0.8274303669726433 0.007001700063728645
0.8392547057785669 0.006863252814990989
0.8507374438531613 0.006675272020939025
0.8618670190525357 0.006443920698966363
0.872632224837878 0.0061751877272041965
0.8830222215594895 0.005874870581302552
0.8930265473713942 0.005548560214695317
0.9026351287655296 0.005201628017467156
0.9118382907149167 0.004839214771064653
0.9206267664155909 0.004466221499826702
0.9289917066174888 0.004087302105787768
0.9369246885348927 0.0037068576605517305
0.9444177243274618 0.0033290322173418355
0.9514632691433107 0.0029577099976811063
0.958054228716035 0.0025965138006039576
0.9641839665080364 0.0022488044778759715
0.9698463103929542 0.001917681316417197
0.9750355588704727 0.001605983168973259
0.9797464868072487 0.0013162901760244024
0.9839743506981782 0.0010509259259111315
0.9877148934427036 0.0008119599061096317
0.9909643486313533 0.0006012101064151927
0.9937194443381971 0.00042024564437133485
0.9959774064153977 0.00027038929448404013
0.9977359612865423 0.00015271981543358578
0.9989933382359422 6.807398347750772e-05
0.9997482711915926 1.7048255348332932e-05
1.0 0.0
