1.0 0.0
0.9997482711915926 0.00011985342925476785
0.9989933382359422 0.0004774340872301119
0.9977359612865423 0.0010668607384883896
0.9959774064153977 0.0018785227852710917
0.9937194443381971 0.0028993649521746718
0.9909643486313533 0.004113280856468174
0.9877148934427036 0.0055016105370091755
0.9839743506981782 0.007043735693741048
0.9797464868072487 0.008717765132707871
0.9750355588704727 0.010501301731361004
0.9698463103929542 0.01237228114786978
0.9641839665080364 0.014309871507568492
0.958054228716035 0.01629542241997985
0.9514632691433107 0.018313450920413008
0.9444177243274618 0.020352651299143577
0.9369246885348927 0.022406915285625096
0.9289917066174888 0.02447634870073289
0.9206267664155909 0.02656827048103174
0.9118382907149167 0.028698179918417333
0.9026351287655296 0.03089067804770545
0.8930265473713942 0.033177503908222036
0.8830222215594895 0.035570181475773927
0.872632224837878 0.03806507995194043
0.8618670190525357 0.04065764724864478
0.8507374438531613 0.04334256697147239
0.8392547057785669 0.046113732569331344
0.8274303669726433 0.04896422842463907
0.8152763335422621 0.05188631835500802
0.8028048435688343 0.054871441929973105
0.7900284547856001 0.057910477229274566
0.7769600319330563 0.060995789911654136
0.7636127338052524 0.06412046631513024
0.7500000000000012 0.06727731888712404
0.7361355373863427 0.07045889887475068
0.7220333063028884 0.07365752008124642
0.7077075065009447 0.07686528559312725
0.6931725628465657 0.08007418914212643
0.6784431107959373 0.08327830736474451
0.6635339816587122 0.08647439960936265
0.6484601876641387 0.08965963461878504
0.6332369068450188 0.09283144762427618
0.6178794677547149 0.0959875333311936
0.6024033340325966 0.09912583674898348
0.5868240888334664 0.10224282435231183
0.5711574191366438 0.10532298351256517
0.5554190999505066 0.10834537988974367
0.5396249784283953 0.11128886439170518
0.5237909579118721 0.11413226866806993
0.5079329819174049 0.11685458440711109
0.4920670180825969 0.11943537529822326
0.4762090420881297 0.12186097106488065
0.46037502157160654 0.12412514862775326
0.44458090004949524 0.12622270368456864
0.42884258086335814 0.12814914181009623
0.41317591116653546 0.12990071145808135
0.3975966659674052 0.1314744216852188
0.38212053224528686 0.1328580537141542
0.36676309315498296 0.13401261552107377
0.35153981233586296 0.1348970274558177
0.33646601834128953 0.13547359211545412
0.32155688920406433 0.13570834704390833
0.3068274371534359 0.1355713808568099
0.29229249349905695 0.1350380774320093
0.2779666936971131 0.1341111186305307
0.2638644626136587 0.13281864292943396
0.25000000000000006 0.13119017862012106
0.2363872661947488 0.12925537704914006
0.22303996806694482 0.12704386656859798
0.20997154521440087 0.12458511464492629
0.19719515643116664 0.12190821677110923
0.18472366645773874 0.11901937155154903
0.17256963302735745 0.11587627391479843
0.1607452942214339 0.11244022943823939
0.14926255614683936 0.1086842884712507
0.1381329809474649 0.10460729858668873
0.12736777516212267 0.10026754561806633
0.116977778440511 0.0957322614931775
0.10697345262860625 0.09106377543479305
0.09736487123447068 0.0863192801526524
0.0881617092850836 0.08151737957880009
0.0793732335844094 0.07661734115939424
0.07100829338251147 0.07159384712202788
0.06307531146510753 0.0664842951320523
0.05558227567253826 0.06137577467585416
0.04853673085668936 0.056346485825485834
0.041945771283965205 0.05143325686087489
0.03581603349196366 0.04660978014696261
0.030153689607045786 0.041869837509312155
0.02496444112952728 0.037234232199310116
0.020253513192751316 0.03274488872235551
0.016025649301821876 0.028459157204150168
0.012285106557296477 0.02444440063407049
0.009035651368646647 0.020772938567854976
0.006280555661802856 0.017517415344925052
0.00402259358460233 0.014746654638375269
0.0022640387134577056 0.012522055274653223
0.0010066617640577813 0.010894575807992286
0.0002517288084074587 0.009902347390040976
0.0 0.009568946120818093
0.0 0.0
0.0002517288084074587 -0.00034408029486931383
0.0010066617640577813 -0.0013370710215273858
0.0022640387134577056 -0.0028652340829499277
0.00402259358460233 -0.004752325975969765
0.006280555661802856 -0.006779387259226479
0.009035651368646647 -0.008712068820603004
0.012285106557296477 -0.010335120724456371
0.016025649301821876 -0.01149356925901397
0.020253513192751316 -0.012140012624858722
0.02496444112952728 -0.012387376514807185
0.030153689607045786 -0.012481860574387774
0.03581603349196366 -0.012491054282881421
0.041945771283965205 -0.01242316883749533
0.04853673085668936 -0.012300858397873034
0.05558227567253826 -0.012158165466564981
0.06307531146510753 -0.011995547207685772
0.07100829338251147 -0.011787878477579818
0.0793732335844094 -0.01150294022557938
0.0881617092850836 -0.011129229533473048
0.09736487123447068 -0.010685168287145825
0.10697345262860625 -0.010197427544742982
0.116977778440511 -0.009690980810135882
0.12736777516212267 -0.00919134078477887
0.1381329809474649 -0.008729607348673982
0.14926255614683936 -0.008342765850105134
0.1607452942214339 -0.0080637052545915
0.17256963302735745 -0.007877413029929142
0.18472366645773874 -0.007747443340971011
0.19719515643116664 -0.007629763907823162
0.20997154521440087 -0.007477650030705595
0.22303996806694482 -0.0072782190081956905
0.2363872661947488 -0.007037348355059219
0.25000000000000006 -0.0067622352065358216
0.2638644626136587 -0.006461257500530709
0.2779666936971131 -0.006143936530169774
0.29229249349905695 -0.005820886630106076
0.3068274371534359 -0.005503659060138933
0.32155688920406433 -0.005202173038584134
0.33646601834128953 -0.004924143993925471
0.35153981233586296 -0.004677529308818433
0.36676309315498296 -0.0044706067780905705
0.38212053224528686 -0.004311910677415431
0.3975966659674052 -0.004210163379874628
0.41317591116653546 -0.004172392760473767
0.42884258086335814 -0.004193871586833048
0.44458090004949524 -0.004264770944251271
0.46037502157160654 -0.004374761959811432
0.4762090420881297 -0.004513130447253178
0.4920670180825969 -0.004668883749381018
0.5079329819174049 -0.004831095995621194
0.5237909579118721 -0.004994234190916817
0.5396249784283953 -0.005158230319281786
0.5554190999505066 -0.005323248584133278
0.5711574191366438 -0.005489442766228634
0.5868240888334664 -0.00565695314425991
0.6024033340325966 -0.005825902078390059
0.6178794677547149 -0.005995780208291423
0.6332369068450188 -0.006164539693782633
0.6484601876641387 -0.006329978807925322
0.6635339816587122 -0.006490010950319057
0.6784431107959373 -0.00664268193375873
0.6931725628465657 -0.0067861857747992
0.7077075065009447 -0.006919086270162581
0.7220333063028884 -0.00704417482330586
0.7361355373863427 -0.007167715140870461
0.7500000000000012 -0.007295528624904582
0.7636127338052524 -0.007432810541101009
0.7769600319330563 -0.007584101265968712
0.7900284547856001 -0.007753264959872536
0.8028048435688343 -0.007943418156460554
0.8152763335422621 -0.008147575296339917
0.8274303669726433 -0.008340271924466146
0.8392547057785669 -0.008497412584230164
0.8507374438531613 -0.008598982983023758
0.8618670190525357 -0.008628985250600846
0.872632224837878 -0.008575331947165615
0.8830222215594895 -0.008429701104975793
0.8930265473713942 -0.008187354944793192
0.9026351287655296 -0.007847002744959199
0.9118382907149167 -0.007417451894529759
0.9206267664155909 -0.006920388450317672
0.9289917066174888 -0.006376294695690462
0.9369246885348927 -0.005803063352410423
0.9444177243274618 -0.005216158317698308
0.9514632691433107 -0.004628788875853053
0.958054228716035 -0.004052094183267683
0.9641839665080364 -0.0034953347933510672
0.9698463103929542 -0.002966087991451723
0.9750355588704727 -0.0024704437490585666
0.9797464868072487 -0.0020131981806518527
0.9839743506981782 -0.001598041494583687
0.9877148934427036 -0.001227737569936985
0.9909643486313533 -0.0009042924627860869
0.9937194443381971 -0.0006291093457002635
0.9959774064153977 -0.0004031276114543851
0.9977359612865423 -0.00022694412323848653
0.9989933382359422 -0.00010091486645869628
0.9997482711915926 -2.5235548554216196e-05
1.0 0.0
