1.0 0.0
0.9997482711915926 0.00011152527618958412
0.9989933382359422 0.00044549467651794697
0.9977359612865423 0.001000101371533634
0.9959774064153977 0.0017723753469007788
0.9937194443381971 0.0027582449338411042
0.9909643486313533 0.003952621913810256
0.9877148934427036 0.0053495091720657155
0.9839743506981782 0.0069421295996938345
0.9797464868072487 0.008723074681739074
0.9750355588704727 0.010684470962991103
0.9698463103929542 0.012818162355247686
0.9641839665080364 0.015115906042835666
0.958054228716035 0.017569579558978844
0.9514632691433107 0.020171396446187775
0.9444177243274618 0.02291412778090094
0.9369246885348927 0.02579132673757808
0.9289917066174888 0.028797553291504487
0.9206267664155909 0.031928596113614836
0.9118382907149167 0.035181688695295366
0.9026351287655296 0.03855571675668993
0.8930265473713942 0.04205068656284253
0.8830222215594895 0.045658212297018476
0.872632224837878 0.04936175901590481
0.8618670190525357 0.05314239482360302
0.8507374438531613 0.0569788588584909
0.8392547057785669 0.06084751447671841
0.8274303669726433 0.06472232514887276
0.8152763335422621 0.068574854441858
0.8028048435688343 0.07237429123662847
0.7900284547856001 0.07608918191105624
0.7769600319330563 0.07970721577489832
0.7636127338052524 0.0832315329861623
0.7500000000000012 0.08666830774474646
0.7361355373863427 0.09002648678003766
0.7220333063028884 0.0933177382928848
0.7077075065009447 0.0965563716970021
0.6931725628465657 0.0997590742324474
0.6784431107959373 0.10293336121672413
0.6635339816587122 0.10606850799279599
0.6484601876641387 0.10915179887340093
0.6332369068450188 0.11217034829212615
0.6178794677547149 0.1151111768208389
0.6024033340325966 0.1179612909730324
0.5868240888334664 0.1207077063653487
0.5711574191366438 0.1233369244318285
0.5554190999505066 0.1258352506505068
0.5396249784283953 0.12818929095009568
0.5237909579118721 0.13038605857039753
0.5079329819174049 0.13241307479909845
0.4920670180825969 0.13425860560339256
0.4762090420881297 0.1359207252935756
0.46037502157160654 0.13741285705576528
0.44458090004949524 0.13875028498326006
0.42884258086335814 0.139948663908213
0.41317591116653546 0.14102385836101305
0.3975966659674052 0.14199178352982753
0.38212053224528686 0.14286186936700454
0.36676309315498296 0.1436149942642551
0.35153981233586296 0.14422542311239053
0.33646601834128953 0.14466940141487933
0.32155688920406433 0.14492537472823563
0.3068274371534359 0.14497418554375524
0.29229249349905695 0.14479917285268856
0.2779666936971131 0.1443815580128452
0.2638644626136587 0.14369821107856576
0.25000000000000006 0.14272947829942584
0.2363872661947488 0.1414600618279426
0.22303996806694482 0.13987911238459852
0.20997154521440087 0.13798027728056872
0.19719515643116664 0.13576170370668705
0.18472366645773874 0.13322555667251987
0.17256963302735745 0.13037669731658003
0.1607452942214339 0.1272241423965924
0.14926255614683936 0.12378139383132564
0.1381329809474649 0.12006898892215602
0.12736777516212267 0.11612859320510843
0.116977778440511 0.11200842174267402
0.10697345262860625 0.10775476713676477
0.09736487123447068 0.10341188159935279
0.0881617092850836 0.09897669013795563
0.0793732335844094 0.09430737059547661
0.07100829338251147 0.08928172576726538
0.06307531146510753 0.08389734169801778
0.05558227567253826 0.07829728704112908
0.04853673085668936 0.072620515748624
0.041945771283965205 0.06695303356986276
0.03581603349196366 0.061252209141369744
0.030153689607045786 0.05549377642804398
0.02496444112952728 0.04970457984072227
0.020253513192751316 0.043951640646171984
0.016025649301821876 0.03833160048871152
0.012285106557296477 0.0329606877560044
0.009035651368646647 0.027965343574115935
0.006280555661802856 0.023473633945783074
0.00402259358460233 0.019607562953211272
0.0022640387134577056 0.01647638915652236
0.0010066617640577813 0.014171033466646566
0.0002517288084074587 0.012759652002597753
0.0 0.012284431912044886
0.0 0.0
0.0002517288084074587 -0.0003116042023323764
0.0010066617640577813 -0.001223730138250051
0.0022640387134577056 -0.0026703856098142333
0.00402259358460233 -0.004548448317897205
0.006280555661802856 -0.006727865130534397
0.009035651368646647 -0.00906573655494067
0.012285106557296477 -0.011424094353742297
0.016025649301821876 -0.013691128837232645
0.020253513192751316 -0.01580557350790164
0.02496444112952728 -0.017783908948044734
0.030153689607045786 -0.019714044108086144
0.03581603349196366 -0.021589766585612246
0.041945771283965205 -0.02335988202454492
0.04853673085668936 -0.02497433742753563
0.05558227567253826 -0.026390227631739455
0.06307531146510753 -0.027622786807340958
0.07100829338251147 -0.028747067558200903
0.0793732335844094 -0.0298764459443578
0.0881617092850836 -0.031027844680189487
0.09736487123447068 -0.0320486073384544
0.10697345262860625 -0.0327473357424113
0.116977778440511 -0.03305911672088347
0.12736777516212267 -0.033035977794526064
0.1381329809474649 -0.03275541653324435
0.14926255614683936 -0.03231973926675677
0.1607452942214339 -0.03183624964478807
0.17256963302735745 -0.03130748757806962
0.18472366645773874 -0.03068881826834423
0.19719515643116664 -0.02992867569924631
0.20997154521440087 -0.028974414949316574
0.22303996806694482 -0.02782343867054741
0.2363872661947488 -0.026506364043550612
0.25000000000000006 -0.025059736565941442
0.2638644626136587 -0.023525612003191154
0.2779666936971131 -0.02195136770811446
0.29229249349905695 -0.020389453219646532
0.3068274371534359 -0.018896466483930743
0.32155688920406433 -0.017513788836730645
0.33646601834128953 -0.01626190556456297
0.35153981233586296 -0.015160466576318641
0.36676309315498296 -0.014229408007960876
0.38212053224528686 -0.013488810568150069
0.3975966659674052 -0.012958750562824986
0.41317591116653546 -0.012656432855247436
0.42884258086335814 -0.012580125120652982
0.44458090004949524 -0.012719261267172453
0.46037502157160654 -0.013062010304835277
0.4762090420881297 -0.01359542784066485
0.4920670180825969 -0.014305590204130554
0.5079329819174049 -0.015176796425020957
0.5237909579118721 -0.016168916677800987
0.5396249784283953 -0.017216509470486238
0.5554190999505066 -0.01825330210384231
0.5711574191366438 -0.019214038262066073
0.5868240888334664 -0.02003511820028305
0.6024033340325966 -0.020655253307579245
0.6178794677547149 -0.021038785783978844
0.6332369068450188 -0.021214371115793017
0.6484601876641387 -0.02122074839255071
0.6635339816587122 -0.021095515371537393
0.6784431107959373 -0.020874814644133287
0.6931725628465657 -0.020593041888421714
0.7077075065009447 -0.020281743898097834
0.7220333063028884 -0.019951658354682204
0.7361355373863427 -0.01959472121082831
0.7500000000000012 -0.019203099789308443
0.7636127338052524 -0.018770078450380232
0.7769600319330563 -0.018290097389043032
0.7900284547856001 -0.017758778970504967
0.8028048435688343 -0.017172954424122283
0.8152763335422621 -0.01653356049279729
0.8274303669726433 -0.015848665673201576
0.8392547057785669 -0.015126919334197294
0.8507374438531613 -0.014376540603829348
0.8618670190525357 -0.01360530081116652
0.872632224837878 -0.012820510991835324
0.8830222215594895 -0.012029014275079573
0.8930265473713942 -0.011237182925014461
0.9026351287655296 -0.010450899811499418
0.9118382907149167 -0.009673419845047656
0.9206267664155909 -0.008904226470399412
0.9289917066174888 -0.008143537275671905
0.9369246885348927 -0.007392708006741418
0.9444177243274618 -0.006654092751023783
0.9514632691433107 -0.005930898437097027
0.958054228716035 -0.005227035610939765
0.9641839665080364 -0.004546967459236822
0.9698463103929542 -0.00389555903940887
0.9750355588704727 -0.0032779286449680085
0.9797464868072487 -0.002699303183892342
0.9839743506981782 -0.0021648793775479597
0.9877148934427036 -0.001679692499044669
0.9909643486313533 -0.0012484942637500584
0.9937194443381971 -0.0008756413621257737
0.9959774064153977 -0.0005649959873708796
0.9977359612865423 -0.00031983955897944735
0.9989933382359422 -0.00014280067979744143
0.9997482711915926 -3.5798190162851223e-05
1.0 0.0
