1.0 0.0
0.9997482711915926 7.750390345229267e-05
0.9989933382359422 0.0003098143268906318
0.9977359612865423 0.0006963269796856358
0.9959774064153977 0.0012360332910792873
0.9937194443381971 0.0019275183266733364
0.9909643486313533 0.0027689579630529406
0.9877148934427036 0.0037581154107735842
0.9839743506981782 0.00489233719985941
0.9797464868072487 0.00616854876451214
0.9750355588704727 0.007583249784637685
0.9698463103929542 0.009132509460798858
0.9641839665080364 0.010811961916062431
0.958054228716035 0.01261680193270328
0.9514632691433107 0.014541781243667482
0.9444177243274618 0.01658120560790716
0.9369246885348927 0.01872893290504478
0.9289917066174888 0.020978372488188162
0.9206267664155909 0.023322486034020904
0.9118382907149167 0.025753790126485536
0.9026351287655296 0.028264360804436693
0.8930265473713942 0.030845942763205462
0.8830222215594895 0.03349164538331043
0.872632224837878 0.03619613118566618
0.8618670190525357 0.038954532956150964
0.8507374438531613 0.04176246921364489
0.8392547057785669 0.04461609096243922
0.8274303669726433 0.047512122718760194
0.8152763335422621 0.05044789732131426
0.8028048435688343 0.053421384093197265
0.7900284547856001 0.056431102765031126
0.7769600319330563 0.05947443433712715
0.7636127338052524 0.06254768399557077
0.7500000000000012 0.06564735593147601
0.7361355373863427 0.06877019965831131
0.7220333063028884 0.07191321449336203
0.7077075065009447 0.07507365131277594
0.6931725628465657 0.07824897636441841
0.6784431107959373 0.08143111319817954
0.6635339816587122 0.0845994577685489
0.6484601876641387 0.08773081762147493
0.6332369068450188 0.0908010316389483
0.6178794677547149 0.09378514174839518
0.6024033340325966 0.09665757698873864
0.5868240888334664 0.09939300281152147
0.5711574191366438 0.10197770673684266
0.5554190999505066 0.10440860506961859
0.5396249784283953 0.10668365265523054
0.5237909579118721 0.10880150217987981
0.5079329819174049 0.1107614898437036
0.4920670180825969 0.1125636042295892
0.4762090420881297 0.11420437244373915
0.46037502157160654 0.11567116271616132
0.44458090004949524 0.11695070793096694
0.42884258086335814 0.11803067492987444
0.41317591116653546 0.1188997838659479
0.3975966659674052 0.11954792103840998
0.38212053224528686 0.11996629490951875
0.36676309315498296 0.12014784995456554
0.35153981233586296 0.1200871279760544
0.33646601834128953 0.11978016927204296
0.32155688920406433 0.11922457253990038
0.3068274371534359 0.11841954410016563
0.29229249349905695 0.11736594067239203
0.2779666936971131 0.11606838332995449
0.2638644626136587 0.11453810852627729
0.25000000000000006 0.1127880986781796
0.2363872661947488 0.11083217926572593
0.22303996806694482 0.10868495664011285
0.20997154521440087 0.10636175212805013
0.19719515643116664 0.10387853270785774
0.18472366645773874 0.10124652515570613
0.17256963302735745 0.09844547795247618
0.1607452942214339 0.09544908333341653
0.14926255614683936 0.09223927806723067
0.1381329809474649 0.0888132758276393
0.12736777516212267 0.08524723960813217
0.116977778440511 0.08165012437069516
0.10697345262860625 0.07811434824505445
0.09736487123447068 0.0747158330134506
0.0881617092850836 0.07145925537258369
0.0793732335844094 0.06808225779094906
0.07100829338251147 0.06431623775269914
0.06307531146510753 0.0601148967276977
0.05558227567253826 0.05580826732951126
0.04853673085668936 0.05169978783731329
0.041945771283965205 0.04794685576508011
0.03581603349196366 0.04435076098569685
0.030153689607045786 0.04069421299085688
0.02496444112952728 0.03687066452958281
0.020253513192751316 0.03286378148472647
0.016025649301821876 0.028727387548233906
0.012285106557296477 0.024566378876186675
0.009035651368646647 0.02051887510609009
0.006280555661802856 0.01673985316844469
0.00402259358460233 0.013386487784200813
0.0022640387134577056 0.010605397652025363
0.0010066617640577813 0.008521969359722003
0.0002517288084074587 0.007231902287968709
0.0 0.006795087514308876
0.0 0.0
0.0002517288084074587 -0.000470163286593862
0.0010066617640577813 -0.0018421410757429818
0.0022640387134577056 -0.00400390649014768
0.00402259358460233 -0.006780398298543814
0.006280555661802856 -0.009950830330449837
0.009035651368646647 -0.013272594578722284
0.012285106557296477 -0.016511432059673186
0.016025649301821876 -0.019477458258319515
0.020253513192751316 -0.022066547076895426
0.02496444112952728 -0.024306499505291353
0.030153689607045786 -0.026371179627043155
0.03581603349196366 -0.02830831596846712
0.041945771283965205 -0.030059198260713328
0.04853673085668936 -0.031570637159054483
0.05558227567253826 -0.03280050275517708
0.06307531146510753 -0.033758368879539424
0.07100829338251147 -0.03451876679806178
0.0793732335844094 -0.03520238767471149
0.0881617092850836 -0.035892038944599615
0.09736487123447068 -0.036548614438618565
0.10697345262860625 -0.037110958166343216
0.116977778440511 -0.03754296618188401
0.12736777516212267 -0.0378398571026197
0.1381329809474649 -0.03800130172888412
0.14926255614683936 -0.038030605188074905
0.1607452942214339 -0.03793398907157365
0.17256963302735745 -0.0377139076912408
0.18472366645773874 -0.037371717223332025
0.19719515643116664 -0.036910864263440465
0.20997154521440087 -0.03633648237751021
0.22303996806694482 -0.03564966714525094
0.2363872661947488 -0.03484849092971971
0.25000000000000006 -0.03393172240506225
0.2638644626136587 -0.03289891663596276
0.2779666936971131 -0.03175042264216745
0.29229249349905695 -0.030487384221291918
0.3068274371534359 -0.029111781553927584
0.32155688920406433 -0.02762857620555279
0.33646601834128953 -0.026046769775712648
0.35153981233586296 -0.024376696832387565
0.36676309315498296 -0.022629728167232865
0.38212053224528686 -0.020818180427435985
0.3975966659674052 -0.018955216152344762
0.41317591116653546 -0.017054589268853282
0.42884258086335814 -0.01512954978666209
0.44458090004949524 -0.013193290147990292
0.46037502157160654 -0.011259331984057142
0.4762090420881297 -0.009341413422022394
0.4920670180825969 -0.007453370762361967
0.5079329819174049 -0.005609019127464034
0.5237909579118721 -0.0038220522847680753
0.5396249784283953 -0.002105922758706089
0.5554190999505066 -0.00047370024264790624
0.5711574191366438 0.001062046888545375
0.5868240888334664 0.0024893654608126835
0.6024033340325966 0.003797034250545432
0.6178794677547149 0.004977220103967559
0.6332369068450188 0.006029132962596844
0.6484601876641387 0.006953479890272548
0.6635339816587122 0.0077514893054247665
0.6784431107959373 0.008424905336783417
0.6931725628465657 0.008975979605788111
0.7077075065009447 0.009407616398984018
0.7220333063028884 0.00972586795473022
0.7361355373863427 0.009939226867405195
0.7500000000000012 0.010056213755598658
0.7636127338052524 0.010085253042767882
0.7769600319330563 0.010034628725372035
0.7900284547856001 0.009912443909803417
0.8028048435688343 0.00972659805218278
0.8152763335422621 0.009486239479830107
0.8274303669726433 0.009202763637727642
0.8392547057785669 0.008886905528562285
0.8507374438531613 0.00854838021535667
0.8618670190525357 0.008195879591454442
0.872632224837878 0.007837080117200544
0.8830222215594895 0.0074786609952800604
0.8930265473713942 0.007126332160519986
0.9026351287655296 0.006784770928305531
0.9118382907149167 0.006451174276245133
0.9206267664155909 0.006113512041076384
0.9289917066174888 0.00576247692404344
0.9369246885348927 0.005392294121164799
0.9444177243274618 0.005000361527655011
0.9514632691433107 0.004586872274714444
0.958054228716035 0.0041544250597960195
0.9641839665080364 0.0037076277654892256
0.9698463103929542 0.0032526998381044903
0.9750355588704727 0.002797078815478252
0.9797464868072487 0.002349036255587713
0.9839743506981782 0.001917308124943118
0.9877148934427036 0.0015107444606163414
0.9909643486313533 0.001137982824873691
0.9937194443381971 0.0008071497298879396
0.9959774064153977 0.0005255938255376767
0.9977359612865423 0.00029965421989557105
0.9989933382359422 0.00013446684407087284
0.9997482711915926 3.381128534063587e-05
1.0 0.0
