1.0 0.0
0.9997482711915926 7.425301903932957e-05
0.9989933382359422 0.00029612228567710297
0.9977359612865423 0.0006629646533503735
0.9959774064153977 0.001170461965988258
0.9937194443381971 0.0018127505454592207
0.9909643486313533 0.0025826001963297415
0.9877148934427036 0.0034716404782420144
0.9839743506981782 0.0044706313931144465
0.9797464868072487 0.00556977506049311
0.9750355588704727 0.006759064415659656
0.9698463103929542 0.0080286644671153
0.9641839665080364 0.009369321198015677
0.958054228716035 0.010772792794783256
0.9514632691433107 0.012232297539753342
0.9444177243274618 0.013742972417063362
0.9369246885348927 0.015302336255264932
0.9289917066174888 0.01691075106891593
0.9206267664155909 0.018571875166674214
0.9118382907149167 0.02029310156650177
0.9026351287655296 0.022085975300178647
0.8930265473713942 0.02396504171859197
0.8830222215594895 0.02593366404793856
0.872632224837878 0.027986973944055152
0.8618670190525357 0.030118939964867145
0.8507374438531613 0.03232240216460406
0.8392547057785669 0.034589033501708125
0.8274303669726433 0.036909312063111314
0.8152763335422621 0.03927250482867344
0.8028048435688343 0.041666663593970345
0.7900284547856001 0.0440787701735464
0.7769600319330563 0.04649576019615953
0.7636127338052524 0.04890413642877829
0.7500000000000012 0.05128953500373194
0.7361355373863427 0.053636775328623154
0.7220333063028884 0.055929923622104416
0.7077075065009447 0.058152366805792055
0.6931725628465657 0.060287308481014684
0.6784431107959373 0.06232877242012945
0.6635339816587122 0.0642837593647353
0.6484601876641387 0.06616127850827826
0.6332369068450188 0.067971657124535
0.6178794677547149 0.06972642962446217
0.6024033340325966 0.07143821418728283
0.5868240888334664 0.0731171083770112
0.5711574191366438 0.07475149700628451
0.5554190999505066 0.07632078176929856
0.5396249784283953 0.07780412662143155
0.5237909579118721 0.07918066471136223
0.5079329819174049 0.08042968768880726
0.4920670180825969 0.08153137229899426
0.4762090420881297 0.08247873880134739
0.46037502157160654 0.08327771116108593
0.44458090004949524 0.0839352784716707
0.42884258086335814 0.08445888658017237
0.41317591116653546 0.08485636431353241
0.3975966659674052 0.08513583589067408
0.38212053224528686 0.0853001479270347
0.36676309315498296 0.08533873485831081
0.35153981233586296 0.0852399774760442
0.33646601834128953 0.08499354862463045
0.32155688920406433 0.08459051942136807
0.3068274371534359 0.08402345288719261
0.29229249349905695 0.083286998393686
0.2779666936971131 0.08238740035675714
0.2638644626136587 0.08134061917293091
0.25000000000000006 0.08016277603393256
0.2363872661947488 0.07886971102159628
0.22303996806694482 0.07747690562895675
0.20997154521440087 0.0759994125983375
0.19719515643116664 0.07445168885362763
0.18472366645773874 0.07283118177492129
0.17256963302735745 0.07110391033042997
0.1607452942214339 0.06923889205238369
0.14926255614683936 0.06721274476903248
0.1381329809474649 0.06501908049509186
0.12736777516212267 0.0626868326529988
0.116977778440511 0.060249864557482505
0.10697345262860625 0.05773983235084404
0.09736487123447068 0.055186095407921534
0.0881617092850836 0.05260838829225714
0.0793732335844094 0.050013746142141186
0.07100829338251147 0.04740997220647649
0.06307531146510753 0.0447824774960183
0.05558227567253826 0.04210304147480477
0.04853673085668936 0.03936036937397626
0.041945771283965205 0.03656445737565084
0.03581603349196366 0.03374697262906086
0.030153689607045786 0.030945543641021818
0.02496444112952728 0.02820059191503349
0.020253513192751316 0.02555402698628086
0.016025649301821876 0.02304799331209973
0.012285106557296477 0.020723684694299745
0.009035651368646647 0.018620240942957625
0.006280555661802856 0.016773740374564895
0.00402259358460233 0.015216300482421103
0.0022640387134577056 0.01397529773690772
0.0010066617640577813 0.013072715981948623
0.0002517288084074587 0.012524631306807494
0.0 0.012340839605538044
0.0 0.0
0.0002517288084074587 -0.0003619493446498448
0.0010066617640577813 -0.0014104326778970713
0.0022640387134577056 -0.00303719175696263
0.00402259358460233 -0.00507453017026264
0.006280555661802856 -0.007314232157013662
0.009035651368646647 -0.009533686576937792
0.012285106557296477 -0.011528858211585226
0.016025649301821876 -0.01315365280896675
0.020253513192751316 -0.014365131275806539
0.02496444112952728 -0.015273943140979495
0.030153689607045786 -0.016112796960924575
0.03581603349196366 -0.016928160345180528
0.041945771283965205 -0.01769973654123114
0.04853673085668936 -0.01840868379082906
0.05558227567253826 -0.019039994395139925
0.06307531146510753 -0.019596493192287744
0.07100829338251147 -0.02009791908067881
0.0793732335844094 -0.02057619954330319
0.0881617092850836 -0.02104391539599936
0.09736487123447068 -0.02148476616212272
0.10697345262860625 -0.021879320968296333
0.116977778440511 -0.02221975128792714
0.12736777516212267 -0.02250714204425957
0.1381329809474649 -0.022744879701450074
0.14926255614683936 -0.022938713128853445
0.1607452942214339 -0.023093803627808135
0.17256963302735745 -0.023201729729376695
0.18472366645773874 -0.023248491216433832
0.19719515643116664 -0.023218642920096583
0.20997154521440087 -0.023097011147667865
0.22303996806694482 -0.022881150366999486
0.2363872661947488 -0.0225761755928328
0.25000000000000006 -0.02218886183832113
0.2638644626136587 -0.02172758721042189
0.2779666936971131 -0.021202296867118414
0.29229249349905695 -0.020624450269497756
0.3068274371534359 -0.020006673076049773
0.32155688920406433 -0.01935528716725712
0.33646601834128953 -0.01866881951289918
0.35153981233586296 -0.0179453862980761
0.36676309315498296 -0.017183111322338636
0.38212053224528686 -0.01638014400822257
0.3975966659674052 -0.01553467816451521
0.41317591116653546 -0.01464636078849132
0.42884258086335814 -0.013723939352701647
0.44458090004949524 -0.01278012285552036
0.46037502157160654 -0.011828035509236902
0.4762090420881297 -0.010881087194328771
0.4920670180825969 -0.009952848967452537
0.5079329819174049 -0.009056650083074335
0.5237909579118721 -0.008199380556584469
0.5396249784283953 -0.007381430001830351
0.5554190999505066 -0.006602763295721447
0.5711574191366438 -0.00586320343727557
0.5868240888334664 -0.005162438658600011
0.6024033340325966 -0.004500031424819119
0.6178794677547149 -0.0038760236202133873
0.6332369068450188 -0.003291820355763034
0.6484601876641387 -0.0027488483373563116
0.6635339816587122 -0.0022483021681552954
0.6784431107959373 -0.001791134287083369
0.6931725628465657 -0.0013780466681610815
0.7077075065009447 -0.0010093150278415591
0.7220333063028884 -0.0006816749730355999
0.7361355373863427 -0.00038895503614870785
0.7500000000000012 -0.00012523430183670545
0.7636127338052524 0.00011500391969211971
0.7769600319330563 0.00033684159026009346
0.7900284547856001 0.00054490105386629
0.8028048435688343 0.0007433065721686214
0.8152763335422621 0.000932652907928693
0.8274303669726433 0.0011073461868794554
0.8392547057785669 0.0012619602265568507
0.8507374438531613 0.001392094203138658
0.8618670190525357 0.0014943534611405803
0.872632224837878 0.0015663201071398419
0.8830222215594895 0.0016065139655821949
0.8930265473713942 0.0016143445630615158
0.9026351287655296 0.0015900754651977887
0.9118382907149167 0.0015365234351434995
0.9206267664155909 0.0014597344227755635
0.9289917066174888 0.001365417509556291
0.9369246885348927 0.0012585991564905892
0.9444177243274618 0.0011436631845507658
0.9514632691433107 0.0010243943357614357
0.958054228716035 0.0009040245874939746
0.9641839665080364 0.0007852813837637861
0.9698463103929542 0.0006704369479115703
0.9750355588704727 0.0005613578508984673
0.9797464868072487 0.00045955402838044045
0.9839743506981782 0.00036622646748696633
0.9877148934427036 0.00028231282046394044
0.9909643486313533 0.0002085302466195031
0.9937194443381971 0.00014541483582433508
0.9959774064153977 9.335702558243573e-05
0.9977359612865423 5.26324887538964e-05
0.9989933382359422 2.3428039666892526e-05
0.9997482711915926 5.862181836385771e-06
1.0 0.0
