1.0 0.0
0.9997482711915926 0.00010998436120686669
0.9989933382359422 0.00043992664023522886
0.9977359612865423 0.0009897814179436056
0.9959774064153977 0.0017594298242878945
0.9937194443381971 0.002748615408311403
0.9909643486313533 0.00395685560376342
0.9877148934427036 0.005383330022240775
0.9839743506981782 0.007026747135403603
0.9797464868072487 0.008885191221033685
0.9750355588704727 0.010955951741156243
0.9698463103929542 0.013235337590989864
0.9641839665080364 0.01571847890221567
0.958054228716035 0.018399119300289854
0.9514632691433107 0.021269401700877686
0.9444177243274618 0.02431965088286122
0.9369246885348927 0.02753815619299783
0.9289917066174888 0.030910957818737792
0.9206267664155909 0.03442164010986431
0.9118382907149167 0.03805113543577386
0.9026351287655296 0.041777542033007244
0.8930265473713942 0.04557684141957453
0.8830222215594895 0.04943261125344535
0.872632224837878 0.053334937102877
0.8618670190525357 0.05727518669831251
0.8507374438531613 0.061246042785127665
0.8392547057785669 0.06524161358604559
0.8274303669726433 0.06925752886015575
0.8152763335422621 0.07329102035175408
0.8028048435688343 0.07734098556572881
0.7900284547856001 0.08140683608172916
0.7769600319330563 0.08547750024484004
0.7636127338052524 0.08953488547380194
0.7500000000000012 0.09355996632593444
0.7361355373863427 0.09753292467066484
0.7220333063028884 0.10143322971304247
0.7077075065009447 0.10523972864106614
0.6931725628465657 0.10893103683994312
0.6784431107959373 0.1124972381844954
0.6635339816587122 0.11594495077944744
0.6484601876641387 0.11928365820179354
0.6332369068450188 0.12252456709571549
0.6178794677547149 0.125680472951064
0.6024033340325966 0.12876560999188721
0.5868240888334664 0.13179290224569637
0.5711574191366438 0.1347545166017491
0.5554190999505066 0.13763192145039096
0.5396249784283953 0.14040648798443905
0.5237909579118721 0.1430597189809818
0.5079329819174049 0.14557340212062667
0.4920670180825969 0.14792994398033557
0.4762090420881297 0.1501190364633136
0.46037502157160654 0.15213956885490093
0.44458090004949524 0.15399164222831987
0.42884258086335814 0.15567600091464562
0.41317591116653546 0.15719401570985886
0.3975966659674052 0.15854766444695836
0.38212053224528686 0.15973686513348426
0.36676309315498296 0.1607532907907975
0.35153981233586296 0.161587862509191
0.33646601834128953 0.16223280431654108
0.32155688920406433 0.16268172335533782
0.3068274371534359 0.16292967879254544
0.29229249349905695 0.16297261769097438
0.2779666936971131 0.16278702412251247
0.2638644626136587 0.1623275732930725
0.25000000000000006 0.16155358572688897
0.2363872661947488 0.160430964727734
0.22303996806694482 0.1589323902222788
0.20997154521440087 0.15703744175165218
0.19719515643116664 0.15473265586748333
0.18472366645773874 0.15201879808788635
0.17256963302735745 0.1489232916806682
0.1607452942214339 0.14547960691442025
0.14926255614683936 0.1417227467165228
0.1381329809474649 0.1376910188878866
0.12736777516212267 0.13343244391738515
0.116977778440511 0.1289963327566966
0.10697345262860625 0.12443008099031916
0.09736487123447068 0.11977894742331233
0.0881617092850836 0.11503605574388055
0.0793732335844094 0.110086025352985
0.07100829338251147 0.10483999820759635
0.06307531146510753 0.09932299212673579
0.05558227567253826 0.09367113418214772
0.04853673085668936 0.08800946641915176
0.041945771283965205 0.0823628085092847
0.03581603349196366 0.07654495087730373
0.030153689607045786 0.0704382794074744
0.02496444112952728 0.06403134671908398
0.020253513192751316 0.05739738085500023
0.016025649301821876 0.05067352387034644
0.012285106557296477 0.04404108944397526
0.009035651368646647 0.03770711111337362
0.006280555661802856 0.03188743235976927
0.00402259358460233 0.026791566765905356
0.0022640387134577056 0.022609531080850374
0.0010066617640577813 0.019500826523831127
0.0002517288084074587 0.01758571433223463
0.0 0.01693890071487632
0.0 0.0
0.0002517288084074587 -0.00040019110042964685
0.0010066617640577813 -0.0015560112108478207
0.0022640387134577056 -0.0033378996899936842
0.00402259358460233 -0.005545521240472674
0.006280555661802856 -0.007930941236667806
0.009035651368646647 -0.010230626931546548
0.012285106557296477 -0.012205835880633495
0.016025649301821876 -0.013690835515646782
0.020253513192751316 -0.014648286234192965
0.02496444112952728 -0.015231015827759565
0.030153689607045786 -0.015750982931745205
0.03581603349196366 -0.016290364013074248
0.041945771283965205 -0.016836799314632105
0.04853673085668936 -0.017375179197667998
0.05558227567253826 -0.01788575591597055
0.06307531146510753 -0.0183305162022146
0.07100829338251147 -0.018653952963160983
0.0793732335844094 -0.01878983353461762
0.0881617092850836 -0.018731260089496847
0.09736487123447068 -0.01855783029165318
0.10697345262860625 -0.018374517525630244
0.116977778440511 -0.018227050419912096
0.12736777516212267 -0.018116442423904207
0.1381329809474649 -0.018042000026168317
0.14926255614683936 -0.018001839134596825
0.1607452942214339 -0.0179917372471237
0.17256963302735745 -0.018000187460738778
0.18472366645773874 -0.018011212191023064
0.19719515643116664 -0.018005927237361503
0.20997154521440087 -0.01796466030778426
0.22303996806694482 -0.01788339458383113
0.2363872661947488 -0.017767313781306925
0.25000000000000006 -0.017622733381125622
0.2638644626136587 -0.01745701871926266
0.2779666936971131 -0.017278551713387377
0.29229249349905695 -0.017096686129537405
0.3068274371534359 -0.016921480013729496
0.32155688920406433 -0.016757671784335505
0.33646601834128953 -0.0166032723780404
0.35153981233586296 -0.016455682164295157
0.36676309315498296 -0.016312064598753673
0.38212053224528686 -0.016169371994167653
0.3975966659674052 -0.01602437374293307
0.41317591116653546 -0.01587416948202707
0.42884258086335814 -0.01571897360600685
0.44458090004949524 -0.01556033631512087
0.46037502157160654 -0.015399862977951461
0.4762090420881297 -0.015239195974840128
0.4920670180825969 -0.015079999813912007
0.5079329819174049 -0.014923871210783833
0.5237909579118721 -0.014770602472969383
0.5396249784283953 -0.014618140292669318
0.5554190999505066 -0.014464365761485501
0.5711574191366438 -0.014307200699660837
0.5868240888334664 -0.014144629789465376
0.6024033340325966 -0.013974726863082912
0.6178794677547149 -0.013797970041551304
0.6332369068450188 -0.013620774428005472
0.6484601876641387 -0.013450217126275367
0.6635339816587122 -0.013292993823663076
0.6784431107959373 -0.013155360574692935
0.6931725628465657 -0.01304308062280576
0.7077075065009447 -0.012960722852239958
0.7220333063028884 -0.012899097497202612
0.7361355373863427 -0.012837493739908428
0.7500000000000012 -0.012756618012843583
0.7636127338052524 -0.012639217749225495
0.7769600319330563 -0.012470175330270157
0.7900284547856001 -0.012236577879178642
0.8028048435688343 -0.011927803182887968
0.8152763335422621 -0.011542625778512613
0.8274303669726433 -0.01109581775920717
0.8392547057785669 -0.010602863980403263
0.8507374438531613 -0.010077789538383229
0.8618670190525357 -0.00953315472600487
0.872632224837878 -0.008980065687630292
0.8830222215594895 -0.008428200018930486
0.8930265473713942 -0.007885846419569475
0.9026351287655296 -0.007359909487570456
0.9118382907149167 -0.006851546519358808
0.9206267664155909 -0.006354196671802714
0.9289917066174888 -0.005862606607921083
0.9369246885348927 -0.005373634614787532
0.9444177243274618 -0.004886033398141436
0.9514632691433107 -0.004400222261714059
0.958054228716035 -0.003918051961067708
0.9641839665080364 -0.0034425655421804775
0.9698463103929542 -0.0029777584604613588
0.9750355588704727 -0.002528341226700991
0.9797464868072487 -0.0020995077433370746
0.9839743506981782 -0.001696712378351834
0.9877148934427036 -0.0013254586764476373
0.9909643486313533 -0.000991102429496166
0.9937194443381971 -0.000698671622540855
0.9959774064153977 -0.00045270554003719804
0.9977359612865423 -0.0002571150619699363
0.9989933382359422 -0.0001150659036464698
0.9997482711915926 -2.8886259183193917e-05
1.0 0.0
