1.0 0.00175
0.9997482711915926 0.0017722878012594563
0.9989933382359422 0.0018388675314682875
0.9977359612865423 0.0019488996008008687
0.9959774064153977 0.0021010226480297355
0.9937194443381971 0.0022934099574914634
0.9909643486313533 0.0025238474168018934
0.9877148934427036 0.0027898320020096367
0.9839743506981782 0.003088689505402576
0.9797464868072487 0.003417709963002661
0.9750355588704727 0.003774298996593245
0.9698463103929542 0.004156143061459366
0.9641839665080364 0.004561386388249136
0.958054228716035 0.004988817227644533
0.9514632691433107 0.005438060851805352
0.9444177243274618 0.005909776638520961
0.9369246885348927 0.00640585646411677
0.9289917066174888 0.0069296215605890105
0.9206267664155909 0.007486014952074692
0.9118382907149167 0.008081786576203022
0.9026351287655296 0.008725668217421116
0.8930265473713942 0.009427565321613053
0.8830222215594895 0.01018930116625432
0.872632224837878 0.011006324786421533
0.8618670190525357 0.011872291858997793
0.8507374438531613 0.01277903149956315
0.8392547057785669 0.013716471563829203
0.8274303669726433 0.014672582258406787
0.8152763335422621 0.01563333932209447
0.8028048435688343 0.01658270785918179
0.7900284547856001 0.01750498219289269
0.7769600319330563 0.018402641564605342
0.7636127338052524 0.019289233207508936
0.7500000000000012 0.020180649388040196
0.7361355373863427 0.02109500283627603
0.7220333063028884 0.022052539233761177
0.7077075065009447 0.023075524324747302
0.6931725628465657 0.0241874806912437
0.6784431107959373 0.025395221487157726
0.6635339816587122 0.026684577099449477
0.6484601876641387 0.028038814768995127
0.6332369068450188 0.029439832978235318
0.6178794677547149 0.030868308467221568
0.6024033340325966 0.032303857126745
0.5868240888334664 0.03372802411699057
0.5711574191366438 0.035140949758020595
0.5554190999505066 0.03655090625892371
0.5396249784283953 0.037966495542262065
0.5237909579118721 0.039396526997821764
0.5079329819174049 0.04084991758764314
0.4920670180825969 0.042335432097705794
0.4762090420881297 0.04385771367681647
0.46037502157160654 0.0454169927711279
0.44458090004949524 0.04701312445133158
0.42884258086335814 0.04864577901375041
0.41317591116653546 0.05031442907201294
0.3975966659674052 0.05201832472163758
0.38212053224528686 0.0537475342763312
0.36676309315498296 0.05546796936874452
0.35153981233586296 0.05714291400261057
0.33646601834128953 0.05873761726192307
0.32155688920406433 0.060219589672067926
0.3068274371534359 0.06155887385550729
0.29229249349905695 0.0627291433039161
0.2779666936971131 0.06372652734257508
0.2638644626136587 0.06456770318375815
0.25000000000000006 0.06526964800897626
0.2363872661947488 0.06584863164243895
0.22303996806694482 0.06632012797444316
0.20997154521440087 0.06669873856050557
0.19719515643116664 0.0669980268710108
0.18472366645773874 0.06720261415789384
0.17256963302735745 0.06723644493851014
0.1607452942214339 0.06702767269773363
0.14926255614683936 0.06651887121271137
0.1381329809474649 0.06568442983030759
0.12736777516212267 0.06457307024409223
0.116977778440511 0.06324501803729228
0.10697345262860625 0.06175450368140989
0.09736487123447068 0.06014947520376396
0.0881617092850836 0.058410490240615176
0.0793732335844094 0.056409085625494924
0.07100829338251147 0.054048622324280114
0.06307531146510753 0.05137075863949821
0.05558227567253826 0.0485304954530558
0.04853673085668936 0.04565839618801351
0.041945771283965205 0.0428062678822023
0.03581603349196366 0.039907915221232715
0.030153689607045786 0.03692333328884844
0.02496444112952728 0.03385364900189796
0.020253513192751316 0.030732693867292583
0.016025649301821876 0.027618863942096252
0.012285106557296477 0.024587380120951654
0.009035651368646647 0.021723055017064175
0.006280555661802856 0.019113664729773053
0.00402259358460233 0.016844014789908743
0.0022640387134577056 0.014990779640124708
0.0010066617640577813 0.01361818424659686
0.0002517288084074587 0.01277458496424075
0.0 0.012489994710056738
0.0 0.0
0.0002517288084074587 -0.0003841489103996541
0.0010066617640577813 -0.0014822370534938287
0.0022640387134577056 -0.003136939676292123
0.00402259358460233 -0.005105140548976687
0.006280555661802856 -0.007086296112357938
0.009035651368646647 -0.008761601449250792
0.012285106557296477 -0.00984342108879223
0.016025649301821876 -0.010134303930127847
0.020253513192751316 -0.00959476499837062
0.02496444112952728 -0.008418888768657037
0.030153689607045786 -0.007001263336151399
0.03581603349196366 -0.005511841391189924
0.041945771283965205 -0.004062635586410268
0.04853673085668936 -0.002813654794831007
0.05558227567253826 -0.0019508456060558137
0.06307531146510753 -0.0014563912715067889
0.07100829338251147 -0.0011442634446501676
0.0793732335844094 -0.000749633753947998
0.0881617092850836 -0.00016985714860414728
0.09736487123447068 0.0004605042181124602
0.10697345262860625 0.0009683124944552499
0.116977778440511 0.0013024002709817852
0.12736777516212267 0.0015020287665223442
0.1381329809474649 0.0016217718238054988
0.14926255614683936 0.0017313787642479874
0.1607452942214339 0.0018995881395924008
0.17256963302735745 0.002123184759042136
0.18472366645773874 0.00237065305717363
0.19719515643116664 0.0026045575529319025
0.20997154521440087 0.002785933324998385
0.22303996806694482 0.0029064626465603177
0.2363872661947488 0.002974983004949241
0.25000000000000006 0.00300226240002748
0.2638644626136587 0.003000866049087801
0.2779666936971131 0.0029850985695971167
0.29229249349905695 0.0029709264405231965
0.3068274371534359 0.002975446454551142
0.32155688920406433 0.003005343323275868
0.33646601834128953 0.003054650852739977
0.35153981233586296 0.00311617101798409
0.36676309315498296 0.0031821483463188227
0.38212053224528686 0.003244335702198965
0.3975966659674052 0.0032940660103153714
0.41317591116653546 0.0033235852685917742
0.42884258086335814 0.0033329803093301758
0.44458090004949524 0.0033256113892594303
0.46037502157160654 0.003305013355044593
0.4762090420881297 0.0032748528450251514
0.4920670180825969 0.0032388915765847273
0.5079329819174049 0.0032008542392848002
0.5237909579118721 0.0031623325546479807
0.5396249784283953 0.0031227801659476444
0.5554190999505066 0.0030815687828981302
0.5711574191366438 0.0030380872719247814
0.5868240888334664 0.0029917481850462676
0.6024033340325966 0.002941997820781117
0.6178794677547149 0.002889814129062081
0.6332369068450188 0.002839885824248354
0.6484601876641387 0.002797255545913654
0.6635339816587122 0.002766674421402852
0.6784431107959373 0.0027525597985736975
0.6931725628465657 0.0027589567258707757
0.7077075065009447 0.002789076037781288
0.7220333063028884 0.0028374657445528998
0.7361355373863427 0.002891606840363513
0.7500000000000012 0.0029397901065638197
0.7636127338052524 0.0029714789143513807
0.7769600319330563 0.0029773660269144936
0.7900284547856001 0.0029494163587812576
0.8028048435688343 0.00288091363723309
0.8152763335422621 0.002769256016439172
0.8274303669726433 0.002618375432499294
0.8392547057785669 0.0024328858130334145
0.8507374438531613 0.0022172763878378944
0.8618670190525357 0.001975897593118035
0.872632224837878 0.001712948795772148
0.8830222215594895 0.001432467802653015
0.8930265473713942 0.0011383221030280021
0.9026351287655296 0.0008342305775385615
0.9118382907149167 0.0005262023758856885
0.9206267664155909 0.00022355585126236985
0.9289917066174888 -6.591204339996101e-05
0.9369246885348927 -0.0003362921441246562
0.9444177243274618 -0.0005833918414875317
0.9514632691433107 -0.0008045543743742664
0.958054228716035 -0.0009984713961872101
0.9641839665080364 -0.0011649915771973268
0.9698463103929542 -0.0013049279966045975
0.9750355588704727 -0.0014198670384898472
0.9797464868072487 -0.0015119814377851206
0.9839743506981782 -0.0015838500265069047
0.9877148934427036 -0.0016382866079036314
0.9909643486313533 -0.0016781802382388232
0.9937194443381971 -0.0017063490242805533
0.9959774064153977 -0.0017254093510399365
0.9977359612865423 -0.001737662240949428
0.9989933382359422 -0.0017449983147383534
0.9997482711915926 -0.001748822578159259
1.0 -0.00175
