1.0 0.0
0.9997482737088806 9.729779604344328e-05
0.9989933483025598 0.0003891122658257018
0.9977359839269294 0.0008752024492028472
0.9959774466413335 0.001555152788529459
0.9937195071437538 0.0024283524004995527
0.990964438987867 0.0034939664703677376
0.9877150162937691 0.004750900176954969
0.9839745109546711 0.006197755666103116
0.9797466893423806 0.007832782694028248
0.9750358085148839 0.009653823659230783
0.9698466119298503 0.011658253831201382
0.9641843246683713 0.013842917665150879
0.9580546481737477 0.016204062163494612
0.9514637545106193 0.018737268306050183
0.9444182801502186 0.021437381621156187
0.9369253192880074 0.024298443008605237
0.9289924167004225 0.02731362095192627
0.9206275601479268 0.030475146271786952
0.9118391723320096 0.033774250573882274
0.902636102414242 0.0372011095335035
0.8930276171059205 0.04074481044498232
0.8830233913372739 0.04439425386410585
0.8726334985156295 0.048138847992139897
0.8618684003823451 0.05196748782068251
0.8507389364787228 0.05586846943535285
0.8392563132315091 0.05982950353905039
0.8274320926689736 0.06383773399626555
0.8152781807789267 0.06787976160395168
0.8028068155203986 0.07194167324676126
0.7900305545010523 0.076009096414542
0.7769622623327369 0.08006936760440753
0.7636150976779144 0.08411383733102731
0.7500025000000012 0.08813476702534111
0.7361381760309689 0.09212494756857499
0.7220360859698254 0.0960777203160345
0.7077104294258797 0.09998699339657822
0.6931756311209372 0.10384725324213648
0.6784463263648294 0.10765229233180212
0.6635373463188956 0.11138798650138815
0.6484637030622621 0.11503673644564143
0.6332405744759503 0.11858071509832671
0.6178832889600373 0.12200198465844501
0.6024073099992563 0.12528261079671213
0.586828220592578 0.12840479084184223
0.5711617075624523 0.131357709749386
0.5554235457595071 0.1341498005110473
0.539629582178611 0.13679376228120346
0.523795720002293 0.1393032878412788
0.5079379025875856 0.14169289730662116
0.4920720974124161 0.1439777661878907
0.4762142799977088 0.14617084137193986
0.46038041782139083 0.14825773285053
0.44458645424049476 0.15020844125990218
0.4288482924375495 0.15199372558763927
0.41318177940742384 0.15358558882671208
0.3976026900007456 0.15495754700757317
0.38212671103996443 0.1560849125007764
0.36676942552405145 0.156947534434905
0.35154629693773964 0.15753188316462768
0.3364726536811061 0.15782693289520106
0.3215636736351723 0.15782378922618287
0.3068343688790644 0.15751579290883172
0.292299570574122 0.15689860525553923
0.27797391403017613 0.1559709377306462
0.2638718239690326 0.1547442187784494
0.25000750000000005 0.15323935558581905
0.23639490232208688 0.15147795665620442
0.22304773766726416 0.14948198143931218
0.20997944549894873 0.14727363856188416
0.19720318447960236 0.14487528698752705
0.18473181922107418 0.14230909537674813
0.17257790733102718 0.1395601207385664
0.16075368676849172 0.1365451028334966
0.14927106352127792 0.13318989196823372
0.13814159961765543 0.1294394675506843
0.12737650148437105 0.12527266067030376
0.11698660866272659 0.12073322597365214
0.10698238289407996 0.11587833906052475
0.09737389758575835 0.11076560507293988
0.08817082766799075 0.10545296701009262
0.07938243985207355 0.10001891312022916
0.07101758329957764 0.09457064032617177
0.06308468071199289 0.08919736060899036
0.05559171984978154 0.08386744762387707
0.048546245489380795 0.07847449442837297
0.041955351826252374 0.07296251869247308
0.03582567533162875 0.06731413383954518
0.030163388070149715 0.06153938730310615
0.02497419148511599 0.05568995814496257
0.02026331065761939 0.04985191605847709
0.01603548904532886 0.04413605740816868
0.012294983706230904 0.03866872400742981
0.00904556101213296 0.03358322870970312
0.006290492856246238 0.029012002562480012
0.004032553358666483 0.025079567751705074
0.002274016073070571 0.021896428958770427
0.0010166516974401407 0.019553963185812578
0.00026172629111937464 0.018120374709258313
1e-05 0.01763776773617216
1e-05 0.0
0.00026172629111937464 -0.0008381172868137917
0.0010166516974401407 -0.0032684142892894594
0.002274016073070571 -0.0070471350531424014
0.004032553358666483 -0.0117959340531707
0.006290492856246238 -0.017043348820780232
0.00904556101213296 -0.02228206797806201
0.012294983706230904 -0.027041211016684313
0.01603548904532886 -0.030972626409816975
0.02026331065761939 -0.0339500153228853
0.02497419148511599 -0.03617950140532619
0.030163388070149715 -0.03830985369503635
0.03582567533162875 -0.04093769543492004
0.041955351826252374 -0.04398291177508135
0.048546245489380795 -0.047199675669849395
0.05559171984978154 -0.05021537544718894
0.06308468071199289 -0.05269405660453814
0.07101758329957764 -0.05468828106668387
0.07938243985207355 -0.05638966178722014
0.08817082766799075 -0.05802426240600133
0.09737389758575835 -0.05959303833682446
0.10698238289407996 -0.0610026090409766
0.11698660866272659 -0.06217851412838845
0.12737650148437105 -0.0631332581124235
0.13814159961765543 -0.06390561588976086
0.14927106352127792 -0.06454918197442842
0.16075368676849172 -0.06513113042542461
0.17257790733102718 -0.06567190531972125
0.18473181922107418 -0.0661205977403805
0.19720318447960236 -0.06641444746506292
0.20997944549894873 -0.06648324924384795
0.22304773766726416 -0.06628408856767243
0.23639490232208688 -0.0658288797918897
0.25000750000000005 -0.06513927252847397
0.2638718239690326 -0.06424190498444463
0.27797391403017613 -0.06316828700401503
0.292299570574122 -0.06195463076898297
0.3068343688790644 -0.06064162110219123
0.3215636736351723 -0.05926299381300065
0.3364726536811061 -0.05782206298052456
0.35154629693773964 -0.05631636900356018
0.36676942552405145 -0.05474349351284753
0.38212671103996443 -0.05310108568586119
0.3976026900007456 -0.05138688953042975
0.41318177940742384 -0.04959917080303746
0.4288482924375495 -0.047743433819962065
0.44458645424049476 -0.045831660935515224
0.46038041782139083 -0.0438765281788621
0.4762142799977088 -0.04189110447780002
0.4920720974124161 -0.03988873812535115
0.5079379025875856 -0.03788291759463259
0.523795720002293 -0.03588520686431386
0.539629582178611 -0.03390367121628294
0.5554235457595071 -0.03194591908262544
0.5711617075624523 -0.03001939241038361
0.586828220592578 -0.02813130941763209
0.6024073099992563 -0.026288609248269965
0.6178832889600373 -0.02449743686098506
0.6332405744759503 -0.02276178285340446
0.6484637030622621 -0.02108488937086694
0.6635373463188956 -0.019469684633443667
0.6784463263648294 -0.017918765721863045
0.6931756311209372 -0.016434383839445454
0.7077104294258797 -0.01501835199349971
0.7220360859698254 -0.013669659651810705
0.7361381760309689 -0.012384325692410676
0.7500025000000012 -0.011158354818833937
0.7636150976779144 -0.009987939372563629
0.7769622623327369 -0.008869484598259657
0.7900305545010523 -0.007799630355171805
0.8028068155203986 -0.006775283446893631
0.8152781807789267 -0.0057978041357894675
0.8274320926689736 -0.004877887741723973
0.8392563132315091 -0.004025743980451618
0.8507389364787228 -0.003249526340162869
0.8618684003823451 -0.0025553746326375656
0.8726334985156295 -0.0019474777069763125
0.8830233913372739 -0.0014281551660169547
0.8930276171059205 -0.0009979567516316282
0.902636102414242 -0.0006557353915781665
0.9118391723320096 -0.00039488830436222935
0.9206275601479268 -0.0002017237477318503
0.9289924167004225 -6.34466343629695e-05
0.9369253192880074 3.105928894315081e-05
0.9444182801502186 9.133892755845149e-05
0.9514637545106193 0.00012548215826220795
0.9580546481737477 0.0001402468652339377
0.9641843246683713 0.00014118655547433115
0.9698466119298503 0.00013278041887927793
0.9750358085148839 0.00011856372424350113
0.9797466893423806 0.00010125649157302661
0.9839745109546711 8.288845257070981e-05
0.9877150162937691 6.491840413927312e-05
0.990964438987867 4.834617312597607e-05
0.9937195071437538 3.381554301823539e-05
0.9959774466413335 2.1706643411387823e-05
0.9977359839269294 1.2216469158712867e-05
0.9989933483025598 5.426376375880107e-06
0.9997482737088806 1.3555949661506513e-06
1.0 0.0
