1.0 0.0
0.9997482711915926 8.015985406088206e-05
0.9989933382359422 0.00032041001444905076
0.9977359612865423 0.0007200628609734346
0.9959774064153977 0.0012779743108230622
0.9937194443381971 0.0019925467455004114
0.9909643486313533 0.002861733109788943
0.9877148934427036 0.003883042183820645
0.9839743506981782 0.005053545029338097
0.9797464868072487 0.006369882611071907
0.9750355588704727 0.007828274593740919
0.9698463103929542 0.009424529314488367
0.9641839665080364 0.0111540549295653
0.958054228716035 0.013011871732728471
0.9514632691433107 0.01499262564111446
0.9444177243274618 0.017090602842261316
0.9369246885348927 0.019299745593462703
0.9289917066174888 0.02161366916174538
0.9206267664155909 0.02402567988945805
0.9118382907149167 0.02652879436675114
0.9026351287655296 0.02911575968811642
0.8930265473713942 0.031779131752570286
0.8830222215594895 0.0345118350499064
0.872632224837878 0.037307088628821476
0.8618670190525357 0.04015817912035322
0.8507374438531613 0.04305849281887782
0.8392547057785669 0.04600154927685324
0.8274303669726433 0.04898103308863768
0.8152763335422621 0.05199082363074795
0.8028048435688343 0.05502502254495522
0.7900284547856001 0.05807809364334098
0.7769600319330563 0.06114572796887504
0.7636127338052524 0.06422450892982356
0.7500000000000012 0.06731152364410918
0.7361355373863427 0.07040436669510619
0.7220333063028884 0.07350114110503436
0.7077075065009447 0.0766004539617498
0.6931725628465657 0.07970126942120408
0.6784431107959373 0.082799258078579
0.6635339816587122 0.08588609242252267
0.6484601876641387 0.0889531141895002
0.6332369068450188 0.09199157444442653
0.6178794677547149 0.09499267847033868
0.6024033340325966 0.09794763271774623
0.5868240888334664 0.10084725901124567
0.5711574191366438 0.1036796595264304
0.5554190999505066 0.10643188102130849
0.5396249784283953 0.10909108168701855
0.5237909579118721 0.11164462975987662
0.5079329819174049 0.11408020024131402
0.4920670180825969 0.11638606684923072
0.4762090420881297 0.11855548945333597
0.46037502157160654 0.12058676087486057
0.44458090004949524 0.12247891264115483
0.42884258086335814 0.12423151499950598
0.41317591116653546 0.12584467013337236
0.3975966659674052 0.12731898699724314
0.38212053224528686 0.12864893613366335
0.36676309315498296 0.12981311108876617
0.35153981233586296 0.1307892089314026
0.33646601834128953 0.13155692691310147
0.32155688920406433 0.13209815247338716
0.3068274371534359 0.1323971325830235
0.29229249349905695 0.13244076228699472
0.2779666936971131 0.13222130424814482
0.2638644626136587 0.13173595721075934
0.25000000000000006 0.1309842929993514
0.2363872661947488 0.1299681770268737
0.22303996806694482 0.12869176685166148
0.20997154521440087 0.12716149047093953
0.19719515643116664 0.12538599994596217
0.18472366645773874 0.12337539871460479
0.17256963302735745 0.12114053595427376
0.1607452942214339 0.11869440505351134
0.14926255614683936 0.11605222473043743
0.1381329809474649 0.11321989090746513
0.12736777516212267 0.11017166941235873
0.116977778440511 0.10688586714906602
0.10697345262860625 0.10335268531300222
0.09736487123447068 0.0995735220117618
0.0881617092850836 0.09556352753027386
0.0793732335844094 0.09135211446044277
0.07100829338251147 0.0869764863231935
0.06307531146510753 0.08250708937780835
0.05558227567253826 0.07803651833915863
0.04853673085668936 0.07364370823666307
0.041945771283965205 0.06931295892842798
0.03581603349196366 0.06489191461546304
0.030153689607045786 0.06029294305248729
0.02496444112952728 0.055505038182920706
0.020253513192751316 0.05057835865907134
0.016025649301821876 0.04560929091332886
0.012285106557296477 0.04072624492343399
0.009035651368646647 0.03607637820182466
0.006280555661802856 0.031813428872578674
0.00402259358460233 0.028086822138970517
0.0022640387134577056 0.02503219616772883
0.0010066617640577813 0.022763473616781788
0.0002517288084074587 0.021366583920287
0.0 0.02089491923929965
0.0 0.0
0.0002517288084074587 -0.0005892219729611184
0.0010066617640577813 -0.002299330891040713
0.0022640387134577056 -0.004963468408910973
0.00402259358460233 -0.008322833744720476
0.006280555661802856 -0.012055352476837594
0.009035651368646647 -0.015815264042940074
0.012285106557296477 -0.019283086028961085
0.016025649301821876 -0.022225268291420686
0.020253513192751316 -0.02456271212423323
0.02496444112952728 -0.02644720052022355
0.030153689607045786 -0.028211486159807408
0.03581603349196366 -0.02989302984350096
0.041945771283965205 -0.03141649992171773
0.04853673085668936 -0.03269728468034509
0.05558227567253826 -0.03365284500726442
0.06307531146510753 -0.03429542337868443
0.07100829338251147 -0.03472027597001853
0.0793732335844094 -0.03507223545906998
0.0881617092850836 -0.03542876621110375
0.09736487123447068 -0.0357648541889496
0.10697345262860625 -0.03604566080484949
0.116977778440511 -0.03625008452397181
0.12736777516212267 -0.03636667668207112
0.1381329809474649 -0.03638393416109184
0.14926255614683936 -0.0362902333114282
0.1607452942214339 -0.036076812419190016
0.17256963302735745 -0.03575033669259595
0.18472366645773874 -0.03532536324523005
0.19719515643116664 -0.034820481473718204
0.20997154521440087 -0.03425500593096056
0.22303996806694482 -0.033624397076854856
0.2363872661947488 -0.032910559641090485
0.25000000000000006 -0.03209358068763718
0.2638644626136587 -0.03115188828370799
0.2779666936971131 -0.030062357031826026
0.29229249349905695 -0.0288004346550732
0.3068274371534359 -0.027341110589374135
0.32155688920406433 -0.025680834480959147
0.33646601834128953 -0.023841797194569796
0.35153981233586296 -0.021850043890710266
0.36676309315498296 -0.019734079895586596
0.38212053224528686 -0.017524632600024407
0.3975966659674052 -0.015254389433825538
0.41317591116653546 -0.012954874041783066
0.42884258086335814 -0.010640552141464856
0.44458090004949524 -0.008319057627874162
0.46037502157160654 -0.005998149673975118
0.4762090420881297 -0.003685674741404787
0.4920670180825969 -0.0013895100557591365
0.5079329819174049 0.0008818022295555199
0.5237909579118721 0.003103918555737774
0.5396249784283953 0.005236918217931872
0.5554190999505066 0.00724088632673993
0.5711574191366438 0.00907698837017019
0.5868240888334664 0.010707844005237775
0.6024033340325966 0.012097927013972708
0.6178794677547149 0.0132297127792973
0.6332369068450188 0.014127170180297844
0.6484601876641387 0.014820348121752093
0.6635339816587122 0.015338715547522343
0.6784431107959373 0.015710916887515226
0.6931725628465657 0.015964543033607108
0.7077075065009447 0.016125319863173372
0.7220333063028884 0.016205902926731398
0.7361355373863427 0.016207956072132237
0.7500000000000012 0.01613318595766078
0.7636127338052524 0.015983752480173707
0.7769600319330563 0.015762258923104268
0.7900284547856001 0.015471738741724557
0.8028048435688343 0.01511561567754648
0.8152763335422621 0.014694025157069166
0.8274303669726433 0.014200577011601618
0.8392547057785669 0.013630038464860994
0.8507374438531613 0.012979341285780845
0.8618670190525357 0.012247516843979683
0.872632224837878 0.011435610256568272
0.8830222215594895 0.010546574907917043
0.8930265473713942 0.009585148803562779
0.9026351287655296 0.008557879914839443
0.9118382907149167 0.0074871522116733025
0.9206267664155909 0.006417020318748301
0.9289917066174888 0.0053849527846235035
0.9369246885348927 0.004419509525791154
0.9444177243274618 0.003541144514003715
0.9514632691433107 0.002763053281288802
0.958054228716035 0.002092052321676795
0.9641839665080364 0.0015294773763552198
0.9698463103929542 0.0010720876358709275
0.9750355588704727 0.0007129630777596781
0.9797464868072487 0.0004423824778974902
0.9839743506981782 0.0002486700849412165
0.9877148934427036 0.000118999524195159
0.9909643486313533 4.014419363603994e-05
0.9937194443381971 -8.357769676215626e-07
0.9959774064153977 -1.597902158197657e-05
0.9977359612865423 -1.588890105405952e-05
0.9989933382359422 -9.2868592129063e-06
0.9997482711915926 -2.6589381132868923e-06
1.0 0.0
