1.0 0.0
0.9997482711915926 6.0357708559603194e-05
0.9989933382359422 0.0002413442247908924
0.9977359612865423 0.0005426973694806627
0.9959774064153977 0.0009639723762448018
0.9937194443381971 0.0015045303128301218
0.9909643486313533 0.0021635221152768065
0.9877148934427036 0.002939868476143312
0.9839743506981782 0.0038322358924615467
0.9797464868072487 0.004839009240278558
0.9750355588704727 0.00595826129989035
0.9698463103929542 0.0071877197085554985
0.9641839665080364 0.008524731865014883
0.958054228716035 0.009966228352003881
0.9514632691433107 0.011508685478653517
0.9444177243274618 0.013148087573818142
0.9369246885348927 0.014879889683590577
0.9289917066174888 0.01669898134128452
0.9206267664155909 0.018599652085766874
0.9118382907149167 0.02057555940406885
0.9026351287655296 0.022619699766623456
0.8930265473713942 0.02472483486284112
0.8830222215594895 0.02688772846517014
0.872632224837878 0.029108359294195793
0.8618670190525357 0.031387920303130326
0.8507374438531613 0.033728869198933545
0.8392547057785669 0.03613499081995131
0.8274303669726433 0.03861144592556073
0.8152763335422621 0.04116480543655779
0.8028048435688343 0.043803069299326654
0.7900284547856001 0.04653369241304958
0.7769600319330563 0.049349069375167115
0.7636127338052524 0.05223260466459307
0.7500000000000012 0.05516564163808674
0.7361355373863427 0.058127569789339445
0.7220333063028884 0.061095910263620434
0.7077075065009447 0.06404642333502328
0.6931725628465657 0.0669537605846831
0.6784431107959373 0.06980546822963246
0.6635339816587122 0.0726047651342109
0.6484601876641387 0.07535666213386932
0.6332369068450188 0.07806714029947194
0.6178794677547149 0.08074307211722781
0.6024033340325966 0.08339213350630258
0.5868240888334664 0.08601908740227429
0.5711574191366438 0.08860580705831521
0.5554190999505066 0.09112460732703696
0.5396249784283953 0.09354742122862361
0.5237909579118721 0.09584606976406307
0.5079329819174049 0.09799251462726477
0.4920670180825969 0.09995970580364229
0.4762090420881297 0.10173485104925765
0.46037502157160654 0.10331952668168438
0.44458090004949524 0.1047166286843432
0.42884258086335814 0.105929742705695
0.41317591116653546 0.10696310399875922
0.3975966659674052 0.10782154616697706
0.38212053224528686 0.10850671542015701
0.36676309315498296 0.1090115398036732
0.35153981233586296 0.10932864112777455
0.33646601834128953 0.1094519314514561
0.32155688920406433 0.1093766835354378
0.3068274371534359 0.10909959053758966
0.29229249349905695 0.10861834028994827
0.2779666936971131 0.10792294756291773
0.2638644626136587 0.10699755746425295
0.25000000000000006 0.10582929788219503
0.2363872661947488 0.10440870420003515
0.22303996806694482 0.10272978059045278
0.20997154521440087 0.10079002703877106
0.19719515643116664 0.09859059188006401
0.18472366645773874 0.09616125114137976
0.17256963302735745 0.09358231542316092
0.1607452942214339 0.09093180762986663
0.14926255614683936 0.08827823420682594
0.1381329809474649 0.0856480858748114
0.12736777516212267 0.08296278006342435
0.116977778440511 0.08014124728895525
0.10697345262860625 0.07712324486191195
0.09736487123447068 0.07386909735665775
0.0881617092850836 0.07042917033608635
0.0793732335844094 0.06697239071247497
0.07100829338251147 0.06363766071246803
0.06307531146510753 0.060370532231731486
0.05558227567253826 0.056983511546000565
0.04853673085668936 0.053351837046199675
0.041945771283965205 0.049434942184094534
0.03581603349196366 0.04527883653324283
0.030153689607045786 0.04095491587430851
0.02496444112952728 0.03654828614764875
0.020253513192751316 0.03215341498889719
0.016025649301821876 0.027869947268774772
0.012285106557296477 0.023798739067493597
0.009035651368646647 0.020038161179010545
0.006280555661802856 0.016680719378574894
0.00402259358460233 0.013810034339482564
0.0022640387134577056 0.01149821929732361
0.0010066617640577813 0.009803688382105432
0.0002517288084074587 0.008769423023995915
0.0 0.008421718043791026
0.0 0.0
0.0002517288084074587 -0.0005457295444107253
0.0010066617640577813 -0.002122785882176377
0.0022640387134577056 -0.004557142670218789
0.00402259358460233 -0.007579904353536018
0.006280555661802856 -0.010858725819331626
0.009035651368646647 -0.01404119743392013
0.012285106557296477 -0.0168096005658734
0.016025649301821876 -0.018946279478516192
0.020253513192751316 -0.02040872417474644
0.02496444112952728 -0.021413317000742334
0.030153689607045786 -0.022376235808668637
0.03581603349196366 -0.02337291262539138
0.041945771283965205 -0.024340922276100952
0.04853673085668936 -0.02519359901927873
0.05558227567253826 -0.02583228642165107
0.06307531146510753 -0.02626909583060155
0.07100829338251147 -0.02660773114448065
0.0793732335844094 -0.02699636925494329
0.0881617092850836 -0.02749771126877576
0.09736487123447068 -0.02804910653812243
0.10697345262860625 -0.028567936966212498
0.116977778440511 -0.02902109879764657
0.12736777516212267 -0.029411439669729013
0.1381329809474649 -0.0297453569527434
0.14926255614683936 -0.030032608316398826
0.1607452942214339 -0.030284464737030736
0.17256963302735745 -0.030505273691631713
0.18472366645773874 -0.03069773968188152
0.19719515643116664 -0.03086565204052512
0.20997154521440087 -0.03101298763201285
0.22303996806694482 -0.031137207258746934
0.2363872661947488 -0.031232071066052053
0.25000000000000006 -0.031290847050678056
0.2638644626136587 -0.03130635948205577
0.2779666936971131 -0.03127102296685152
0.29229249349905695 -0.031176882384247394
0.3068274371534359 -0.031016065274861598
0.32155688920406433 -0.030791602695196298
0.33646601834128953 -0.030519513282716227
0.35153981233586296 -0.030217927167698465
0.36676309315498296 -0.02990635275032579
0.38212053224528686 -0.029605512614424963
0.3975966659674052 -0.029337164715268767
0.41317591116653546 -0.02912165051680833
0.42884258086335814 -0.02896528574393885
0.44458090004949524 -0.028868537869630694
0.46037502157160654 -0.028831605504196264
0.4762090420881297 -0.028854434512492876
0.4920670180825969 -0.02893672154737762
0.5079329819174049 -0.029077506122424397
0.5237909579118721 -0.029266111472859978
0.5396249784283953 -0.02948225071281273
0.5554190999505066 -0.029705297317964875
0.5711574191366438 -0.029914901492499927
0.5868240888334664 -0.030091190264700373
0.6024033340325966 -0.030214973052302814
0.6178794677547149 -0.030272408250389453
0.6332369068450188 -0.030261748099919234
0.6484601876641387 -0.03018338189501244
0.6635339816587122 -0.03003802461624127
0.6784431107959373 -0.029826718375617137
0.6931725628465657 -0.029550831946694604
0.7077075065009447 -0.029211899462842167
0.7220333063028884 -0.028808698817830006
0.7361355373863427 -0.02833784158102738
0.7500000000000012 -0.027796727623427397
0.7636127338052524 -0.02718367751851074
0.7769600319330563 -0.02649794552084675
0.7900284547856001 -0.025739723474295713
0.8028048435688343 -0.0249101487755452
0.8152763335422621 -0.02401334449311948
0.8274303669726433 -0.02305820116657028
0.8392547057785669 -0.02205401727642521
0.8507374438531613 -0.021009878038395536
0.8618670190525357 -0.019934626851610328
0.872632224837878 -0.01883683981642024
0.8830222215594895 -0.017724803280166963
0.8930265473713942 -0.016606494341062518
0.9026351287655296 -0.015489527040485479
0.9118382907149167 -0.01437795384376073
0.9206267664155909 -0.013270906367987102
0.9289917066174888 -0.012168892014100974
0.9369246885348927 -0.011074266847843
0.9444177243274618 -0.009991007226679602
0.9514632691433107 -0.008924472235751286
0.958054228716035 -0.007881160122868056
0.9641839665080364 -0.006868461938067863
0.9698463103929542 -0.005894415565480458
0.9750355588704727 -0.004967463284540825
0.9797464868072487 -0.004096215914636028
0.9839743506981782 -0.0032892264830179092
0.9877148934427036 -0.0025547762115381276
0.9909643486313533 -0.0019006754450172742
0.9937194443381971 -0.0013340819446684472
0.9959774064153977 -0.0008613387460382913
0.9977359612865423 -0.00048783353471246584
0.9989933382359422 -0.00021788122708331692
0.9997482711915926 -5.463116050130039e-05
1.0 0.0
