1.0 0.0
0.9997482711915926 9.521303172113078e-05
0.9989933382359422 0.00038060609329258803
0.9977359612865423 0.000855441920594598
0.9959774064153977 0.0015184945258772168
0.9937194443381971 0.002368053365695474
0.9909643486313533 0.0034019291545793347
0.9877148934427036 0.004617461303089565
0.9839743506981782 0.006011526952939598
0.9797464868072487 0.007580551575988159
0.9750355588704727 0.009320521098150958
0.9698463103929542 0.011226995503657359
0.9641839665080364 0.013295123869616541
0.958054228716035 0.01551966077557013
0.9514632691433107 0.017894984027619756
0.9444177243274618 0.020415113631841897
0.9369246885348927 0.02307373194706107
0.9289917066174888 0.025864204942658807
0.9206267664155909 0.028779604482969907
0.9118382907149167 0.031812731555975
0.9026351287655296 0.03495614036044846
0.8930265473713942 0.03820215239125641
0.8830222215594895 0.041542780388873976
0.872632224837878 0.04496977285779011
0.8618670190525357 0.048474688157868526
0.8507374438531613 0.052048920187273764
0.8392547057785669 0.05568372422542219
0.8274303669726433 0.05937024345154672
0.8152763335422621 0.0630995360680775
0.8028048435688343 0.06686260295286169
0.7900284547856001 0.07065058955607292
0.7769600319330563 0.07445608925663387
0.7636127338052524 0.07827263573199776
0.7500000000000012 0.08209411849117519
0.7361355373863427 0.08591479670225992
0.7220333063028884 0.08972931340155832
0.7077075065009447 0.09353270616082267
0.6931725628465657 0.09732004202448921
0.6784431107959373 0.1010765675000222
0.6635339816587122 0.10477585322178366
0.6484601876641387 0.10838979708324054
0.6332369068450188 0.11188934804044147
0.6178794677547149 0.11524470952268401
0.6024033340325966 0.11842555632320387
0.5868240888334664 0.12140469958720237
0.5711574191366438 0.12417718956980714
0.5554190999505066 0.1267478028380741
0.5396249784283953 0.12912247397455218
0.5237909579118721 0.13130818148656942
0.5079329819174049 0.13331284833458296
0.4920670180825969 0.13514481796061573
0.4762090420881297 0.13680353355942143
0.46037502157160654 0.13827952697632612
0.44458090004949524 0.1395637173485458
0.42884258086335814 0.14064791333855636
0.41317591116653546 0.14152489144618405
0.3975966659674052 0.14218846689866363
0.38212053224528686 0.14263275119109614
0.36676309315498296 0.14285102575135128
0.35153981233586296 0.14283762344213483
0.33646601834128953 0.14258832840924418
0.32155688920406433 0.14210043751722717
0.3068274371534359 0.1413728105396189
0.29229249349905695 0.14040609764431988
0.2779666936971131 0.13920623770476548
0.2638644626136587 0.13778376200126513
0.25000000000000006 0.13615026804701497
0.2363872661947488 0.13431823718836441
0.22303996806694482 0.132300978954278
0.20997154521440087 0.13011257093783976
0.19719515643116664 0.1277676008267109
0.18472366645773874 0.12525078254193536
0.17256963302735745 0.12249025093904319
0.1607452942214339 0.11942135746032093
0.14926255614683936 0.1159951821709615
0.1381329809474649 0.11221511627398781
0.12736777516212267 0.10820807071694866
0.116977778440511 0.10410771369827151
0.10697345262860625 0.100027609861788
0.09736487123447068 0.09606061266347127
0.0881617092850836 0.09216025588397313
0.0793732335844094 0.08809125883448178
0.07100829338251147 0.08367312236126154
0.06307531146510753 0.078920767641467
0.05558227567253826 0.07399174065607682
0.04853673085668936 0.0690240258857232
0.041945771283965205 0.0640502601207035
0.03581603349196366 0.05895671705553812
0.030153689607045786 0.0536860927383942
0.02496444112952728 0.048250517045433296
0.020253513192751316 0.04271714194263117
0.016025649301821876 0.0371942228364871
0.012285106557296477 0.03181788598966904
0.009035651368646647 0.0267397632744259
0.006280555661802856 0.022115661932185605
0.00402259358460233 0.01809542164974296
0.0022640387134577056 0.014814094315276244
0.0010066617640577813 0.012384563460797767
0.0002517288084074587 0.010891700824755832
0.0 0.0103881368841993
0.0 0.0
0.0002517288084074587 -0.0006308724844445914
0.0010066617640577813 -0.0024620290417328612
0.0022640387134577056 -0.005315211507830454
0.00402259358460233 -0.008913654757909187
0.006280555661802856 -0.012912293872743483
0.009035651368646647 -0.01693947618751224
0.012285106557296477 -0.02064960750866393
0.016025649301821876 -0.023786009030259975
0.020253513192751316 -0.02625311632077987
0.02496444112952728 -0.028197015722189328
0.030153689607045786 -0.029961299902445084
0.03581603349196366 -0.03162107179706975
0.041945771283965205 -0.033169599211909914
0.04853673085668936 -0.034626944504279805
0.05558227567253826 -0.03603503361913743
0.06307531146510753 -0.03737984419882085
0.07100829338251147 -0.03860722459912441
0.0793732335844094 -0.03965526656469329
0.0881617092850836 -0.04050241712833392
0.09736487123447068 -0.041183052427042524
0.10697345262860625 -0.041747427936352194
0.116977778440511 -0.04220658678094331
0.12736777516212267 -0.04254385340859053
0.1381329809474649 -0.04274190941312337
0.14926255614683936 -0.04278317524107814
0.1607452942214339 -0.042653636022695736
0.17256963302735745 -0.04235894056958538
0.18472366645773874 -0.04191475994511007
0.19719515643116664 -0.0413418541506004
0.20997154521440087 -0.040663826224485417
0.22303996806694482 -0.03989017099367517
0.2363872661947488 -0.039023370360469364
0.25000000000000006 -0.0380669566846677
0.2638644626136587 -0.037025558613596875
0.2779666936971131 -0.03590488454512049
0.29229249349905695 -0.034711695232580636
0.3068274371534359 -0.03345377376088087
0.32155688920406433 -0.032140091109825505
0.33646601834128953 -0.0307807877579435
0.35153981233586296 -0.029386887794846255
0.36676309315498296 -0.027970205471763925
0.38212053224528686 -0.026543254454672476
0.3975966659674052 -0.02511914888668615
0.41317591116653546 -0.023710015876186118
0.42884258086335814 -0.022318751433075337
0.44458090004949524 -0.02094440205746531
0.46037502157160654 -0.0195858441450801
0.4762090420881297 -0.01824181747403852
0.4920670180825969 -0.016910950771061892
0.5079329819174049 -0.015592070064434114
0.5237909579118721 -0.014290421226180232
0.5396249784283953 -0.013017629209071988
0.5554190999505066 -0.011785394340825182
0.5711574191366438 -0.010605103891335501
0.5868240888334664 -0.009487728222146942
0.6024033340325966 -0.008443712005179455
0.6178794677547149 -0.0074794251172857614
0.6332369068450188 -0.006592009720548928
0.6484601876641387 -0.005777101250794419
0.6635339816587122 -0.005030267406618388
0.6784431107959373 -0.004347046815296005
0.6931725628465657 -0.00372298607814762
0.7077075065009447 -0.0031538496689071426
0.7220333063028884 -0.002638861520779986
0.7361355373863427 -0.0021800797937879786
0.7500000000000012 -0.001779165981882938
0.7636127338052524 -0.001437253245158396
0.7769600319330563 -0.0011549410935360973
0.7900284547856001 -0.0009322949933615638
0.8028048435688343 -0.0007688306948397202
0.8152763335422621 -0.0006603626123260968
0.8274303669726433 -0.0005962408982501437
0.8392547057785669 -0.0005660299594742658
0.8507374438531613 -0.0005604263820635451
0.8618670190525357 -0.0005712570762755316
0.872632224837878 -0.0005914653381222262
0.8830222215594895 -0.0006150854298043841
0.8930265473713942 -0.0006372063870641732
0.9026351287655296 -0.0006539309517334422
0.9118382907149167 -0.0006627566468378004
0.9206267664155909 -0.0006626971181354299
0.9289917066174888 -0.0006533478463582789
0.9369246885348927 -0.0006347440806953792
0.9444177243274618 -0.0006073102964145277
0.9514632691433107 -0.0005718075015463536
0.958054228716035 -0.0005292791146771806
0.9641839665080364 -0.00048099613964873954
0.9698463103929542 -0.00042840235914682484
0.9750355588704727 -0.0003730602578556706
0.9797464868072487 -0.0003165983672101197
0.9839743506981782 -0.00026066069801378145
0.9877148934427036 -0.00020685889459630605
0.9909643486313533 -0.00015672770510996548
0.9937194443381971 -0.00011168431742960823
0.9959774064153977 -7.299205939350422e-05
0.9977359612865423 -4.172890633101346e-05
0.9989933382359422 -1.8761178540436655e-05
0.9997482711915926 -4.7227472230075034e-06
1.0 0.0
