1.0 0.0
0.9997482711915926 0.00010524624361232086
0.9989933382359422 0.0004205454989379921
0.9977359612865423 0.0009445834661142919
0.9959774064153977 0.0016751833607487206
0.9937194443381971 0.002609326346689289
0.9909643486313533 0.0037431798626640874
0.9877148934427036 0.005072133566702263
0.9839743506981782 0.00659084254783502
0.9797464868072487 0.008293277383456216
0.9750355588704727 0.010172780553570005
0.9698463103929542 0.012222128660595428
0.9641839665080364 0.01443359984603321
0.958054228716035 0.016799045743664164
0.9514632691433107 0.01930996726353835
0.9444177243274618 0.021957593462257022
0.9369246885348927 0.024732962723321417
0.9289917066174888 0.0276270054469261
0.9206267664155909 0.03063062743175269
0.9118382907149167 0.03373479312224054
0.9026351287655296 0.03693060789356773
0.8930265473713942 0.04020941709680631
0.8830222215594895 0.043563310227146004
0.872632224837878 0.04698531995908406
0.8618670190525357 0.050469165220560025
0.8507374438531613 0.05400930998149341
0.8392547057785669 0.05760103046626952
0.8274303669726433 0.06124047381013298
0.8152763335422621 0.06492470743753348
0.8028048435688343 0.06865175852606985
0.7900284547856001 0.0724204175367291
0.7769600319330563 0.076224596839589
0.7636127338052524 0.08005208304649604
0.7500000000000012 0.08388979120091766
0.7361355373863427 0.08772407975837827
0.7220333063028884 0.09154080148701416
0.7077075065009447 0.09532536133750369
0.6931725628465657 0.09906278244971649
0.6784431107959373 0.10273942405230099
0.6635339816587122 0.10634643595718973
0.6484601876641387 0.10987616985479425
0.6332369068450188 0.11332136302357065
0.6178794677547149 0.11667516067157183
0.6024033340325966 0.11993113657974157
0.5868240888334664 0.12308327742849376
0.5711574191366438 0.1261248736212865
0.5554190999505066 0.1290482486362298
0.5396249784283953 0.13184607734257073
0.5237909579118721 0.1345115067876127
0.5079329819174049 0.13703819297678474
0.4920670180825969 0.1394203358989259
0.4762090420881297 0.14165083791581418
0.46037502157160654 0.14371639649980686
0.44458090004949524 0.14560291665992475
0.42884258086335814 0.14729720240496874
0.41317591116653546 0.1487870787828791
0.3975966659674052 0.15006150750777403
0.38212053224528686 0.15111005837385105
0.36676309315498296 0.15191548022016105
0.35153981233586296 0.15245674371257353
0.33646601834128953 0.15271505854885703
0.32155688920406433 0.15267418258920204
0.3068274371534359 0.15232058763104336
0.29229249349905695 0.15164360099569457
0.2779666936971131 0.15063931267301062
0.2638644626136587 0.14932262638021943
0.25000000000000006 0.1477138918019646
0.2363872661947488 0.14583412350088532
0.22303996806694482 0.14370490050252055
0.20997154521440087 0.1413482663654515
0.19719515643116664 0.13878663005093916
0.18472366645773874 0.1360361000087983
0.17256963302735745 0.13303194678604816
0.1607452942214339 0.12966845571243585
0.14926255614683936 0.12586167265455314
0.1381329809474649 0.12155558813533592
0.12736777516212267 0.116847273084302
0.116977778440511 0.11196041428211145
0.10697345262860625 0.10708982631298067
0.09736487123447068 0.10239540154779511
0.0881617092850836 0.09796805343569032
0.0793732335844094 0.09353682801777945
0.07100829338251147 0.08872007741246785
0.06307531146510753 0.08331376290218533
0.05558227567253826 0.07748878624934492
0.04853673085668936 0.07148506869716757
0.041945771283965205 0.06548552937418925
0.03581603349196366 0.05951259780615127
0.030153689607045786 0.053538866817724386
0.02496444112952728 0.047585344153138386
0.020253513192751316 0.04171249595338573
0.016025649301821876 0.03600999633389669
0.012285106557296477 0.03058698382849955
0.009035651368646647 0.02556295774790041
0.006280555661802856 0.0210594375122519
0.00402259358460233 0.017192496742726052
0.0022640387134577056 0.014066271456975163
0.0010066617640577813 0.011767528239725418
0.0002517288084074587 0.010361363894203734
0.0 0.00988809297285314
0.0 0.0
0.0002517288084074587 -0.0006799468395023202
0.0010066617640577813 -0.0026390523875014105
0.0022640387134577056 -0.005644609984036003
0.00402259358460233 -0.009340306189348961
0.006280555661802856 -0.013293064177532213
0.009035651368646647 -0.01705772318074731
0.012285106557296477 -0.02025866403084536
0.016025649301821876 -0.022687252669881416
0.020253513192751316 -0.02441374718523339
0.02496444112952728 -0.02590117481258267
0.030153689607045786 -0.027611139592328127
0.03581603349196366 -0.029543985867095796
0.041945771283965205 -0.031627341805207675
0.04853673085668936 -0.033746682518842955
0.05558227567253826 -0.03574221844368199
0.06307531146510753 -0.037497980868910465
0.07100829338251147 -0.03897492082719787
0.0793732335844094 -0.04014656369115821
0.0881617092850836 -0.041026923426397
0.09736487123447068 -0.04171074340526266
0.10697345262860625 -0.04233527918023981
0.116977778440511 -0.04296363702386749
0.12736777516212267 -0.04354784941919751
0.1381329809474649 -0.04402347208566031
0.14926255614683936 -0.044314117143417195
0.1607452942214339 -0.04433961819557818
0.17256963302735745 -0.044092822531021
0.18472366645773874 -0.0436181510444445
0.19719515643116664 -0.04297210400146131
0.20997154521440087 -0.04222002936791731
0.22303996806694482 -0.0413934314670967
0.2363872661947488 -0.04049307962300182
0.25000000000000006 -0.039519428962130815
0.2638644626136587 -0.03847346632504874
0.2779666936971131 -0.037356710422895074
0.29229249349905695 -0.03617120725753209
0.3068274371534359 -0.03491954458389029
0.32155688920406433 -0.033606220240363464
0.33646601834128953 -0.03223851261312649
0.35153981233586296 -0.030824598798755886
0.36676309315498296 -0.029373320309443215
0.38212053224528686 -0.02789411618300384
0.3975966659674052 -0.026396949610565434
0.41317591116653546 -0.024891898015441692
0.42884258086335814 -0.02338654303326861
0.44458090004949524 -0.021887195603730706
0.46037502157160654 -0.02040023898574222
0.4762090420881297 -0.018932091304430947
0.4920670180825969 -0.01748915609524009
0.5079329819174049 -0.0160778187403855
0.5237909579118721 -0.014705760633901301
0.5396249784283953 -0.013382116641299232
0.5554190999505066 -0.012115852315659755
0.5711574191366438 -0.01091559340729249
0.5868240888334664 -0.009789549046169608
0.6024033340325966 -0.008745431890578652
0.6178794677547149 -0.00778589270896448
0.6332369068450188 -0.006900823079447615
0.6484601876641387 -0.006078193117257884
0.6635339816587122 -0.005306349526086124
0.6784431107959373 -0.004574119033722642
0.6931725628465657 -0.003870904471610032
0.7077075065009447 -0.003187524845054423
0.7220333063028884 -0.0025309843801783424
0.7361355373863427 -0.001922032473411913
0.7500000000000012 -0.0013798754351530024
0.7636127338052524 -0.0009214492211877261
0.7769600319330563 -0.0005613292526415768
0.7900284547856001 -0.000311666038406847
0.8028048435688343 -0.0001820619210560279
0.8152763335422621 -0.00016614949494633564
0.8274303669726433 -0.0002297653641320909
0.8392547057785669 -0.0003392913616500664
0.8507374438531613 -0.0004655309323114683
0.8618670190525357 -0.0005836710509551159
0.872632224837878 -0.0006731982022026382
0.8830222215594895 -0.0007177708326009363
0.8930265473713942 -0.00070505108620198
0.9026351287655296 -0.0006265658891617318
0.9118382907149167 -0.0004875007072782104
0.9206267664155909 -0.0003134529693783485
0.9289917066174888 -0.00012747930562923438
0.9369246885348927 5.2513629566942e-05
0.9444177243274618 0.00021331605885344606
0.9514632691433107 0.0003459358978652502
0.958054228716035 0.0004451008865225965
0.9641839665080364 0.0005087494909568147
0.9698463103929542 0.0005375180059575176
0.9750355588704727 0.0005342311832143653
0.9797464868072487 0.0005034035283351873
0.9839743506981782 0.0004507581519496392
0.9877148934427036 0.000382769730174423
0.9909643486313533 0.00030623773103908436
0.9937194443381971 0.00022789560052652937
0.9959774064153977 0.00015406107966262368
0.9977359612865423 9.033224815527597e-05
0.9989933382359422 4.13332665110701e-05
0.9997482711915926 1.0513123877915178e-05
1.0 0.0
