1.0 0.0
0.9997482711915926 7.692790306675318e-05
0.9989933382359422 0.00030741410859074213
0.9977359612865423 0.0006905710600475397
0.9959774064153977 0.0012249359537141206
0.9937194443381971 0.0019084952224501211
0.9909643486313533 0.002738718411185179
0.9877148934427036 0.0037126010471473835
0.9839743506981782 0.004826716001314229
0.9797464868072487 0.006077272736072759
0.9750355588704727 0.00746018373866774
0.9698463103929542 0.008971137351659745
0.9641839665080364 0.010605676131216048
0.958054228716035 0.01235927979243701
0.9514632691433107 0.014227451738826842
0.9444177243274618 0.016205808121098782
0.9369246885348927 0.018290168329320386
0.9289917066174888 0.020476645792404758
0.9206267664155909 0.022761737940489156
0.9118382907149167 0.02514241417904988
0.9026351287655296 0.02761620072880349
0.8930265473713942 0.030181148208006454
0.8830222215594895 0.03283414267553158
0.872632224837878 0.03557084032668431
0.8618670190525357 0.03838684422174222
0.8507374438531613 0.04127775599009568
0.8392547057785669 0.04423919237383229
0.8274303669726433 0.04726680092999676
0.8152763335422621 0.05035627478171828
0.8028048435688343 0.05350336631768059
0.7900284547856001 0.05670368364326175
0.7769600319330563 0.05994944835231208
0.7636127338052524 0.0632297073095472
0.7500000000000012 0.06653271348501041
0.7361355373863427 0.06984603195926048
0.7220333063028884 0.07315658666836851
0.7077075065009447 0.07645071524420771
0.6931725628465657 0.07971425793323024
0.6784431107959373 0.08293636844234963
0.6635339816587122 0.0861138619544932
0.6484601876641387 0.08924500439460488
0.6332369068450188 0.09232861263899066
0.6178794677547149 0.09536403260645777
0.6024033340325966 0.098351112923027
0.5868240888334664 0.10128968203256901
0.5711574191366438 0.1041716106404623
0.5554190999505066 0.1069818933492939
0.5396249784283953 0.10970533211238173
0.5237909579118721 0.11232686404582669
0.5079329819174049 0.11483168191385873
0.4920670180825969 0.1172053613198866
0.4762090420881297 0.11943562910161351
0.46037502157160654 0.12151467009548694
0.44458090004949524 0.12343586845586875
0.42884258086335814 0.12519330765603445
0.41317591116653546 0.12678181885387008
0.3975966659674052 0.12819702530246524
0.38212053224528686 0.1294355602111075
0.36676309315498296 0.1304962184611114
0.35153981233586296 0.13137919459979366
0.33646601834128953 0.13208548793414843
0.32155688920406433 0.13261690164309198
0.3068274371534359 0.13297604020354045
0.29229249349905695 0.1331662851251329
0.2779666936971131 0.13318242689408083
0.2638644626136587 0.13299649212111836
0.25000000000000006 0.13258062750115285
0.2363872661947488 0.13191157651849145
0.22303996806694482 0.13097081142279252
0.20997154521440087 0.12974461597560186
0.19719515643116664 0.12822411874586673
0.18472366645773874 0.12640257698929502
0.17256963302735745 0.12425833382927963
0.1607452942214339 0.12176896117035914
0.14926255614683936 0.11892148789552573
0.1381329809474649 0.1157133631100306
0.12736777516212267 0.11216665141706453
0.116977778440511 0.10831956720701465
0.10697345262860625 0.10421273986718825
0.09736487123447068 0.09988857602463036
0.0881617092850836 0.0953862996025068
0.0793732335844094 0.09071819231529656
0.07100829338251147 0.08589509316438304
0.06307531146510753 0.080935949622494
0.05558227567253826 0.07585882785201188
0.04853673085668936 0.07069332558111602
0.041945771283965205 0.06547098717699537
0.03581603349196366 0.06016033945730582
0.030153689607045786 0.05474128394550229
0.02496444112952728 0.04924466530527413
0.020253513192751316 0.043741534123929046
0.016025649301821876 0.03833249561391666
0.012285106557296477 0.033137586476035354
0.009035651368646647 0.02828681776455645
0.006280555661802856 0.023911511242704207
0.00402259358460233 0.020136545033892807
0.0022640387134577056 0.017073611484704643
0.0010066617640577813 0.014815576196212167
0.0002517288084074587 0.013432012297589457
0.0 0.012965968385521491
0.0 0.0
0.0002517288084074587 -0.00048007386603422304
0.0010066617640577813 -0.0018737788629176624
0.0022640387134577056 -0.004046201326920866
0.00402259358460233 -0.006787875921104715
0.006280555661802856 -0.009837651842211987
0.009035651368646647 -0.012914267984685927
0.012285106557296477 -0.01575620503934027
0.016025649301821876 -0.01816926687147777
0.020253513192751316 -0.02008123363894483
0.02496444112952728 -0.021602826138539696
0.030153689607045786 -0.02303613674469872
0.03581603349196366 -0.024488877199278884
0.041945771283965205 -0.025923823623482112
0.04853673085668936 -0.027297251001298303
0.05558227567253826 -0.02856078858470542
0.06307531146510753 -0.029685206755126654
0.07100829338251147 -0.030664600270987004
0.0793732335844094 -0.031504521544978716
0.0881617092850836 -0.032226502296044415
0.09736487123447068 -0.032872427711988464
0.10697345262860625 -0.033498992687474013
0.116977778440511 -0.034116732807456016
0.12736777516212267 -0.034683600987181595
0.1381329809474649 -0.03514724906311485
0.14926255614683936 -0.03544610420387974
0.1607452942214339 -0.03551815139440742
0.17256963302735745 -0.03536323579768109
0.18472366645773874 -0.03501790001706715
0.19719515643116664 -0.03452843785150994
0.20997154521440087 -0.033947732897110006
0.22303996806694482 -0.03329975048717076
0.2363872661947488 -0.0325868235725532
0.25000000000000006 -0.03181164570551966
0.2638644626136587 -0.030977667609742736
0.2779666936971131 -0.0300890849560296
0.29229249349905695 -0.02915081862230524
0.3068274371534359 -0.02816844338416061
0.32155688920406433 -0.027146259741440554
0.33646601834128953 -0.02608636920126407
0.35153981233586296 -0.024990934845105825
0.36676309315498296 -0.023862348597786964
0.38212053224528686 -0.022703216803082744
0.3975966659674052 -0.02151634397418606
0.41317591116653546 -0.020305969839459977
0.42884258086335814 -0.01908629573940909
0.44458090004949524 -0.017876548561884857
0.46037502157160654 -0.01669641815234981
0.4762090420881297 -0.01556585143975666
0.4920670180825969 -0.014504866969929144
0.5079329819174049 -0.01353279133955282
0.5237909579118721 -0.01265274558471852
0.5396249784283953 -0.011849978062717197
0.5554190999505066 -0.011108671006711313
0.5711574191366438 -0.010413010660778762
0.5868240888334664 -0.009747348615399776
0.6024033340325966 -0.00909636852231981
0.6178794677547149 -0.008451139498842297
0.6332369068450188 -0.007819041989325095
0.6484601876641387 -0.007209767543870458
0.6635339816587122 -0.006632449487581915
0.6784431107959373 -0.006095585381607494
0.6931725628465657 -0.00560696644266885
0.7077075065009447 -0.005173202783516368
0.7220333063028884 -0.004791519820209664
0.7361355373863427 -0.004451045372567776
0.7500000000000012 -0.004141336802711847
0.7636127338052524 -0.003852790601775094
0.7769600319330563 -0.0035766951538368755
0.7900284547856001 -0.0033052725879294375
0.8028048435688343 -0.0030317353698182414
0.8152763335422621 -0.0027548610338538906
0.8274303669726433 -0.002483267217616858
0.8392547057785669 -0.0022255820126203655
0.8507374438531613 -0.0019890599826977115
0.8618670190525357 -0.001779602206940366
0.872632224837878 -0.0016017902087938642
0.8830222215594895 -0.0014589330090197825
0.8930265473713942 -0.0013531264198285901
0.9026351287655296 -0.0012852648019163228
0.9118382907149167 -0.0012497912680245998
0.9206267664155909 -0.001232376608693983
0.9289917066174888 -0.0012207274567041235
0.9369246885348927 -0.001205532886117687
0.9444177243274618 -0.0011801940726536846
0.9514632691433107 -0.001140538873818041
0.958054228716035 -0.0010845256783949993
0.9641839665080364 -0.0010119409060085009
0.9698463103929542 -0.0009240945216991954
0.9750355588704727 -0.0008235178682892339
0.9797464868072487 -0.0007136680116308915
0.9839743506981782 -0.0005986426420025376
0.9877148934427036 -0.000482909380697578
0.9909643486313533 -0.00037105310642736994
0.9937194443381971 -0.00026754464409187915
0.9959774064153977 -0.0001765338516876925
0.9977359612865423 -0.0001016698028791687
0.9989933382359422 -4.595039661443534e-05
0.9997482711915926 -1.1603334948814558e-05
1.0 0.0
