1.0 0.0
0.9997482711915926 6.4168021616424e-05
0.9989933382359422 0.0002568026557588975
0.9977359612865423 0.0005782885927236389
0.9959774064153977 0.0010292436810986451
0.9937194443381971 0.0016104842891138335
0.9909643486313533 0.00232297743562772
0.9877148934427036 0.0031677803081294436
0.9839743506981782 0.004145967950586268
0.9797464868072487 0.005258550061354603
0.9750355588704727 0.006506377989065204
0.9698463103929542 0.007890043150845755
0.9641839665080364 0.009409768221027699
0.958054228716035 0.01106529254828181
0.9514632691433107 0.012855753353764076
0.9444177243274618 0.014779564341293168
0.9369246885348927 0.016834293411948205
0.9289917066174888 0.019016541219053225
0.9206267664155909 0.02132182232476299
0.9118382907149167 0.023744450726016074
0.9026351287655296 0.026277431505286684
0.8930265473713942 0.028912504031529705
0.8830222215594895 0.03164244855794802
0.872632224837878 0.034461275098991724
0.8618670190525357 0.03736258545176452
0.8507374438531613 0.04033951613572673
0.8392547057785669 0.04338473811165018
0.8274303669726433 0.04649046036604217
0.8152763335422621 0.04964843756503492
0.8028048435688343 0.05284998194482525
0.7900284547856001 0.05608612946027684
0.7769600319330563 0.05935022673179312
0.7636127338052524 0.06263797534209214
0.7500000000000012 0.065945464209839
0.7361355373863427 0.06926911099059847
0.7220333063028884 0.07260566757295585
0.7077075065009447 0.07595222207803275
0.6931725628465657 0.07930619595394266
0.6784431107959373 0.08266501519174331
0.6635339816587122 0.08602565479531075
0.6484601876641387 0.08938522162538923
0.6332369068450188 0.09274104669463526
0.6178794677547149 0.09609067857064825
0.6024033340325966 0.09943187487244663
0.5868240888334664 0.10276227143989487
0.5711574191366438 0.10607282810593292
0.5554190999505066 0.10934788341063849
0.5396249784283953 0.11257137578505173
0.5237909579118721 0.11572722595912292
0.5079329819174049 0.11879946452398922
0.4920670180825969 0.12177235819452387
0.4762090420881297 0.12462827902233291
0.46037502157160654 0.12734366954177156
0.44458090004949524 0.1298945785596773
0.42884258086335814 0.13225802739992837
0.41317591116653546 0.13441222255562818
0.3975966659674052 0.13633675965403197
0.38212053224528686 0.13801378779597423
0.36676309315498296 0.13943675845862682
0.35153981233586296 0.14060595517182825
0.33646601834128953 0.14152287860870816
0.32155688920406433 0.1421901822215571
0.3068274371534359 0.14261166868391326
0.29229249349905695 0.14279227935117023
0.2779666936971131 0.14272899441249462
0.2638644626136587 0.14238872694751845
0.25000000000000006 0.14173643570322822
0.2363872661947488 0.14074306897963407
0.22303996806694482 0.13938573059456758
0.20997154521440087 0.13764778207409203
0.19719515643116664 0.13551888080171476
0.18472366645773874 0.1330003257837614
0.17256963302735745 0.1301555549378014
0.1607452942214339 0.1270779994793158
0.14926255614683936 0.12385217786132206
0.1381329809474649 0.12054890647092056
0.12736777516212267 0.11714464478238204
0.116977778440511 0.11354671255488934
0.10697345262860625 0.10968437947564563
0.09736487123447068 0.10551117509887913
0.0881617092850836 0.10100227959796823
0.0793732335844094 0.09614470197594462
0.07100829338251147 0.09094240648551168
0.06307531146510753 0.08544076929252589
0.05558227567253826 0.07979035853382317
0.04853673085668936 0.07414646399476639
0.041945771283965205 0.06861959879779475
0.03581603349196366 0.06314330845571274
0.030153689607045786 0.057612464993432894
0.02496444112952728 0.052000846545608485
0.020253513192751316 0.04634700345867534
0.016025649301821876 0.04073875926405705
0.012285106557296477 0.03529846956108243
0.009035651368646647 0.03016924235589143
0.006280555661802856 0.0255023081401461
0.00402259358460233 0.02144571075755315
0.0022640387134577056 0.018134471082064157
0.0010066617640577813 0.015682354921324297
0.0002517288084074587 0.014175354579905498
0.0 0.013666970399588278
0.0 0.0
0.0002517288084074587 -0.0004262631169051531
0.0010066617640577813 -0.0016681412483873317
0.0022640387134577056 -0.0036184246391652137
0.00402259358460233 -0.006110128870965412
0.006280555661802856 -0.00893387570403318
0.009035651368646647 -0.01186189421331806
0.012285106557296477 -0.014678314351997613
0.016025649301821876 -0.017215337317281972
0.020253513192751316 -0.019394783696385417
0.02496444112952728 -0.02127444221702632
0.030153689607045786 -0.023060784266212202
0.03581603349196366 -0.02483154334907771
0.041945771283965205 -0.026558975174359362
0.04853673085668936 -0.028220888286412435
0.05558227567253826 -0.02980316337862489
0.06307531146510753 -0.031298542454040415
0.07100829338251147 -0.03270765274924481
0.0793732335844094 -0.03404202642574394
0.0881617092850836 -0.03529400113159719
0.09736487123447068 -0.036404759023039836
0.10697345262860625 -0.03730220026380777
0.116977778440511 -0.03795729551658622
0.12736777516212267 -0.03839597838456725
0.1381329809474649 -0.0386598667028007
0.14926255614683936 -0.03880531300781916
0.1607452942214339 -0.03889656162690869
0.17256963302735745 -0.038947067702823024
0.18472366645773874 -0.03893989342619035
0.19719515643116664 -0.038855782157731215
0.20997154521440087 -0.03867453932487547
0.22303996806694482 -0.03839021218251294
0.2363872661947488 -0.03800917648530333
0.25000000000000006 -0.037539930275739014
0.2638644626136587 -0.03699282770576456
0.2779666936971131 -0.036380034169480366
0.29229249349905695 -0.03571546193767958
0.3068274371534359 -0.03501458702568588
0.32155688920406433 -0.03428885415582723
0.33646601834128953 -0.033542194450008986
0.35153981233586296 -0.03277815543186765
0.36676309315498296 -0.03200053801957624
0.38212053224528686 -0.031213369376284862
0.3975966659674052 -0.030420873243387565
0.41317591116653546 -0.02962711001056849
0.42884258086335814 -0.02883335184842443
0.44458090004949524 -0.02803935281545868
0.46037502157160654 -0.027244813779142663
0.4762090420881297 -0.026449405197273086
0.4920670180825969 -0.025652777599815105
0.5079329819174049 -0.02485459127766552
0.5237909579118721 -0.02405516487466739
0.5396249784283953 -0.02325563183815026
0.5554190999505066 -0.022457176293892857
0.5711574191366438 -0.02166097848651307
0.5868240888334664 -0.02086821026868551
0.6024033340325966 -0.02008003062731069
0.6178794677547149 -0.01929748252752421
0.6332369068450188 -0.018521292155160407
0.6484601876641387 -0.017752124210233453
0.6635339816587122 -0.01699064132936187
0.6784431107959373 -0.016237504266435623
0.6931725628465657 -0.01549337200619467
0.7077075065009447 -0.014758905357388732
0.7220333063028884 -0.01403485115138404
0.7361355373863427 -0.01332203668031539
0.7500000000000012 -0.012621273666361872
0.7636127338052524 -0.011933352343083976
0.7769600319330563 -0.011259040287160287
0.7900284547856001 -0.010599081375725818
0.8028048435688343 -0.00995419470580562
0.8152763335422621 -0.0093250305811313
0.8274303669726433 -0.008712121532592846
0.8392547057785669 -0.008115981785102
0.8507374438531613 -0.007537122420419923
0.8618670190525357 -0.006976050653948435
0.872632224837878 -0.006433268987710634
0.8830222215594895 -0.005909274247531845
0.8930265473713942 -0.005404556513644503
0.9026351287655296 -0.004919598171586732
0.9118382907149167 -0.004454896413151071
0.9206267664155909 -0.004010974927399048
0.9289917066174888 -0.003588332499307296
0.9369246885348927 -0.00318743720969193
0.9444177243274618 -0.002808726731038729
0.9514632691433107 -0.0024526086924900777
0.958054228716035 -0.002119461101840679
0.9641839665080364 -0.001809632812267236
0.9698463103929542 -0.0015234440215280151
0.9750355588704727 -0.0012611867915145376
0.9797464868072487 -0.0010231255763169203
0.9839743506981782 -0.0008094977473732292
0.9877148934427036 -0.0006205141048058545
0.9909643486313533 -0.00045635936469865977
0.9937194443381971 -0.0003171926128292484
0.9959774064153977 -0.00020314771623347814
0.9977359612865423 -0.00011433368493382689
0.9989933382359422 -5.083497719991665e-05
0.9997482711915926 -1.2711742816505225e-05
1.0 0.0
