1.0 0.0
0.9997482711915926 5.6261156962829496e-05
0.9989933382359422 0.0002256860508028028
0.9977359612865423 0.0005101751264473216
0.9959774064153977 0.0009128166807859686
0.9937194443381971 0.0014377692487774303
0.9909643486313533 0.0020900990390772577
0.9877148934427036 0.0028755744884618913
0.9839743506981782 0.0038004205589611505
0.9797464868072487 0.004871035929289748
0.9750355588704727 0.006093676727427805
0.9698463103929542 0.007474110908884297
0.9641839665080364 0.009017247800496205
0.958054228716035 0.010726747698176158
0.9514632691433107 0.012604616724884207
0.9444177243274618 0.014650792418804664
0.9369246885348927 0.016862725728321953
0.9289917066174888 0.01923496523751634
0.9206267664155909 0.021758749531725664
0.9118382907149167 0.02442161363601403
0.9026351287655296 0.027207015419522324
0.8930265473713942 0.03009455809385684
0.8830222215594895 0.033068816505202506
0.872632224837878 0.03611988300609502
0.8618670190525357 0.03923726622212249
0.8507374438531613 0.04240969817444598
0.8392547057785669 0.045625135894559236
0.8274303669726433 0.04887077008339254
0.8152763335422621 0.05213304117407385
0.8028048435688343 0.055397663089807
0.7900284547856001 0.058650075900734906
0.7769600319330563 0.06188230906728386
0.7636127338052524 0.06509287707184301
0.7500000000000012 0.06828166845629624
0.7361355373863427 0.07144978076697989
0.7220333063028884 0.07459950550252346
0.7077075065009447 0.07773430033302302
0.6931725628465657 0.08085871338730562
0.6784431107959373 0.08397217752258469
0.6635339816587122 0.0870612838672022
0.6484601876641387 0.09011047128206862
0.6332369068450188 0.09310373783519206
0.6178794677547149 0.09602474450658374
0.6024033340325966 0.09885692539742824
0.5868240888334664 0.10158359394099331
0.5711574191366438 0.10418789619202064
0.5554190999505066 0.10665295190703324
0.5396249784283953 0.10896212941289239
0.5237909579118721 0.11109918291525228
0.5079329819174049 0.11304838540392861
0.4920670180825969 0.11479467406141004
0.4762090420881297 0.11632784726033664
0.46037502157160654 0.11764841568767032
0.44458090004949524 0.11875917418777733
0.42884258086335814 0.11966370607379351
0.41317591116653546 0.12036634668953021
0.3975966659674052 0.12087214447295955
0.38212053224528686 0.12118744569072738
0.36676309315498296 0.1213237617237081
0.35153981233586296 0.12129494112432558
0.33646601834128953 0.1211149601265862
0.32155688920406433 0.12079780712181966
0.3068274371534359 0.1203573815368732
0.29229249349905695 0.11980736990113734
0.2779666936971131 0.11915013665211822
0.2638644626136587 0.11836145386284103
0.25000000000000006 0.11741626532552638
0.2363872661947488 0.11629337887274913
0.22303996806694482 0.11497558832131331
0.20997154521440087 0.11344975319386102
0.19719515643116664 0.1117068359902914
0.18472366645773874 0.10974221640274749
0.17256963302735745 0.10755740524230681
0.1607452942214339 0.10515835985681561
0.14926255614683936 0.10255435652180142
0.1381329809474649 0.09975735688709365
0.12736777516212267 0.09677690801728148
0.116977778440511 0.09362304787584341
0.10697345262860625 0.09031014733761941
0.09736487123447068 0.08685662548267566
0.0881617092850836 0.0832718843021191
0.0793732335844094 0.07949998705382161
0.07100829338251147 0.07548548133131681
0.06307531146510753 0.07121328006741304
0.05558227567253826 0.06672242869468263
0.04853673085668936 0.06206829160935858
0.041945771283965205 0.0573035363899084
0.03581603349196366 0.05242835324883961
0.030153689607045786 0.047451429732609886
0.02496444112952728 0.042418177227990884
0.020253513192751316 0.03740251667885825
0.016025649301821876 0.03249881105208897
0.012285106557296477 0.027814201126369367
0.009035651368646647 0.023461448090543593
0.006280555661802856 0.019552378658938448
0.00402259358460233 0.01619201963476881
0.0022640387134577056 0.013473499172802128
0.0010066617640577813 0.011473781511132493
0.0002517288084074587 0.010250290769068094
0.0 0.009838467660236145
0.0 0.0
0.0002517288084074587 -0.0006006037813058981
0.0010066617640577813 -0.0023424636747264344
0.0022640387134577056 -0.005051673482113765
0.00402259358460233 -0.00845813586378688
0.006280555661802856 -0.012224899681851134
0.009035651368646647 -0.015988671033787982
0.012285106557296477 -0.019410943788224645
0.016025649301821876 -0.022239047103408387
0.020253513192751316 -0.02437626645109916
0.02496444112952728 -0.025960062577208988
0.030153689607045786 -0.027386180463721103
0.03581603349196366 -0.02882599690945643
0.041945771283965205 -0.030246887942074942
0.04853673085668936 -0.03161069733198075
0.05558227567253826 -0.03287592817739413
0.06307531146510753 -0.03400534521971906
0.07100829338251147 -0.03496800313289462
0.0793732335844094 -0.03573547998415327
0.0881617092850836 -0.03630393348392076
0.09736487123447068 -0.03671653823531695
0.10697345262860625 -0.037038423192158616
0.116977778440511 -0.0373009908039112
0.12736777516212267 -0.03749323785258598
0.1381329809474649 -0.03760171474213119
0.14926255614683936 -0.03761208383899315
0.1607452942214339 -0.037510302014556664
0.17256963302735745 -0.037291174347862124
0.18472366645773874 -0.03695518289015541
0.19719515643116664 -0.03650470813460179
0.20997154521440087 -0.035943874771600826
0.22303996806694482 -0.03527642877871409
0.2363872661947488 -0.034506137647649225
0.25000000000000006 -0.03363816701091689
0.2638644626136587 -0.03267909682483771
0.2779666936971131 -0.031636895615069036
0.29229249349905695 -0.030520880408110764
0.3068274371534359 -0.029341638592564452
0.32155688920406433 -0.028109871967168132
0.33646601834128953 -0.026835772009851197
0.35153981233586296 -0.02553027818636676
0.36676309315498296 -0.024205105748695076
0.38212053224528686 -0.022872655399517113
0.3975966659674052 -0.021545914858666613
0.41317591116653546 -0.020237872967004036
0.42884258086335814 -0.018958090711107413
0.44458090004949524 -0.017714468920879793
0.46037502157160654 -0.01651490360036917
0.4762090420881297 -0.015367232202452561
0.4920670180825969 -0.014279168905809825
0.5079329819174049 -0.013258121568037746
0.5237909579118721 -0.012307962754959063
0.5396249784283953 -0.01142864867416536
0.5554190999505066 -0.01061967493916734
0.5711574191366438 -0.00988027633418766
0.5868240888334664 -0.009209438671398246
0.6024033340325966 -0.008605906896553713
0.6178794677547149 -0.008065186128325446
0.6332369068450188 -0.007574563124126001
0.6484601876641387 -0.007120338936718635
0.6635339816587122 -0.006689374975515587
0.6784431107959373 -0.006269209015154008
0.6931725628465657 -0.005848162218493127
0.7077075065009447 -0.0054160831107575875
0.7220333063028884 -0.004977362887080023
0.7361355373863427 -0.004548964797136008
0.7500000000000012 -0.0041468377890939885
0.7636127338052524 -0.003785264118963053
0.7769600319330563 -0.003476783610531337
0.7900284547856001 -0.003232137481236725
0.8028048435688343 -0.0030601816278193437
0.8152763335422621 -0.00295890596397772
0.8274303669726433 -0.002907000620344733
0.8392547057785669 -0.00288325312031878
0.8507374438531613 -0.0028693002798374687
0.8618670190525357 -0.0028496019614585545
0.872632224837878 -0.0028113852616609186
0.8830222215594895 -0.0027445606896632584
0.8930265473713942 -0.002641612153537338
0.9026351287655296 -0.002497519293556514
0.9118382907149167 -0.002315032032504248
0.9206267664155909 -0.0021071120328374016
0.9289917066174888 -0.0018856658344568714
0.9369246885348927 -0.0016604372160568964
0.9444177243274618 -0.0014391807152194915
0.9514632691433107 -0.0012278461851098924
0.958054228716035 -0.001030771410762338
0.9641839665080364 -0.0008508797838252086
0.9698463103929542 -0.0006898800430198643
0.9750355588704727 -0.0005484651281480255
0.9797464868072487 -0.0004265072676357545
0.9839743506981782 -0.0003232465224003897
0.9877148934427036 -0.00023747014104559896
0.9909643486313533 -0.00016768024152148323
0.9937194443381971 -0.00011224752065407565
0.9959774064153977 -6.954890332373083e-05
0.9977359612865423 -3.808727529423797e-05
0.9989933382359422 -1.659169529455156e-05
0.9997482711915926 -4.096750276633328e-06
1.0 0.0
