1.0 0.00325
0.9997482711915926 0.0033361231710404633
0.9989933382359422 0.0035940170216059142
0.9977359612865423 0.004022261655200638
0.9959774064153977 0.00461851413544293
0.9937194443381971 0.005379543545394806
0.9909643486313533 0.00630127951876909
0.9877148934427036 0.0073788736977098935
0.9839743506981782 0.008606773425329933
0.9797464868072487 0.009978806841521437
0.9750355588704727 0.011488278419127943
0.9698463103929542 0.01312807385567854
0.9641839665080364 0.01489077312477272
0.958054228716035 0.016768770391976474
0.9514632691433107 0.018754399413763258
0.9444177243274618 0.020840062965488352
0.9369246885348927 0.023018364786383423
0.9289917066174888 0.0252822424867149
0.9206267664155909 0.02762509983504463
0.9118382907149167 0.030040936832291937
0.9026351287655296 0.032524475984195694
0.8930265473713942 0.035071283204843845
0.8830222215594895 0.03767788182103928
0.872632224837878 0.04034185820012621
0.8618670190525357 0.043061957592076684
0.8507374438531613 0.04583816885955046
0.8392547057785669 0.04867179686657435
0.8274303669726433 0.051565521406581195
0.8152763335422621 0.05452344167281885
0.8028048435688343 0.05755110540748626
0.7900284547856001 0.06065385693821599
0.7769600319330563 0.06382359307910293
0.7636127338052524 0.06704381484449623
0.7500000000000012 0.07029628864591235
0.7361355373863427 0.07356116246498466
0.7220333063028884 0.07681704716031562
0.7077075065009447 0.08004111632603549
0.6931725628465657 0.08320946193971643
0.6784431107959373 0.08630449141938729
0.6635339816587122 0.08931704179280489
0.6484601876641387 0.09223873320981789
0.6332369068450188 0.09506152925986494
0.6178794677547149 0.0977777695769424
0.6024033340325966 0.1003802014684293
0.5868240888334664 0.10286245205448791
0.5711574191366438 0.10522177328852386
0.5554190999505066 0.10745737675364989
0.5396249784283953 0.1095691013514834
0.5237909579118721 0.11155738215389933
0.5079329819174049 0.11342322133546036
0.4920670180825969 0.11516786492510013
0.4762090420881297 0.11678516084656802
0.46037502157160654 0.11826087333604984
0.44458090004949524 0.11958101170731765
0.42884258086335814 0.12073239996988035
0.41317591116653546 0.12170280278827085
0.3975966659674052 0.12248104608425658
0.38212053224528686 0.12305781032695962
0.36676309315498296 0.1234269253950701
0.35153981233586296 0.12358379076890873
0.33646601834128953 0.12352509039952912
0.32155688920406433 0.1232488426920377
0.3068274371534359 0.12275444077034096
0.29229249349905695 0.12204258153375878
0.2779666936971131 0.12111303548761539
0.2638644626136587 0.11996487824614525
0.25000000000000006 0.11859897927011363
0.2363872661947488 0.11701812769836237
0.22303996806694482 0.11522702790998393
0.20997154521440087 0.11323227819063537
0.19719515643116664 0.11104229319114357
0.18472366645773874 0.10865670412091125
0.17256963302735745 0.10605439427710818
0.1607452942214339 0.10321789833084945
0.14926255614683936 0.10013713646390017
0.1381329809474649 0.09683005602727542
0.12736777516212267 0.09339163133711872
0.116977778440511 0.08992106841437984
0.10697345262860625 0.08650228498577578
0.09736487123447068 0.08320357596081308
0.0881617092850836 0.07995626994786993
0.0793732335844094 0.07647896107522918
0.07100829338251147 0.07255083451023385
0.06307531146510753 0.06818687321285852
0.05558227567253826 0.06359121811789561
0.04853673085668936 0.05893989803690172
0.041945771283965205 0.05430106533057518
0.03581603349196366 0.04958383933300858
0.030153689607045786 0.04473877203825935
0.02496444112952728 0.039776395038800906
0.020253513192751316 0.03475476923329764
0.016025649301821876 0.02976746048197002
0.012285106557296477 0.024932107929277154
0.009035651368646647 0.02037974160286522
0.006280555661802856 0.01624499414440132
0.00402259358460233 0.012657338259554222
0.0022640387134577056 0.009733466833070142
0.0010066617640577813 0.007570916795861719
0.0002517288084074587 0.0062430209212117225
0.0 0.005795253943553946
0.0 0.0
0.0002517288084074587 -0.00026855378307157865
0.0010066617640577813 -0.0010389142324487427
0.0022640387134577056 -0.002209109967611666
0.00402259358460233 -0.003622239435610196
0.006280555661802856 -0.005085859824447326
0.009035651368646647 -0.0063987591427889555
0.012285106557296477 -0.007384743755793251
0.016025649301821876 -0.007932975254498726
0.020253513192751316 -0.008044297021597778
0.02496444112952728 -0.007882903231115046
0.030153689607045786 -0.007739740154516119
0.03581603349196366 -0.0076878413756452015
0.041945771283965205 -0.007706318450764077
0.04853673085668936 -0.007752444523566226
0.05558227567253826 -0.007765929858821659
0.06307531146510753 -0.0077323232607062
0.07100829338251147 -0.007671288519032763
0.0793732335844094 -0.0076112679382217925
0.0881617092850836 -0.007566583693412671
0.09736487123447068 -0.00753019719252959
0.10697345262860625 -0.00749216063622217
0.116977778440511 -0.007448672292673451
0.12736777516212267 -0.007400405485326461
0.1381329809474649 -0.0073483461280276835
0.14926255614683936 -0.007293755669721682
0.1607452942214339 -0.007237924693843783
0.17256963302735745 -0.007181072434987591
0.18472366645773874 -0.00712301990545859
0.19719515643116664 -0.007063540869579418
0.20997154521440087 -0.007002397059886141
0.22303996806694482 -0.006939600648975969
0.2363872661947488 -0.0068753057102207485
0.25000000000000006 -0.006809682659671131
0.2638644626136587 -0.006742916971766117
0.2779666936971131 -0.006675208556831536
0.29229249349905695 -0.006606770980492457
0.3068274371534359 -0.006537825102530473
0.32155688920406433 -0.006468452781595122
0.33646601834128953 -0.006398567417401856
0.35153981233586296 -0.006328060712366322
0.36676309315498296 -0.0062568120697691024
0.38212053224528686 -0.006184690144209812
0.3975966659674052 -0.00611155453397136
0.41317591116653546 -0.006037301262407245
0.42884258086335814 -0.005962106101436642
0.44458090004949524 -0.005886264119329453
0.46037502157160654 -0.005810078432232443
0.4762090420881297 -0.005733857613320155
0.4920670180825969 -0.0056579133160440465
0.5079329819174049 -0.005582548157686891
0.5237909579118721 -0.005507838200514086
0.5396249784283953 -0.005433631765268352
0.5554190999505066 -0.0053597676960210235
0.5711574191366438 -0.005286087556398196
0.5868240888334664 -0.005212437863724885
0.6024033340325966 -0.005138672524683168
0.6178794677547149 -0.005064764723357667
0.6332369068450188 -0.004990970879324786
0.6484601876641387 -0.004917583613299539
0.6635339816587122 -0.004844884908182313
0.6784431107959373 -0.004773144225419567
0.6931725628465657 -0.004702616768620646
0.7077075065009447 -0.004633533495910425
0.7220333063028884 -0.004565944258255011
0.7361355373863427 -0.004499747815638155
0.7500000000000012 -0.004434849182242129
0.7636127338052524 -0.004371166469512695
0.7769600319330563 -0.004308631612200702
0.7900284547856001 -0.0042471909184543825
0.8028048435688343 -0.004186805757390255
0.8152763335422621 -0.004127503043027833
0.8274303669726433 -0.0040694198763321305
0.8392547057785669 -0.004012697046877486
0.8507374438531613 -0.003957464336552506
0.8618670190525357 -0.003903840498010828
0.872632224837878 -0.0038519333344039413
0.8830222215594895 -0.003801839875405858
0.8930265473713942 -0.003753646643667236
0.9026351287655296 -0.0037074300050340997
0.9118382907149167 -0.0036632565951411557
0.9206267664155909 -0.003621183814347899
0.9289917066174888 -0.0035812603824332693
0.9369246885348927 -0.003543526944006018
0.9444177243274618 -0.0035080167152271562
0.9514632691433107 -0.0034747561621806724
0.958054228716035 -0.003443765701071162
0.9641839665080364 -0.003415060410372899
0.9698463103929542 -0.0033886507451041633
0.9750355588704727 -0.0033645432435523703
0.9797464868072487 -0.0033427412170274323
0.9839743506981782 -0.0033232454135700977
0.9877148934427036 -0.0033060546469846188
0.9909643486313533 -0.0032911663830962417
0.9937194443381971 -0.003278577275748056
0.9959774064153977 -0.003268283645742163
0.9977359612865423 -0.003260281896689796
0.9989933382359422 -0.0032545688625560303
0.9997482711915926 -0.003251142082558816
1.0 -0.00325
