1.0 0.0
0.9997482711915926 7.710791353296337e-05
0.9989933382359422 0.00030808437231671443
0.9977359612865423 0.0006918915485230495
0.9959774064153977 0.0012268130789635607
0.9937194443381971 0.0019104739425867285
0.9909643486313533 0.0027398679958574867
0.9877148934427036 0.0037113928763064614
0.9839743506981782 0.004820891906587606
0.9797464868072487 0.006063702556992129
0.9750355588704727 0.007434710954257996
0.9698463103929542 0.008928411859366154
0.9641839665080364 0.010538973477468905
0.958054228716035 0.012260306409731194
0.9514632691433107 0.014086136010213102
0.9444177243274618 0.016010077371441382
0.9369246885348927 0.01802571213040946
0.9289917066174888 0.020126666262731303
0.9206267664155909 0.022306688016810516
0.9118382907149167 0.024559725132346253
0.9026351287655296 0.02688000048837697
0.8930265473713942 0.029262093567066362
0.8830222215594895 0.03170115808945422
0.872632224837878 0.034193010387890625
0.8618670190525357 0.03673409008312673
0.8507374438531613 0.039321515018466605
0.8392547057785669 0.041953132978608206
0.8274303669726433 0.044627565779407255
0.8152763335422621 0.047344245119180166
0.8028048435688343 0.05010343965819609
0.7900284547856001 0.05290588158277142
0.7769600319330563 0.0557458874553596
0.7636127338052524 0.05861120091190322
0.7500000000000012 0.06148841552416662
0.7361355373863427 0.06436321132221784
0.7220333063028884 0.06722041195702431
0.7077075065009447 0.0700440526879341
0.6931725628465657 0.07281747934042222
0.6784431107959373 0.07552810384843915
0.6635339816587122 0.07817394731671193
0.6484601876641387 0.0807551814347233
0.6332369068450188 0.08327270213618848
0.6178794677547149 0.0857280930421203
0.6024033340325966 0.08812358291755097
0.5868240888334664 0.09046170740872723
0.5711574191366438 0.09273966401581688
0.5554190999505066 0.09494948973101361
0.5396249784283953 0.09708319092784608
0.5237909579118721 0.09913299848254509
0.5079329819174049 0.10109142187920682
0.4920670180825969 0.10295129940135811
0.4762090420881297 0.10470415970165117
0.46037502157160654 0.10633755904312543
0.44458090004949524 0.10783891533255248
0.42884258086335814 0.1091963398460667
0.41317591116653546 0.11039874768444682
0.3975966659674052 0.1114359629265755
0.38212053224528686 0.1123006879466382
0.36676309315498296 0.11300224450108624
0.35153981233586296 0.11355798143138243
0.33646601834128953 0.11398509588432922
0.32155688920406433 0.11430043172628052
0.3068274371534359 0.11452034656733022
0.29229249349905695 0.1146605785968913
0.2779666936971131 0.1147229096835157
0.2638644626136587 0.11467082370462385
0.25000000000000006 0.11446492462899371
0.2363872661947488 0.11407089074417416
0.22303996806694482 0.11345966396105168
0.20997154521440087 0.11260758196788628
0.19719515643116664 0.11149645282869268
0.18472366645773874 0.11011494351399312
0.17256963302735745 0.10846893976992021
0.1607452942214339 0.10657371775818826
0.14926255614683936 0.10444673177303213
0.1381329809474649 0.10210621238018966
0.12736777516212267 0.09955239378527676
0.116977778440511 0.09677510966332133
0.10697345262860625 0.09377264123654103
0.09736487123447068 0.09055174176449744
0.0881617092850836 0.08712232813849997
0.0793732335844094 0.08346549692947236
0.07100829338251147 0.07956244642968428
0.06307531146510753 0.07543151354588998
0.05558227567253826 0.07117328519872058
0.04853673085668936 0.06689448129480874
0.041945771283965205 0.06267154640498959
0.03581603349196366 0.05844462665973452
0.030153689607045786 0.05412877759769195
0.02496444112952728 0.04970525767789633
0.020253513192751316 0.04520185980494769
0.016025649301821876 0.040518807939881434
0.012285106557296477 0.035540327822918494
0.009035651368646647 0.030350769947851314
0.006280555661802856 0.02517655259772918
0.00402259358460233 0.020322493592153573
0.0022640387134577056 0.016116380165212975
0.0010066617640577813 0.012862543027866439
0.0002517288084074587 0.010805072650241259
0.0 0.010101181083721492
0.0 0.0
0.0002517288084074587 -0.000434899470213001
0.0010066617640577813 -0.001701723355961845
0.0022640387134577056 -0.0036904747089051993
0.00402259358460233 -0.0062298648021881
0.006280555661802856 -0.009105200606914313
0.009035651368646647 -0.012083085500280364
0.012285106557296477 -0.014942595743334577
0.016025649301821876 -0.01751250494065294
0.020253513192751316 -0.019714042856963786
0.02496444112952728 -0.02160859452563642
0.030153689607045786 -0.023412763556031183
0.03581603349196366 -0.025202630321556854
0.041945771283965205 -0.026923810640008997
0.04853673085668936 -0.02851384816274235
0.05558227567253826 -0.029906013073709863
0.06307531146510753 -0.031085835765893948
0.07100829338251147 -0.03210936826108472
0.0793732335844094 -0.033070882964034355
0.0881617092850836 -0.0340360401099354
0.09736487123447068 -0.03496846880305286
0.10697345262860625 -0.03581225224450667
0.116977778440511 -0.03653626024140542
0.12736777516212267 -0.03714267257422252
0.1381329809474649 -0.03764000056602331
0.14926255614683936 -0.03804217242069666
0.1607452942214339 -0.03836661655493035
0.17256963302735745 -0.03861640920780265
0.18472366645773874 -0.0387861758379015
0.19719515643116664 -0.03887095195831104
0.20997154521440087 -0.03886657024712689
0.22303996806694482 -0.03877352377277665
0.2363872661947488 -0.038596608891819005
0.25000000000000006 -0.03834225883380963
0.2638644626136587 -0.03801845637977823
0.2779666936971131 -0.0376346991240011
0.29229249349905695 -0.03720194856778545
0.3068274371534359 -0.03673245152108684
0.32155688920406433 -0.03623267893010769
0.33646601834128953 -0.035698458514621174
0.35153981233586296 -0.03512444713350172
0.36676309315498296 -0.034505109153176554
0.38212053224528686 -0.0338347635489199
0.3975966659674052 -0.0331076341024652
0.41317591116653546 -0.03231855266373918
0.42884258086335814 -0.031468512499445996
0.44458090004949524 -0.030562135873070044
0.46037502157160654 -0.029604417185451613
0.4762090420881297 -0.028600645936401423
0.4920670180825969 -0.02755636078695239
0.5079329819174049 -0.026477366022329245
0.5237909579118721 -0.025372008377843005
0.5396249784283953 -0.024251761208871157
0.5554190999505066 -0.023128266540270594
0.5711574191366438 -0.022013030429132274
0.5868240888334664 -0.02091731888990443
0.6024033340325966 -0.019852054702685334
0.6178794677547149 -0.018823596872775315
0.6332369068450188 -0.017825257529223818
0.6484601876641387 -0.016848151853046802
0.6635339816587122 -0.015883829950080974
0.6784431107959373 -0.014924357701736191
0.6931725628465657 -0.013962391043287914
0.7077075065009447 -0.01299166010474341
0.7220333063028884 -0.012016847159956861
0.7361355373863427 -0.011052965919412908
0.7500000000000012 -0.010114268645626501
0.7636127338052524 -0.009213630337876894
0.7769600319330563 -0.008362483164113739
0.7900284547856001 -0.0075707671349825685
0.8028048435688343 -0.00684688250298733
0.8152763335422621 -0.0061943437973052354
0.8274303669726433 -0.0056082707999069075
0.8392547057785669 -0.005082924479449003
0.8507374438531613 -0.004612866150283044
0.8618670190525357 -0.004192970761274241
0.872632224837878 -0.0038184362904010744
0.8830222215594895 -0.0034847893844314227
0.8930265473713942 -0.0031878874180001726
0.9026351287655296 -0.002923899853381878
0.9118382907149167 -0.0026875705882820453
0.9206267664155909 -0.0024713407079455757
0.9289917066174888 -0.002268908156669107
0.9369246885348927 -0.0020755125638708826
0.9444177243274618 -0.0018877952572866675
0.9514632691433107 -0.0017036514345081812
0.958054228716035 -0.0015220767495483468
0.9641839665080364 -0.0013430105873585268
0.9698463103929542 -0.0011671782911318383
0.9750355588704727 -0.000995934575041222
0.9797464868072487 -0.0008311102992519504
0.9839743506981782 -0.0006748647053146355
0.9877148934427036 -0.0005295451093054887
0.9909643486313533 -0.00039755592846685484
0.9937194443381971 -0.00028123877594365867
0.9959774064153977 -0.0001827651990295855
0.9977359612865423 -0.00010404346082123186
0.9989933382359422 -4.6640575177457557e-05
0.9997482711915926 -1.1720602380398666e-05
1.0 0.0
