1.0 0.0
0.9997482711915926 7.599568443812761e-05
0.9989933382359422 0.00030373293465768396
0.9977359612865423 0.0006824647576704224
0.9959774064153977 0.001210954195048814
0.9937194443381971 0.0018874862824650002
0.9909643486313533 0.0027098846233036605
0.9877148934427036 0.0036755324085556793
0.9839743506981782 0.00478139767002188
0.9797464868072487 0.006024062510715314
0.9750355588704727 0.007399756015662538
0.9698463103929542 0.00890439050845565
0.9641839665080364 0.01053360078426816
0.958054228716035 0.012282785918948127
0.9514632691433107 0.01414715322654873
0.9444177243274618 0.01612176391451149
0.9369246885348927 0.018201579966912296
0.9289917066174888 0.02038151177190003
0.9206267664155909 0.02265646599984951
0.9118382907149167 0.025021393233917402
0.9026351287655296 0.02747133485468495
0.8930265473713942 0.03000149085147791
0.8830222215594895 0.032607710502763135
0.872632224837878 0.03528663111908902
0.8618670190525357 0.038035394864739246
0.8507374438531613 0.04085168054666437
0.8392547057785669 0.04373374345078454
0.8274303669726433 0.04668044888725623
0.8152763335422621 0.049691298955256494
0.8028048435688343 0.052766452100678755
0.7900284547856001 0.05590646508047332
0.7769600319330563 0.05910646108609696
0.7636127338052524 0.0623553278623483
0.7500000000000012 0.0656407808564425
0.7361355373863427 0.06894962791878591
0.7220333063028884 0.07226781933880184
0.7077075065009447 0.07558050819616617
0.6931725628465657 0.0788721233795251
0.6784431107959373 0.08212813168911624
0.6635339816587122 0.0853382144604373
0.6484601876641387 0.08849281971759808
0.6332369068450188 0.09158247211739687
0.6178794677547149 0.09459781938108568
0.6024033340325966 0.09752967985659544
0.5868240888334664 0.10036905657072821
0.5711574191366438 0.10310618752162495
0.5554190999505066 0.10573040614610114
0.5396249784283953 0.10823129701857019
0.5237909579118721 0.1105988312206404
0.5079329819174049 0.11282343737912232
0.4920670180825969 0.11489607165952077
0.4762090420881297 0.11680828711154363
0.46037502157160654 0.11855230221590975
0.44458090004949524 0.12012106141879317
0.42884258086335814 0.12150829421743611
0.41317591116653546 0.12270857103421988
0.3975966659674052 0.12371735459892667
0.38212053224528686 0.12453158806760638
0.36676309315498296 0.12515565660638128
0.35153981233586296 0.1255988600572816
0.33646601834128953 0.125870963083582
0.32155688920406433 0.12598204439510308
0.3068274371534359 0.12594242705574898
0.29229249349905695 0.12576261067853683
0.2779666936971131 0.12544713805609461
0.2638644626136587 0.12497669296938968
0.25000000000000006 0.12432877551250102
0.2363872661947488 0.12348460181562029
0.22303996806694482 0.12242921197319848
0.20997154521440087 0.12115153802442401
0.19719515643116664 0.11964443180935809
0.18472366645773874 0.11790282073914132
0.17256963302735745 0.1159024022587858
0.1607452942214339 0.11361070202381938
0.14926255614683936 0.11100510673417407
0.1381329809474649 0.10807317249946957
0.12736777516212267 0.10481752837037343
0.116977778440511 0.10125465126652118
0.10697345262860625 0.09740753527647104
0.09736487123447068 0.09330481352113766
0.0881617092850836 0.08898210488859828
0.0793732335844094 0.08449966253972735
0.07100829338251147 0.0799277549066146
0.06307531146510753 0.07531222466783077
0.05558227567253826 0.07060125835558434
0.04853673085668936 0.06574387190840696
0.041945771283965205 0.06073185284679057
0.03581603349196366 0.05562980311487404
0.030153689607045786 0.05053752961352735
0.02496444112952728 0.045549947682572284
0.020253513192751316 0.040755720292644695
0.016025649301821876 0.03623673394403901
0.012285106557296477 0.03206761432398388
0.009035651368646647 0.028315284657853535
0.006280555661802856 0.02503856943859019
0.00402259358460233 0.022287845948743754
0.0022640387134577056 0.02010474570286231
0.0010066617640577813 0.018521907636450164
0.0002517288084074587 0.017562784553439664
0.0 0.01724150401926229
0.0 0.0
0.0002517288084074587 -0.0007368081049510782
0.0010066617640577813 -0.0028709784688939668
0.0022640387134577056 -0.006181473234978151
0.00402259358460233 -0.010325537557263152
0.006280555661802856 -0.014876795325992913
0.009035651368646647 -0.019377853835820552
0.012285106557296477 -0.0234066972249045
0.016025649301821876 -0.02665595575759472
0.020253513192751316 -0.029023954852204898
0.02496444112952728 -0.030716276108481794
0.030153689607045786 -0.032311548988584717
0.03581603349196366 -0.034147460397758414
0.041945771283965205 -0.036144157859051056
0.04853673085668936 -0.038155159221098876
0.05558227567253826 -0.039972987488487065
0.06307531146510753 -0.04147694135133266
0.07100829338251147 -0.042729751036697544
0.0793732335844094 -0.04385365321797776
0.0881617092850836 -0.044955211882837375
0.09736487123447068 -0.04600543703314195
0.10697345262860625 -0.04694521697421644
0.116977778440511 -0.047727641301115
0.12736777516212267 -0.0483305371142061
0.1381329809474649 -0.04873415637397628
0.14926255614683936 -0.04891970738214548
0.1607452942214339 -0.048871898838541844
0.17256963302735745 -0.04860626952642095
0.18472366645773874 -0.04816486620354888
0.19719515643116664 -0.04760034858514844
0.20997154521440087 -0.046973796204803964
0.22303996806694482 -0.04631780036953172
0.2363872661947488 -0.04563449769705145
0.25000000000000006 -0.04492512930594157
0.2638644626136587 -0.04419114786917506
0.2779666936971131 -0.04343421371449723
0.29229249349905695 -0.042656188906615634
0.3068274371534359 -0.041859114732489704
0.32155688920406433 -0.041043935715047726
0.33646601834128953 -0.04020938635962522
0.35153981233586296 -0.039353879281387005
0.36676309315498296 -0.03847574102753675
0.38212053224528686 -0.037573231224041305
0.3975966659674052 -0.0366445630865208
0.41317591116653546 -0.035688477760530454
0.42884258086335814 -0.034709497674950254
0.44458090004949524 -0.03371577814505571
0.46037502157160654 -0.03271576769186121
0.4762090420881297 -0.03171809005303015
0.4920670180825969 -0.030731467614512432
0.5079329819174049 -0.029764534631990885
0.5237909579118721 -0.028821121944057806
0.5396249784283953 -0.02789849441447958
0.5554190999505066 -0.026993407130583662
0.5711574191366438 -0.026102613151783083
0.5868240888334664 -0.025222903279266715
0.6024033340325966 -0.02435114496113444
0.6178794677547149 -0.02348447890874332
0.6332369068450188 -0.022620720326766413
0.6484601876641387 -0.02175794447001008
0.6635339816587122 -0.02089439578234579
0.6784431107959373 -0.020028510845159823
0.6931725628465657 -0.01915893914942003
0.7077075065009447 -0.018284649959128953
0.7220333063028884 -0.01740738080550726
0.7361355373863427 -0.016531693742114436
0.7500000000000012 -0.015662043498075075
0.7636127338052524 -0.014802593560876874
0.7769600319330563 -0.01395719770289601
0.7900284547856001 -0.013129385110118155
0.8028048435688343 -0.01232234711007098
0.8152763335422621 -0.01153818653211122
0.8274303669726433 -0.010776979049225303
0.8392547057785669 -0.010038579838810121
0.8507374438531613 -0.009322930829913707
0.8618670190525357 -0.00863005942515913
0.872632224837878 -0.007960076111592869
0.8830222215594895 -0.007313171019037057
0.8930265473713942 -0.006689609494393886
0.9026351287655296 -0.006089728179736411
0.9118382907149167 -0.005514108795905215
0.9206267664155909 -0.004963683222279959
0.9289917066174888 -0.004439333642956308
0.9369246885348927 -0.003941847588976484
0.9444177243274618 -0.0034719232029127825
0.9514632691433107 -0.0030301748767832867
0.958054228716035 -0.0026171391674749155
0.9641839665080364 -0.0022332808930837656
0.9698463103929542 -0.0018789993138629887
0.9750355588704727 -0.0015546343027831558
0.9797464868072487 -0.0012604724130391566
0.9839743506981782 -0.0009967527531517671
0.9877148934427036 -0.0007636725845710746
0.9909643486313533 -0.0005613925618451379
0.9937194443381971 -0.00039004154141264946
0.9959774064153977 -0.00024972089184871086
0.9977359612865423 -0.00014050824586443712
0.9989933382359422 -6.246064245569148e-05
0.9997482711915926 -1.5617016227647206e-05
1.0 0.0
