1.0 0.0
0.9997482711915926 6.735459254885915e-05
0.9989933382359422 0.0002689484452115104
0.9977359612865423 0.0006033826991996986
0.9959774064153977 0.0010683621774599968
0.9937194443381971 0.0016607493020804145
0.9909643486313533 0.002376638655534703
0.9877148934427036 0.0032114512738912835
0.9839743506981782 0.004160047515532663
0.9797464868072487 0.005216857116106689
0.9750355588704727 0.0063760248217478496
0.9698463103929542 0.0076315697903099455
0.9641839665080364 0.008977556766538556
0.958054228716035 0.010408276873694843
0.9514632691433107 0.011918435722848442
0.9444177243274618 0.013503346423394399
0.9369246885348927 0.015159124985606936
0.9289917066174888 0.016882885539266396
0.9206267664155909 0.018672932752387197
0.9118382907149167 0.02052894882137742
0.9026351287655296 0.02245217241885223
0.8930265473713942 0.0244448477724949
0.8830222215594895 0.02650359652519751
0.872632224837878 0.028620786216151363
0.8618670190525357 0.030787823256991254
0.8507374438531613 0.03299516760386788
0.8392547057785669 0.03523231704027927
0.8274303669726433 0.03748780049622851
0.8152763335422621 0.03974918093811049
0.8028048435688343 0.04200306827588222
0.7900284547856001 0.04423599827758501
0.7769600319330563 0.04644074303392113
0.7636127338052524 0.04861371501365782
0.7500000000000012 0.050752002793381074
0.7361355373863427 0.05285336269654449
0.7220333063028884 0.054916223034767876
0.7077075065009447 0.056939681881796864
0.6931725628465657 0.05892339309001092
0.6784431107959373 0.060864762728279544
0.6635339816587122 0.06275840281645158
0.6484601876641387 0.06459893599810053
0.6332369068450188 0.06638116938335022
0.6178794677547149 0.0681001166204355
0.6024033340325966 0.06975101960186633
0.5868240888334664 0.07132927994892402
0.5711574191366438 0.07282998701487893
0.5554190999505066 0.0742482709297691
0.5396249784283953 0.0755795519276231
0.5237909579118721 0.07681956801177112
0.5079329819174049 0.0779644011580167
0.4920670180825969 0.07901049633033745
0.4762090420881297 0.07995455200185082
0.46037502157160654 0.0807935438391984
0.44458090004949524 0.08152488134211724
0.42884258086335814 0.08214643536546073
0.41317591116653546 0.08265655742196962
0.3975966659674052 0.08305409091414641
0.38212053224528686 0.08333605824475464
0.36676309315498296 0.08349426075452299
0.35153981233586296 0.08352054792900984
0.33646601834128953 0.08340784525434768
0.32155688920406433 0.08315023010157158
0.3068274371534359 0.08274299776374255
0.29229249349905695 0.08218279068722242
0.2779666936971131 0.08146899575552292
0.2638644626136587 0.08060350084701073
0.25000000000000006 0.07958934211679748
0.2363872661947488 0.07843064703320496
0.22303996806694482 0.0771326197261017
0.20997154521440087 0.07570151747720463
0.19719515643116664 0.07414457989345061
0.18472366645773874 0.0724639489365101
0.17256963302735745 0.07065131419541196
0.1607452942214339 0.06870057955498525
0.14926255614683936 0.06660950815264077
0.1381329809474649 0.06437981786587144
0.12736777516212267 0.06201744956484403
0.116977778440511 0.059531667159322614
0.10697345262860625 0.056934668808214836
0.09736487123447068 0.05424159648037811
0.0881617092850836 0.051492534083549
0.0793732335844094 0.04876163920861826
0.07100829338251147 0.046107499236034126
0.06307531146510753 0.043456154783817584
0.05558227567253826 0.0406451650756685
0.04853673085668936 0.03756951414847019
0.041945771283965205 0.03423860892578146
0.03581603349196366 0.030799434018195345
0.030153689607045786 0.02738465825808327
0.02496444112952728 0.024097045218358707
0.020253513192751316 0.021013698762126713
0.016025649301821876 0.018190183010418873
0.012285106557296477 0.015664454972174363
0.009035651368646647 0.013460551781878011
0.006280555661802856 0.011591978812238305
0.00402259358460233 0.010064749823911652
0.0022640387134577056 0.008880035727950503
0.0010066617640577813 0.008036384410753074
0.0002517288084074587 0.007531480342764064
0.0 0.007363419294118236
0.0 0.0
0.0002517288084074587 -0.00031225937890829684
0.0010066617640577813 -0.0012156955004045892
0.0022640387134577056 -0.0026138282449825983
0.00402259358460233 -0.0043576288499032455
0.006280555661802856 -0.006263008458621266
0.009035651368646647 -0.00813496669621001
0.012285106557296477 -0.00979806909818604
0.016025649301821876 -0.011132833584083401
0.020253513192751316 -0.012117521940351993
0.02496444112952728 -0.012874753352336716
0.030153689607045786 -0.013638512209749475
0.03581603349196366 -0.014452863120762546
0.041945771283965205 -0.015284943783629937
0.04853673085668936 -0.01608820758900016
0.05558227567253826 -0.016806054883769093
0.06307531146510753 -0.0174156569749802
0.07100829338251147 -0.017920167052446267
0.0793732335844094 -0.018332544344569345
0.0881617092850836 -0.01866656201464615
0.09736487123447068 -0.018934657428552326
0.10697345262860625 -0.019154723651435345
0.116977778440511 -0.019337512261416688
0.12736777516212267 -0.019489641308836958
0.1381329809474649 -0.01962041444694265
0.14926255614683936 -0.019742046254025643
0.1607452942214339 -0.01986421305713515
0.17256963302735745 -0.019970380832357915
0.18472366645773874 -0.020032271690275535
0.19719515643116664 -0.020017320088579336
0.20997154521440087 -0.019892652544730986
0.22303996806694482 -0.01965425585613842
0.2363872661947488 -0.01931483616837274
0.25000000000000006 -0.018889969059650034
0.2638644626136587 -0.0183979588778956
0.2779666936971131 -0.017859756579521675
0.29229249349905695 -0.017298848014102024
0.3068274371534359 -0.016740571575689478
0.32155688920406433 -0.016197608868245273
0.33646601834128953 -0.01566708856850962
0.35153981233586296 -0.015144927983095446
0.36676309315498296 -0.01462665072382328
0.38212053224528686 -0.014107429607691431
0.3975966659674052 -0.013582133660448652
0.41317591116653546 -0.013046216363969087
0.42884258086335814 -0.012500367429134048
0.44458090004949524 -0.011947459668831558
0.46037502157160654 -0.011390458115380697
0.4762090420881297 -0.010832390539650143
0.4920670180825969 -0.01027632236106654
0.5079329819174049 -0.009725199921401112
0.5237909579118721 -0.00917894255719165
0.5396249784283953 -0.008634448437029044
0.5554190999505066 -0.008088514105702828
0.5711574191366438 -0.007538002653496139
0.5868240888334664 -0.006979879961879287
0.6024033340325966 -0.006411259364567946
0.6178794677547149 -0.005833301833560013
0.6332369068450188 -0.005256916120679131
0.6484601876641387 -0.004694049606763832
0.6635339816587122 -0.004156018216278165
0.6784431107959373 -0.003653410201546928
0.6931725628465657 -0.003195998233963818
0.7077075065009447 -0.0027922134685274573
0.7220333063028884 -0.0024408676310461847
0.7361355373863427 -0.0021327720408840386
0.7500000000000012 -0.0018590270091931752
0.7636127338052524 -0.0016113863320637465
0.7769600319330563 -0.001382302483415049
0.7900284547856001 -0.0011649630347824068
0.8028048435688343 -0.0009533340786965754
0.8152763335422621 -0.0007446690464785577
0.8274303669726433 -0.0005417061594818669
0.8392547057785669 -0.000347422736277435
0.8507374438531613 -0.0001643226581843574
0.8618670190525357 5.556500414538148e-06
0.872632224837878 0.00016063159664413918
0.8830222215594895 0.00029975756033749824
0.8930265473713942 0.00042220685470444074
0.9026351287655296 0.0005276342452580484
0.9118382907149167 0.0006151192904292127
0.9206267664155909 0.0006827419306512008
0.9289917066174888 0.0007293896677198544
0.9369246885348927 0.0007548618208058425
0.9444177243274618 0.0007597667565607389
0.9514632691433107 0.0007454146614872055
0.958054228716035 0.0007137073362461109
0.9641839665080364 0.0006670264994509075
0.9698463103929542 0.0006081220808403006
0.9750355588704727 0.0005400019606844132
0.9797464868072487 0.000465824574174708
0.9839743506981782 0.00038879574682549944
0.9877148934427036 0.00031207106016605126
0.9909643486313533 0.00023866496695207752
0.9937194443381971 0.00017136778262534231
0.9959774064153977 0.0001126715757703923
0.9977359612865423 6.470586593714184e-05
0.9989933382359422 2.9183913595537175e-05
0.9997482711915926 7.3602554291915155e-06
1.0 0.0
