1.0 0.0
0.9997482711915926 3.442819651455293e-05
0.9989933382359422 0.00013813269777613102
0.9977359612865423 0.0003123556512556435
0.9959774064153977 0.0005591089028260396
0.9937194443381971 0.000881087184512328
0.9909643486313533 0.0012815481442391664
0.9877148934427036 0.0017641607650982808
0.9839743506981782 0.0023328241363358548
0.9797464868072487 0.0029914589326956002
0.9750355588704727 0.0037437743288466227
0.9698463103929542 0.0045930134175060375
0.9641839665080364 0.005541680509938992
0.958054228716035 0.00659125397248642
0.9514632691433107 0.00774188848967839
0.9444177243274618 0.008992110840743134
0.9369246885348927 0.01033851342971824
0.9289917066174888 0.011775449918118183
0.9206267664155909 0.013294737371852256
0.9118382907149167 0.014885369349901633
0.9026351287655296 0.016533244330686946
0.8930265473713942 0.01822228060058938
0.8830222215594895 0.019947078660003118
0.872632224837878 0.021710385949757636
0.8618670190525357 0.023516902280529203
0.8507374438531613 0.025373312379638496
0.8392547057785669 0.027288373026346863
0.8274303669726433 0.029272979398545295
0.8152763335422621 0.03134020919318619
0.8028048435688343 0.03350534328766875
0.7900284547856001 0.03578279661015486
0.7769600319330563 0.038163603301042716
0.7636127338052524 0.040624821871401096
0.7500000000000012 0.043140272565488365
0.7361355373863427 0.045680697602174206
0.7220333063028884 0.04821388829107125
0.7077075065009447 0.05070484681270741
0.6931725628465657 0.05311640707432686
0.6784431107959373 0.05542072054119509
0.6635339816587122 0.05760163570236984
0.6484601876641387 0.05964355521307705
0.6332369068450188 0.06153091804598535
0.6178794677547149 0.06324829760927708
0.6024033340325966 0.06478050343452092
0.5868240888334664 0.06611439587125917
0.5711574191366438 0.0672483808871176
0.5554190999505066 0.06818616784530984
0.5396249784283953 0.0689324877972405
0.5237909579118721 0.06949301684810384
0.5079329819174049 0.06987430462498802
0.4920670180825969 0.07008353511827155
0.4762090420881297 0.07012486406875555
0.46037502157160654 0.06999937524022593
0.44458090004949524 0.06970865597958228
0.42884258086335814 0.06925495052546601
0.41317591116653546 0.06864114768265803
0.3975966659674052 0.06787077374057925
0.38212053224528686 0.0669511299179693
0.36676309315498296 0.06589789749782707
0.35153981233586296 0.06472798553767871
0.33646601834128953 0.06345812163903218
0.32155688920406433 0.06210472693375044
0.3068274371534359 0.06068379822229412
0.29229249349905695 0.0592103822612624
0.2779666936971131 0.057690838418182566
0.2638644626136587 0.056124308230484324
0.25000000000000006 0.05451039046568365
0.2363872661947488 0.05284944423276921
0.22303996806694482 0.05114259561140956
0.20997154521440087 0.049391736824867145
0.19719515643116664 0.04759947896643231
0.18472366645773874 0.04576302948810911
0.17256963302735745 0.04386880424161979
0.1607452942214339 0.041905264059806366
0.14926255614683936 0.0398646095992547
0.1381329809474649 0.037753929695436034
0.12736777516212267 0.035616902393688074
0.116977778440511 0.033498276867703076
0.10697345262860625 0.03143573583112395
0.09736487123447068 0.029460159019970858
0.0881617092850836 0.02759379690049515
0.0793732335844094 0.025849753209046384
0.07100829338251147 0.024234853123855562
0.06307531146510753 0.02270951821974607
0.05558227567253826 0.021203617958441404
0.04853673085668936 0.01966899075688295
0.041945771283965205 0.018079555636965342
0.03581603349196366 0.016428619066302972
0.030153689607045786 0.014724501474119226
0.02496444112952728 0.012987476419723
0.020253513192751316 0.011246959204136093
0.016025649301821876 0.009538795008257491
0.012285106557296477 0.007902683370559131
0.009035651368646647 0.00637977357727546
0.006280555661802856 0.005010462937425884
0.00402259358460233 0.00383242698180888
0.0022640387134577056 0.0028789073905349156
0.0010066617640577813 0.0021772799518091053
0.0002517288084074587 0.0017479211221847776
0.0 0.0016033878342310284
0.0 0.0
0.0002517288084074587 -0.00025786178510257043
0.0010066617640577813 -0.0010091795271938257
0.0022640387134577056 -0.002189309842393591
0.00402259358460233 -0.003697682613221012
0.006280555661802856 -0.005408451923105196
0.009035651368646647 -0.007185203768576035
0.012285106557296477 -0.008899519513139952
0.016025649301821876 -0.01045314023769215
0.020253513192751316 -0.011803426007399323
0.02496444112952728 -0.012991756155732156
0.030153689607045786 -0.014132758026067819
0.03581603349196366 -0.015270328271102713
0.041945771283965205 -0.016440249119758485
0.04853673085668936 -0.017708245188821505
0.05558227567253826 -0.019156457940609273
0.06307531146510753 -0.020739122306923177
0.07100829338251147 -0.022306259422802344
0.0793732335844094 -0.02366192410686139
0.0881617092850836 -0.024752050634406796
0.09736487123447068 -0.0257236454673762
0.10697345262860625 -0.026768261833433
0.116977778440511 -0.027947771376037177
0.12736777516212267 -0.029229395652400365
0.1381329809474649 -0.03056943278956559
0.14926255614683936 -0.03191376046771806
0.1607452942214339 -0.03320790357517111
0.17256963302735745 -0.03444134585965147
0.18472366645773874 -0.035620331196460735
0.19719515643116664 -0.036753875271294194
0.20997154521440087 -0.0378523156824265
0.22303996806694482 -0.038916396342035156
0.2363872661947488 -0.039941848471883624
0.25000000000000006 -0.040924600649198374
0.2638644626136587 -0.04186082917755959
0.2779666936971131 -0.04274697364216847
0.29229249349905695 -0.043579750742471265
0.3068274371534359 -0.04435624379836174
0.32155688920406433 -0.04507596355778369
0.33646601834128953 -0.04574124270533418
0.35153981233586296 -0.046355160000886964
0.36676309315498296 -0.04692139293175338
0.38212053224528686 -0.04744417614592086
0.3975966659674052 -0.04792825462184406
0.41317591116653546 -0.04837763414485743
0.42884258086335814 -0.0487889494733998
0.44458090004949524 -0.04915585222191987
0.46037502157160654 -0.04947202250331514
0.4762090420881297 -0.04973123213675251
0.4920670180825969 -0.04992740118881185
0.5079329819174049 -0.05005458040788812
0.5237909579118721 -0.0501053768530231
0.5396249784283953 -0.050071027129869175
0.5554190999505066 -0.04994311756422078
0.5711574191366438 -0.049713745567353376
0.5868240888334664 -0.04937560357709649
0.6024033340325966 -0.04892207452281117
0.6178794677547149 -0.048353620978292294
0.6332369068450188 -0.04768711101633513
0.6484601876641387 -0.04694161062141206
0.6635339816587122 -0.04613566798690973
0.6784431107959373 -0.04528716479686634
0.6931725628465657 -0.04441317777605634
0.7077075065009447 -0.04352878732354181
0.7220333063028884 -0.04262742122158886
0.7361355373863427 -0.041684747612479214
0.7500000000000012 -0.04067843579436721
0.7636127338052524 -0.0395890393379337
0.7769600319330563 -0.03840010712510257
0.7900284547856001 -0.03709826149989813
0.8028048435688343 -0.03567331344363062
0.8152763335422621 -0.034129258203564196
0.8274303669726433 -0.032493904155106945
0.8392547057785669 -0.030795679023366104
0.8507374438531613 -0.029060437138050427
0.8618670190525357 -0.0273114475955493
0.872632224837878 -0.02556940995217854
0.8830222215594895 -0.02385249613613414
0.8930265473713942 -0.022176417024336474
0.9026351287655296 -0.020554413224144294
0.9118382907149167 -0.018988911245053912
0.9206267664155909 -0.017468074165991453
0.9289917066174888 -0.01598268636186256
0.9369246885348927 -0.014527585977272276
0.9444177243274618 -0.013101241783122294
0.9514632691433107 -0.011705309565102254
0.958054228716035 -0.010344174423874114
0.9641839665080364 -0.009024485405990653
0.9698463103929542 -0.0077546888560500035
0.9750355588704727 -0.0065445667849475635
0.9797464868072487 -0.005404786387672264
0.9839743506981782 -0.004346466618867551
0.9877148934427036 -0.0033807674479066564
0.9909643486313533 -0.0025185070706769445
0.9937194443381971 -0.001769811956337862
0.9959774064153977 -0.0011438041582472686
0.9977359612865423 -0.0006483298237467093
0.9989933382359422 -0.0002897323027054604
0.9997482711915926 -7.267268516905314e-05
1.0 0.0
