1.0 0.0028
0.9997482711915926 0.002861510146982582
0.9989933382359422 0.003045205310854717
0.9977359612865423 0.003348605933932288
0.9959774064153977 0.0037676666675686274
0.9937194443381971 0.0042969060883446125
0.9909643486313533 0.004929586002806361
0.9877148934427036 0.005657938071103938
0.9839743506981782 0.00647343487151403
0.9797464868072487 0.0073671019490072955
0.9750355588704727 0.008329866847735647
0.9698463103929542 0.009352940625211343
0.9641839665080364 0.010428226890287197
0.958054228716035 0.011548753002633345
0.9514632691433107 0.012709117722565428
0.9444177243274618 0.013905949310598227
0.9369246885348927 0.015138367849201795
0.9289917066174888 0.016408445397540966
0.9206267664155909 0.017721657495481182
0.9118382907149167 0.019087319507189837
0.9026351287655296 0.020519001337938363
0.8930265473713942 0.02203348843620612
0.8830222215594895 0.02363670931806065
0.872632224837878 0.02532617164826778
0.8618670190525357 0.027098285787554362
0.8507374438531613 0.028948411487020275
0.8392547057785669 0.030870812412683583
0.8274303669726433 0.032858620758408064
0.8152763335422621 0.0349038126626208
0.8028048435688343 0.036997195045517364
0.7900284547856001 0.03912871781575177
0.7769600319330563 0.041290006471194046
0.7636127338052524 0.04347343362611074
0.7500000000000012 0.045670870580203395
0.7361355373863427 0.04787370355661092
0.7220333063028884 0.05007286641584344
0.7077075065009447 0.05225887909394825
0.6931725628465657 0.054422040116680066
0.6784431107959373 0.056557117616401094
0.6635339816587122 0.05866471864460811
0.6484601876641387 0.060746308704405116
0.6332369068450188 0.06280386875069685
0.6178794677547149 0.06483985793643973
0.6024033340325966 0.0668571716193383
0.5868240888334664 0.06885776793542764
0.5711574191366438 0.07083430093379223
0.5554190999505066 0.07277517687339978
0.5396249784283953 0.07466870421851597
0.5237909579118721 0.07650320553016823
0.5079329819174049 0.07826711374585375
0.4920670180825969 0.07994895988969937
0.4762090420881297 0.08153449012388754
0.46037502157160654 0.08300643491774524
0.44458090004949524 0.08434793896955364
0.42884258086335814 0.08554290170405296
0.41317591116653546 0.08657613101222376
0.3975966659674052 0.08743349685375955
0.38212053224528686 0.08810890234065712
0.36676309315498296 0.08861690381352519
0.35153981233586296 0.0889756541969983
0.33646601834128953 0.08920309062006987
0.32155688920406433 0.08931678871376304
0.3068274371534359 0.08933382542462452
0.29229249349905695 0.08926992580321716
0.2779666936971131 0.08912220324363086
0.2638644626136587 0.0888701935057962
0.25000000000000006 0.08849523187749256
0.2363872661947488 0.08798151067737967
0.22303996806694482 0.08731616876524467
0.20997154521440087 0.08648934994121166
0.19719515643116664 0.0854942184504388
0.18472366645773874 0.08432305879987806
0.17256963302735745 0.08296246472401794
0.1607452942214339 0.08140264409681582
0.14926255614683936 0.07963887492878818
0.1381329809474649 0.07766584630901979
0.12736777516212267 0.07546345188435373
0.116977778440511 0.07301637140477463
0.10697345262860625 0.0703193505029251
0.09736487123447068 0.0673769341487439
0.0881617092850836 0.06426138096839047
0.0793732335844094 0.061154253819126446
0.07100829338251147 0.05820796919270833
0.06307531146510753 0.05541560059090968
0.05558227567253826 0.05263805840684469
0.04853673085668936 0.04977633021061163
0.041945771283965205 0.04677205096452074
0.03581603349196366 0.04359787713316711
0.030153689607045786 0.04026233782205883
0.02496444112952728 0.03680460093473851
0.020253513192751316 0.03328749926745425
0.016025649301821876 0.02979080148351073
0.012285106557296477 0.026404819785360256
0.009035651368646647 0.023224440520013115
0.006280555661802856 0.02034365747021443
0.00402259358460233 0.017850680270011517
0.0022640387134577056 0.015823682316753945
0.0010066617640577813 0.014327243817361992
0.0002517288084074587 0.013409536296409258
0.0 0.013100285104218703
0.0 0.0
0.0002517288084074587 -0.00045656301079624904
0.0010066617640577813 -0.0017572673356198154
0.0022640387134577056 -0.0037027061633226666
0.00402259358460233 -0.005985589581910219
0.006280555661802856 -0.008227967554934395
0.009035651368646647 -0.01003262759252763
0.012285106557296477 -0.011047961615752704
0.016025649301821876 -0.011045407693474547
0.020253513192751316 -0.010008392906872056
0.02496444112952728 -0.008231535470139245
0.030153689607045786 -0.006263962579632537
0.03581603349196366 -0.004292381510599906
0.041945771283965205 -0.002368353522440053
0.04853673085668936 -0.0005484934163217857
0.05558227567253826 0.001117566890901689
0.06307531146510753 0.0026822881151229066
0.07100829338251147 0.00428863394032308
0.0793732335844094 0.006131471325008042
0.0881617092850836 0.008235485015726011
0.09736487123447068 0.010388129432656235
0.10697345262860625 0.012327517795415955
0.116977778440511 0.013980254819844674
0.12736777516212267 0.01541047916631296
0.1381329809474649 0.016708575264421953
0.14926255614683936 0.0179912716871631
0.1607452942214339 0.01937243175801285
0.17256963302735745 0.020840727893885115
0.18472366645773874 0.022337172236447562
0.19719515643116664 0.023792614618775503
0.20997154521440087 0.02513485832105471
0.22303996806694482 0.026338128727756677
0.2363872661947488 0.027401212801421087
0.25000000000000006 0.028324873204024447
0.2638644626136587 0.02911173453801277
0.2779666936971131 0.029766271101924154
0.29229249349905695 0.030294776466708803
0.3068274371534359 0.03070532271671282
0.32155688920406433 0.03100787964981862
0.33646601834128953 0.03121425684460133
0.35153981233586296 0.03133782293225215
0.36676309315498296 0.03139337776521481
0.38212053224528686 0.03139701847752405
0.3975966659674052 0.031365991689731074
0.41317591116653546 0.031314565573091487
0.42884258086335814 0.031233376435386002
0.44458090004949524 0.031103686083390508
0.46037502157160654 0.030906428236312764
0.4762090420881297 0.03062240962175767
0.4920670180825969 0.030232498845548267
0.5079329819174049 0.029718867780760275
0.5237909579118721 0.029086566231181932
0.5396249784283953 0.028362574864586338
0.5554190999505066 0.02757487204727894
0.5711574191366438 0.02675129360752157
0.5868240888334664 0.025919265943928738
0.6024033340325966 0.025105509193505574
0.6178794677547149 0.024323907241831658
0.6332369068450188 0.023558971179979186
0.6484601876641387 0.022791649024246192
0.6635339816587122 0.022003945221696294
0.6784431107959373 0.021179086265469015
0.6931725628465657 0.02030167202587893
0.7077075065009447 0.019358711156468342
0.7220333063028884 0.018355386269353884
0.7361355373863427 0.017311498196421308
0.7500000000000012 0.01624605361688179
0.7636127338052524 0.015176614693088297
0.7769600319330563 0.014119209673537263
0.7900284547856001 0.013088261866310234
0.8028048435688343 0.01209649959856649
0.8152763335422621 0.011149529648726347
0.8274303669726433 0.010241318383843557
0.8392547057785669 0.009365351626131448
0.8507374438531613 0.00851611133233381
0.8618670190525357 0.0076890645264060175
0.872632224837878 0.006880641698286663
0.8830222215594895 0.006088205229310438
0.8930265473713942 0.005310008496694684
0.9026351287655296 0.004545186725855616
0.9118382907149167 0.003797028910318395
0.9206267664155909 0.0030742593965947217
0.9289917066174888 0.002384440456491207
0.9369246885348927 0.001733412238214619
0.9444177243274618 0.0011254459021537992
0.9514632691433107 0.0005634053145416216
0.958054228716035 4.891483266686379e-05
0.9641839665080364 -0.00041746930224713103
0.9698463103929542 -0.0008360864393688707
0.9750355588704727 -0.0012080002993482936
0.9797464868072487 -0.001534831440625904
0.9839743506981782 -0.0018185957032905873
0.9877148934427036 -0.0020615508126673506
0.9909643486313533 -0.002266053191881568
0.9937194443381971 -0.002434426878379358
0.9959774064153977 -0.0025688462654412363
0.9977359612865423 -0.00267123419795579
0.9989933382359422 -0.0027431767441374716
0.9997482711915926 -0.002785855743646768
1.0 -0.0028
