1.0 0.0
0.9997482711915926 2.2432360926925426e-05
0.9989933382359422 9.038453992684947e-05
0.9977359612865423 0.00020580650835078137
0.9959774064153977 0.0003718973432368962
0.9937194443381971 0.0005930295513158021
0.9909643486313533 0.0008746443896814776
0.9877148934427036 0.001223119434883705
0.9839743506981782 0.0016456099881367661
0.9797464868072487 0.0021498662242817523
0.9750355588704727 0.0027440282928433033
0.9698463103929542 0.003436401857923035
0.9641839665080364 0.004235216816923375
0.958054228716035 0.0051483721635833726
0.9514632691433107 0.006183170156186052
0.9444177243274618 0.007346043115001114
0.9369246885348927 0.008642276302302299
0.9289917066174888 0.010075730432210266
0.9206267664155909 0.01164856741506387
0.9118382907149167 0.013360982961266666
0.9026351287655296 0.015210949652194744
0.8930265473713942 0.017194620744592864
0.8830222215594895 0.019312203954983505
0.872632224837878 0.021566651990268353
0.8618670190525357 0.02396063065277261
0.8507374438531613 0.026496443632564853
0.8392547057785669 0.029175994617517874
0.8274303669726433 0.0320007521568367
0.8152763335422621 0.03497171758550847
0.8028048435688343 0.03808939629032496
0.7900284547856001 0.04135333508906158
0.7769600319330563 0.044758891750869945
0.7636127338052524 0.04829856779363769
0.7500000000000012 0.051963539285976273
0.7361355373863427 0.05574368608455591
0.7220333063028884 0.059627624383136665
0.7077075065009447 0.0636027522188323
0.6931725628465657 0.0676551988348488
0.6784431107959373 0.07176701242712144
0.6635339816587122 0.0759156999130933
0.6484601876641387 0.0800772485790358
0.6332369068450188 0.08422644448987471
0.6178794677547149 0.0883370494795865
0.6024033340325966 0.09238199198071571
0.5868240888334664 0.09633610866099344
0.5711574191366438 0.10019029365979931
0.5554190999505066 0.10394229549227782
0.5396249784283953 0.10759043045556507
0.5237909579118721 0.11113354359448327
0.5079329819174049 0.11457098226617528
0.4920670180825969 0.1179021693103622
0.4762090420881297 0.12111782927770373
0.46037502157160654 0.1242000513929323
0.44458090004949524 0.12713118870373893
0.42884258086335814 0.12989440864564844
0.41317591116653546 0.13247384049211716
0.3975966659674052 0.13485471036761762
0.38212053224528686 0.13702109229866466
0.36676309315498296 0.13895254021716047
0.35153981233586296 0.14062958534280467
0.33646601834128953 0.14203488435518793
0.32155688920406433 0.1431533840726047
0.3068274371534359 0.14397246608937447
0.29229249349905695 0.1444816966079135
0.2779666936971131 0.14466607064705236
0.2638644626136587 0.14450749083674014
0.25000000000000006 0.14399178463053816
0.2363872661947488 0.14310906811042856
0.22303996806694482 0.14185380861750996
0.20997154521440087 0.14022484539149604
0.19719515643116664 0.13822539609399082
0.18472366645773874 0.13586735544030443
0.17256963302735745 0.13317502328825004
0.1607452942214339 0.1301757721631327
0.14926255614683936 0.1268986284412853
0.1381329809474649 0.12336236544414922
0.12736777516212267 0.11955254130485089
0.116977778440511 0.11545816087764203
0.10697345262860625 0.11107974111703592
0.09736487123447068 0.10642870194506297
0.0881617092850836 0.10153948440554561
0.0793732335844094 0.09647410042954295
0.07100829338251147 0.09129380987767252
0.06307531146510753 0.08602107757270411
0.05558227567253826 0.08065260342521893
0.04853673085668936 0.0752034936535048
0.041945771283965205 0.06967186820171589
0.03581603349196366 0.06401723963737023
0.030153689607045786 0.05824301488451584
0.02496444112952728 0.05239796271078995
0.020253513192751316 0.04656605650569169
0.016025649301821876 0.04085667199863831
0.012285106557296477 0.035395274074432485
0.009035651368646647 0.030314718691087247
0.006280555661802856 0.025747286435186048
0.00402259358460233 0.02181755356539688
0.0022640387134577056 0.018636194609365716
0.0010066617640577813 0.016294797817484424
0.0002517288084074587 0.014861761172822213
0.0 0.014379322351720689
0.0 0.0
0.0002517288084074587 -0.0006179531894176596
0.0010066617640577813 -0.0024163756569960753
0.0022640387134577056 -0.005234563937702166
0.00402259358460233 -0.008823295429437984
0.006280555661802856 -0.012872486958105707
0.009035651368646647 -0.017049387246815716
0.012285106557296477 -0.021046780428666895
0.016025649301821876 -0.024640537798067533
0.020253513192751316 -0.027755722009287755
0.02496444112952728 -0.030540323311578202
0.030153689607045786 -0.03331580880453112
0.03581603349196366 -0.03611214020245037
0.041945771283965205 -0.038844708380524326
0.04853673085668936 -0.041414265263049525
0.05558227567253826 -0.043715516608267016
0.06307531146510753 -0.045714625874225034
0.07100829338251147 -0.04743824011750807
0.0793732335844094 -0.04894637140521482
0.0881617092850836 -0.050280881379429515
0.09736487123447068 -0.05145109904197727
0.10697345262860625 -0.05247448944575915
0.116977778440511 -0.05336219458368111
0.12736777516212267 -0.054123184558447945
0.1381329809474649 -0.054773288933528265
0.14926255614683936 -0.05533570772647875
0.1607452942214339 -0.05583541407060102
0.17256963302735745 -0.056274080474171075
0.18472366645773874 -0.05664562968647377
0.19719515643116664 -0.05694426052160132
0.20997154521440087 -0.05716487746683836
0.22303996806694482 -0.05730601646556877
0.2363872661947488 -0.05736865551850474
0.25000000000000006 -0.05735484791096007
0.2638644626136587 -0.05726771118378923
0.2779666936971131 -0.0571114142865292
0.29229249349905695 -0.056891154156532384
0.3068274371534359 -0.05661308300535828
0.32155688920406433 -0.05628323575186069
0.33646601834128953 -0.055907282375401074
0.35153981233586296 -0.05549150888664477
0.36676309315498296 -0.05504282113174429
0.38212053224528686 -0.05456868623500892
0.3975966659674052 -0.0540770680636423
0.41317591116653546 -0.05357450128226703
0.42884258086335814 -0.05305582788624819
0.44458090004949524 -0.052511009716500696
0.46037502157160654 -0.051929810247183
0.4762090420881297 -0.05130190949009788
0.4920670180825969 -0.050617009876329215
0.5079329819174049 -0.04986537658210416
0.5237909579118721 -0.049047462784120054
0.5396249784283953 -0.048173911953174546
0.5554190999505066 -0.04725593715888513
0.5711574191366438 -0.04630478522248635
0.5868240888334664 -0.04533163517904805
0.6024033340325966 -0.044347486866752855
0.6178794677547149 -0.04335821330657224
0.6332369068450188 -0.04235735637045765
0.6484601876641387 -0.04133700325856114
0.6635339816587122 -0.04028983382361454
0.6784431107959373 -0.03920919608951534
0.6931725628465657 -0.03808917457045551
0.7077075065009447 -0.036924911345518424
0.7220333063028884 -0.03571744229189952
0.7361355373863427 -0.034472762627580186
0.7500000000000012 -0.03319700209837027
0.7636127338052524 -0.031896215824395
0.7769600319330563 -0.030576358243336738
0.7900284547856001 -0.02924325916292504
0.8028048435688343 -0.027902592810428967
0.8152763335422621 -0.026558417715035913
0.8274303669726433 -0.025211893877844022
0.8392547057785669 -0.023864303134612085
0.8507374438531613 -0.022517444409529987
0.8618670190525357 -0.021173610151023863
0.872632224837878 -0.019835557704702175
0.8830222215594895 -0.018506475962448057
0.8930265473713942 -0.017189947670033647
0.9026351287655296 -0.015889900477714707
0.9118382907149167 -0.014609933269617653
0.9206267664155909 -0.013353002045283977
0.9289917066174888 -0.012122614018643799
0.9369246885348927 -0.010922869827726028
0.9444177243274618 -0.009758365546935661
0.9514632691433107 -0.008634091706758289
0.958054228716035 -0.007555330559583177
0.9641839665080364 -0.006527552834172199
0.9698463103929542 -0.005556315212549512
0.9750355588704727 -0.004647159741881191
0.9797464868072487 -0.0038055163605114598
0.9839743506981782 -0.0030366096720954717
0.9877148934427036 -0.0023453710451990695
0.9909643486313533 -0.0017363570484160156
0.9937194443381971 -0.0012136751536719725
0.9959774064153977 -0.0007809175537316289
0.9977359612865423 -0.0004411038448712727
0.9989933382359422 -0.00019663322318028622
0.9997482711915926 -4.924673403181832e-05
1.0 0.0
