1.0 0.0052
0.9997482711915926 0.005272876266252077
0.9989933382359422 0.005491306825193915
0.9977359612865423 0.00585469782525503
0.9959774064153977 0.0063620624016641845
0.9937194443381971 0.007012024990531813
0.9909643486313533 0.007802827333319769
0.9877148934427036 0.008732336136749607
0.9839743506981782 0.009798052343636628
0.9797464868072487 0.01099712196088408
0.9750355588704727 0.012326348381996251
0.9698463103929542 0.013782206133027988
0.9641839665080364 0.015360855962944056
0.958054228716035 0.017058161191964065
0.9514632691433107 0.01886970522467079
0.9444177243274618 0.020790810128503364
0.9369246885348927 0.02281655617278445
0.9289917066174888 0.024941802218674234
0.9206267664155909 0.027161206846434367
0.9118382907149167 0.02946925010314625
0.9026351287655296 0.03186025575157205
0.8930265473713942 0.03432841841972536
0.8830222215594895 0.03686786912179661
0.872632224837878 0.03947269055911944
0.8618670190525357 0.042136920229124575
0.8507374438531613 0.044854573908945726
0.8392547057785669 0.04761966897082193
0.8274303669726433 0.050426247156093076
0.8152763335422621 0.053268396684095075
0.8028048435688343 0.05614027357868161
0.7900284547856001 0.05903608245124343
0.7769600319330563 0.06194980507823027
0.7636127338052524 0.06487534112112195
0.7500000000000012 0.06780666524347677
0.7361355373863427 0.07073784649891958
0.7220333063028884 0.07366306631266725
0.7077075065009447 0.07657663587246694
0.6931725628465657 0.07947299588163509
0.6784431107959373 0.08234628291875508
0.6635339816587122 0.08519026001803913
0.6484601876641387 0.08799878773539592
0.6332369068450188 0.0907658710330657
0.6178794677547149 0.09348568163992776
0.6024033340325966 0.09615258020093595
0.5868240888334664 0.09876057413310682
0.5711574191366438 0.10130024305240244
0.5554190999505066 0.10376085356107441
0.5396249784283953 0.10613182692494319
0.5237909579118721 0.10840281904023849
0.5079329819174049 0.11056379727581671
0.4920670180825969 0.11260518663320308
0.4762090420881297 0.11451947619153566
0.46037502157160654 0.11630127607550718
0.44458090004949524 0.11794582444152343
0.42884258086335814 0.1194489532389776
0.41317591116653546 0.12080712078819877
0.3975966659674052 0.12201743547118457
0.38212053224528686 0.12307535707884049
0.36676309315498296 0.12397131120943856
0.35153981233586296 0.12469596165179415
0.33646601834128953 0.12524124513849122
0.32155688920406433 0.12560045392057032
0.3068274371534359 0.12576830711455936
0.29229249349905695 0.12574083030939578
0.2779666936971131 0.12551210075069305
0.2638644626136587 0.12507495619031045
0.25000000000000006 0.12442436905959683
0.2363872661947488 0.12355761502907436
0.22303996806694482 0.12247429487339725
0.20997154521440087 0.12117633448104882
0.19719515643116664 0.11966793570330643
0.18472366645773874 0.11795125002352577
0.17256963302735745 0.11602255134129545
0.1607452942214339 0.11388117472355228
0.14926255614683936 0.11153062364839583
0.1381329809474649 0.10897603581381753
0.12736777516212267 0.1062193771077553
0.116977778440511 0.10326665565136356
0.10697345262860625 0.10012932250071657
0.09736487123447068 0.09682359853341846
0.0881617092850836 0.09334769974399842
0.0793732335844094 0.0896718935663641
0.07100829338251147 0.08578304703773647
0.06307531146510753 0.0817067595897298
0.05558227567253826 0.07749790665730415
0.04853673085668936 0.07321340140146755
0.041945771283965205 0.06884762710042688
0.03581603349196366 0.0642980163379262
0.030153689607045786 0.05951981835412322
0.02496444112952728 0.0545336035446895
0.020253513192751316 0.0494115387772422
0.016025649301821876 0.04426413405305522
0.012285106557296477 0.03922764385061677
0.009035651368646647 0.03445229536498118
0.006280555661802856 0.03009150292913126
0.00402259358460233 0.02629221331087421
0.0022640387134577056 0.023186510477282603
0.0010066617640577813 0.020884590978971638
0.0002517288084074587 0.019469202512022485
0.0 0.018991618660603456
0.0 0.0
0.0002517288084074587 -0.0011926985780523456
0.0010066617640577813 -0.004653663204198884
0.0022640387134577056 -0.010043805423465137
0.00402259358460233 -0.016838826439451608
0.006280555661802856 -0.02438990520645425
0.009035651368646647 -0.032007498357968234
0.012285106557296477 -0.03906710321175912
0.016025649301821876 -0.04513552763179668
0.020253513192751316 -0.050115918360534896
0.02496444112952728 -0.05440952565745734
0.030153689607045786 -0.05880359744492829
0.03581603349196366 -0.06343594781537791
0.041945771283965205 -0.06818549599375774
0.04853673085668936 -0.07289163046731628
0.05558227567253826 -0.07736802196221297
0.06307531146510753 -0.08155196083618504
0.07100829338251147 -0.08547966454926724
0.0793732335844094 -0.08923088532420673
0.0881617092850836 -0.09284690111266744
0.09736487123447068 -0.09630687411439466
0.10697345262860625 -0.09959302229299183
0.116977778440511 -0.10268964091725076
0.12736777516212267 -0.10558469284480644
0.1381329809474649 -0.10827269228218077
0.14926255614683936 -0.11075522371745851
0.1607452942214339 -0.1130379437175881
0.17256963302735745 -0.11511632609428796
0.18472366645773874 -0.11698479498775022
0.19719515643116664 -0.11864148640368181
0.20997154521440087 -0.12008742602935128
0.22303996806694482 -0.12131970110397437
0.2363872661947488 -0.12233440774476308
0.25000000000000006 -0.12312997520950315
0.2638644626136587 -0.1237072075846041
0.2779666936971131 -0.1240692821744671
0.29229249349905695 -0.1242217255055321
0.3068274371534359 -0.12417223166690931
0.32155688920406433 -0.12392700833346684
0.33646601834128953 -0.12349001218589578
0.35153981233586296 -0.12286648057263311
0.36676309315498296 -0.12206306788784221
0.38212053224528686 -0.1210877752947323
0.3975966659674052 -0.11994986932982968
0.41317591116653546 -0.11865886854958543
0.42884258086335814 -0.11721938297786434
0.44458090004949524 -0.11563442642648895
0.46037502157160654 -0.11390766499170571
0.4762090420881297 -0.11204339273905374
0.4920670180825969 -0.11004649860968936
0.5079329819174049 -0.10792249895713596
0.5237909579118721 -0.10567900417242572
0.5396249784283953 -0.10332566146848784
0.5554190999505066 -0.10087257433014912
0.5711574191366438 -0.09833015756705468
0.5868240888334664 -0.09570906050602251
0.6024033340325966 -0.0930200870650007
0.6178794677547149 -0.09027273167091732
0.6332369068450188 -0.08747306972501598
0.6484601876641387 -0.08462682413342132
0.6635339816587122 -0.08173990589781145
0.6784431107959373 -0.07881839185998886
0.6931725628465657 -0.0758685022383161
0.7077075065009447 -0.07289655356523604
0.7220333063028884 -0.06990848609942737
0.7361355373863427 -0.06690993344318545
0.7500000000000012 -0.063906657540076
0.7636127338052524 -0.06090454890566451
0.7769600319330563 -0.05790960916697248
0.7900284547856001 -0.054927933011966
0.8028048435688343 -0.051965688734283096
0.8152763335422621 -0.04902896120830624
0.8274303669726433 -0.04612361124274138
0.8392547057785669 -0.04325554660085364
0.8507374438531613 -0.04043074110740859
0.8618670190525357 -0.037655213259861306
0.872632224837878 -0.03493500405915077
0.8830222215594895 -0.03227615417742457
0.8930265473713942 -0.02968468058643626
0.9026351287655296 -0.027166553019581655
0.9118382907149167 -0.024727690786884065
0.9206267664155909 -0.02237394741410101
0.9289917066174888 -0.020111045122154954
0.9369246885348927 -0.01794454763600921
0.9444177243274618 -0.015879837891223075
0.9514632691433107 -0.013922096243896403
0.958054228716035 -0.012076279303365673
0.9641839665080364 -0.010347099504555281
0.9698463103929542 -0.008739005533646513
0.9750355588704727 -0.0072561637167147175
0.9797464868072487 -0.005902440476225976
0.9839743506981782 -0.004681385954809668
0.9877148934427036 -0.003596218899563857
0.9909643486313533 -0.00264981289334986
0.9937194443381971 -0.001844684012131245
0.9959774064153977 -0.0011829799794654929
0.9977359612865423 -0.0006664708808119376
0.9989933382359422 -0.00029654149144068084
0.9997482711915926 -7.418526247095663e-05
1.0 0.0
