1.0 0.004
0.9997482711915926 0.004062018135248678
0.9989933382359422 0.004248047250665796
0.9977359612865423 0.0045580094680854645
0.9959774064153977 0.004991768327226856
0.9937194443381971 0.005549118885809714
0.9909643486313533 0.006229774048942721
0.9877148934427036 0.007033347314646188
0.9839743506981782 0.007959332172406072
0.9797464868072487 0.00900707843922078
0.9750355588704727 0.01017576586219692
0.9698463103929542 0.011464375357899445
0.9641839665080364 0.012871658295931673
0.958054228716035 0.014396104267204777
0.9514632691433107 0.016035907805698878
0.9444177243274618 0.017788934555899104
0.9369246885348927 0.01965268739624546
0.9289917066174888 0.021624273041644406
0.9206267664155909 0.02370036965519038
0.9118382907149167 0.02587719600062682
0.9026351287655296 0.028150482662679
0.8930265473713942 0.03051544114835712
0.8830222215594895 0.03296669641546645
0.872632224837878 0.03549827536532573
0.8618670190525357 0.03810361205611209
0.8507374438531613 0.04077553604546899
0.8392547057785669 0.04350626549975059
0.8274303669726433 0.0462874056810782
0.8152763335422621 0.04910995312170129
0.8028048435688343 0.05196430574328975
0.7900284547856001 0.05484032038252002
0.7769600319330563 0.05772763800661161
0.7636127338052524 0.060615585313033134
0.7500000000000012 0.06349306444075413
0.7361355373863427 0.06634859104791407
0.7220333063028884 0.06917033872815098
0.7077075065009447 0.0719461886859485
0.6931725628465657 0.07466389502017862
0.6784431107959373 0.07731407162276968
0.6635339816587122 0.0798908073163881
0.6484601876641387 0.08238876096911393
0.6332369068450188 0.08480301606389219
0.6178794677547149 0.08712909207433893
0.6024033340325966 0.08936295356698996
0.5868240888334664 0.0915011742161101
0.5711574191366438 0.09354180425263052
0.5554190999505066 0.095483789205058
0.5396249784283953 0.09732656662014828
0.5237909579118721 0.09907004719435598
0.5079329819174049 0.10071459444822856
0.4920670180825969 0.10226069154535974
0.4762090420881297 0.10370209058136112
0.46037502157160654 0.10502586135844202
0.44458090004949524 0.10621933921174935
0.42884258086335814 0.10727055400810062
0.41317591116653546 0.10816834413960194
0.3975966659674052 0.10890247096000749
0.38212053224528686 0.10946609469565648
0.36676309315498296 0.1098593490865784
0.35153981233586296 0.11008406272692128
0.33646601834128953 0.1101427941786685
0.32155688920406433 0.11003882501785577
0.3068274371534359 0.1097761491335591
0.29229249349905695 0.10935874428499251
0.2779666936971131 0.10877744426688575
0.2638644626136587 0.10801259675516234
0.25000000000000006 0.10704735324100616
0.2363872661947488 0.10586828141277611
0.22303996806694482 0.10446544611148098
0.20997154521440087 0.10283245469103353
0.19719515643116664 0.10096653316224642
0.18472366645773874 0.09887890869179196
0.17256963302735745 0.09660389298956971
0.1607452942214339 0.0941768587198785
0.14926255614683936 0.09163116352699875
0.1381329809474649 0.08898879565674367
0.12736777516212267 0.08624229470980219
0.116977778440511 0.08338393510356482
0.10697345262860625 0.0804122849924243
0.09736487123447068 0.07733147578584298
0.0881617092850836 0.07412299313092344
0.0793732335844094 0.07073342465465884
0.07100829338251147 0.06713157032094333
0.06307531146510753 0.06337083278629427
0.05558227567253826 0.05956443173529058
0.04853673085668936 0.055807320725694456
0.041945771283965205 0.0520844453695321
0.03581603349196366 0.04822433134029714
0.030153689607045786 0.044124998401978525
0.02496444112952728 0.039767878058788744
0.020253513192751316 0.03520110239830501
0.016025649301821876 0.030523358727756703
0.012285106557296477 0.025868535257814046
0.009035651368646647 0.021391369440773033
0.006280555661802856 0.017254294699644904
0.00402259358460233 0.013615663363887958
0.0022640387134577056 0.010619503848612696
0.0010066617640577813 0.008386948687126885
0.0002517288084074587 0.007009447177566908
0.0 0.006543852372590856
0.0 0.0
0.0002517288084074587 -0.0004392189961590374
0.0010066617640577813 -0.001697248220817612
0.0022640387134577056 -0.003601894833787448
0.00402259358460233 -0.005888380949490945
0.006280555661802856 -0.008232340235997618
0.009035651368646647 -0.01029537924279667
0.012285106557296477 -0.011782577528421089
0.016025649301821876 -0.012511133138905542
0.020253513192751316 -0.012489200805572243
0.02496444112952728 -0.012003821073774944
0.030153689607045786 -0.011540572094625137
0.03581603349196366 -0.01113838686470015
0.041945771283965205 -0.010614792116018444
0.04853673085668936 -0.009686135894896055
0.05558227567253826 -0.00802132610461107
0.06307531146510753 -0.005784699657582096
0.07100829338251147 -0.0035506044653327044
0.0793732335844094 -0.001693941661417766
0.0881617092850836 0.008398615589156888
0.09736487123447068 0.017495601505286288
0.10697345262860625 0.017663201296015025
0.116977778440511 0.011813975463991015
0.12736777516212267 0.0044128742089549694
0.1381329809474649 0.0002963770686314036
0.14926255614683936 -0.0002642828695236053
0.1607452942214339 0.0005621328385449237
0.17256963302735745 0.0015935325716269903
0.18472366645773874 0.002814908150569076
0.19719515643116664 0.004114319292482832
0.20997154521440087 0.005372160169538784
0.22303996806694482 0.006546283414800896
0.2363872661947488 0.00763654692403296
0.25000000000000006 0.008644441986981154
0.2638644626136587 0.009572834279362424
0.2779666936971131 0.010425948985990342
0.29229249349905695 0.011209342134698961
0.3068274371534359 0.011929620354801412
0.32155688920406433 0.01258808527780437
0.33646601834128953 0.013179478738816313
0.35153981233586296 0.013698299629499571
0.36676309315498296 0.014139178340588131
0.38212053224528686 0.01449690959633783
0.3975966659674052 0.014766485797845643
0.41317591116653546 0.014945262314363291
0.42884258086335814 0.015044693223390916
0.44458090004949524 0.015082449703844593
0.46037502157160654 0.015076981208061974
0.4762090420881297 0.015047318005321277
0.4920670180825969 0.015012880845927857
0.5079329819174049 0.014992547668467174
0.5237909579118721 0.014988221644541212
0.5396249784283953 0.014984812212433056
0.5554190999505066 0.014966629273204536
0.5711574191366438 0.014918279243219132
0.5868240888334664 0.014824819009505207
0.6024033340325966 0.014671918978295872
0.6178794677547149 0.014451585484711062
0.6332369068450188 0.014170475638446766
0.6484601876641387 0.013837414772527897
0.6635339816587122 0.01346106449598259
0.6784431107959373 0.01304985468391576
0.6931725628465657 0.012611919752254404
0.7077075065009447 0.012154823404286728
0.7220333063028884 0.011681533238003418
0.7361355373863427 0.01119118448589598
0.7500000000000012 0.010683071876349003
0.7636127338052524 0.01015680801645676
0.7769600319330563 0.009612328236574066
0.7900284547856001 0.009049892215121848
0.8028048435688343 0.00847010227741017
0.8152763335422621 0.007877013215947136
0.8274303669726433 0.007280860673765778
0.8392547057785669 0.006691488133025637
0.8507374438531613 0.006117451392786031
0.8618670190525357 0.0055660306810019055
0.872632224837878 0.005043255932588674
0.8830222215594895 0.0045539445370877665
0.8930265473713942 0.004101750745005002
0.9026351287655296 0.0036891959203317237
0.9118382907149167 0.003315177207176637
0.9206267664155909 0.002973961946126094
0.9289917066174888 0.0026603448122843555
0.9369246885348927 0.0023701256714226075
0.9444177243274618 0.0021000267722502686
0.9514632691433107 0.0018476047223315666
0.958054228716035 0.00161115866124326
0.9641839665080364 0.0013896360559932184
0.9698463103929542 0.0011825375397136245
0.9750355588704727 0.0009898221953535064
0.9797464868072487 0.0008118146518185847
0.9839743506981782 0.0006491153111829543
0.9877148934427036 0.0005025149628075536
0.9909643486313533 0.0003729149641610317
0.9937194443381971 0.00026125407969243987
0.9959774064153977 0.0001684429692156462
0.9977359612865423 9.530720700464705e-05
0.9989933382359422 4.253959334020109e-05
0.9997482711915926 1.0662392851600115e-05
1.0 0.0
