1.0 0.004
0.9997482711915926 0.004062018135248678
0.9989933382359422 0.004248047250665796
0.9977359612865423 0.0045580094680854645
0.9959774064153977 0.004991768327226856
0.9937194443381971 0.005549118885809714
0.9909643486313533 0.006229774048942721
0.9877148934427036 0.007033347314646188
0.9839743506981782 0.007959332172406072
0.9797464868072487 0.00900707843922078
0.9750355588704727 0.01017576586219692
0.9698463103929542 0.011464375357899445
0.9641839665080364 0.012871658295931673
0.958054228716035 0.014396104267204777
0.9514632691433107 0.016035907805698878
0.9444177243274618 0.017788934555899104
0.9369246885348927 0.01965268739624546
0.9289917066174888 0.021624273041644406
0.9206267664155909 0.02370036965519038
0.9118382907149167 0.02587719600062682
0.9026351287655296 0.028150482662679
0.8930265473713942 0.03051544114835712
0.8830222215594895 0.03296669641546645
0.872632224837878 0.03549827536532573
0.8618670190525357 0.03810361205611209
0.8507374438531613 0.04077553604546899
0.8392547057785669 0.04350626549975059
0.8274303669726433 0.0462874056810782
0.8152763335422621 0.04910995312170129
0.8028048435688343 0.05196430574328975
0.7900284547856001 0.05484032038252002
0.7769600319330563 0.05772763800661161
0.7636127338052524 0.060615585313033134
0.7500000000000012 0.06349306444075413
0.7361355373863427 0.06634859104791407
0.7220333063028884 0.06917033872815098
0.7077075065009447 0.0719461886859485
0.6931725628465657 0.07466389502017862
0.6784431107959373 0.07731407162276968
0.6635339816587122 0.0798908073163881
0.6484601876641387 0.08238876096911393
0.6332369068450188 0.08480301606389219
0.6178794677547149 0.08712909207433893
0.6024033340325966 0.08936295356698996
0.5868240888334664 0.0915011742161101
0.5711574191366438 0.09354180425263052
0.5554190999505066 0.095483789205058
0.5396249784283953 0.09732656662014828
0.5237909579118721 0.09907004719435598
0.5079329819174049 0.10071459444822856
0.4920670180825969 0.10226069154535974
0.4762090420881297 0.10370209058136112
0.46037502157160654 0.10502586135844202
0.44458090004949524 0.10621933921174935
0.42884258086335814 0.10727055400810062
0.41317591116653546 0.10816834413960194
0.3975966659674052 0.10890247096000749
0.38212053224528686 0.10946609469565648
0.36676309315498296 0.1098593490865784
0.35153981233586296 0.11008406272692128
0.33646601834128953 0.1101427941786685
0.32155688920406433 0.11003882501785577
0.3068274371534359 0.1097761491335591
0.29229249349905695 0.10935874428499251
0.2779666936971131 0.10877744426688575
0.2638644626136587 0.10801259675516234
0.25000000000000006 0.10704735324100616
0.2363872661947488 0.10586828141277611
0.22303996806694482 0.10446544611148098
0.20997154521440087 0.10283245469103353
0.19719515643116664 0.10096653316224642
0.18472366645773874 0.09887890869179196
0.17256963302735745 0.09660389298956971
0.1607452942214339 0.0941768587198785
0.14926255614683936 0.09163116352699875
0.1381329809474649 0.08898879565674367
0.12736777516212267 0.08624229470980219
0.116977778440511 0.08338393510356482
0.10697345262860625 0.0804122849924243
0.09736487123447068 0.07733147578584298
0.0881617092850836 0.07412299313092344
0.0793732335844094 0.07073342465465884
0.07100829338251147 0.06713157032094333
0.06307531146510753 0.06337083278629427
0.05558227567253826 0.05956443173529058
0.04853673085668936 0.055807320725694456
0.041945771283965205 0.0520844453695321
0.03581603349196366 0.04822433134029714
0.030153689607045786 0.044124998401978525
0.02496444112952728 0.039767878058788744
0.020253513192751316 0.03520110239830501
0.016025649301821876 0.030523358727756703
0.012285106557296477 0.025868535257814046
0.009035651368646647 0.021391369440773033
0.006280555661802856 0.017254294699644904
0.00402259358460233 0.013615663363887958
0.0022640387134577056 0.010619503848612696
0.0010066617640577813 0.008386948687126885
0.0002517288084074587 0.007009447177566908
0.0 0.006543852372590856
0.0 0.0
0.0002517288084074587 -0.0004423198881499269
0.0010066617640577813 -0.0017088682164476923
0.0022640387134577056 -0.003625115943199187
0.00402259358460233 -0.005922439732895232
0.006280555661802856 -0.008271190305678622
0.009035651368646647 -0.01032635306474712
0.012285106557296477 -0.011785173935547545
0.016025649301821876 -0.012455955524995312
0.020253513192751316 -0.012337069235308851
0.02496444112952728 -0.01170507953626573
0.030153689607045786 -0.011049620265224066
0.03581603349196366 -0.010492143182094142
0.041945771283965205 -0.010001348518942934
0.04853673085668936 -0.009512858267516647
0.05558227567253826 -0.008935974476616064
0.06307531146510753 -0.008249927826486517
0.07100829338251147 -0.007485182802365055
0.0793732335844094 -0.006685479503654633
0.0881617092850836 -0.005873102896783403
0.09736487123447068 -0.005038362384329756
0.10697345262860625 -0.004167240444558393
0.116977778440511 -0.0032541872940482094
0.12736777516212267 -0.002299658799954184
0.1381329809474649 -0.0013042891559443665
0.14926255614683936 -0.00026882881790268594
0.1607452942214339 0.000804639239827346
0.17256963302735745 0.001907528334965117
0.18472366645773874 0.0030278772176142925
0.19719515643116664 0.004151963207981201
0.20997154521440087 0.005265019942845162
0.22303996806694482 0.0063565024655209985
0.2363872661947488 0.007417922998759185
0.25000000000000006 0.008440389956961338
0.2638644626136587 0.009414627213020747
0.2779666936971131 0.010331014879872914
0.29229249349905695 0.011179635547587566
0.3068274371534359 0.011950468136551913
0.32155688920406433 0.012637213812404449
0.33646601834128953 0.013238066865964218
0.35153981233586296 0.013751952122406685
0.36676309315498296 0.014178314706031541
0.38212053224528686 0.014517111023642
0.3975966659674052 0.014768796274942042
0.41317591116653546 0.01493570788804878
0.42884258086335814 0.015029727889467204
0.44458090004949524 0.01506706558137392
0.46037502157160654 0.015064641290566784
0.4762090420881297 0.015039908618659425
0.4920670180825969 0.015010679846719789
0.5079329819174049 0.014994251552365938
0.5237909579118721 0.014991930104429337
0.5396249784283953 0.01498901866667977
0.5554190999505066 0.014970265829481752
0.5711574191366438 0.014920714474550588
0.5868240888334664 0.014825851441136703
0.6024033340325966 0.014671766069510274
0.6178794677547149 0.01445073874915385
0.6332369068450188 0.014169361588398993
0.6484601876641387 0.01383634562530073
0.6635339816587122 0.01346024247155177
0.6784431107959373 0.013049377239222924
0.6931725628465657 0.012611785681239133
0.7077075065009447 0.012154942550086359
0.7220333063028884 0.011681788768113925
0.7361355373863427 0.01119148518070405
0.7500000000000012 0.010683352263885958
0.7636127338052524 0.010157026391793228
0.7769600319330563 0.00961246455416845
0.7900284547856001 0.00904994587989202
0.8028048435688343 0.00847008982352945
0.8152763335422621 0.007876960124858891
0.8274303669726433 0.0072807880633943235
0.8392547057785669 0.006691411694534861
0.8507374438531613 0.006117382000233545
0.8618670190525357 0.005565974999148141
0.872632224837878 0.005043217016390496
0.8830222215594895 0.004553922416732114
0.8930265473713942 0.0041017429907204165
0.9026351287655296 0.003689198191911237
0.9118382907149167 0.003315184652169193
0.9206267664155909 0.0029739709353961844
0.9289917066174888 0.0026603528965593193
0.9369246885348927 0.002370131363826853
0.9444177243274618 0.0021000293484015006
0.9514632691433107 0.0018476040391131674
0.958054228716035 0.0016111549950660893
0.9641839665080364 0.0013896299610567397
0.9698463103929542 0.0011825297264737903
0.9750355588704727 0.0009898134291064346
0.9797464868072487 0.0008118056710179769
0.9839743506981782 0.0006491067648284962
0.9877148934427036 0.0005025073659742037
0.9909643486313533 0.0003729086704879537
0.9937194443381971 0.0002612492694180085
0.9959774064153977 0.00016843965113389384
0.9977359612865423 9.530523253093141e-05
0.9989933382359422 4.253868071171328e-05
0.9997482711915926 1.0662159353292552e-05
1.0 0.0
