1.0 0.001
0.9997482711915926 0.0009942151489432949
0.9989933382359422 0.0009802092478736876
0.9977359612865423 0.0009678094249834624
0.9959774064153977 0.0009726677174430126
0.9937194443381971 0.00101518148656195
0.9909643486313533 0.0011190022497704578
0.9877148934427036 0.0013091529268691845
0.9839743506981782 0.001609778852411793
0.9797464868072487 0.0020415629958893244
0.9750355588704727 0.002618840602995665
0.9698463103929542 0.0033464528741376513
0.9641839665080364 0.004216383283525267
0.958054228716035 0.005204223670644362
0.9514632691433107 0.006265632983733445
0.9444177243274618 0.007367198570038087
0.9369246885348927 0.008551716808942443
0.9289917066174888 0.009894639239158225
0.9206267664155909 0.011497230733391225
0.9118382907149167 0.013456382285678555
0.9026351287655296 0.015792000933857863
0.8930265473713942 0.01850137578801024
0.8830222215594895 0.02157506103830651
0.872632224837878 0.025069669625484618
0.8618670190525357 0.029128787856201165
0.8507374438531613 0.03394468998232678
0.8392547057785669 0.0398596666267291
0.8274303669726433 0.04732569671134152
0.8152763335422621 0.05700680712070694
0.8028048435688343 0.06920598434871912
0.7900284547856001 0.08170780006753352
0.7769600319330563 0.09201813725410177
0.7636127338052524 0.10033732799622433
0.7500000000000012 0.10759925677155599
0.7361355373863427 0.11427011004890535
0.7220333063028884 0.12017943688225882
0.7077075065009447 0.12516020161085664
0.6931725628465657 0.1293380562867417
0.6784431107959373 0.13296220400049713
0.6635339816587122 0.1362140974952821
0.6484601876641387 0.13915089390479873
0.6332369068450188 0.14181853606179473
0.6178794677547149 0.14422892900240625
0.6024033340325966 0.1463801019317807
0.5868240888334664 0.14826018874905478
0.5711574191366438 0.14984132728006624
0.5554190999505066 0.15109757726984635
0.5396249784283953 0.15201969353014086
0.5237909579118721 0.15260580659708137
0.5079329819174049 0.15287042941972942
0.4920670180825969 0.1528464114072118
0.4762090420881297 0.1525709845950216
0.46037502157160654 0.15209020558081823
0.44458090004949524 0.1514509930059471
0.42884258086335814 0.1506819391032114
0.41317591116653546 0.1497982580792199
0.3975966659674052 0.1488045103399426
0.38212053224528686 0.1476828532116822
0.36676309315498296 0.1464129643218918
0.35153981233586296 0.14496993221541596
0.33646601834128953 0.1433285640251476
0.32155688920406433 0.14148084803230757
0.3068274371534359 0.13944065111160078
0.29229249349905695 0.13722627226748443
0.2779666936971131 0.1348675491263298
0.2638644626136587 0.13239617579627402
0.25000000000000006 0.12983621225246714
0.2363872661947488 0.12720505764603188
0.22303996806694482 0.12451156538455609
0.20997154521440087 0.12174189533198694
0.19719515643116664 0.11888008254577136
0.18472366645773874 0.11590051509926938
0.17256963302735745 0.11277479924050318
0.1607452942214339 0.10948318994636347
0.14926255614683936 0.1060160015359092
0.1381329809474649 0.10236992266292161
0.12736777516212267 0.09854525028826998
0.116977778440511 0.09454741051727564
0.10697345262860625 0.090396045185062
0.09736487123447068 0.086127801710886
0.0881617092850836 0.0817792672761781
0.0793732335844094 0.07737811123703618
0.07100829338251147 0.07295015964898438
0.06307531146510753 0.06849506329950052
0.05558227567253826 0.06398526114309529
0.04853673085668936 0.05941429282058567
0.041945771283965205 0.05480083583126166
0.03581603349196366 0.05017954279638305
0.030153689607045786 0.045561056824120386
0.02496444112952728 0.040939002038276384
0.020253513192751316 0.036359202512733446
0.016025649301821876 0.03195926115197288
0.012285106557296477 0.027868781218392345
0.009035651368646647 0.023940431528712055
0.006280555661802856 0.019879826683478145
0.00402259358460233 0.015766021434261753
0.0022640387134577056 0.011925177473395457
0.0010066617640577813 0.00877574067465405
0.0002517288084074587 0.006705733532877481
0.0 0.005983871087053359
0.0 0.0
0.0002517288084074587 -0.002600585807581423
0.0010066617640577813 -0.008891420728501357
0.0022640387134577056 -0.015186080890203927
0.00402259358460233 -0.018149822111253947
0.006280555661802856 -0.018890232377924702
0.009035651368646647 -0.021946942129966427
0.012285106557296477 -0.027303229245969417
0.016025649301821876 -0.03272258927803635
0.020253513192751316 -0.0370148748284224
0.02496444112952728 -0.04085909631313649
0.030153689607045786 -0.04523946154582909
0.03581603349196366 -0.05007257680787839
0.041945771283965205 -0.054898959000898695
0.04853673085668936 -0.05949931520862606
0.05558227567253826 -0.06397572814303372
0.06307531146510753 -0.06845767049795443
0.07100829338251147 -0.07293891008383338
0.0793732335844094 -0.07738902246344097
0.0881617092850836 -0.08178785438325423
0.09736487123447068 -0.08612649065941903
0.10697345262860625 -0.09039235580229715
0.116977778440511 -0.09454651571627129
0.12736777516212267 -0.09854634300839692
0.1381329809474649 -0.10237066513998712
0.14926255614683936 -0.10601583484782769
0.1607452942214339 -0.10948286438204917
0.17256963302735745 -0.11277474461630181
0.18472366645773874 -0.11590061538607124
0.19719515643116664 -0.118880138823352
0.20997154521440087 -0.12174187652655812
0.22303996806694482 -0.12451153933650846
0.2363872661947488 -0.12720505573763666
0.25000000000000006 -0.1298362207623228
0.2638644626136587 -0.13239617947569982
0.2779666936971131 -0.13486754722596583
0.29229249349905695 -0.13722627037299737
0.3068274371534359 -0.13944065119008645
0.32155688920406433 -0.14148084869956712
0.33646601834128953 -0.14332856422471568
0.35153981233586296 -0.14496993204426484
0.36676309315498296 -0.14641296419788405
0.38212053224528686 -0.14768285323416616
0.3975966659674052 -0.14880451038811127
0.41317591116653546 -0.14979825808708436
0.42884258086335814 -0.1506819390893437
0.44458090004949524 -0.15145099299871942
0.46037502157160654 -0.15209020558345224
0.4762090420881297 -0.15257098459822502
0.4920670180825969 -0.15284641140730582
0.5079329819174049 -0.15287042941870627
0.5237909579118721 -0.1526058065967087
0.5396249784283953 -0.15201969353037642
0.5554190999505066 -0.1510975772700462
0.5711574191366438 -0.14984132728004768
0.5868240888334664 -0.14826018874898303
0.6024033340325966 -0.1463801019317614
0.6178794677547149 -0.14422892900242426
0.6332369068450188 -0.14181853606180778
0.6484601876641387 -0.13915089390479693
0.6635339816587122 -0.1362140974952772
0.6784431107959373 -0.13296220400049583
0.6931725628465657 -0.12933805628674291
0.7077075065009447 -0.12516020161085756
0.7220333063028884 -0.12017943688225873
0.7361355373863427 -0.11427011004890501
0.7500000000000012 -0.10759925677155585
0.7636127338052524 -0.10033732799622438
0.7769600319330563 -0.09201813725410182
0.7900284547856001 -0.0817078000675335
0.8028048435688343 -0.06920598434871912
0.8152763335422621 -0.05700680712070694
0.8274303669726433 -0.04732569671134152
0.8392547057785669 -0.0398596666267291
0.8507374438531613 -0.03394468998232678
0.8618670190525357 -0.029128787856201165
0.872632224837878 -0.025069669625484618
0.8830222215594895 -0.02157506103830651
0.8930265473713942 -0.01850137578801024
0.9026351287655296 -0.015792000933857863
0.9118382907149167 -0.013456382285678555
0.9206267664155909 -0.011497230733391225
0.9289917066174888 -0.009894639239158225
0.9369246885348927 -0.008551716808942443
0.9444177243274618 -0.007367198570038087
0.9514632691433107 -0.006265632983733445
0.958054228716035 -0.005204223670644362
0.9641839665080364 -0.004216383283525267
0.9698463103929542 -0.0033464528741376513
0.9750355588704727 -0.002618840602995665
0.9797464868072487 -0.0020415629958893244
0.9839743506981782 -0.001609778852411793
0.9877148934427036 -0.0013091529268691845
0.9909643486313533 -0.0011190022497704578
0.9937194443381971 -0.00101518148656195
0.9959774064153977 -0.0009726677174430126
0.9977359612865423 -0.0009678094249834624
0.9989933382359422 -0.0009802092478736876
0.9997482711915926 -0.0009942151489432949
1.0 -0.001
