1.0 0.0
0.9997482711915926 2.6855382174937916e-05
0.9989933382359422 0.00010763892583487945
0.9977359612865423 0.000242991547854586
0.9959774064153977 0.0004339440083343014
0.9937194443381971 0.0006818612718135774
0.9909643486313533 0.0009883656340119297
0.9877148934427036 0.0013552396224516434
0.9839743506981782 0.001784309949432961
0.9797464868072487 0.0022773140526937104
0.9750355588704727 0.002835751000010554
0.9698463103929542 0.0034607187564538616
0.9641839665080364 0.004152740014640103
0.958054228716035 0.004911578966977127
0.9514632691433107 0.00573605155263606
0.9444177243274618 0.006623551532093872
0.9369246885348927 0.0075676551932044415
0.9289917066174888 0.008558195047119944
0.9206267664155909 0.009582366212850838
0.9118382907149167 0.010638773052459903
0.9026351287655296 0.0117419198599368
0.8930265473713942 0.012909666148373385
0.8830222215594895 0.014141094144403236
0.872632224837878 0.01542090417026023
0.8618670190525357 0.016738456450346866
0.8507374438531613 0.018099589868198585
0.8392547057785669 0.019511570546201288
0.8274303669726433 0.02097026420988824
0.8152763335422621 0.022466713954857293
0.8028048435688343 0.02399007475869415
0.7900284547856001 0.02552869024555284
0.7769600319330563 0.02707668585554053
0.7636127338052524 0.02863132562839949
0.7500000000000012 0.030189999999999863
0.7361355373863427 0.03174932162024255
0.7220333063028884 0.03330226937858304
0.7077075065009447 0.03484056165842534
0.6931725628465657 0.03635564159952136
0.6784431107959373 0.03784137434410954
0.6635339816587122 0.03929459700792322
0.6484601876641387 0.04071248001559644
0.6332369068450188 0.04209068288229213
0.6178794677547149 0.043419858585696594
0.6024033340325966 0.04468958932708802
0.5868240888334664 0.04588996201524657
0.5711574191366438 0.04701492286479816
0.5554190999505066 0.04806014567579203
0.5396249784283953 0.04902163128949095
0.5237909579118721 0.049896236650535046
0.5079329819174049 0.05068151942677301
0.4920670180825969 0.0513755052070848
0.4762090420881297 0.0519790614842531
0.46037502157160654 0.05249588259701873
0.44458090004949524 0.052930100863526494
0.42884258086335814 0.05328731235408311
0.41317591116653546 0.05357509892505494
0.3975966659674052 0.05380123538068787
0.38212053224528686 0.053959978923000786
0.36676309315498296 0.05401879981938379
0.35153981233586296 0.054067771856288194
0.33646601834128953 0.05418204345829528
0.32155688920406433 0.053784664360340365
0.3068274371534359 0.05280154304943431
0.29229249349905695 0.05245896436676789
0.2779666936971131 0.052696176361387057
0.2638644626136587 0.052397455349545756
0.25000000000000006 0.05167000000000001
0.2363872661947488 0.05100813064923388
0.22303996806694482 0.050371044107809085
0.20997154521440087 0.04964758557130445
0.19719515643116664 0.04884739816964772
0.18472366645773874 0.047981372817924715
0.17256963302735745 0.04702979021733396
0.1607452942214339 0.04597745345404081
0.14926255614683936 0.04482154700389192
0.1381329809474649 0.04356333650741148
0.12736777516212267 0.04220745589896511
0.116977778440511 0.04076063015662874
0.10697345262860625 0.03923058361047573
0.09736487123447068 0.03762649414471406
0.0881617092850836 0.03595629894401003
0.0793732335844094 0.03422523035580688
0.07100829338251147 0.03244120604734329
0.06307531146510753 0.030609043501504746
0.05558227567253826 0.028732281001796315
0.04853673085668936 0.026820308478711294
0.041945771283965205 0.02488017411222117
0.03581603349196366 0.022911466496849036
0.030153689607045786 0.020919640417871147
0.02496444112952728 0.018915617172935096
0.020253513192751316 0.016906109620663898
0.016025649301821876 0.01486326270717606
0.012285106557296477 0.012815703686268684
0.009035651368646647 0.010801971737993346
0.006280555661802856 0.008789440657986203
0.00402259358460233 0.006729189797263495
0.0022640387134577056 0.004739855682612732
0.0010066617640577813 0.0030572066207739507
0.0002517288084074587 0.0019272971897887627
0.0 0.0015290369957972815
0.0 0.0
0.0002517288084074587 -0.0004575598382173214
0.0010066617640577813 -0.0016381739395270457
0.0022640387134577056 -0.003070986758228395
0.00402259358460233 -0.004320899995824681
0.006280555661802856 -0.005466989697631434
0.009035651368646647 -0.006742982289935915
0.012285106557296477 -0.007994460304360122
0.016025649301821876 -0.009222017143150288
0.020253513192751316 -0.010388357514668812
0.02496444112952728 -0.011462484644934393
0.030153689607045786 -0.012495713764161694
0.03581603349196366 -0.013488916286719603
0.041945771283965205 -0.014428452040629222
0.04853673085668936 -0.015316049484900002
0.05558227567253826 -0.016167750799996182
0.06307531146510753 -0.016986193762065324
0.07100829338251147 -0.01776668212765381
0.0793732335844094 -0.018507974785955797
0.0881617092850836 -0.019211106866145827
0.09736487123447068 -0.019879303514847894
0.10697345262860625 -0.02051867599626699
0.116977778440511 -0.02112919052381032
0.12736777516212267 -0.021706702499205227
0.1381329809474649 -0.022247591470109844
0.14926255614683936 -0.02274878624983065
0.1607452942214339 -0.023207761832752125
0.17256963302735745 -0.023621936640343948
0.18472366645773874 -0.023989608438856794
0.19719515643116664 -0.02431357778431561
0.20997154521440087 -0.024599007422719518
0.22303996806694482 -0.024846626864669902
0.2363872661947488 -0.025055629668056505
0.25000000000000006 -0.02523
0.2638644626136587 -0.025375122963891265
0.2779666936971131 -0.025492131698901882
0.29229249349905695 -0.02557880119580941
0.3068274371534359 -0.02562749980063588
0.32155688920406433 -0.02562804473243844
0.33646601834128953 -0.025568911908051405
0.35153981233586296 -0.025444249806814218
0.36676309315498296 -0.025251745394070785
0.38212053224528686 -0.024990831915521178
0.3975966659674052 -0.024665510448287794
0.41317591116653546 -0.024283600009282497
0.42884258086335814 -0.023846445804173066
0.44458090004949524 -0.023352786385746012
0.46037502157160654 -0.022801668529608896
0.4762090420881297 -0.022193821355528713
0.4920670180825969 -0.021531186531679493
0.5079329819174049 -0.020815958792145706
0.5237909579118721 -0.020050620173206166
0.5396249784283953 -0.01923792155843364
0.5554190999505066 -0.018380811180802314
0.5711574191366438 -0.017483329778535266
0.5868240888334664 -0.016551031444304153
0.6024033340325966 -0.015589626958290904
0.6178794677547149 -0.01460645908522227
0.6332369068450188 -0.013612860670491687
0.6484601876641387 -0.012620410501885298
0.6635339816587122 -0.011639216409024275
0.6784431107959373 -0.010673724578317962
0.6931725628465657 -0.009726422766592246
0.7077075065009447 -0.008799774737738169
0.7220333063028884 -0.007898692999278197
0.7361355373863427 -0.007030020629009597
0.7500000000000012 -0.006199999999999928
0.7636127338052524 -0.005413752695744783
0.7769600319330563 -0.004674168795480355
0.7900284547856001 -0.003983226056101541
0.8028048435688343 -0.0033424159631273076
0.8152763335422621 -0.002755151280680042
0.8274303669726433 -0.0022288987413224314
0.8392547057785669 -0.0017725899492831215
0.8507374438531613 -0.0013983226735788867
0.8618670190525357 -0.0011100333235190348
0.872632224837878 -0.0008914245183546114
0.8830222215594895 -0.00072565432244114
0.8930265473713942 -0.000607058838173669
0.9026351287655296 -0.0005340919757438558
0.9118382907149167 -0.0004956516678349868
0.9206267664155909 -0.00046742126203471384
0.9289917066174888 -0.0004298099034042831
0.9369246885348927 -0.0003811015861786426
0.9444177243274618 -0.0003324848950844794
0.9514632691433107 -0.00029251915027509774
0.958054228716035 -0.0002636910215606383
0.9641839665080364 -0.00024113020421321168
0.9698463103929542 -0.00022071060314475413
0.9750355588704727 -0.00019984481757407319
0.9797464868072487 -0.00017721666804407132
0.9839743506981782 -0.00015252234670950286
0.9877148934427036 -0.00012622390411474703
0.9909643486313533 -9.93185616748263e-05
0.9937194443381971 -7.312707815245079e-05
0.9959774064153977 -4.910410345192918e-05
0.9977359612865423 -2.867312721781568e-05
0.9989933382359422 -1.3088276519889581e-05
0.9997482711915926 -3.3248400771714402e-06
1.0 0.0
