1.0 0.0
0.9997482711915926 2.92908866556263e-05
0.9989933382359422 0.00011722536851395612
0.9977359612865423 0.00026397957705190633
0.9959774064153977 0.00046981607811175075
0.9937194443381971 0.000735037836440243
0.9909643486313533 0.001059924650191611
0.9877148934427036 0.0014446529284174543
0.9839743506981782 0.001889199918228627
0.9797464868072487 0.0023934171979780473
0.9750355588704727 0.002958742078435106
0.9698463103929542 0.003588610526219409
0.9641839665080364 0.004288248152910974
0.958054228716035 0.005064644077483474
0.9514632691433107 0.0059211827299713625
0.9444177243274618 0.006856578400215632
0.9369246885348927 0.007867502009193632
0.9289917066174888 0.008948382671526315
0.9206267664155909 0.01009199744480081
0.9118382907149167 0.011289544027040894
0.9026351287655296 0.012529746906773744
0.8930265473713942 0.013798844391065651
0.8830222215594895 0.01509108950973946
0.872632224837878 0.016416269004828708
0.8618670190525357 0.017788649496014587
0.8507374438531613 0.01922608484964154
0.8392547057785669 0.02073936325264423
0.8274303669726433 0.02231911437767184
0.8152763335422621 0.02395138855372242
0.8028048435688343 0.025619838164590444
0.7900284547856001 0.02730909726453469
0.7769600319330563 0.0290115764284817
0.7636127338052524 0.030720813325673987
0.7500000000000012 0.032429999999999855
0.7361355373863427 0.03413291151911128
0.7220333063028884 0.035826836868858576
0.7077075065009447 0.037510209114442306
0.6931725628465657 0.039181747700829585
0.6784431107959373 0.04083941016341646
0.6635339816587122 0.042475139746403774
0.6484601876641387 0.04407836292624229
0.6332369068450188 0.045638178412295685
0.6178794677547149 0.04714360380169829
0.6024033340325966 0.04858498490212032
0.5868240888334664 0.049953423615112555
0.5711574191366438 0.05124010789987775
0.5554190999505066 0.052436330055912084
0.5396249784283953 0.05353303912041753
0.5237909579118721 0.0545210515077621
0.5079329819174049 0.05539151038717529
0.4920670180825969 0.05613667235996647
0.4762090420881297 0.05676540259028575
0.46037502157160654 0.05730307879938729
0.44458090004949524 0.05777590500866884
0.42884258086335814 0.058209446644894046
0.41317591116653546 0.05860649311860657
0.3975966659674052 0.05893913008962326
0.38212053224528686 0.05917839140736555
0.36676309315498296 0.0592969578324378
0.35153981233586296 0.05928172183370757
0.33646601834128953 0.05914465585211966
0.32155688920406433 0.058900380256914825
0.3068274371534359 0.05856320726170238
0.29229249349905695 0.058144974450309354
0.2779666936971131 0.057651606857699635
0.2638644626136587 0.05708819772866993
0.25000000000000006 0.05646
0.2363872661947488 0.05577205861406475
0.22303996806694482 0.05502823725324416
0.20997154521440087 0.05423236400602835
0.19719515643116664 0.053388575675850855
0.18472366645773874 0.05249557442715441
0.17256963302735745 0.05152104152883541
0.1607452942214339 0.050427635959422665
0.14926255614683936 0.04918590595087443
0.1381329809474649 0.04777815179943449
0.12736777516212267 0.04622654838967705
0.116977778440511 0.04456922222873341
0.10697345262860625 0.04284072383083026
0.09736487123447068 0.041069974143121815
0.0881617092850836 0.03925761750398679
0.0793732335844094 0.03739089756516181
0.07100829338251147 0.03546453845045334
0.06307531146510753 0.03348040376437268
0.05558227567253826 0.031446376125247436
0.04853673085668936 0.02937562295623353
0.041945771283965205 0.027286065278173042
0.03581603349196366 0.025198475598236843
0.030153689607045786 0.02309721811511551
0.02496444112952728 0.020939167342070703
0.020253513192751316 0.018718833056141575
0.016025649301821876 0.016463940019981787
0.012285106557296477 0.014226332445261324
0.009035651368646647 0.012073467942167869
0.006280555661802856 0.010080618312143087
0.00402259358460233 0.008323883806096076
0.0022640387134577056 0.006874115617836552
0.0010066617640577813 0.0057918285386923205
0.0002517288084074587 0.005123172000076539
0.0 0.004897013320199909
0.0 0.0
0.0002517288084074587 -0.0003609892519242913
0.0010066617640577813 -0.0013918165159733243
0.0022640387134577056 -0.0029441326623984177
0.00402259358460233 -0.004797485797586023
0.006280555661802856 -0.006699128348093162
0.009035651368646647 -0.008418975370061435
0.012285106557296477 -0.009818952215116207
0.016025649301821876 -0.010935765815162639
0.020253513192751316 -0.012029292436316326
0.02496444112952728 -0.013222261589731117
0.030153689607045786 -0.01447667926399512
0.03581603349196366 -0.01573381822634129
0.041945771283965205 -0.016915887366484705
0.04853673085668936 -0.017982906284707487
0.05558227567253826 -0.01894398080784997
0.06307531146510753 -0.01982944949194015
0.07100829338251147 -0.020691471648701394
0.0793732335844094 -0.021561415188711422
0.0881617092850836 -0.02243419391098616
0.09736487123447068 -0.023302769456943994
0.10697345262860625 -0.024159831127921787
0.116977778440511 -0.02499335098984098
0.12736777516212267 -0.02578339787505445
0.1381329809474649 -0.026506739418589716
0.14926255614683936 -0.027137287962801956
0.1607452942214339 -0.027661386979337822
0.17256963302735745 -0.028096543530470603
0.18472366645773874 -0.028469363787075475
0.19719515643116664 -0.028812502609381778
0.20997154521440087 -0.02915183720467568
0.22303996806694482 -0.029480693608473434
0.2363872661947488 -0.02978519992873471
0.25000000000000006 -0.030049999999999997
0.2638644626136587 -0.03026176711552096
0.2779666936971131 -0.030420357898610115
0.29229249349905695 -0.03052974588477429
0.3068274371534359 -0.03059472569400997
0.32155688920406433 -0.030618360145926227
0.33646601834128953 -0.030589295928669314
0.35153981233586296 -0.030490160368066992
0.36676309315498296 -0.030302803895905818
0.38212053224528686 -0.0300111333999643
0.3975966659674052 -0.02962230777389787
0.41317591116653546 -0.029156541765885117
0.42884258086335814 -0.028635314015709748
0.44458090004949524 -0.02807962378290834
0.46037502157160654 -0.02749152185080536
0.4762090420881297 -0.026859004272181346
0.4920670180825969 -0.026169739560188487
0.5079329819174049 -0.02541184598640233
0.5237909579118721 -0.024581486178072577
0.5396249784283953 -0.023682912644939054
0.5554190999505066 -0.02272096381246526
0.5711574191366438 -0.02170072055239074
0.5868240888334664 -0.020628984280885818
0.6024033340325966 -0.019514770277796852
0.6178794677547149 -0.018367196470613332
0.6332369068450188 -0.017195267707763577
0.6484601876641387 -0.016009970025881733
0.6635339816587122 -0.014826073134699042
0.6784431107959373 -0.013658080785990888
0.6931725628465657 -0.012519614081245155
0.7077075065009447 -0.011420993462431486
0.7220333063028884 -0.010365396654820181
0.7361355373863427 -0.009354577693044892
0.7500000000000012 -0.008389999999999917
0.7636127338052524 -0.00747314322525748
0.7769600319330563 -0.006606364377475727
0.7900284547856001 -0.005791832014568313
0.8028048435688343 -0.005031193224126018
0.8152763335422621 -0.00432604873914308
0.8274303669726433 -0.0036800743000338994
0.8392547057785669 -0.0030968795777344895
0.8507374438531613 -0.002578954157254997
0.8618670190525357 -0.00212688165461855
0.872632224837878 -0.001733605014795015
0.8830222215594895 -0.001389287385910376
0.8930265473713942 -0.0010852728796012184
0.9026351287655296 -0.0008144716165658023
0.9118382907149167 -0.0005758086261648354
0.9206267664155909 -0.0003712547056502742
0.9289917066174888 -0.00020166735451175458
0.9369246885348927 -6.681315439025421e-05
0.9444177243274618 3.462754835673891e-05
0.9514632691433107 0.00010487433894515032
0.958054228716035 0.00014676221642697786
0.9641839665080364 0.0001636601429614497
0.9698463103929542 0.00016128412777296816
0.9750355588704727 0.00014707721286958073
0.9797464868072487 0.00012675267818666814
0.9839743506981782 0.00010435692778193025
0.9877148934427036 8.232921280365709e-05
0.9909643486313533 6.182750042540175e-05
0.9937194443381971 4.361820987024765e-05
0.9959774064153977 2.8226633846847876e-05
0.9977359612865423 1.5997191756934536e-05
0.9989933382359422 7.143954070418815e-06
0.9997482711915926 1.7907094623702913e-06
1.0 0.0
