1.0 0.0
0.9997482711915926 3.3803487785681565e-05
0.9989933382359422 0.00013546362799858803
0.9977359612865423 0.00030571334973598653
0.9959774064153977 0.0005457207431561336
0.9937194443381971 0.0008570096160638147
0.9909643486313533 0.0012413497533628913
0.9877148934427036 0.001700618341135908
0.9839743506981782 0.002236634408565628
0.9797464868072487 0.0028509685130704903
0.9750355588704727 0.003544730242978328
0.9698463103929542 0.004318336434122467
0.9641839665080364 0.005171263288486855
0.958054228716035 0.006101785841313078
0.9514632691433107 0.007106708445099825
0.9444177243274618 0.008181097879990348
0.9369246885348927 0.009318068472146925
0.9289917066174888 0.010508501884838083
0.9206267664155909 0.01174128381448023
0.9118382907149167 0.013014637356656207
0.9026351287655296 0.014339763978110707
0.8930265473713942 0.015730919563432616
0.8830222215594895 0.01718907797614718
0.872632224837878 0.018705218854066896
0.8618670190525357 0.020273965795743386
0.8507374438531613 0.021901692191398002
0.8392547057785669 0.023596065120557536
0.8274303669726433 0.025356489857590522
0.8152763335422621 0.027177173763970348
0.8028048435688343 0.029036121902001614
0.7900284547856001 0.030903612872774246
0.7769600319330563 0.03276792025506697
0.7636127338052524 0.034627165037298215
0.7500000000000012 0.03647999999999983
0.7361355373863427 0.038323965925327635
0.7220333063028884 0.040150398313656716
0.7077075065009447 0.041948632349619604
0.6931725628465657 0.04370774629077147
0.6784431107959373 0.0454216068496003
0.6635339816587122 0.04708987341447439
0.6484601876641387 0.0487130034382155
0.6332369068450188 0.050289278023517764
0.6178794677547149 0.05180927597127773
0.6024033340325966 0.0532620154499413
0.5868240888334664 0.054637213824495164
0.5711574191366438 0.05592956268729334
0.5554190999505066 0.05713597786175727
0.5396249784283953 0.058253588044442035
0.5237909579118721 0.05927820106219644
0.5079329819174049 0.06020485952982184
0.4920670180825969 0.06102907490920067
0.4762090420881297 0.061749539448934056
0.46037502157160654 0.062368131828496834
0.44458090004949524 0.0628872291205879
0.42884258086335814 0.06330917388765472
0.41317591116653546 0.06363606120260418
0.3975966659674052 0.06387027087412916
0.38212053224528686 0.06401391594514012
0.36676309315498296 0.06406778497833991
0.35153981233586296 0.06402929393551948
0.33646601834128953 0.06389173730539519
0.32155688920406433 0.06364093451411656
0.3068274371534359 0.06327067641554027
0.29229249349905695 0.06279433849299143
0.2779666936971131 0.06222815598616212
0.2638644626136587 0.06158846454810641
0.25000000000000006 0.06089
0.2363872661947488 0.06014200730162417
0.22303996806694482 0.05933664740454495
0.20997154521440087 0.058463225304242555
0.19719515643116664 0.05751216331198662
0.18472366645773874 0.056472704575759106
0.17256963302735745 0.055330132572207806
0.1607452942214339 0.054073404976561296
0.14926255614683936 0.05269658531331088
0.1381329809474649 0.05119887330067733
0.12736777516212267 0.04958696971192187
0.116977778440511 0.04787005382758837
0.10697345262860625 0.04605546723568422
0.09736487123447068 0.04415141427303785
0.0881617092850836 0.042167471951951564
0.0793732335844094 0.04011375302340544
0.07100829338251147 0.03800285115845985
0.06307531146510753 0.0358415922285219
0.05558227567253826 0.03363367643285014
0.04853673085668936 0.03138954526595534
0.041945771283965205 0.02912020066437858
0.03581603349196366 0.0268329972716037
0.030153689607045786 0.024537330179060526
0.02496444112952728 0.022243587792015948
0.020253513192751316 0.01994924500060455
0.016025649301821876 0.017594796023558863
0.012285106557296477 0.015226507773438158
0.009035651368646647 0.012886395886519431
0.006280555661802856 0.010479298780334724
0.00402259358460233 0.007966902287861236
0.0022640387134577056 0.005523032486163655
0.0010066617640577813 0.003451200249214849
0.0002517288084074587 0.0020592710763655355
0.0 0.0015686478668302764
0.0 0.0
0.0002517288084074587 -0.0004914895553070849
0.0010066617640577813 -0.0017575241508554253
0.0022640387134577056 -0.0032876721873764743
0.00402259358460233 -0.004612508206280279
0.006280555661802856 -0.005825002989101084
0.009035651368646647 -0.007180377820730293
0.012285106557296477 -0.008500600684582568
0.016025649301821876 -0.009788286818750939
0.020253513192751316 -0.01100315834720706
0.02496444112952728 -0.012112253992613594
0.030153689607045786 -0.013177576678692226
0.03581603349196366 -0.0142011009613963
0.041945771283965205 -0.015166131663724294
0.04853673085668936 -0.016072825937360955
0.05558227567253826 -0.016937172945476937
0.06307531146510753 -0.01776257279667061
0.07100829338251147 -0.018545982794131735
0.0793732335844094 -0.01928860378198179
0.0881617092850836 -0.019991193269440054
0.09736487123447068 -0.020652873923061837
0.10697345262860625 -0.021274958434463566
0.116977778440511 -0.02185702593384169
0.12736777516212267 -0.022397963459302117
0.1381329809474649 -0.022896973950225
0.14926255614683936 -0.023351930332628994
0.1607452942214339 -0.023761924764593722
0.17256963302735745 -0.024130159757668496
0.18472366645773874 -0.024461811126367437
0.19719515643116664 -0.024758829111675193
0.20997154521440087 -0.025021623155753122
0.22303996806694482 -0.025249337154950292
0.2363872661947488 -0.025441127579057726
0.25000000000000006 -0.025600000000000005
0.2638644626136587 -0.025729559485286914
0.2779666936971131 -0.025827757698965538
0.29229249349905695 -0.025891278602752605
0.3068274371534359 -0.02591731887098766
0.32155688920406433 -0.02590076095310162
0.33646601834128953 -0.025832371798550652
0.35153981233586296 -0.025691622667138283
0.36676309315498296 -0.025460087239184068
0.38212053224528686 -0.02514396980613615
0.3975966659674052 -0.02475562720886795
0.41317591116653546 -0.02430726735638712
0.42884258086335814 -0.02380000542290088
0.44458090004949524 -0.023230523594094752
0.46037502157160654 -0.02259597796698083
0.4762090420881297 -0.021897680751732082
0.4920670180825969 -0.021139841951784224
0.5079329819174049 -0.020326962317678898
0.5237909579118721 -0.01946314272825161
0.5396249784283953 -0.01855205033567139
0.5554190999505066 -0.017597509077117247
0.5711574191366438 -0.016604257642377586
0.5868240888334664 -0.015578285688586883
0.6024033340325966 -0.014525702441615601
0.6178794677547149 -0.013454088684897713
0.6332369068450188 -0.012374645557677165
0.6484601876641387 -0.011298765683831136
0.6635339816587122 -0.010236668318688484
0.6784431107959373 -0.009194464751447848
0.6931725628465657 -0.008176706311397797
0.7077075065009447 -0.007187689556869852
0.7220333063028884 -0.00623284135529214
0.7361355373863427 -0.005318407404031398
0.7500000000000012 -0.004449999999999925
0.7636127338052524 -0.0036333134181025972
0.7769600319330563 -0.0028763140503481137
0.7900284547856001 -0.0021864937896485816
0.8028048435688343 -0.0015699733860535206
0.8152763335422621 -0.0010269657350211164
0.8274303669726433 -0.0005478530443646111
0.8392547057785669 -0.0001325750459960107
0.8507374438531613 0.00019862983646294125
0.8618670190525357 0.0004392269469755378
0.872632224837878 0.0006228131431232473
0.8830222215594895 0.00077996421852135
0.8930265473713942 0.0008967778531365398
0.9026351287655296 0.0009456368245145838
0.9118382907149167 0.0009299977556961118
0.9206267664155909 0.0008938486992805417
0.9289917066174888 0.0008739726198800582
0.9369246885348927 0.0008727221262258729
0.9444177243274618 0.0008677152557751925
0.9514632691433107 0.0008422792879368932
0.958054228716035 0.0007907507593186935
0.9641839665080364 0.0007201732874256278
0.9698463103929542 0.0006377441296874557
0.9750355588704727 0.0005493560208957554
0.9797464868072487 0.00045975671647431626
0.9839743506981782 0.0003727042124538921
0.9877148934427036 0.0002911152227163501
0.9909643486313533 0.00021720463825184276
0.9937194443381971 0.00015261386190049353
0.9959774064153977 9.852610342879308e-05
0.9977359612865423 5.576693170154726e-05
0.9989933382359422 2.4888610835799086e-05
0.9997482711915926 6.236993069584611e-06
1.0 0.0
