1.0 0.0
0.9997482711915926 5.099195580823711e-05
0.9989933382359422 0.00020438949113131712
0.9977359612865423 0.00046143240902499054
0.9959774064153977 0.0008241033780511234
0.9937194443381971 0.001295003586966873
0.9909643486313533 0.001877180967888532
0.9877148934427036 0.002573913265779549
0.9839743506981782 0.0033884488421647846
0.9797464868072487 0.004323708680991889
0.9750355588704727 0.005381953608464695
0.9698463103929542 0.006564421240722944
0.9641839665080364 0.007870937628106731
0.958054228716035 0.009299508967536636
0.9514632691433107 0.01084589910088371
0.9444177243274618 0.012503135345031797
0.9369246885348927 0.014260577613475479
0.9289917066174888 0.01610355049745858
0.9206267664155909 0.018013944133773004
0.9118382907149167 0.019989177458696755
0.9026351287655296 0.02204827843430375
0.8930265473713942 0.024214764637868688
0.8830222215594895 0.026484708673621824
0.872632224837878 0.02883308237460625
0.8618670190525357 0.031243018548114326
0.8507374438531613 0.033725362353535446
0.8392547057785669 0.03629394851748771
0.8274303669726433 0.03894505911494231
0.8152763335422621 0.0416672096978527
0.8028048435688343 0.0444409335394078
0.7900284547856001 0.047242900666629783
0.7769600319330563 0.05006089110737387
0.7636127338052524 0.05288864772009536
0.7500000000000012 0.05571999999999974
0.7361355373863427 0.05854735478440903
0.7220333063028884 0.061356932975153544
0.7077075065009447 0.06413274453396875
0.6931725628465657 0.06685833429741159
0.6784431107959373 0.069523639811009
0.6635339816587122 0.07212636466311476
0.6484601876641387 0.07466520931782918
0.6332369068450188 0.07713529202841544
0.6178794677547149 0.07951952499176405
0.6024033340325966 0.08179824123717329
0.5868240888334664 0.08395295614415747
0.5711574191366438 0.08597420014844745
0.5554190999505066 0.08785648374482882
0.5396249784283953 0.08959483346386676
0.5237909579118721 0.09118440380724842
0.5079329819174049 0.09262064113345538
0.4920670180825969 0.09389967045917992
0.4762090420881297 0.09502005988848512
0.46037502157160654 0.09598282335888642
0.44458090004949524 0.09678968591088774
0.42884258086335814 0.09744402266842343
0.41317591116653546 0.09795133517103811
0.3975966659674052 0.09831769940688717
0.38212053224528686 0.09854476094306452
0.36676309315498296 0.09862286891163805
0.35153981233586296 0.09854644533022473
0.33646601834128953 0.09831318486290104
0.32155688920406433 0.09791090994090229
0.3068274371534359 0.09733874665559165
0.29229249349905695 0.09662285488470278
0.2779666936971131 0.09578110256861452
0.2638644626136587 0.09482130831434889
0.25000000000000006 0.09375000000000001
0.2363872661947488 0.09256815015483777
0.22303996806694482 0.091256698987185
0.20997154521440087 0.08979881556589539
0.19719515643116664 0.08819075817821848
0.18472366645773874 0.08643408492061783
0.17256963302735745 0.0845350777847595
0.1607452942214339 0.08250223935114158
0.14926255614683936 0.08034599297221014
0.1381329809474649 0.07807199998287621
0.12736777516212267 0.07566883370763372
0.116977778440511 0.0731280138610367
0.10697345262860625 0.07045121078126894
0.09736487123447068 0.06764704148748082
0.0881617092850836 0.06472197280770167
0.0793732335844094 0.06167700541291099
0.07100829338251147 0.05852009255572243
0.06307531146510753 0.05525816371135115
0.05558227567253826 0.051899309760980436
0.04853673085668936 0.048462436598350624
0.041945771283965205 0.044964485790840496
0.03581603349196366 0.04141236315267562
0.030153689607045786 0.03782334711664624
0.02496444112952728 0.034224221526302064
0.020253513192751316 0.0306308610511845
0.016025649301821876 0.026994321575210378
0.012285106557296477 0.02335949363930967
0.009035651368646647 0.0197662967617725
0.006280555661802856 0.016098399614840584
0.00402259358460233 0.012285604642413805
0.0022640387134577056 0.008578390406059256
0.0010066617640577813 0.005433650854369563
0.0002517288084074587 0.0033195491815849877
0.0 0.0025741043085918134
0.0 0.0
0.0002517288084074587 -0.0007727561090860303
0.0010066617640577813 -0.0027617632820206564
0.0022640387134577056 -0.005161731809871667
0.00402259358460233 -0.007236269721722028
0.006280555661802856 -0.00914567126540641
0.009035651368646647 -0.011297063856420783
0.012285106557296477 -0.013393645845322986
0.016025649301821876 -0.015448209217964652
0.020253513192751316 -0.017375741496549794
0.02496444112952728 -0.019107916156714894
0.030153689607045786 -0.02077663645104238
0.03581603349196366 -0.022383995464951876
0.041945771283965205 -0.02388473630600772
0.04853673085668936 -0.025281388994878962
0.05558227567253826 -0.02662014295201502
0.06307531146510753 -0.027913053861807643
0.07100829338251147 -0.029151734095876666
0.0793732335844094 -0.030332462418608947
0.0881617092850836 -0.03145484714375398
0.09736487123447068 -0.03252179171294528
0.10697345262860625 -0.033540501473539916
0.116977778440511 -0.03451174200900379
0.12736777516212267 -0.035432334216075355
0.1381329809474649 -0.03629667346776862
0.14926255614683936 -0.03709104328079669
0.1607452942214339 -0.037802613657127754
0.17256963302735745 -0.038432132878771015
0.18472366645773874 -0.03898639749817012
0.19719515643116664 -0.03947133047993421
0.20997154521440087 -0.03989268881136587
0.22303996806694482 -0.04025205935636653
0.2363872661947488 -0.04054969351876673
0.25000000000000006 -0.04079000000000001
0.2638644626136587 -0.040979951884784316
0.2779666936971131 -0.04112790702523308
0.29229249349905695 -0.041241706067174214
0.3068274371534359 -0.0413260415735138
0.32155688920406433 -0.041381598661858136
0.33646601834128953 -0.041398519299442806
0.35153981233586296 -0.04131419615213691
0.36676309315498296 -0.04105946306617761
0.38212053224528686 -0.0406308721190849
0.3975966659674052 -0.04005084725384572
0.41317591116653546 -0.03935294983290637
0.42884258086335814 -0.03854474353279992
0.44458090004949524 -0.03762317287861106
0.46037502157160654 -0.03658624967693175
0.4762090420881297 -0.03544109941033981
0.4920670180825969 -0.0342011534849009
0.5079329819174049 -0.032880204593354896
0.5237909579118721 -0.03148701596627649
0.5396249784283953 -0.030025245232514527
0.5554190999505066 -0.028498638014074165
0.5711574191366438 -0.026914339382056503
0.5868240888334664 -0.025284361273095798
0.6024033340325966 -0.0236210447533155
0.6178794677547149 -0.021937471559012517
0.6332369068450188 -0.020248703039819214
0.6484601876641387 -0.018569624412125313
0.6635339816587122 -0.01691355455358967
0.6784431107959373 -0.015288276870720097
0.6931725628465657 -0.013699496422599673
0.7077075065009447 -0.012152660930975218
0.7220333063028884 -0.010655721070218012
0.7361355373863427 -0.009218532749411553
0.7500000000000012 -0.007849999999999881
0.7636127338052524 -0.006558918566106381
0.7769600319330563 -0.0053567013605854
0.7900284547856001 -0.00425394484257611
0.8028048435688343 -0.0032593094439879572
0.8152763335422621 -0.0023742981992221886
0.8274303669726433 -0.0015887514183833369
0.8392547057785669 -0.000904359655739623
0.8507374438531613 -0.0003481822130290078
0.8618670190525357 7.180663998819712e-05
0.872632224837878 0.00040264702276125833
0.8830222215594895 0.000687050299997316
0.8930265473713942 0.0009055748067840117
0.9026351287655296 0.0010197293239704948
0.9118382907149167 0.0010362648784045696
0.9206267664155909 0.001021070914775516
0.9289917066174888 0.0010290914255762203
0.9369246885348927 0.0010635875034553754
0.9444177243274618 0.0010907022984643878
0.9514632691433107 0.001085200608094059
0.958054228716035 0.0010382593897124218
0.9641839665080364 0.000959923598799633
0.9698463103929542 0.0008606580189359816
0.9750355588704727 0.0007491738205006361
0.9797464868072487 0.000632628664459857
0.9839743506981782 0.0005168216374753938
0.9877148934427036 0.00040637992054532704
0.9909643486313533 0.00030493427748629087
0.9937194443381971 0.00021528066523653013
0.9959774064153977 0.00013952551276337312
0.9977359612865423 7.921248657211588e-05
0.9989933382359422 3.5428855456638856e-05
0.9997482711915926 8.8898819977037e-06
1.0 0.0
