1.0 0.0
0.9997482711915926 4.998818341283594e-05
0.9989933382359422 0.00020031899476285992
0.9977359612865423 0.00045206460909114754
0.9959774064153977 0.0008069236453753587
0.9937194443381971 0.001267089895804776
0.9909643486313533 0.0018350710103292082
0.9877148934427036 0.0025134595692373404
0.9839743506981782 0.0033046596279129566
0.9797464868072487 0.00421057243712692
0.9750355588704727 0.0052322456227330855
0.9698463103929542 0.006369490644298508
0.9641839665080364 0.007620473837301373
0.958054228716035 0.008981286772841086
0.9514632691433107 0.010445502037635147
0.9444177243274618 0.012004188069093712
0.9369246885348927 0.013649123236062839
0.9289917066174888 0.015371902650967108
0.9206267664155909 0.017162806625031675
0.9118382907149167 0.019019237959514518
0.9026351287655296 0.020948458715232758
0.8930265473713942 0.022959794607317723
0.8830222215594895 0.02504815203436712
0.872632224837878 0.027197298513435757
0.8618670190525357 0.02939479200163331
0.8507374438531613 0.031641798469284416
0.8392547057785669 0.033941234041942374
0.8274303669726433 0.0362898249760329
0.8152763335422621 0.03868054537117697
0.8028048435688343 0.041094578430981285
0.7900284547856001 0.043507571987360744
0.7769600319330563 0.04590848624747514
0.7636127338052524 0.048293656327568775
0.7500000000000012 0.05065999999999978
0.7361355373863427 0.05300338431390512
0.7220333063028884 0.05531349871910236
0.7077075065009447 0.057578098938877637
0.6931725628465657 0.05978477982680136
0.6784431107959373 0.06192633871598848
0.6635339816587122 0.06400184349306877
0.6484601876641387 0.06601132464268566
0.6332369068450188 0.06795210755108481
0.6178794677547149 0.069811900589333
0.6024033340325966 0.07157648473199474
0.5868240888334664 0.07323266804883186
0.5711574191366438 0.07477431347535196
0.5554190999505066 0.0761984448841336
0.5396249784283953 0.0775024453736049
0.5237909579118721 0.07868243000604193
0.5079329819174049 0.07973382456783916
0.4920670180825969 0.08065267786240404
0.4762090420881297 0.08143891442850822
0.46037502157160654 0.08209632692083785
0.44458090004949524 0.0826293168261973
0.42884258086335814 0.08304203583297892
0.41317591116653546 0.0833380178349706
0.3975966659674052 0.08352109857863364
0.38212053224528686 0.0835938895590116
0.36676309315498296 0.0835553185335849
0.35153981233586296 0.08340216785270481
0.33646601834128953 0.08312879263632972
0.32155688920406433 0.08272361748272139
0.3068274371534359 0.08218013154039962
0.29229249349905695 0.08150528781394187
0.2779666936971131 0.08071680968900916
0.2638644626136587 0.0798391469628256
0.25000000000000006 0.07889
0.2363872661947488 0.07787855047591966
0.22303996806694482 0.07679421924812371
0.20997154521440087 0.07562244653692751
0.19719515643116664 0.0743481379763235
0.18472366645773874 0.07295626780040229
0.17256963302735745 0.07142998311679566
0.1607452942214339 0.06975618290706614
0.14926255614683936 0.06792588815145281
0.1381329809474649 0.06593718312987921
0.12736777516212267 0.06379951552805124
0.116977778440511 0.06152597461984498
0.10697345262860625 0.05912884766816155
0.09736487123447068 0.05662170237597369
0.0881617092850836 0.05401459343989492
0.0793732335844094 0.05131111663259932
0.07100829338251147 0.04852009878867529
0.06307531146510753 0.045650028764770534
0.05558227567253826 0.0427105715426415
0.04853673085668936 0.03971947790554406
0.041945771283965205 0.03668934585223348
0.03581603349196366 0.03361953014573896
0.030153689607045786 0.030515373357034123
0.02496444112952728 0.027387524323016242
0.020253513192751316 0.024264106124918347
0.016025649301821876 0.021174273982331772
0.012285106557296477 0.018136073441194528
0.009035651368646647 0.015186172711392448
0.006280555661802856 0.01233276636479589
0.00402259358460233 0.009450756493882816
0.0022640387134577056 0.006662385716632814
0.0010066617640577813 0.004291133949653905
0.0002517288084074587 0.002691660852659172
0.0 0.002126549683459485
0.0 0.0
0.0002517288084074587 -0.00046799923560166896
0.0010066617640577813 -0.0016552846777422579
0.0022640387134577056 -0.003036657970411228
0.00402259358460233 -0.004151500373187018
0.006280555661802856 -0.0051684678217781685
0.009035651368646647 -0.006387442456701433
0.012285106557296477 -0.007551325171508122
0.016025649301821876 -0.008645858696142242
0.020253513192751316 -0.009606974249252952
0.02496444112952728 -0.01039466356220111
0.030153689607045786 -0.011124011736643789
0.03581603349196366 -0.011802636504073065
0.041945771283965205 -0.012396348668993563
0.04853673085668936 -0.012908026936545209
0.05558227567253826 -0.01337434838873919
0.06307531146510753 -0.013808253672108044
0.07100829338251147 -0.014208321637830283
0.0793732335844094 -0.014576080408272095
0.0881617092850836 -0.014914321814171686
0.09736487123447068 -0.015226774300651235
0.10697345262860625 -0.0155194721516467
0.116977778440511 -0.01579581314094193
0.12736777516212267 -0.01605772249799455
0.1381329809474649 -0.016304356244847055
0.14926255614683936 -0.016526629974120157
0.1607452942214339 -0.016715354754470925
0.17256963302735745 -0.016871804121248335
0.18472366645773874 -0.01700091506288864
0.19719515643116664 -0.017101838904078872
0.20997154521440087 -0.017171018886152786
0.22303996806694482 -0.017207381463676022
0.2363872661947488 -0.017211964137170847
0.25000000000000006 -0.01719
0.2638644626136587 -0.017147568493981472
0.2779666936971131 -0.017085292464264067
0.29229249349905695 -0.01699923409366495
0.3068274371534359 -0.016878367697970048
0.32155688920406433 -0.01671452990058911
0.33646601834128953 -0.016502955242991054
0.35153981233586296 -0.016228651696237568
0.36676309315498296 -0.01587487567693655
0.38212053224528686 -0.015436922989441262
0.3975966659674052 -0.01492443754000159
0.41317591116653546 -0.01435802802528327
0.42884258086335814 -0.013740148195525841
0.44458090004949524 -0.013065646299394574
0.46037502157160654 -0.012329994179786601
0.4762090420881297 -0.011535640016423045
0.4920670180825969 -0.010689833160159814
0.5079329819174049 -0.009800037727502337
0.5237909579118721 -0.008870902028887162
0.5396249784283953 -0.007904219906257282
0.5554190999505066 -0.0069018650565348845
0.5711574191366438 -0.005869251040267761
0.5868240888334664 -0.004816927138563663
0.6024033340325966 -0.003755705128657431
0.6178794677547149 -0.002696609394035327
0.6332369068450188 -0.0016514810939217098
0.6484601876641387 -0.0006318215419522216
0.6635339816587122 0.0003520921135904992
0.6784431107959373 0.0012938473619689146
0.6931725628465657 0.0021886240628285563
0.7077075065009447 0.003031994001181283
0.7220333063028884 0.003817955989232881
0.7361355373863427 0.004539369279167688
0.7500000000000012 0.005190000000000055
0.7636127338052524 0.005763999931500309
0.7769600319330563 0.006254178920845935
0.7900284547856001 0.0066541850463523265
0.8028048435688343 0.006959220853535833
0.8152763335422621 0.007170672136920586
0.8274303669726433 0.007300102115778282
0.8392547057785669 0.007348233341436677
0.8507374438531613 0.007292814391612297
0.8618670190525357 0.007128140640166001
0.872632224837878 0.006896524515346013
0.8830222215594895 0.006636597451167455
0.8930265473713942 0.006333577756820019
0.9026351287655296 0.005956186887003059
0.9118382907149167 0.005511016555826966
0.9206267664155909 0.005054137972937202
0.9289917066174888 0.004632502703578119
0.9369246885348927 0.004249674542275965
0.9444177243274618 0.0038780710027615296
0.9514632691433107 0.003497451734980262
0.958054228716035 0.0031021272359264035
0.9641839665080364 0.0027033663242770865
0.9698463103929542 0.002312180236095257
0.9750355588704727 0.0019373848607972827
0.9797464868072487 0.0015858893233373166
0.9839743506981782 0.0012629763584872857
0.9877148934427036 0.0009725701976163542
0.9909643486313533 0.0007174879441965325
0.9937194443381971 0.0004996707132854846
0.9959774064153977 0.000320391149121175
0.9977359612865423 0.00018043430997465238
0.9989933382359422 8.024931646945762e-05
0.9997482711915926 2.006959429886096e-05
1.0 0.0
