1.0 0.0
0.9997482711915926 4.9085217962322414e-05
0.9989933382359422 0.00019663401055721098
0.9977359612865423 0.00044350339608711654
0.9959774064153977 0.0007910473782110469
0.9937194443381971 0.0012410064498509885
0.9909643486313533 0.0017953549758253694
0.9877148934427036 0.0024561085053872627
0.9839743506981782 0.0032250936150516147
0.9797464868072487 0.004103683404155747
0.9750355588704727 0.0050925022550149645
0.9698463103929542 0.006191103921123379
0.9641839665080364 0.007397627415792634
0.958054228716035 0.008708435535503588
0.9514632691433107 0.010117741163114357
0.9444177243274618 0.011617551225028791
0.9369246885348927 0.013199832251355842
0.9289917066174888 0.014855824444026064
0.9206267664155909 0.01657531697161287
0.9118382907149167 0.018355226273208063
0.9026351287655296 0.020202369824540056
0.8930265473713942 0.022125717475340652
0.8830222215594895 0.024121466241473936
0.872632224837878 0.026176022416422487
0.8618670190525357 0.028278515649743506
0.8507374438531613 0.030428274869500813
0.8392547057785669 0.032625456676195146
0.8274303669726433 0.034863505799050655
0.8152763335422621 0.037132256799420824
0.8028048435688343 0.03941461968928656
0.7900284547856001 0.0416904298350926
0.7769600319330563 0.04395034762970669
0.7636127338052524 0.04619109316189777
0.7500000000000012 0.04840999999999981
0.7361355373863427 0.050603342727438244
0.7220333063028884 0.052761059260109495
0.7077075065009447 0.05487111619067085
0.6931725628465657 0.056921339920711876
0.6784431107959373 0.05890516941457087
0.6635339816587122 0.060822797106470004
0.6484601876641387 0.06267546427797742
0.6332369068450188 0.06446172785673351
0.6178794677547149 0.0661704656768243
0.6024033340325966 0.0677886389226042
0.5868240888334664 0.06930422083512443
0.5711574191366438 0.07071201843298591
0.5554190999505066 0.07200990189932278
0.5396249784283953 0.07319607402243358
0.5237909579118721 0.07426731623817745
0.5079329819174049 0.07521960353604233
0.4920670180825969 0.07604948386669146
0.4762090420881297 0.07675704785392855
0.46037502157160654 0.07734592031524767
0.44458090004949524 0.07782027616876107
0.42884258086335814 0.07818358031892722
0.41317591116653546 0.07843802189876416
0.3975966659674052 0.07858605090723354
0.38212053224528686 0.07863163100778937
0.36676309315498296 0.07858130994220643
0.35153981233586296 0.0784313379306632
0.33646601834128953 0.07816835717916512
0.32155688920406433 0.07777701953148258
0.3068274371534359 0.07725034995713043
0.29229249349905695 0.07659838608310944
0.2779666936971131 0.07583979296559731
0.2638644626136587 0.07499787766087108
0.25000000000000006 0.07409000000000002
0.2363872661947488 0.07312518960091859
0.22303996806694482 0.07209206041409695
0.20997154521440087 0.07097786723160844
0.19719515643116664 0.06977582543203661
0.18472366645773874 0.06847238053598065
0.17256963302735745 0.06703833432171397
0.1607452942214339 0.06545497473846595
0.14926255614683936 0.06372270143727028
0.1381329809474649 0.06184621515496884
0.12736777516212267 0.05983110125839711
0.116977778440511 0.05768562047290488
0.10697345262860625 0.05542076723874487
0.09736487123447068 0.053050128895373444
0.0881617092850836 0.05058367953186506
0.0793732335844094 0.048024917426892653
0.07100829338251147 0.04538234975042941
0.06307531146510753 0.04266588181435867
0.05558227567253826 0.03988763269777595
0.04853673085668936 0.03706640223630457
0.041945771283965205 0.03421517477330235
0.03581603349196366 0.03133356279649226
0.030153689607045786 0.028423581285571965
0.02496444112952728 0.025488892661781615
0.020253513192751316 0.022556533016287236
0.016025649301821876 0.019668355813902652
0.012285106557296477 0.016838820633823477
0.009035651368646647 0.014096312291440519
0.006280555661802856 0.011450459852919759
0.00402259358460233 0.008775349773577823
0.0022640387134577056 0.0061802036377566465
0.0010066617640577813 0.0039681510654247885
0.0002517288084074587 0.0024737843609788225
0.0 0.0019454183355192985
0.0 0.0
0.0002517288084074587 -0.000398898672077034
0.0010066617640577813 -0.0014054987641343715
0.0022640387134577056 -0.002560612955215616
0.00402259358460233 -0.0034677079299014445
0.006280555661802856 -0.004294227995816793
0.009035651368646647 -0.005306995916481718
0.012285106557296477 -0.0062544045582108914
0.016025649301821876 -0.007143465532042871
0.020253513192751316 -0.007911165253530679
0.02496444112952728 -0.008506062997014124
0.030153689607045786 -0.00903779921336004
0.03581603349196366 -0.009517835191025498
0.041945771283965205 -0.009919327100449269
0.04853673085668936 -0.010246659537780952
0.05558227567253826 -0.010532701034010595
0.06307531146510753 -0.010789984319496373
0.07100829338251147 -0.011018790105558882
0.0793732335844094 -0.011222035908387518
0.0881617092850836 -0.011403395485375107
0.09736487123447068 -0.011566873627127569
0.10697345262860625 -0.011718351010694796
0.116977778440511 -0.01186198000681211
0.12736777516212267 -0.012001039727250942
0.1381329809474649 -0.01213507525129828
0.14926255614683936 -0.012253185138249327
0.1607452942214339 -0.012344042597510117
0.17256963302735745 -0.012409308902769802
0.18472366645773874 -0.012454882516383844
0.19719515643116664 -0.012478435862002245
0.20997154521440087 -0.012474271631242229
0.22303996806694482 -0.012445769824255324
0.2363872661947488 -0.01240061392538183
0.25000000000000006 -0.01234
0.2638644626136587 -0.01226272521873478
0.2779666936971131 -0.012169117041997277
0.29229249349905695 -0.01205805605407774
0.3068274371534359 -0.011923834079727214
0.32155688920406433 -0.011755585527821464
0.33646601834128953 -0.011537717290050367
0.35153981233586296 -0.01125853508728839
0.36676309315498296 -0.010909143999667146
0.38212053224528686 -0.010483319361871368
0.3975966659674052 -0.00999050723387259
0.41317591116653546 -0.009454327453509881
0.42884258086335814 -0.008877836862253075
0.44458090004949524 -0.008255398731728227
0.46037502157160654 -0.0075819595584473605
0.4762090420881297 -0.006859639021394895
0.4920670180825969 -0.006095479319247455
0.5079329819174049 -0.005296693480459825
0.5237909579118721 -0.004467483075536198
0.5396249784283953 -0.0036090032202842834
0.5554190999505066 -0.002722446049482592
0.5711574191366438 -0.0018121354816552423
0.5868240888334664 -0.0008869470575513704
0.6024033340325966 4.40077129273366e-05
0.6178794677547149 0.00097075866053645
0.6332369068450188 0.001880965633673222
0.6484601876641387 0.0027624376971064997
0.6635339816587122 0.0036044401147168883
0.6784431107959373 0.004401062335075313
0.6931725628465657 0.0051482872735267825
0.7077075065009447 0.005842465800757011
0.7220333063028884 0.006478316630185809
0.7361355373863427 0.007049361756829631
0.7500000000000012 0.007550000000000041
0.7636127338052524 0.007974849241704484
0.7769600319330563 0.008316643305529333
0.7900284547856001 0.00856887025032875
0.8028048435688343 0.008726640570952989
0.8152763335422621 0.008792685848807352
0.8274303669726433 0.0087825535790858
0.8392547057785669 0.008700268446898345
0.8507374438531613 0.008525393088916363
0.8618670190525357 0.008252226761842996
0.872632224837878 0.007918899029761726
0.8830222215594895 0.007560477477002555
0.8930265473713942 0.007164608851653531
0.9026351287655296 0.006704265250660225
0.9118382907149167 0.006185940237729058
0.9206267664155909 0.0056599337559909806
0.9289917066174888 0.00516843680331721
0.9369246885348927 0.004715248129922431
0.9444177243274618 0.004276590092552192
0.9514632691433107 0.00383510912234121
0.958054228716035 0.003386286004559231
0.9641839665080364 0.0029405872280181605
0.9698463103929542 0.0025081643817795375
0.9750355588704727 0.002097141233121233
0.9797464868072487 0.0017138806623892932
0.9839743506981782 0.0013632439896471447
0.9877148934427036 0.0010488387385265401
0.9909643486313533 0.0007732511191183362
0.9937194443381971 0.0005382597880848316
0.9959774064153977 0.0003450277573412997
0.9977359612865423 0.00019426966919539537
0.9989933382359422 8.639203198260452e-05
0.9997482711915926 2.1604411938133488e-05
1.0 0.0
