1.0 0.0002542017
0.9997482711915926 0.0003668061574484567
0.9989933382359422 0.0007038928333645297
0.9977359612865423 0.0012632823979212664
0.9959774064153977 0.0020413451875154216
0.9937194443381971 0.0030330051079503198
0.9909643486313533 0.004231745245819825
0.9877148934427036 0.00562961533243501
0.9839743506981782 0.007217241242211458
0.9797464868072487 0.008983836742316573
0.9750355588704727 0.010917217742025873
0.9698463103929542 0.013003819318143263
0.9641839665080364 0.015228787464657853
0.958054228716035 0.017576624285690248
0.9514632691433107 0.02003124307951913
0.9444177243274618 0.022576127668257603
0.9369246885348927 0.025194911729230683
0.9289917066174888 0.02787144747344187
0.9206267664155909 0.030590638322359694
0.9118382907149167 0.03333847606596556
0.9026351287655296 0.036102673546743264
0.8930265473713942 0.03887285486819597
0.8830222215594895 0.04164101346403861
0.872632224837878 0.04440166831748203
0.8618670190525357 0.04715202945238449
0.8507374438531613 0.04989211495914922
0.8392547057785669 0.05262466724236848
0.8274303669726433 0.055355015374208
0.8152763335422621 0.05809081657813396
0.8028048435688343 0.06084168069643867
0.7900284547856001 0.06361875322848608
0.7769600319330563 0.06643412556372569
0.7636127338052524 0.06930026809719841
0.7500000000000012 0.07222943035393065
0.7361355373863427 0.07523288183619736
0.7220333063028884 0.07832029583704016
0.7077075065009447 0.08149919957209051
0.6931725628465657 0.08477433393130496
0.6784431107959373 0.0881471873998442
0.6635339816587122 0.0916156082705601
0.6484601876641387 0.09517353702848826
0.6332369068450188 0.09881081202492406
0.6178794677547149 0.10251335322634035
0.6024033340325966 0.10626271832194177
0.5868240888334664 0.1100372424167648
0.5711574191366438 0.11381159335433512
0.5554190999505066 0.11755736942932242
0.5396249784283953 0.1212441710156141
0.5237909579118721 0.12483964603808965
0.5079329819174049 0.1283104295692526
0.4920670180825969 0.1316227569383892
0.4762090420881297 0.13474339028147855
0.46037502157160654 0.13763995447488134
0.44458090004949524 0.14028177790625218
0.42884258086335814 0.14264052097487864
0.41317591116653546 0.1446908454766718
0.3975966659674052 0.14641024769284822
0.38212053224528686 0.14778008410186522
0.36676309315498296 0.14878555955829803
0.35153981233586296 0.1494158139293709
0.33646601834128953 0.14966400694846077
0.32155688920406433 0.14952739072519888
0.3068274371534359 0.1490067945300441
0.29229249349905695 0.1481072071836517
0.2779666936971131 0.14683661624198924
0.2638644626136587 0.1452063022448848
0.25000000000000006 0.14323014493809252
0.2363872661947488 0.14092462561085306
0.22303996806694482 0.13830796124049524
0.20997154521440087 0.13539984753275713
0.19719515643116664 0.132221550771753
0.18472366645773874 0.12879460510932922
0.17256963302735745 0.12514138775034617
0.1607452942214339 0.12128415252690077
0.14926255614683936 0.11724486227979973
0.1381329809474649 0.11304527166999752
0.12736777516212267 0.10870638414907094
0.116977778440511 0.10424797609311211
0.10697345262860625 0.09968915214419602
0.09736487123447068 0.09504760914618894
0.0881617092850836 0.0903396871690713
0.0793732335844094 0.08558047034930472
0.07100829338251147 0.08078355736112024
0.06307531146510753 0.07596109774743673
0.05558227567253826 0.07112373297451767
0.04853673085668936 0.0662806946739298
0.041945771283965205 0.061439761666622066
0.03581603349196366 0.05660727941954759
0.030153689607045786 0.05178835353769093
0.02496444112952728 0.04698665933451621
0.020253513192751316 0.04220480590987835
0.016025649301821876 0.03744423680945768
0.012285106557296477 0.03270519193609748
0.009035651368646647 0.027987578007152115
0.006280555661802856 0.02328886596873382
0.00402259358460233 0.01860683998449644
0.0022640387134577056 0.013951517266199562
0.0010066617640577813 0.009309677166253597
0.0002517288084074587 0.004537291977852762
0.0 0.0018226110808669906
0.0 0.0
0.0002517288084074587 -0.005257935638685289
0.0010066617640577813 -0.009427917765236634
0.0022640387134577056 -0.01420705013856822
0.00402259358460233 -0.018951797619034854
0.006280555661802856 -0.023587700885532994
0.009035651368646647 -0.028175190255183502
0.012285106557296477 -0.03269929808508346
0.016025649301821876 -0.037150692750988465
0.020253513192751316 -0.041523107517136955
0.02496444112952728 -0.04581127939834024
0.030153689607045786 -0.05001018975181901
0.03581603349196366 -0.05411493528294887
0.041945771283965205 -0.05812047483505159
0.04853673085668936 -0.0620208785213866
0.05558227567253826 -0.06580915270800265
0.06307531146510753 -0.06947665660671921
0.07100829338251147 -0.07301282729801574
0.0793732335844094 -0.07640494803124721
0.0881617092850836 -0.07963790443535705
0.09736487123447068 -0.08269432135032176
0.10697345262860625 -0.0855545232480648
0.116977778440511 -0.08819691413705533
0.12736777516212267 -0.09059836501112942
0.1381329809474649 -0.09273461551285915
0.14926255614683936 -0.0945810817567641
0.1607452942214339 -0.09611337524731878
0.17256963302735745 -0.09730820004868826
0.18472366645773874 -0.09814404200199314
0.19719515643116664 -0.09860196435681479
0.20997154521440087 -0.09866629052146152
0.22303996806694482 -0.0983253034258017
0.2363872661947488 -0.09757173214314294
0.25000000000000006 -0.09640322143157211
0.2638644626136587 -0.0948225893881219
0.2779666936971131 -0.09283797701580178
0.29229249349905695 -0.09046285027489237
0.3068274371534359 -0.08771585036721341
0.32155688920406433 -0.08462045117503787
0.33646601834128953 -0.08120458189947899
0.35153981233586296 -0.07750013975428689
0.36676309315498296 -0.07354221568585576
0.38212053224528686 -0.06936858786523317
0.3975966659674052 -0.06501892430463067
0.41317591116653546 -0.06053389480518363
0.42884258086335814 -0.05595467179133059
0.44458090004949524 -0.05132200132501499
0.46037502157160654 -0.046675525638819465
0.4762090420881297 -0.042053219452662625
0.4920670180825969 -0.037490810390462176
0.5079329819174049 -0.03302113477672549
0.5237909579118721 -0.028673954902741546
0.5396249784283953 -0.024475406190318835
0.5554190999505066 -0.0204478709541702
0.5711574191366438 -0.01660990378284464
0.5868240888334664 -0.012976005228335244
0.6024033340325966 -0.00955686109918245
0.6178794677547149 -0.006359299237985906
0.6332369068450188 -0.003386579208039455
0.6484601876641387 -0.0006387551989024192
0.6635339816587122 0.0018871594924275215
0.6784431107959373 0.004196581061701
0.6931725628465657 0.006297017898997169
0.7077075065009447 0.008197519534885591
0.7220333063028884 0.00990820264877547
0.7361355373863427 0.011439682389702685
0.7500000000000012 0.012802628422521818
0.7636127338052524 0.014007249164073038
0.7769600319330563 0.015062857966505125
0.7900284547856001 0.015977586374946357
0.8028048435688343 0.016758064385666006
0.8152763335422621 0.017409238962698366
0.8274303669726433 0.017934351159680527
0.8392547057785669 0.01833499201978967
0.8507374438531613 0.01861119203669844
0.8618670190525357 0.018761721170449695
0.872632224837878 0.018784561582394107
0.8830222215594895 0.01867729785673123
0.8930265473713942 0.018437470817981562
0.9026351287655296 0.01806351585219174
0.9118382907149167 0.017555057061080417
0.9206267664155909 0.01691337793324581
0.9289917066174888 0.016142466913075915
0.9369246885348927 0.015248563153876949
0.9444177243274618 0.014241615364352322
0.9514632691433107 0.013134083403023985
0.958054228716035 0.01194248650552889
0.9641839665080364 0.010686101854325312
0.9698463103929542 0.009387476326328706
0.9750355588704727 0.008071551882218024
0.9797464868072487 0.006764390790676974
0.9839743506981782 0.005493820259716588
0.9877148934427036 0.004288413428349052
0.9909643486313533 0.003176328895754838
0.9937194443381971 0.002184249311037862
0.9959774064153977 0.0013364326250292268
0.9977359612865423 0.0006538880880603974
0.9989933382359422 0.00015368743594627404
0.9997482711915926 -0.00015158004237950765
1.0 -0.0002542017
