1.0 0.0002157736
0.9997482711915926 0.00036192403083576776
0.9989933382359422 0.0007982243734199823
0.9977359612865423 0.0015182809509330843
0.9959774064153977 0.0025116341461845887
0.9937194443381971 0.0037640506121980563
0.9909643486313533 0.005257927282459621
0.9877148934427036 0.006972802158498127
0.9839743506981782 0.008885965505760271
0.9797464868072487 0.010973163807068174
0.9750355588704727 0.013209387619481983
0.9698463103929542 0.015569733367563586
0.9641839665080364 0.018030179751828575
0.958054228716035 0.02056727639542018
0.9514632691433107 0.02315910019093499
0.9444177243274618 0.02578598065227942
0.9369246885348927 0.028430338029678547
0.9289917066174888 0.031077683068910275
0.9206267664155909 0.033715882437306346
0.9118382907149167 0.03633606183033362
0.9026351287655296 0.03893191953855542
0.8930265473713942 0.04150022739435886
0.8830222215594895 0.04404042580297715
0.872632224837878 0.046554486638604724
0.8618670190525357 0.04904689871924181
0.8507374438531613 0.0515242722119432
0.8392547057785669 0.05399516945143641
0.8274303669726433 0.05646985973044322
0.8152763335422621 0.058959958641069954
0.8028048435688343 0.06147809115156036
0.7900284547856001 0.06403759232472948
0.7769600319330563 0.06665202837473473
0.7636127338052524 0.06933478842140664
0.7500000000000012 0.07209865644050548
0.7361355373863427 0.07495517589130213
0.7220333063028884 0.0779141493370398
0.7077075065009447 0.08098318341900437
0.6931725628465657 0.08416701596831858
0.6784431107959373 0.08746709932664413
0.6635339816587122 0.09088103963417506
0.6484601876641387 0.09440227810479053
0.6332369068450188 0.09801974879400895
0.6178794677547149 0.10171775142770671
0.6024033340325966 0.10547593344217625
0.5868240888334664 0.10926942885370608
0.5711574191366438 0.11306901519739891
0.5554190999505066 0.11684178769550393
0.5396249784283953 0.12055183746727482
0.5237909579118721 0.12416074991767455
0.5079329819174049 0.127628741966916
0.4920670180825969 0.13091564900996655
0.4762090420881297 0.13398183238110617
0.46037502157160654 0.13678946142401108
0.44458090004949524 0.13930304375717023
0.42884258086335814 0.1414910385656065
0.41317591116653546 0.14332614360872278
0.3975966659674052 0.1447861318123036
0.38212053224528686 0.14585423272033632
0.36676309315498296 0.14651942394624487
0.35153981233586296 0.14677661607038803
0.33646601834128953 0.14662629792656223
0.32155688920406433 0.14607404675691787
0.3068274371534359 0.14513028477585407
0.29229249349905695 0.14380954401278342
0.2779666936971131 0.14212929797890855
0.2638644626136587 0.14010985643381668
0.25000000000000006 0.1377727311222306
0.2363872661947488 0.13514046940406374
0.22303996806694482 0.13223555866127887
0.20997154521440087 0.12908006828763588
0.19719515643116664 0.12569477746905747
0.18472366645773874 0.12209975709403426
0.17256963302735745 0.1183131447878017
0.1607452942214339 0.11435209559888804
0.14926255614683936 0.110232321262206
0.1381329809474649 0.10596877157322473
0.12736777516212267 0.10157592689070749
0.116977778440511 0.09706799942953451
0.10697345262860625 0.09245957893106906
0.09736487123447068 0.08776579646225398
0.0881617092850836 0.0830026947161716
0.0793732335844094 0.0781873887319075
0.07100829338251147 0.07333799666749058
0.06307531146510753 0.06847354289200362
0.05558227567253826 0.06361366115579357
0.04853673085668936 0.058778150278059244
0.041945771283965205 0.0539864149049389
0.03581603349196366 0.049256775524074314
0.030153689607045786 0.04460589258458009
0.02496444112952728 0.0400478576689374
0.020253513192751316 0.035593757691362776
0.016025649301821876 0.03125097059671274
0.012285106557296477 0.027022609585660592
0.009035651368646647 0.022907882654812674
0.006280555661802856 0.018900232777702673
0.00402259358460233 0.014989555232004464
0.0022640387134577056 0.011171922777778629
0.0010066617640577813 0.007421853635421391
0.0002517288084074587 0.0036075761481525075
0.0 0.0014472633436518824
0.0 0.0
0.0002517288084074587 -0.0036923131267585117
0.0010066617640577813 -0.006619201098911559
0.0022640387134577056 -0.009971316445336127
0.00402259358460233 -0.013295862033494157
0.006280555661802856 -0.016540191605965267
0.009035651368646647 -0.019747003887914227
0.012285106557296477 -0.022906730632277907
0.016025649301821876 -0.026014458102995533
0.020253513192751316 -0.029068100940261618
0.02496444112952728 -0.03206688540582875
0.030153689607045786 -0.035010647616303785
0.03581603349196366 -0.03789963934207715
0.041945771283965205 -0.04073410391771041
0.04853673085668936 -0.04351354783723478
0.05558227567253826 -0.04623640692510483
0.06307531146510753 -0.048899360274421426
0.07100829338251147 -0.051496987117347987
0.0793732335844094 -0.054021363677551865
0.0881617092850836 -0.05646176891039503
0.09736487123447068 -0.05880464735953026
0.10697345262860625 -0.061033543473977485
0.116977778440511 -0.06312935560008319
0.12736777516212267 -0.06507059682335116
0.1381329809474649 -0.06683383454109161
0.14926255614683936 -0.06839433732807236
0.1607452942214339 -0.0697266476467314
0.17256963302735745 -0.07080539394454319
0.18472366645773874 -0.07160603468454373
0.19719515643116664 -0.07210561712473575
0.20997154521440087 -0.072283604763233
0.22303996806694482 -0.0721225392977094
0.2363872661947488 -0.07160869003226938
0.25000000000000006 -0.07073263785318165
0.2638644626136587 -0.06948966580078346
0.2779666936971131 -0.0678800985139075
0.29229249349905695 -0.06590946786671782
0.3068274371534359 -0.06358858541525447
0.32155688920406433 -0.060933459517436554
0.33646601834128953 -0.05796505713290236
0.35153981233586296 -0.054709102198311585
0.36676309315498296 -0.05119548097965875
0.38212053224528686 -0.04745794748794355
0.3975966659674052 -0.04353342836962778
0.41317591116653546 -0.03946131311571427
0.42884258086335814 -0.035282961641067034
0.44458090004949524 -0.031040794712615574
0.46037502157160654 -0.026777606299098408
0.4762090420881297 -0.02253582950698002
0.4920670180825969 -0.018356768644465428
0.5079329819174049 -0.014279785327103901
0.5237909579118721 -0.010341716734016801
0.5396249784283953 -0.00657609136021253
0.5554190999505066 -0.0030125677011450204
0.5711574191366438 0.0003235357255733922
0.5868240888334664 0.0034117678455672148
0.6024033340325966 0.006236772552259368
0.6178794677547149 0.008788549703374528
0.6332369068450188 0.011062492562267056
0.6484601876641387 0.013059227308530893
0.6635339816587122 0.014784493508086645
0.6784431107959373 0.01624862042182207
0.6931725628465657 0.01746607597082851
0.7077075065009447 0.018454750230133564
0.7220333063028884 0.019235177595493123
0.7361355373863427 0.019829680895204555
0.7500000000000012 0.020261445198190606
0.7636127338052524 0.02055355365893478
0.7769600319330563 0.020728110810961785
0.7900284547856001 0.02080537580257479
0.8028048435688343 0.020802990896823016
0.8152763335422621 0.020735401266875748
0.8274303669726433 0.020613438529131504
0.8392547057785669 0.02044407103463259
0.8507374438531613 0.020230355080634737
0.8618670190525357 0.019971613133724836
0.872632224837878 0.01966399238617804
0.8830222215594895 0.019301000836458873
0.8930265473713942 0.018874007091372193
0.9026351287655296 0.018373704106199935
0.9118382907149167 0.017790673864023946
0.9206267664155909 0.017116265860495077
0.9289917066174888 0.016344459412504744
0.9369246885348927 0.015471311811861309
0.9444177243274618 0.014497602703467654
0.9514632691433107 0.013427144096367926
0.958054228716035 0.012269645756880748
0.9641839665080364 0.011038862309831438
0.9698463103929542 0.009753781296344329
0.9750355588704727 0.008437471928255884
0.9797464868072487 0.007115268353546739
0.9839743506981782 0.005816192998768945
0.9877148934427036 0.004571539315611398
0.9909643486313533 0.0034131920132685614
0.9937194443381971 0.0023720894584132474
0.9959774064153977 0.0014768483700932534
0.9977359612865423 0.0007525686939870413
0.9989933382359422 0.00021983411271856655
0.9997482711915926 -0.00010607893831169848
1.0 -0.0002157736
