1.0 0.0
0.9997482711915926 2.3271471662167396e-05
0.9989933382359422 9.309306714648256e-05
0.9977359612865423 0.00020947844979187706
0.9959774064153977 0.00037242424110516133
0.9937194443381971 0.0005818711777828951
0.9909643486313533 0.0008376504936092883
0.9877148934427036 0.0011394162786527644
0.9839743506981782 0.0014865647694878965
0.9797464868072487 0.0018781417153994917
0.9750355588704727 0.0023128818004078235
0.9698463103929542 0.002789753801554538
0.9641839665080364 0.0033077955740785487
0.958054228716035 0.003865983725737412
0.9514632691433107 0.0044632080786729976
0.9444177243274618 0.0050981258979361935
0.9369246885348927 0.005769494605565266
0.9289917066174888 0.006476387521160839
0.9206267664155909 0.007217528132222372
0.9118382907149167 0.007991546991817717
0.9026351287655296 0.008797234848682795
0.8930265473713942 0.009633472926459797
0.8830222215594895 0.010498912609208762
0.872632224837878 0.011392395806458868
0.8618670190525357 0.012312560297317046
0.8507374438531613 0.013258090275394275
0.8392547057785669 0.014227754432623186
0.8274303669726433 0.015220465513512273
0.8152763335422621 0.016234660636125536
0.8028048435688343 0.017269463517591357
0.7900284547856001 0.01832343878430304
0.7769600319330563 0.019395515361023772
0.7636127338052524 0.020484428503399314
0.7500000000000012 0.021589168702246288
0.7361355373863427 0.02270879045429868
0.7220333063028884 0.023841796353097217
0.7077075065009447 0.024987454187385082
0.6931725628465657 0.026144436153946966
0.6784431107959373 0.027311394803983233
0.6635339816587122 0.028486998912964915
0.6484601876641387 0.029669098203773052
0.6332369068450188 0.03085604836605546
0.6178794677547149 0.032045286902888825
0.6024033340325966 0.0332341593367584
0.5868240888334664 0.03441927590364518
0.5711574191366438 0.03559707016864593
0.5554190999505066 0.03676338233676199
0.5396249784283953 0.03791349554230208
0.5237909579118721 0.03904253423658654
0.5079329819174049 0.04014494555435845
0.4920670180825969 0.04121519650041328
0.4762090420881297 0.042247622549395014
0.46037502157160654 0.043235934477844455
0.44458090004949524 0.0441744730057195
0.42884258086335814 0.04505741427063386
0.41317591116653546 0.0458789105145852
0.3975966659674052 0.04663406417442491
0.38212053224528686 0.04731781822828821
0.36676309315498296 0.047926237858802734
0.35153981233586296 0.048456122801966324
0.33646601834128953 0.04890488458738544
0.32155688920406433 0.04926953121567955
0.3068274371534359 0.049548298721318246
0.29229249349905695 0.04973885677101191
0.2779666936971131 0.049839461096757375
0.2638644626136587 0.04984861950678652
0.25000000000000006 0.04976418281331336
0.2363872661947488 0.04958375385937272
0.22303996806694482 0.04930536419039055
0.20997154521440087 0.048927408317427486
0.19719515643116664 0.048448085928202676
0.18472366645773874 0.04786656922285578
0.17256963302735745 0.04718177420511106
0.1607452942214339 0.04639313236190702
0.14926255614683936 0.045500213822842896
0.1381329809474649 0.04450343250840229
0.12736777516212267 0.04340407775610259
0.116977778440511 0.04220196162390936
0.10697345262860625 0.04089506152421912
0.09736487123447068 0.03948827978482647
0.0881617092850836 0.03798764385771262
0.0793732335844094 0.036392830394239684
0.07100829338251147 0.0347051136107535
0.06307531146510753 0.032930817077623055
0.05558227567253826 0.031074143341653312
0.04853673085668936 0.02914034878694838
0.041945771283965205 0.027136059378217378
0.03581603349196366 0.02506957436876764
0.030153689607045786 0.02295061894945619
0.02496444112952728 0.02078863600505714
0.020253513192751316 0.01859547708149806
0.016025649301821876 0.016383280722954644
0.012285106557296477 0.014161321873432737
0.009035651368646647 0.01194570842534728
0.006280555661802856 0.009757406502946887
0.00402259358460233 0.007603194588821094
0.0022640387134577056 0.005522901501269158
0.0010066617640577813 0.0034858915192295423
0.0002517288084074587 0.0015596733681622259
0.0 0.000376643496019307
0.0 0.0
0.0002517288084074587 -0.0017222840744469748
0.0010066617640577813 -0.001800814197430424
0.0022640387134577056 -0.0033589280009439894
0.00402259358460233 -0.004165322217287571
0.006280555661802856 -0.005325287537520327
0.009035651368646647 -0.0063464191915239354
0.012285106557296477 -0.007413542862822042
0.016025649301821876 -0.008434204469610357
0.020253513192751316 -0.009420087706100394
0.02496444112952728 -0.010377013573220977
0.030153689607045786 -0.011295173405913869
0.03581603349196366 -0.012175442086063975
0.041945771283965205 -0.013022267434113608
0.04853673085668936 -0.013836169085953838
0.05558227567253826 -0.014618004160956278
0.06307531146510753 -0.015369352817203414
0.07100829338251147 -0.01609158392902378
0.0793732335844094 -0.016785109374596124
0.0881617092850836 -0.017448523497364848
0.09736487123447068 -0.018076366897695765
0.10697345262860625 -0.018661637997757736
0.116977778440511 -0.0192024084885482
0.12736777516212267 -0.019696642326422844
0.1381329809474649 -0.02013664672333668
0.14926255614683936 -0.020517290887101334
0.1607452942214339 -0.020834650726807062
0.17256963302735745 -0.021086027470281862
0.18472366645773874 -0.0212706131596735
0.19719515643116664 -0.021388233429227493
0.20997154521440087 -0.021440266563090234
0.22303996806694482 -0.02142939327105656
0.2363872661947488 -0.021359170548907923
0.25000000000000006 -0.0212340983763205
0.2638644626136587 -0.021059350674090586
0.2779666936971131 -0.02084006185473824
0.29229249349905695 -0.02058145388408955
0.3068274371534359 -0.020287854013044285
0.32155688920406433 -0.019963387998257098
0.33646601834128953 -0.019611680100913936
0.35153981233586296 -0.019236239852179864
0.36676309315498296 -0.018840522985969253
0.38212053224528686 -0.018427749774686305
0.3975966659674052 -0.018000927701736284
0.41317591116653546 -0.01756290193813377
0.42884258086335814 -0.017115442590150298
0.44458090004949524 -0.016660188153086872
0.46037502157160654 -0.016198954004447628
0.4762090420881297 -0.01573321028035652
0.4920670180825969 -0.015264045508449944
0.5079329819174049 -0.014792993640806594
0.5237909579118721 -0.014320910893443131
0.5396249784283953 -0.013849197417346203
0.5554190999505066 -0.013378313794267353
0.5711574191366438 -0.012909443648745725
0.5868240888334664 -0.012443038410844941
0.6024033340325966 -0.011980055470841803
0.6178794677547149 -0.011521052840275792
0.6332369068450188 -0.011066065731628489
0.6484601876641387 -0.010615865291682498
0.6635339816587122 -0.010170577492499994
0.6784431107959373 -0.009730875116552969
0.6931725628465657 -0.009296723134703803
0.7077075065009447 -0.008868676794344726
0.7220333063028884 -0.008447079634258258
0.7361355373863427 -0.008032313713382883
0.7500000000000012 -0.007624624685926309
0.7636127338052524 -0.007224523167990379
0.7769600319330563 -0.006832632111034445
0.7900284547856001 -0.006449177118284742
0.8028048435688343 -0.0060747315647791955
0.8152763335422621 -0.005709767650867544
0.8274303669726433 -0.005354474809280387
0.8392547057785669 -0.005009304822430772
0.8507374438531613 -0.004674274938045004
0.8618670190525357 -0.004349586759350465
0.872632224837878 -0.004035492289885356
0.8830222215594895 -0.0037316248085731392
0.8930265473713942 -0.003437990536585292
0.9026351287655296 -0.003154429730215181
0.9118382907149167 -0.002880696881562247
0.9206267664155909 -0.0026169553744402768
0.9289917066174888 -0.0023630871990197254
0.9369246885348927 -0.0021190546519024188
0.9444177243274618 -0.0018850912154379606
0.9514632691433107 -0.0016615382884279817
0.958054228716035 -0.0014489292528861936
0.9641839665080364 -0.0012478919855782617
0.9698463103929542 -0.0010590266587413397
0.9750355588704727 -0.0008830234571971777
0.9797464868072487 -0.0007206639103467924
0.9839743506981782 -0.0005728330082967828
0.9877148934427036 -0.00044060387610205773
0.9909643486313533 -0.00032484199925483597
0.9937194443381971 -0.0002261697849165175
0.9959774064153977 -0.00014501950403239528
0.9977359612865423 -8.167944676634316e-05
0.9989933382359422 -3.6332623103981597e-05
0.9997482711915926 -9.087452012957366e-06
1.0 0.0
