1.0 0.0007
0.9997482711915926 0.00073311342759622
0.9989933382359422 0.0008326904208478121
0.9977359612865423 0.0009994503886710476
0.9959774064153977 0.0012346231273345685
0.9937194443381971 0.001539994491233776
0.9909643486313533 0.0019179693348831792
0.9877148934427036 0.0023716507420083605
0.9839743506981782 0.002904934294834321
0.9797464868072487 0.0035226158874292392
0.9750355588704727 0.004230511354012531
0.9698463103929542 0.0050355859690522625
0.9641839665080364 0.005946091683158977
0.958054228716035 0.006971709789417376
0.9514632691433107 0.008123696570846705
0.9444177243274618 0.009413833802965633
0.9369246885348927 0.010845099238587069
0.9289917066174888 0.012412915212397999
0.9206267664155909 0.014108061888630416
0.9118382907149167 0.01591548320992399
0.9026351287655296 0.017813572622073687
0.8930265473713942 0.01977615700845334
0.8830222215594895 0.021789070067975716
0.872632224837878 0.023845519824328983
0.8618670190525357 0.025937970953787432
0.8507374438531613 0.02805749957342345
0.8392547057785669 0.030194754086847717
0.8274303669726433 0.0323412338862152
0.8152763335422621 0.03448837166293419
0.8028048435688343 0.036625924409139435
0.7900284547856001 0.03874286562599141
0.7769600319330563 0.040829925691557106
0.7636127338052524 0.04287859372164802
0.7500000000000012 0.0448794527026179
0.7361355373863427 0.04681869911395112
0.7220333063028884 0.04866642048495898
0.7077075065009447 0.050387324362630256
0.6931725628465657 0.051947045198079175
0.6784431107959373 0.05336900060268072
0.6635339816587122 0.05474544770962683
0.6484601876641387 0.05617921367084241
0.6332369068450188 0.05768899323233864
0.6178794677547149 0.059024083708061344
0.6024033340325966 0.06003264532995164
0.5868240888334664 0.06093293682464642
0.5711574191366438 0.06176604387325025
0.5554190999505066 0.062499289677472654
0.5396249784283953 0.06311425530969704
0.5237909579118721 0.06360078847648123
0.5079329819174049 0.06402329433702726
0.4920670180825969 0.06435785206927468
0.4762090420881297 0.0646180271207275
0.46037502157160654 0.06481119829131274
0.44458090004949524 0.06485881204619078
0.42884258086335814 0.06491023939068795
0.41317591116653546 0.06489645487082273
0.3975966659674052 0.06475194736102369
0.38212053224528686 0.06456512937374322
0.36676309315498296 0.06432760103408025
0.35153981233586296 0.0639854574237156
0.33646601834128953 0.06358301162234986
0.32155688920406433 0.06316589309939842
0.3068274371534359 0.06263640906394297
0.29229249349905695 0.0620527431154752
0.2779666936971131 0.06142742595311959
0.2638644626136587 0.06072771972725191
0.25000000000000006 0.06000435443259373
0.2363872661947488 0.05921026886473333
0.22303996806694482 0.05831079579053771
0.20997154521440087 0.05739499827777793
0.19719515643116664 0.056424580928685894
0.18472366645773874 0.05535631026071234
0.17256963302735745 0.0542666000914469
0.1607452942214339 0.053174380303380515
0.14926255614683936 0.05204662314341935
0.1381329809474649 0.05086414358157815
0.12736777516212267 0.04960746768518303
0.116977778440511 0.0482675984650938
0.10697345262860625 0.04686673745849566
0.09736487123447068 0.04546920481416785
0.0881617092850836 0.04396363168021879
0.0793732335844094 0.04224000462977089
0.07100829338251147 0.040529784407168847
0.06307531146510753 0.0386271422272244
0.05558227567253826 0.0365350536937542
0.04853673085668936 0.034372409269871416
0.041945771283965205 0.0321857652500774
0.03581603349196366 0.029900562041363182
0.030153689607045786 0.02760462040912409
0.02496444112952728 0.025364031702186957
0.020253513192751316 0.0230065228444532
0.016025649301821876 0.02065186638316891
0.012285106557296477 0.018439320054315693
0.009035651368646647 0.016256477022129123
0.006280555661802856 0.013903548598806239
0.00402259358460233 0.011649852295182494
0.0022640387134577056 0.00910725677564931
0.0010066617640577813 0.007052224420200794
0.0002517288084074587 0.004408224458701046
0.0 0.002633906053683422
0.0 0.0
0.0002517288084074587 -0.0038926439025865497
0.0010066617640577813 -0.006331829958992951
0.0022640387134577056 -0.008920595740739553
0.00402259358460233 -0.011501233639002928
0.006280555661802856 -0.013931985255982686
0.009035651368646647 -0.016224809303924875
0.012285106557296477 -0.018260676186787145
0.016025649301821876 -0.02024570233862514
0.020253513192751316 -0.022205080045523882
0.02496444112952728 -0.02417989380691656
0.030153689607045786 -0.026135922832284112
0.03581603349196366 -0.028031017119149633
0.041945771283965205 -0.02987040901894316
0.04853673085668936 -0.03168328919692428
0.05558227567253826 -0.03351849660317715
0.06307531146510753 -0.03536027702364297
0.07100829338251147 -0.03715084813663015
0.0793732335844094 -0.038819632122438934
0.0881617092850836 -0.040336547278165664
0.09736487123447068 -0.04174326511300568
0.10697345262860625 -0.043095145130579916
0.116977778440511 -0.044407293651705995
0.12736777516212267 -0.04566530657381064
0.1381329809474649 -0.04685321092699735
0.14926255614683936 -0.04795416929031437
0.1607452942214339 -0.048952534218102174
0.17256963302735745 -0.04984366646990211
0.18472366645773874 -0.05062880878639679
0.19719515643116664 -0.05131147504776507
0.20997154521440087 -0.05189594219650153
0.22303996806694482 -0.052381961697261885
0.2363872661947488 -0.052766235279442776
0.25000000000000006 -0.05304592391457689
0.2638644626136587 -0.053220003252054636
0.2779666936971131 -0.05328511765311149
0.29229249349905695 -0.05323757342960159
0.3068274371534359 -0.05307397624046452
0.32155688920406433 -0.052791289750796874
0.33646601834128953 -0.05238726006697721
0.35153981233586296 -0.05186058619188392
0.36676309315498296 -0.051210400572447384
0.38212053224528686 -0.05043586824480314
0.3975966659674052 -0.04953657153681401
0.41317591116653546 -0.04851244784942983
0.42884258086335814 -0.047363922806959724
0.44458090004949524 -0.04609207618073304
0.46037502157160654 -0.04469865275226448
0.4762090420881297 -0.043186945365741886
0.4920670180825969 -0.041561685202015405
0.5079329819174049 -0.0398287551396954
0.5237909579118721 -0.037994571475379414
0.5396249784283953 -0.03606544930406539
0.5554190999505066 -0.03404769324316332
0.5711574191366438 -0.03194977019912729
0.5868240888334664 -0.02978338841920908
0.6024033340325966 -0.027560465039199677
0.6178794677547149 -0.025292585042645244
0.6332369068450188 -0.022991146185967037
0.6484601876641387 -0.020667221621589286
0.6635339816587122 -0.01833402634954425
0.6784431107959373 -0.0160183410760354
0.6931725628465657 -0.013750362694093876
0.7077075065009447 -0.011557305480484057
0.7220333063028884 -0.009463550108587529
0.7361355373863427 -0.007491052895264806
0.7500000000000012 -0.005659196635653501
0.7636127338052524 -0.0039831481435031475
0.7769600319330563 -0.002468847787494143
0.7900284547856001 -0.0011187375273506333
0.8028048435688343 6.689743981782114e-05
0.8152763335422621 0.0010897895770750465
0.8274303669726433 0.001952832333272286
0.8392547057785669 0.002659479726298679
0.8507374438531613 0.003214250728692109
0.8618670190525357 0.0036255687089219823
0.872632224837878 0.003910186680628716
0.8830222215594895 0.004085295557250898
0.8930265473713942 0.004166811817298165
0.9026351287655296 0.004169300012749134
0.9118382907149167 0.004106108032774388
0.9206267664155909 0.003989421829710062
0.9289917066174888 0.0038301470393923938
0.9369246885348927 0.0036379946887991808
0.9444177243274618 0.0034217288248750244
0.9514632691433107 0.0031891895365657253
0.958054228716035 0.00294246239510903
0.9641839665080364 0.002675332888313903
0.9698463103929542 0.0023853795713538357
0.9750355588704727 0.0020741911629392363
0.9797464868072487 0.001746790210993793
0.9839743506981782 0.0014112414296866375
0.9877148934427036 0.0010776856237467967
0.9909643486313533 0.000757418567021912
0.9937194443381971 0.0004620469886835602
0.9959774064153977 0.00020273301052926802
0.9977359612865423 -1.0462883343616687e-05
0.9989933382359422 -0.00016913163035405768
0.9997482711915926 -0.0002669508703179724
1.0 -0.0003
