1.0 0.0
0.9997482711915926 4.7988148134152726e-05
0.9989933382359422 0.0001920426877841255
0.9977359612865423 0.00043243206443678404
0.9959774064153977 0.0007695975727461821
0.9937194443381971 0.0012041442535382276
0.9909643486313533 0.001736828286418835
0.9877148934427036 0.0023685410132063527
0.9839743506981782 0.0031002897638016864
0.9797464868072487 0.0039331756908492525
0.9750355588704727 0.004868368852294249
0.9698463103929542 0.005907080811386698
0.9641839665080364 0.007050535051528153
0.958054228716035 0.008299935528327487
0.9514632691433107 0.009656433703086496
0.9444177243274618 0.011121094420454948
0.9369246885348927 0.012694861007996442
0.9289917066174888 0.01437851998673587
0.9206267664155909 0.016172665789301183
0.9118382907149167 0.018078327553724523
0.9026351287655296 0.020099432074359946
0.8930265473713942 0.022241474759419545
0.8830222215594895 0.0245109538946638
0.872632224837878 0.026915070455401736
0.8618670190525357 0.029458874112093508
0.8507374438531613 0.03214608925573292
0.8392547057785669 0.03498044584694584
0.8274303669726433 0.03796422648758867
0.8152763335422621 0.041095059649795
0.8028048435688343 0.044368733994957214
0.7900284547856001 0.0477799070712571
0.7769600319330563 0.05132232811939753
0.7636127338052524 0.05498872033819445
0.7500000000000012 0.05876549877580338
0.7361355373863427 0.06259391781778685
0.7220333063028884 0.06638722611192097
0.7077075065009447 0.07004764128628246
0.6931725628465657 0.07345382534131056
0.6784431107959373 0.07647057915290148
0.6635339816587122 0.07902631751405106
0.6484601876641387 0.08124055053721253
0.6332369068450188 0.08327486052165183
0.6178794677547149 0.08522607662701606
0.6024033340325966 0.08704259287926226
0.5868240888334664 0.08865265822442428
0.5711574191366438 0.09001626513644877
0.5554190999505066 0.09117132052705668
0.5396249784283953 0.0921687656627478
0.5237909579118721 0.09304412508272583
0.5079329819174049 0.09378927765373517
0.4920670180825969 0.09438942468446755
0.4762090420881297 0.09483467169131375
0.46037502157160654 0.09512825949532142
0.44458090004949524 0.09527622337297006
0.42884258086335814 0.0952844088939544
0.41317591116653546 0.0951569322656976
0.3975966659674052 0.0948979499740149
0.38212053224528686 0.09451047186773849
0.36676309315498296 0.09399234742265762
0.35153981233586296 0.09334093995046053
0.33646601834128953 0.09255552131493192
0.32155688920406433 0.09164033484374752
0.3068274371534359 0.09060120438227544
0.29229249349905695 0.08944291649067392
0.2779666936971131 0.08816424437666336
0.2638644626136587 0.08676330399375355
0.25000000000000006 0.08524013850070036
0.2363872661947488 0.08359894860833632
0.22303996806694482 0.08184575714462392
0.20997154521440087 0.07998613821740296
0.19719515643116664 0.07801997632165518
0.18472366645773874 0.07594687166341468
0.17256963302735745 0.07376850052858784
0.1607452942214339 0.07148831536332587
0.14926255614683936 0.06911173352503698
0.1381329809474649 0.06664527054611959
0.12736777516212267 0.06409252122263061
0.116977778440511 0.06145829044096693
0.10697345262860625 0.058748971705958504
0.09736487123447068 0.05596603678698652
0.0881617092850836 0.05311307912640315
0.0793732335844094 0.05019793420624284
0.07100829338251147 0.047228877509500646
0.06307531146510753 0.044218323688366146
0.05558227567253826 0.04117784046684011
0.04853673085668936 0.03809803182142481
0.041945771283965205 0.03497714873357645
0.03581603349196366 0.03182820091466628
0.030153689607045786 0.028673489712405444
0.02496444112952728 0.02554657933106136
0.020253513192751316 0.022460283481606644
0.016025649301821876 0.01940198051710309
0.012285106557296477 0.016401740332919662
0.009035651368646647 0.01346359492965218
0.006280555661802856 0.010545253011004457
0.00402259358460233 0.007740885696076481
0.0022640387134577056 0.005237773984501491
0.0010066617640577813 0.0032510380875451447
0.0002517288084074587 0.0019719085710660947
0.0 0.0015302575688106784
0.0 0.0
0.0002517288084074587 2.2655288266726366e-05
0.0010066617640577813 0.0001200371557878417
0.0022640387134577056 0.0003627634781486017
0.00402259358460233 0.0008100105486278369
0.006280555661802856 0.0014343421671268659
0.009035651368646647 0.0021884394686547464
0.012285106557296477 0.00306217067276032
0.016025649301821876 0.004041065801843255
0.020253513192751316 0.0050965137774315284
0.02496444112952728 0.006182134814624258
0.030153689607045786 0.007237656353145247
0.03581603349196366 0.008246069784678086
0.041945771283965205 0.009238240498058272
0.04853673085668936 0.010257508827644805
0.05558227567253826 0.011295370253519286
0.06307531146510753 0.012323064543252757
0.07100829338251147 0.0133093562542002
0.0793732335844094 0.014232787297270724
0.0881617092850836 0.015073777395154772
0.09736487123447068 0.01582031866958461
0.10697345262860625 0.016487538981262487
0.116977778440511 0.017104076343083897
0.12736777516212267 0.01769169942375697
0.1381329809474649 0.018228525101728142
0.14926255614683936 0.018680225424333438
0.1607452942214339 0.019024369121071093
0.17256963302735745 0.019285785977968276
0.18472366645773874 0.01950462267735191
0.19719515643116664 0.01971542806234758
0.20997154521440087 0.019918601358299728
0.22303996806694482 0.020107497767756215
0.2363872661947488 0.020275390429306133
0.25000000000000006 0.020416876092778743
0.2638644626136587 0.020526569405299674
0.2779666936971131 0.020607247916551306
0.29229249349905695 0.020690292423329548
0.3068274371534359 0.020815973977678787
0.32155688920406433 0.02101293792454476
0.33646601834128953 0.021257200483555422
0.35153981233586296 0.021510319168682006
0.36676309315498296 0.02174066477498753
0.38212053224528686 0.021952987444250328
0.3975966659674052 0.022162011624175935
0.41317591116653546 0.022377526662367708
0.42884258086335814 0.02258413861971868
0.44458090004949524 0.02275878609930465
0.46037502157160654 0.02288521400037537
0.4762090420881297 0.022983779306700744
0.4920670180825969 0.023086788039907536
0.5079329819174049 0.023220191095218848
0.5237909579118721 0.023372729691990342
0.5396249784283953 0.02352019811822295
0.5554190999505066 0.0236407842035333
0.5711574191366438 0.023726596207509377
0.5868240888334664 0.023775210855632046
0.6024033340325966 0.023782084376892658
0.6178794677547149 0.023726476756850252
0.6332369068450188 0.02358168614076533
0.6484601876641387 0.023325200292224492
0.6635339816587122 0.02295786371270422
0.6784431107959373 0.02249184683295347
0.6931725628465657 0.021938331588525848
0.7077075065009447 0.02130293677730419
0.7220333063028884 0.020589495083284077
0.7361355373863427 0.01981099601562136
0.7500000000000012 0.019004864605073588
0.7636127338052524 0.01820949761088567
0.7769600319330563 0.017434901441269926
0.7900284547856001 0.01664137806593142
0.8028048435688343 0.015788722335803477
0.8152763335422621 0.014864408694778519
0.8274303669726433 0.013907612351918413
0.8392547057785669 0.012959434535545438
0.8507374438531613 0.012050200835344166
0.8618670190525357 0.011179518882546324
0.872632224837878 0.010338603861116622
0.8830222215594895 0.009520384292928638
0.8930265473713942 0.008722129515733276
0.9026351287655296 0.007947045655074148
0.9118382907149167 0.007198551488959131
0.9206267664155909 0.006479607149995903
0.9289917066174888 0.005792713557808338
0.9369246885348927 0.005139882705779238
0.9444177243274618 0.004522767947970569
0.9514632691433107 0.003942719579292178
0.958054228716035 0.0034008141047911942
0.9641839665080364 0.0028978842801618537
0.9698463103929542 0.002434549468074934
0.9750355588704727 0.002011245861175251
0.9797464868072487 0.0016282561336355048
0.9839743506981782 0.0012857380988451383
0.9877148934427036 0.0009837519709665061
0.9909643486313533 0.0007222858524798465
0.9937194443381971 0.0005012790981922036
0.9959774064153977 0.00032064323819716876
0.9977359612865423 0.00018028017759757583
0.9989933382359422 8.009742906884204e-05
0.9997482711915926 2.002017514241341e-05
1.0 0.0
