1.0 -0.0042
0.9997482711915926 -0.00413200834846755
0.9989933382359422 -0.003928168066930781
0.9977359612865423 -0.0035888822189075703
0.9959774064153977 -0.0031148194006573363
0.9937194443381971 -0.002506909009155224
0.9909643486313533 -0.0017663346816982344
0.9877148934427036 -0.0008945259708494671
0.9839743506981782 0.00010685166441529214
0.9797464868072487 0.001235908454105753
0.9750355588704727 0.0024905433864457547
0.9698463103929542 0.003868458623827957
0.9641839665080364 0.005367175125214184
0.958054228716035 0.006984049322860697
0.9514632691433107 0.008716290690861698
0.9444177243274618 0.010560879197242872
0.9369246885348927 0.012513792507876062
0.9289917066174888 0.014570121116791984
0.9206267664155909 0.01672451497924435
0.9118382907149167 0.01897546374449737
0.9026351287655296 0.021326705880994525
0.8930265473713942 0.023783444303275204
0.8830222215594895 0.026345030963700607
0.872632224837878 0.02900645634355139
0.8618670190525357 0.031762928775925216
0.8507374438531613 0.03461131557649848
0.8392547057785669 0.037549188618327116
0.8274303669726433 0.04057695882274152
0.8152763335422621 0.04369437271817513
0.8028048435688343 0.04688550266086166
0.7900284547856001 0.05012698451581413
0.7769600319330563 0.05341012560589414
0.7636127338052524 0.05673439318139152
0.7500000000000012 0.06009999999999971
0.7361355373863427 0.0635019891976167
0.7220333063028884 0.06691155993664528
0.7077075065009447 0.07030331950561738
0.6931725628465657 0.07367632873174573
0.6784431107959373 0.0770270266798709
0.6635339816587122 0.08034589405176477
0.6484601876641387 0.08363292161458522
0.6332369068450188 0.08688244708339381
0.6178794677547149 0.09005639268447609
0.6024033340325966 0.09313269524883264
0.5868240888334664 0.09611390477190832
0.5711574191366438 0.09899603144741397
0.5554190999505066 0.10177215683268678
0.5396249784283953 0.10443644693411067
0.5237909579118721 0.106991220160883
0.5079329819174049 0.10943311828979772
0.4920670180825969 0.11172427385993029
0.4762090420881297 0.11384504831870683
0.46037502157160654 0.11580136731408897
0.44458090004949524 0.11760051719626846
0.42884258086335814 0.11923099439156354
0.41317591116653546 0.12065714405331601
0.3975966659674052 0.12187537328205586
0.38212053224528686 0.12289527700833847
0.36676309315498296 0.12371690410337984
0.35153981233586296 0.12434628211119138
0.33646601834128953 0.1247916458748492
0.32155688920406433 0.12503846130068258
0.3068274371534359 0.1250667076973563
0.29229249349905695 0.12486034106371689
0.2779666936971131 0.12442017526334277
0.2638644626136587 0.12376128242232699
0.25000000000000006 0.1229
0.2363872661947488 0.12184863560172655
0.22303996806694482 0.12060293921109624
0.20997154521440087 0.11915900063541388
0.19719515643116664 0.11752050063729082
0.18472366645773874 0.11569232204372829
0.17256963302735745 0.11367817195115715
0.1607452942214339 0.11148813628071524
0.14926255614683936 0.10914292269348094
0.1381329809474649 0.10665606067528356
0.12736777516212267 0.10401564532687128
0.116977778440511 0.10121159792709084
0.10697345262860625 0.09824225114038292
0.09736487123447068 0.09511317999167224
0.0881617092850836 0.09182328336832157
0.0793732335844094 0.08835867665169148
0.07100829338251147 0.08471700697177145
0.06307531146510753 0.08089242754971683
0.05558227567253826 0.07688011986186362
0.04853673085668936 0.07269515449215973
0.041945771283965205 0.06834215049798043
0.03581603349196366 0.06379632545130803
0.030153689607045786 0.05902083754565451
0.02496444112952728 0.05396269675321572
0.020253513192751316 0.0486644429393366
0.016025649301821876 0.04327803092199918
0.012285106557296477 0.03798168552967179
0.009035651368646647 0.032773863292593734
0.006280555661802856 0.027323311435915733
0.00402259358460233 0.02173422919109185
0.0022640387134577056 0.01646952505622578
0.0010066617640577813 0.012127207692874162
0.0002517288084074587 0.009263160095608267
0.0 0.008262764604780273
0.0 0.0
0.0002517288084074587 -0.0017537559450868092
0.0010066617640577813 -0.006259313066953426
0.0022640387134577056 -0.011641200124615163
0.00402259358460233 -0.016073687104277284
0.006280555661802856 -0.01957318476920293
0.009035651368646647 -0.023019453311853687
0.012285106557296477 -0.026304516295440186
0.016025649301821876 -0.02942674133039551
0.020253513192751316 -0.03236931251475742
0.02496444112952728 -0.03517991045356336
0.030153689607045786 -0.03799754534100635
0.03581603349196366 -0.040813647277706616
0.041945771283965205 -0.043568586531575894
0.04853673085668936 -0.046240267841754994
0.05558227567253826 -0.0488426129729988
0.06307531146510753 -0.05137561575086702
0.07100829338251147 -0.053835069834704374
0.0793732335844094 -0.05622837407211666
0.0881617092850836 -0.058553609712147646
0.09736487123447068 -0.06079359273639427
0.10697345262860625 -0.06293423881249459
0.116977778440511 -0.06497622339508204
0.12736777516212267 -0.06693334236705988
0.1381329809474649 -0.06881188005797038
0.14926255614683936 -0.07058847888583777
0.1607452942214339 -0.07224241059548225
0.17256963302735745 -0.07379495923964237
0.18472366645773874 -0.07528165314088675
0.19719515643116664 -0.07669818524711416
0.20997154521440087 -0.07802006408575096
0.22303996806694482 -0.07923082133344372
0.2363872661947488 -0.08032115450908944
0.25000000000000006 -0.08130000000000001
0.2638644626136587 -0.08217992733763545
0.2779666936971131 -0.08295160910292655
0.29229249349905695 -0.08360336715150539
0.3068274371534359 -0.08413166836411855
0.32155688920406433 -0.08452835986142639
0.33646601834128953 -0.08478179678146361
0.35153981233586296 -0.0849078919666736
0.36676309315498296 -0.0849301664776505
0.38212053224528686 -0.08484940757184191
0.3975966659674052 -0.08464515389607329
0.41317591116653546 -0.08428234521705512
0.42884258086335814 -0.08375673412481652
0.44458090004949524 -0.08307248045434373
0.46037502157160654 -0.0822251758561648
0.4762090420881297 -0.08121768318026794
0.4920670180825969 -0.08005066907504739
0.5079329819174049 -0.07869946498741585
0.5237909579118721 -0.07712981479207513
0.5396249784283953 -0.0753140443007356
0.5554190999505066 -0.07327908282863668
0.5711574191366438 -0.07106526112492742
0.5868240888334664 -0.06870433454960094
0.6024033340325966 -0.06620401069011192
0.6178794677547149 -0.06356483732324796
0.6332369068450188 -0.06079769595980336
0.6484601876641387 -0.057902083535024074
0.6635339816587122 -0.054877054791561346
0.6784431107959373 -0.05177837164118792
0.6931725628465657 -0.04866057288705655
0.7077075065009447 -0.04554123843214474
0.7220333063028884 -0.042442411031538854
0.7361355373863427 -0.03939132846452936
0.7500000000000012 -0.036399999999999745
0.7636127338052524 -0.03346781803707236
0.7769600319330563 -0.030572449270625694
0.7900284547856001 -0.027723877541596924
0.8028048435688343 -0.025017646124347752
0.8152763335422621 -0.022503293473677667
0.8274303669726433 -0.020128493503681268
0.8392547057785669 -0.01786833738960612
0.8507374438531613 -0.01576909965274867
0.8618670190525357 -0.01386697650439531
0.872632224837878 -0.012158431509579239
0.8830222215594895 -0.010638865285070482
0.8930265473713942 -0.00935239262436375
0.9026351287655296 -0.00835261145251632
0.9118382907149167 -0.007644177402669161
0.9206267664155909 -0.007170688130971636
0.9289917066174888 -0.0068788593928266065
0.9369246885348927 -0.006746147922718636
0.9444177243274618 -0.0067720482351473045
0.9514632691433107 -0.006950159675910744
0.958054228716035 -0.00726597526958921
0.9641839665080364 -0.007696898080520978
0.9698463103929542 -0.008218206897695125
0.9750355588704727 -0.00880437881576228
0.9797464868072487 -0.009429716982553966
0.9839743506981782 -0.010068952118338026
0.9877148934427036 -0.010697810585622563
0.9909643486313533 -0.011293542236951105
0.9937194443381971 -0.01183540178491593
0.9959774064153977 -0.012305078018230758
0.9977359612865423 -0.012687065824235642
0.9989933382359422 -0.012968976665200171
0.9997482711915926 -0.013141783886317426
1.0 -0.0132
