1.0 0.0044
0.9997482711915926 0.004433386856322199
0.9989933382359422 0.004533321388808414
0.9977359612865423 0.004699133931020169
0.9959774064153977 0.004929736406604065
0.9937194443381971 0.005223664000604224
0.9909643486313533 0.0055791327428300515
0.9877148934427036 0.0059941122561909446
0.9839743506981782 0.006466412722756906
0.9797464868072487 0.006993784929951857
0.9750355588704727 0.007574032080720963
0.9698463103929542 0.008205131886605226
0.9641839665080364 0.008885367313149841
0.958054228716035 0.009613464214559532
0.9514632691433107 0.010388733980427068
0.9444177243274618 0.011211219222953461
0.9369246885348927 0.01208184045941599
0.9289917066174888 0.013002541692587778
0.9206267664155909 0.013976432762028
0.9118382907149167 0.01500792633208741
0.9026351287655296 0.016102867398329994
0.8930265473713942 0.017268010074798654
0.8830222215594895 0.018505060281121585
0.872632224837878 0.01981186937187991
0.8618670190525357 0.021185349225351528
0.8507374438531613 0.02262145665460042
0.8392547057785669 0.024115151623981427
0.8274303669726433 0.02566036471405882
0.8152763335422621 0.02724997449080066
0.8028048435688343 0.028875795344346762
0.7900284547856001 0.030529260173079848
0.7769600319330563 0.03220644729589176
0.7636127338052524 0.03390599145510396
0.7500000000000012 0.035626703477793537
0.7361355373863427 0.03736755572720225
0.7220333063028884 0.03912768082611152
0.7077075065009447 0.04090636843725264
0.6931725628465657 0.04270294475089655
0.6784431107959373 0.04451371077313337
0.6635339816587122 0.04633135832034159
0.6484601876641387 0.048148061592737074
0.6332369068450188 0.04995569146639842
0.6178794677547149 0.05174586793438418
0.6024033340325966 0.05351001628332039
0.5868240888334664 0.055239107047777306
0.5711574191366438 0.05692196427095598
0.5554190999505066 0.058546516486725306
0.5396249784283953 0.06010068325251483
0.5237909579118721 0.06157247715239327
0.5079329819174049 0.06295010521516588
0.4920670180825969 0.06422228110753594
0.4762090420881297 0.06538294772144551
0.46037502157160654 0.06643132652648573
0.44458090004949524 0.06736729324597393
0.42884258086335814 0.06819116260699157
0.41317591116653546 0.06890368167839271
0.3975966659674052 0.06950601118168814
0.38212053224528686 0.06999550698905095
0.36676309315498296 0.07035953896203562
0.35153981233586296 0.07058499023337655
0.33646601834128953 0.07066009069668894
0.32155688920406433 0.07057453322806263
0.3068274371534359 0.07031957654053171
0.29229249349905695 0.06988843602677793
0.2779666936971131 0.06928190773469833
0.2638644626136587 0.0685072914001397
0.25000000000000006 0.06757279403564583
0.2363872661947488 0.06648728291121518
0.22303996806694482 0.06526024513341777
0.20997154521440087 0.06390174386848925
0.19719515643116664 0.062422331484513746
0.18472366645773874 0.06082675126984399
0.17256963302735745 0.059108395353862406
0.1607452942214339 0.057262414038093214
0.14926255614683936 0.055287428132901564
0.1381329809474649 0.05318959374916649
0.12736777516212267 0.05099057095064208
0.116977778440511 0.04871420021073205
0.10697345262860625 0.04638334197502719
0.09736487123447068 0.04401965413697649
0.0881617092850836 0.041628159787854654
0.0793732335844094 0.039190704004244015
0.07100829338251147 0.03669713340855403
0.06307531146510753 0.03416295377718363
0.05558227567253826 0.031622440026664915
0.04853673085668936 0.029107857120598886
0.041945771283965205 0.026632133233492335
0.03581603349196366 0.024180091755607078
0.030153689607045786 0.02174942782545033
0.02496444112952728 0.019352968285155772
0.020253513192751316 0.017015346177141514
0.016025649301821876 0.014769790769830092
0.012285106557296477 0.012655077205289375
0.009035651368646647 0.010712677183754184
0.006280555661802856 0.008984148988763102
0.00402259358460233 0.007508801645743703
0.0022640387134577056 0.006321664133792133
0.0010066617640577813 0.005451786376077191
0.0002517288084074587 0.004920894262795701
0.0 0.004742416258598037
0.0 0.0
0.0002517288084074587 -0.00030864516189501435
0.0010066617640577813 -0.0011910473977893032
0.0022640387134577056 -0.002521712611368063
0.00402259358460233 -0.0041084330313782315
0.006280555661802856 -0.005717467270438105
0.009035651368646647 -0.007108307983344985
0.012285106557296477 -0.008077558802888305
0.016025649301821876 -0.008511314219066387
0.020253513192751316 -0.008445314429391936
0.02496444112952728 -0.008132033214050859
0.030153689607045786 -0.007974411933325473
0.03581603349196366 -0.00801255043730212
0.041945771283965205 -0.008098860551514151
0.04853673085668936 -0.007990035877131013
0.05558227567253826 -0.007380920819238875
0.06307531146510753 -0.00628807691980415
0.07100829338251147 -0.004984187713356552
0.0793732335844094 -0.0038481848990563976
0.0881617092850836 -0.003039713143277135
0.09736487123447068 -0.0023987684678104604
0.10697345262860625 -0.0017107379759891456
0.116977778440511 -0.0009036346906898438
0.12736777516212267 -9.193460420813595e-06
0.1381329809474649 0.0009299904903047672
0.14926255614683936 0.0018610779765728704
0.1607452942214339 0.0027306301917852443
0.17256963302735745 0.003527095096600384
0.18472366645773874 0.004254719484076164
0.19719515643116664 0.0049201326027363945
0.20997154521440087 0.005531177568343964
0.22303996806694482 0.00608806578196162
0.2363872661947488 0.006587097244841317
0.25000000000000006 0.0070248897273777365
0.2638644626136587 0.0073984223284074375
0.2779666936971131 0.0077050494636812985
0.29229249349905695 0.007942512110488088
0.3068274371534359 0.008109012179189518
0.32155688920406433 0.008204963272035256
0.33646601834128953 0.008233322131424248
0.35153981233586296 0.008197816522706442
0.36676309315498296 0.00810281320224663
0.38212053224528686 0.007953274820347876
0.3975966659674052 0.007754711324171246
0.41317591116653546 0.007512624108981645
0.42884258086335814 0.0072296909334802865
0.44458090004949524 0.0069075683436353105
0.46037502157160654 0.006548115027002988
0.4762090420881297 0.006153377322089348
0.4920670180825969 0.005725570568701591
0.5079329819174049 0.005267144934973112
0.5237909579118721 0.0047826418522309315
0.5396249784283953 0.004278652494536588
0.5554190999505066 0.003761878679311461
0.5711574191366438 0.0032389855016281685
0.5868240888334664 0.0027165403102152063
0.6024033340325966 0.0022009522599603644
0.6178794677547149 0.0016980488908334326
0.6332369068450188 0.0012124847338249292
0.6484601876641387 0.0007485162820674975
0.6635339816587122 0.0003101141022927004
0.6784431107959373 -9.907034291810213e-05
0.6931725628465657 -0.0004757346485645009
0.7077075065009447 -0.0008170489540464446
0.7220333063028884 -0.0011224600256234819
0.7361355373863427 -0.001393346004400431
0.7500000000000012 -0.0016312219371039402
0.7636127338052524 -0.001837663264610351
0.7769600319330563 -0.00201429680880532
0.7900284547856001 -0.002162791865454211
0.8028048435688343 -0.0022848467549132427
0.8152763335422621 -0.0023814467036485172
0.8274303669726433 -0.0024522110301468157
0.8392547057785669 -0.0024969304543550593
0.8507374438531613 -0.0025157668529732355
0.8618670190525357 -0.0025092388809024244
0.872632224837878 -0.002478204175980323
0.8830222215594895 -0.0024238383712972223
0.8930265473713942 -0.002347611168470223
0.9026351287655296 -0.0022512640965455426
0.9118382907149167 -0.0021371537848758537
0.9206267664155909 -0.0020083785400736537
0.9289917066174888 -0.001868008707790996
0.9369246885348927 -0.001718996636015325
0.9444177243274618 -0.001564167874167961
0.9514632691433107 -0.0014062130704667695
0.958054228716035 -0.0012476805469303592
0.9641839665080364 -0.0010909695287631997
0.9698463103929542 -0.0009383240028208197
0.9750355588704727 -0.0007918271784129797
0.9797464868072487 -0.0006533965228548851
0.9839743506981782 -0.0005247793439101413
0.9877148934427036 -0.00040754889156505495
0.9909643486313533 -0.0003031009524071691
0.9937194443381971 -0.00021265091121990166
0.9959774064153977 -0.00013723125621339908
0.9977359612865423 -7.768950654650423e-05
0.9989933382359422 -3.468654340976675e-05
0.9997482711915926 -8.695328883149857e-06
1.0 0.0
