1.0 0.00205
0.9997482711915926 0.0020726500237865093
0.9989933382359422 0.002140738777786601
0.9977359612865423 0.0022546802807011336
0.9959774064153977 0.002415157820504373
0.9937194443381971 0.002623113912518518
0.9909643486313533 0.002879736385736024
0.9877148934427036 0.0031864407407513774
0.9839743506981782 0.003544848961275419
0.9797464868072487 0.003956764998084823
0.9750355588704727 0.0044241471790555965
0.9698463103929542 0.004949077831308415
0.9641839665080364 0.005533730431146754
0.958054228716035 0.0061803346241092435
0.9514632691433107 0.006891139480829824
0.9444177243274618 0.007668375374274971
0.9369246885348927 0.008514214880112881
0.9289917066174888 0.009430733114303896
0.9206267664155909 0.010419867930360581
0.9118382907149167 0.011483380403022488
0.9026351287655296 0.012622816025272562
0.8930265473713942 0.013839485627074396
0.8830222215594895 0.01513460251456535
0.872632224837878 0.01650921596265298
0.8618670190525357 0.017964099016313885
0.8507374438531613 0.019499721637984302
0.8392547057785669 0.021116227089850073
0.8274303669726433 0.022813410850470287
0.8152763335422621 0.024590702299296812
0.8028048435688343 0.02644714937794716
0.7900284547856001 0.0283811099718821
0.7769600319330563 0.0303881055968846
0.7636127338052524 0.03246173218718682
0.7500000000000012 0.03459467549346795
0.7361355373863427 0.03677873775375489
0.7220333063028884 0.039004867697797374
0.7077075065009447 0.04126319986350534
0.6931725628465657 0.04354322212506467
0.6784431107959373 0.04583688672873316
0.6635339816587122 0.048139195528500996
0.6484601876641387 0.05044521387184749
0.6332369068450188 0.0527499328819446
0.6178794677547149 0.05504829203414931
0.6024033340325966 0.057335202863535675
0.5868240888334664 0.0596044344579143
0.5711574191366438 0.061842560124244085
0.5554190999505066 0.06403317520068595
0.5396249784283953 0.0661597186212536
0.5237909579118721 0.0682056180800256
0.5079329819174049 0.07015443191850317
0.4920670180825969 0.07199010656731603
0.4762090420881297 0.07369951847106689
0.46037502157160654 0.07527252836086479
0.44458090004949524 0.07669971863606072
0.42884258086335814 0.07797237540652177
0.41317591116653546 0.07908256865409878
0.3975966659674052 0.08002322408162468
0.38212053224528686 0.08078694677526817
0.36676309315498296 0.08136434780103903
0.35153981233586296 0.08174685365331151
0.33646601834128953 0.08192727257952843
0.32155688920406433 0.08189987493664866
0.3068274371534359 0.08166046178626803
0.29229249349905695 0.0812067076364362
0.2779666936971131 0.08054318795293229
0.2638644626136587 0.07968024368726052
0.25000000000000006 0.07862906062954138
0.2363872661947488 0.07740144349884559
0.22303996806694482 0.0760097607479551
0.20997154521440087 0.07446688732081368
0.19719515643116664 0.07278613817473838
0.18472366645773874 0.07098018818029762
0.17256963302735745 0.06906018051454754
0.1607452942214339 0.06703775368950587
0.14926255614683936 0.0649252434949317
0.1381329809474649 0.06272765016093544
0.12736777516212267 0.06042793584158104
0.116977778440511 0.058011281297055524
0.10697345262860625 0.05547023037353559
0.09736487123447068 0.05280426954106279
0.0881617092850836 0.050021519336731816
0.0793732335844094 0.04713898622936136
0.07100829338251147 0.04417791128205749
0.06307531146510753 0.04116707143901979
0.05558227567253826 0.03814051361512025
0.04853673085668936 0.035131603784656996
0.041945771283965205 0.03215610346365837
0.03581603349196366 0.029203985344808912
0.030153689607045786 0.02627909455121498
0.02496444112952728 0.023400859599627778
0.020253513192751316 0.020600754692834643
0.016025649301821876 0.017918885973442877
0.012285106557296477 0.015400748381103955
0.009035651368646647 0.01309419692011935
0.006280555661802856 0.011046672851551085
0.00402259358460233 0.009302721608982052
0.0022640387134577056 0.007901835139536713
0.0010066617640577813 0.006876646934947094
0.0002517288084074587 0.006251503287852404
0.0 0.006041429335462669
0.0 0.0
0.0002517288084074587 -0.00036498388203216994
0.0010066617640577813 -0.0014142208030664479
0.0022640387134577056 -0.003015510923821108
0.00402259358460233 -0.004964934890053898
0.006280555661802856 -0.007011239175830775
0.009035651368646647 -0.008889507651812272
0.012285106557296477 -0.010363657356134658
0.016025649301821876 -0.011277172789584025
0.020253513192751316 -0.011611375553201693
0.02496444112952728 -0.01155041604078645
0.030153689607045786 -0.011433668970633774
0.03581603349196366 -0.01133548719354906
0.041945771283965205 -0.011224529739074389
0.04853673085668936 -0.011050794409899
0.05558227567253826 -0.010750769193161223
0.06307531146510753 -0.010309820704501859
0.07100829338251147 -0.009750675357803927
0.0793732335844094 -0.00911009781205401
0.0881617092850836 -0.008419629555994861
0.09736487123447068 -0.007700414173786732
0.10697345262860625 -0.00697710096416097
0.116977778440511 -0.006260529933006691
0.12736777516212267 -0.005551550473118905
0.1381329809474649 -0.004849957455221609
0.14926255614683936 -0.004154528996207031
0.1607452942214339 -0.003464926244020867
0.17256963302735745 -0.002789965264439621
0.18472366645773874 -0.0021425295404177234
0.19719515643116664 -0.0015369526104665836
0.20997154521440087 -0.0009880767590880707
0.22303996806694482 -0.0005044381729919573
0.2363872661947488 -9.107106838514262e-05
0.25000000000000006 0.00024729534646112023
0.2638644626136587 0.0005062392011844666
0.2779666936971131 0.0006816671093960641
0.29229249349905695 0.0007698334629013677
0.3068274371534359 0.0007675080411998937
0.32155688920406433 0.0006759693357410232
0.33646601834128953 0.0005017668923094337
0.35153981233586296 0.0002526928156828074
0.36676309315498296 -6.250405592167168e-05
0.38212053224528686 -0.0004341973195360819
0.3975966659674052 -0.0008519709860026613
0.41317591116653546 -0.0013064161379269302
0.42884258086335814 -0.0017985700406013602
0.44458090004949524 -0.0023337109736882833
0.46037502157160654 -0.00291710756735053
0.4762090420881297 -0.0035539545356010407
0.4920670180825969 -0.004249318060113117
0.5079329819174049 -0.005007428257455688
0.5237909579118721 -0.005817326523949068
0.5396249784283953 -0.006652993392202218
0.5554190999505066 -0.007487887035361268
0.5711574191366438 -0.008295848565601699
0.5868240888334664 -0.00905135468208232
0.6024033340325966 -0.009729785050231934
0.6178794677547149 -0.010316356488108983
0.6332369068450188 -0.010819019236893873
0.6484601876641387 -0.011249065796914441
0.6635339816587122 -0.011617535126402472
0.6784431107959373 -0.011935119129432443
0.6931725628465657 -0.012212075275879367
0.7077075065009447 -0.012457729481214597
0.7220333063028884 -0.012672827816154995
0.7361355373863427 -0.012851059385907835
0.7500000000000012 -0.01298665950593224
0.7636127338052524 -0.013074727964673233
0.7769600319330563 -0.01311125566009591
0.7900284547856001 -0.013093141901873653
0.8028048435688343 -0.013018205110077135
0.8152763335422621 -0.012885604912768467
0.8274303669726433 -0.012696198025725183
0.8392547057785669 -0.012451631193325218
0.8507374438531613 -0.012154194670418872
0.8618670190525357 -0.011806789473688782
0.872632224837878 -0.011412888908602465
0.8830222215594895 -0.010976494780948722
0.8930265473713942 -0.010502088750268965
0.9026351287655296 -0.009994587788351932
0.9118382907149167 -0.00945999888966684
0.9206267664155909 -0.008905653383652784
0.9289917066174888 -0.008338742314794647
0.9369246885348927 -0.007766146346427045
0.9444177243274618 -0.00719441948611337
0.9514632691433107 -0.006629774551372919
0.958054228716035 -0.006078070276229064
0.9641839665080364 -0.005544799952836665
0.9698463103929542 -0.005035081498134822
0.9750355588704727 -0.004553648833057922
0.9797464868072487 -0.004104844461300708
0.9839743506981782 -0.0036926131359283163
0.9877148934427036 -0.0033204965051856694
0.9909643486313533 -0.0029916286336102785
0.9937194443381971 -0.002708732300886192
0.9959774064153977 -0.0024741159886783977
0.9977359612865423 -0.0022896714748208207
0.9989933382359422 -0.0021568719645514824
0.9997482711915926 -0.0020767706998335213
1.0 -0.00205
