1.0 0.0024
0.9997482711915926 0.002435661948666628
0.9989933382359422 0.002542955586144288
0.9977359612865423 0.0027227974992291076
0.9959774064153977 0.0029766927861722323
0.9937194443381971 0.0033067015129456994
0.9909643486313533 0.0037153923009440337
0.9877148934427036 0.00420578358847514
0.9839743506981782 0.004781273254027846
0.9797464868072487 0.0054455574280648554
0.9750355588704727 0.006202539450586145
0.9698463103929542 0.007056230052620685
0.9641839665080364 0.008010639949911412
0.958054228716035 0.009069666135233233
0.9514632691433107 0.010236973241018747
0.9444177243274618 0.011515871415370672
0.9369246885348927 0.012909192211358908
0.9289917066174888 0.014419164031112139
0.9206267664155909 0.016047288692146635
0.9118382907149167 0.017794220693302103
0.9026351287655296 0.01965965075140028
0.8930265473713942 0.021642319803906497
0.8830222215594895 0.023741091247479307
0.872632224837878 0.025954643461660775
0.8618670190525357 0.028280835905083197
0.8507374438531613 0.030716651358889322
0.8392547057785669 0.03325815231861564
0.8274303669726433 0.035900445487546805
0.8152763335422621 0.03863765497783561
0.8028048435688343 0.04146290474655828
0.7900284547856001 0.04436860547614118
0.7769600319330563 0.047348618994420784
0.7636127338052524 0.05039736100907947
0.7500000000000012 0.05350878367294576
0.7361355373863427 0.056676383261388616
0.7220333063028884 0.05989321900893282
0.7077075065009447 0.06315193648807463
0.6931725628465657 0.0664447455399678
0.6784431107959373 0.06976213150472539
0.6635339816587122 0.07309264273203506
0.6484601876641387 0.07642427208202364
0.6332369068450188 0.07974459857558142
0.6178794677547149 0.0830408630209853
0.6024033340325966 0.08630004882075021
0.5868240888334664 0.08950857787630494
0.5711574191366438 0.09265026185599962
0.5554190999505066 0.095707840666361
0.5396249784283953 0.09866407693662674
0.5237909579118721 0.10150189437404568
0.5079329819174049 0.10420451542178298
0.4920670180825969 0.10675556833171827
0.4762090420881297 0.1091385422630932
0.46037502157160654 0.11133693016976816
0.44458090004949524 0.11333505818876244
0.42884258086335814 0.11511825920431866
0.41317591116653546 0.11667300944838226
0.3975966659674052 0.11798705957085608
0.38212053224528686 0.11905022781359435
0.36676309315498296 0.11985549684068082
0.35153981233586296 0.12039759532334891
0.33646601834128953 0.12067279199068423
0.32155688920406433 0.12067895119965677
0.3068274371534359 0.12041557710225301
0.29229249349905695 0.1198835647579022
0.2779666936971131 0.11908005817952329
0.2638644626136587 0.11799951267094504
0.25000000000000006 0.11663893201352589
0.2363872661947488 0.11499810232444113
0.22303996806694482 0.11307960499971903
0.20997154521440087 0.11088880402337443
0.19719515643116664 0.10843381625458526
0.18472366645773874 0.10572677894621028
0.17256963302735745 0.10278493099904311
0.1607452942214339 0.09962769709172566
0.14926255614683936 0.0962761752065531
0.1381329809474649 0.09274834098927395
0.12736777516212267 0.08904985911290027
0.116977778440511 0.08518853239236507
0.10697345262860625 0.08117740285789189
0.09736487123447068 0.07703436621204211
0.0881617092850836 0.07278343184955904
0.0793732335844094 0.06845495881647173
0.07100829338251147 0.0640811322684744
0.06307531146510753 0.05968174841616127
0.05558227567253826 0.05526883995186854
0.04853673085668936 0.05086321636391461
0.041945771283965205 0.046480350884918954
0.03581603349196366 0.04212161911474001
0.030153689607045786 0.03780594023932495
0.02496444112952728 0.033569983020698024
0.020253513192751316 0.029463872281478242
0.016025649301821876 0.025547048234377822
0.012285106557296477 0.021884334664937617
0.009035651368646647 0.018542268565895574
0.006280555661802856 0.015585739863618728
0.00402259358460233 0.013074985413546744
0.0022640387134577056 0.011062976520031097
0.0010066617640577813 0.00959323390812307
0.0002517288084074587 0.008698098396478563
0.0 0.0083974795506494
0.0 0.0
0.0002517288084074587 -0.00048570306133436373
0.0010066617640577813 -0.001889870304299226
0.0022640387134577056 -0.004058982769151931
0.00402259358460233 -0.006754792905515788
0.006280555661802856 -0.009680498834285952
0.009035651368646647 -0.012516887402195224
0.012285106557296477 -0.014967951417653846
0.016025649301821876 -0.016815354071973654
0.020253513192751316 -0.01798098774710584
0.02496444112952728 -0.018596756522054277
0.030153689607045786 -0.018961808573540715
0.03581603349196366 -0.019119592964875226
0.041945771283965205 -0.019022613131139933
0.04853673085668936 -0.018626791118845132
0.05558227567253826 -0.01789919737868343
0.06307531146510753 -0.016867760878040792
0.07100829338251147 -0.015617070275871179
0.0793732335844094 -0.01427248801655673
0.0881617092850836 -0.012931186557453551
0.09736487123447068 -0.011642221471530117
0.10697345262860625 -0.010456920710616295
0.116977778440511 -0.009384664400297765
0.12736777516212267 -0.008402014727303897
0.1381329809474649 -0.00747531772131697
0.14926255614683936 -0.006560444146190643
0.1607452942214339 -0.005614642262655073
0.17256963302735745 -0.004648624850441232
0.18472366645773874 -0.0036945815443166535
0.19719515643116664 -0.0027896999133900685
0.20997154521440087 -0.0019728330448488458
0.22303996806694482 -0.0012600626972350793
0.2363872661947488 -0.0006548371032244721
0.25000000000000006 -0.00015952397841298584
0.2638644626136587 0.00022453178431373568
0.2779666936971131 0.0004970151485603826
0.29229249349905695 0.0006586386906050342
0.3068274371534359 0.0007111418542169108
0.32155688920406433 0.0006575547725970273
0.33646601834128953 0.0005022222806042849
0.35153981233586296 0.00025047686384057873
0.36676309315498296 -9.142892002564845e-05
0.38212053224528686 -0.0005163829529792954
0.3975966659674052 -0.0010164819059676228
0.41317591116653546 -0.0015836761036442594
0.42884258086335814 -0.0022129768671983645
0.44458090004949524 -0.0029004305222272123
0.46037502157160654 -0.0036417498978438332
0.4762090420881297 -0.004432349956445798
0.4920670180825969 -0.005267388839698368
0.5079329819174049 -0.006141629880073034
0.5237909579118721 -0.007045516742190104
0.5396249784283953 -0.00796526161687946
0.5554190999505066 -0.008886945667598548
0.5711574191366438 -0.009796830212821643
0.5868240888334664 -0.010681484908363697
0.6024033340325966 -0.011527916529781346
0.6178794677547149 -0.012325372970683392
0.6332369068450188 -0.013067926217382038
0.6484601876641387 -0.013750773514639296
0.6635339816587122 -0.014369597653738174
0.6784431107959373 -0.014920605257454622
0.6931725628465657 -0.015400560480675243
0.7077075065009447 -0.015806799513804756
0.7220333063028884 -0.016136991597710936
0.7361355373863427 -0.016389210978882907
0.7500000000000012 -0.016562216387525384
0.7636127338052524 -0.016655470939475437
0.7769600319330563 -0.016669145720124578
0.7900284547856001 -0.016604116962218633
0.8028048435688343 -0.016461961847808595
0.8152763335422621 -0.016245726190498348
0.8274303669726433 -0.015960590841812287
0.8392547057785669 -0.015612194052578118
0.8507374438531613 -0.01520637648949841
0.8618670190525357 -0.014749149783022998
0.872632224837878 -0.014246664000588641
0.8830222215594895 -0.013705174220006713
0.8930265473713942 -0.01313100638547465
0.9026351287655296 -0.01253049929481205
0.9118382907149167 -0.011907970028846526
0.9206267664155909 -0.011264832441350724
0.9289917066174888 -0.010603521178356477
0.9369246885348927 -0.009927757930659397
0.9444177243274618 -0.009242376560291891
0.9514632691433107 -0.008553141964981258
0.958054228716035 -0.007866565017605435
0.9641839665080364 -0.0071897159270977425
0.9698463103929542 -0.006530038352605536
0.9750355588704727 -0.005895166564232066
0.9797464868072487 -0.00529274788187001
0.9839743506981782 -0.004730272539176441
0.9877148934427036 -0.004214913013561831
0.9909643486313533 -0.0037533747362987497
0.9937194443381971 -0.0033517599508192174
0.9959774064153977 -0.003015446323469847
0.9977359612865423 -0.002748981731100789
0.9989933382359422 -0.0025559964557052136
0.9997482711915926 -0.0024391338098578162
1.0 -0.0024
