1.0 0.002
0.9997482711915926 0.0020377944478936786
0.9989933382359422 0.0021510753013966473
0.9977359612865423 0.0023395356369643678
0.9959774064153977 0.002602665734648068
0.9937194443381971 0.0029397557930408826
0.9909643486313533 0.0033498997023374073
0.9877148934427036 0.0038319998479177005
0.9839743506981782 0.004384772909375852
0.9797464868072487 0.005006756612711248
0.9750355588704727 0.005696317386547654
0.9698463103929542 0.006451658866795133
0.9641839665080364 0.007270831188177965
0.958054228716035 0.00815174099556401
0.9514632691433107 0.009092162103093994
0.9444177243274618 0.010089746724760464
0.9369246885348927 0.011142037196361731
0.9289917066174888 0.012246478105683387
0.9206267664155909 0.01340042874536348
0.9118382907149167 0.014601175801195085
0.9026351287655296 0.015845946187620665
0.8930265473713942 0.01713188720543275
0.8830222215594895 0.018455770666164564
0.872632224837878 0.019814061567581993
0.8618670190525357 0.021203074969984328
0.8507374438531613 0.02261898428564166
0.8392547057785669 0.024057828817946308
0.8274303669726433 0.02551552234941887
0.8152763335422621 0.02698786280218269
0.8028048435688343 0.02847054298479865
0.7900284547856001 0.029959251273526596
0.7769600319330563 0.031450336254113226
0.7636127338052524 0.03294054651992393
0.7500000000000012 0.0344267321376561
0.7361355373863427 0.03590585291602374
0.7220333063028884 0.037374987827667565
0.7077075065009447 0.03883134357059838
0.6931725628465657 0.040272210716234755
0.6784431107959373 0.041693606322852184
0.6635339816587122 0.043090022903798444
0.6484601876641387 0.04445581864202831
0.6332369068450188 0.045785322478079
0.6178794677547149 0.04707286666054796
0.6024033340325966 0.0483128206576539
0.5868240888334664 0.0494999875129675
0.5711574191366438 0.05063162328816073
0.5554190999505066 0.05170613187949403
0.5396249784283953 0.05272217426798253
0.5237909579118721 0.05367866632690916
0.5079329819174049 0.054574777696291994
0.4920670180825969 0.05540984471008668
0.4762090420881297 0.056181502644245054
0.46037502157160654 0.05688570189830628
0.44458090004949524 0.0575186079692477
0.42884258086335814 0.05807672032364656
0.41317591116653546 0.058556904622570176
0.3975966659674052 0.05895642315344038
0.38212053224528686 0.05927308621684392
0.36676309315498296 0.05950545847044707
0.35153981233586296 0.05965260162953328
0.33646601834128953 0.05971403920013963
0.32155688920406433 0.059689768273635015
0.3068274371534359 0.05958026814351689
0.29229249349905695 0.059386360188138906
0.2779666936971131 0.059106539450006074
0.2638644626136587 0.05873751893421479
0.25000000000000006 0.05827693682068324
0.2363872661947488 0.05772347854914168
0.22303996806694482 0.05707688784909947
0.20997154521440087 0.05633796772817145
0.19719515643116664 0.0555085650989798
0.18472366645773874 0.05459055942075902
0.17256963302735745 0.05358496217192151
0.1607452942214339 0.052493969655690774
0.14926255614683936 0.051321196276343684
0.1381329809474649 0.05006941819749404
0.12736777516212267 0.04873624067300577
0.116977778440511 0.04732089492459784
0.10697345262860625 0.04582568280572132
0.09736487123447068 0.04425572599293947
0.0881617092850836 0.04261548159302297
0.0793732335844094 0.04090710700957997
0.07100829338251147 0.039136313159743294
0.06307531146510753 0.037306218339368334
0.05558227567253826 0.03541920831920145
0.04853673085668936 0.033484339203679825
0.041945771283965205 0.031498644605928744
0.03581603349196366 0.02943636060204513
0.030153689607045786 0.027292473217461238
0.02496444112952728 0.02508398570881129
0.020253513192751316 0.022845109587555135
0.016025649301821876 0.02062262260863712
0.012285106557296477 0.018471457511666553
0.009035651368646647 0.016450581428204752
0.006280555661802856 0.014619221367932308
0.00402259358460233 0.013033486117433506
0.0022640387134577056 0.011743429282309457
0.0010066617640577813 0.01079059213557328
0.0002517288084074587 0.01020605846650324
0.0 0.010009046821874118
0.0 0.0
0.0002517288084074587 -0.00057442786073034
0.0010066617640577813 -0.0022386608679789617
0.0022640387134577056 -0.004821883604123689
0.00402259358460233 -0.008060438363828741
0.006280555661802856 -0.011629075761364913
0.009035651368646647 -0.015184106070971195
0.012285106557296477 -0.018417859336291257
0.016025649301821876 -0.02112370385079747
0.020253513192751316 -0.023270722059166537
0.02496444112952728 -0.025087001855575553
0.030153689607045786 -0.02699850561785247
0.03581603349196366 -0.029081475268606112
0.041945771283965205 -0.03126578658283491
0.04853673085668936 -0.03344806367209116
0.05558227567253826 -0.03550170526637503
0.06307531146510753 -0.03739406320443095
0.07100829338251147 -0.0391660091553817
0.0793732335844094 -0.040887217589365796
0.0881617092850836 -0.04258999496022042
0.09736487123447068 -0.04424959857279265
0.10697345262860625 -0.04583740005402348
0.116977778440511 -0.04733924978201865
0.12736777516212267 -0.04875245799709445
0.1381329809474649 -0.05007819243338884
0.14926255614683936 -0.0513216455318953
0.1607452942214339 -0.0524896521005499
0.17256963302735745 -0.05357975963145863
0.18472366645773874 -0.05458710092178999
0.19719515643116664 -0.05550795787095977
0.20997154521440087 -0.056339695567905294
0.22303996806694482 -0.05707994842751164
0.2363872661947488 -0.05772700427534663
0.25000000000000006 -0.058280227547389
0.2638644626136587 -0.05874007032377068
0.2779666936971131 -0.05910807044285265
0.29229249349905695 -0.05938683926330192
0.3068274371534359 -0.05957993193342305
0.32155688920406433 -0.05968897598266487
0.33646601834128953 -0.059713094355265374
0.35153981233586296 -0.05965173638113941
0.36676309315498296 -0.05950482732219081
0.38212053224528686 -0.05927276043044366
0.3975966659674052 -0.058956385892607044
0.41317591116653546 -0.058557058705848986
0.42884258086335814 -0.0580769616680919
0.44458090004949524 -0.057518856067454105
0.46037502157160654 -0.05688590090292312
0.4762090420881297 -0.05618162213468364
0.4920670180825969 -0.055409880205381054
0.5079329819174049 -0.054574750217926564
0.5237909579118721 -0.05367860652094698
0.5396249784283953 -0.052722106430915065
0.5554190999505066 -0.0517060732331142
0.5711574191366438 -0.0506315840154283
0.5868240888334664 -0.0494999708630457
0.6024033340325966 -0.048312823123598615
0.6178794677547149 -0.04707288031576771
0.6332369068450188 -0.04578534044425284
0.6484601876641387 -0.044455835884058825
0.6635339816587122 -0.04309003616050432
0.6784431107959373 -0.041693614022555045
0.6931725628465657 -0.04027221287838461
0.7077075065009447 -0.038831341649145965
0.7220333063028884 -0.03737498370675899
0.7361355373863427 -0.035905848066748604
0.7500000000000012 -0.0344267276158743
0.7636127338052524 -0.03294054299820669
0.7769600319330563 -0.03145033405573299
0.7900284547856001 -0.029959250408080212
0.8028048435688343 -0.02847054318564115
0.8152763335422621 -0.02698786365837737
0.8274303669726433 -0.025515523520399087
0.8392547057785669 -0.024057830050662216
0.8507374438531613 -0.02261898540472843
0.8618670190525357 -0.02120307586796002
0.872632224837878 -0.01981406219517964
0.8830222215594895 -0.018455771022897333
0.8930265473713942 -0.01713188733048532
0.9026351287655296 -0.01584594615098713
0.9118382907149167 -0.014601175681130433
0.9206267664155909 -0.013400428600394419
0.9289917066174888 -0.01224647797530909
0.9369246885348927 -0.011142037104560895
0.9444177243274618 -0.010089746683215129
0.9514632691433107 -0.009092162114112188
0.958054228716035 -0.008151741054688083
0.9641839665080364 -0.007270831286470395
0.9698463103929542 -0.006451658992798469
0.9750355588704727 -0.005696317527920044
0.9797464868072487 -0.0050067567575437216
0.9839743506981782 -0.004384773047202056
0.9877148934427036 -0.0038319999704310727
0.9909643486313533 -0.003349899803834844
0.9937194443381971 -0.002939755870615697
0.9959774064153977 -0.002602665788158441
0.9977359612865423 -0.0023395356688065082
0.9989933382359422 -0.0021510753161145158
0.9997482711915926 -0.0020377944516592828
1.0 -0.002
