1.0 0.0026
0.9997482711915926 0.002630484668744753
0.9989933382359422 0.002721936684474763
0.9977359612865423 0.002874352358723887
0.9959774064153977 0.00308773312101618
0.9937194443381971 0.0033620967685135503
0.9909643486313533 0.003697492985187338
0.9877148934427036 0.004094022903134757
0.9839743506981782 0.00455186241788637
0.9797464868072487 0.005071288911863118
0.9750355588704727 0.005652710986166104
0.9698463103929542 0.006296700751206286
0.9641839665080364 0.007004028181853512
0.958054228716035 0.007775697003302464
0.9514632691433107 0.008612981540167009
0.9444177243274618 0.009517463933813584
0.9369246885348927 0.010491071111961467
0.9289917066174888 0.011536110880378795
0.9206267664155909 0.012655306499290355
0.9118382907149167 0.013851829107019126
0.9026351287655296 0.015129327360468686
0.8930265473713942 0.016491595879688934
0.8830222215594895 0.01793922308419369
0.872632224837878 0.01947022014219731
0.8618670190525357 0.02108161103161088
0.8507374438531613 0.02276939612986936
0.8392547057785669 0.024528505555465402
0.8274303669726433 0.02635276236422752
0.8152763335422621 0.02823485630858892
0.8028048435688343 0.03016632877159971
0.7900284547856001 0.032138229013843694
0.7769600319330563 0.03414596161512414
0.7636127338052524 0.03618727182506893
0.7500000000000012 0.03825995115301901
0.7361355373863427 0.040361826017053654
0.7220333063028884 0.04249076044480283
0.7077075065009447 0.04464465813934694
0.6931725628465657 0.04682136650063716
0.6784431107959373 0.04901609837834114
0.6635339816587122 0.0512209466389643
0.6484601876641387 0.053427502849061455
0.6332369068450188 0.0556270475076768
0.6178794677547149 0.05781060437016384
0.6024033340325966 0.059968998592019894
0.5868240888334664 0.06209259572749419
0.5711574191366438 0.06416959564647651
0.5554190999505066 0.06618729677983674
0.5396249784283953 0.06813299251249824
0.5237909579118721 0.06999407569578747
0.5079329819174049 0.07175814256206776
0.4920670180825969 0.07341318198631465
0.4762090420881297 0.07494954480775322
0.46037502157160654 0.0763600258380982
0.44458090004949524 0.07763805781913136
0.42884258086335814 0.07877768323521377
0.41317591116653546 0.07977360781970541
0.3975966659674052 0.08062124842046159
0.38212053224528686 0.08131599256088898
0.36676309315498296 0.08185208707852577
0.35153981233586296 0.08222445070047647
0.33646601834128953 0.08242904966990997
0.32155688920406433 0.08246294710485173
0.3068274371534359 0.08232434402466321
0.29229249349905695 0.08201260556703871
0.2779666936971131 0.08152817324946739
0.2638644626136587 0.080872601317351
0.25000000000000006 0.08004867339028539
0.2363872661947488 0.07906040217318129
0.22303996806694482 0.07791301489500427
0.20997154521440087 0.07661292870779939
0.19719515643116664 0.07516770675398234
0.18472366645773874 0.07358453986791175
0.17256963302735745 0.07186889790980622
0.1607452942214339 0.07002757277192109
0.14926255614683936 0.06806902284776722
0.1381329809474649 0.06599685247621342
0.12736777516212267 0.0637972249035835
0.116977778440511 0.06145894036356292
0.10697345262860625 0.0589778361637279
0.09736487123447068 0.05635656694209687
0.0881617092850836 0.05362326184782105
0.0793732335844094 0.050839079350058325
0.07100829338251147 0.048058040893696564
0.06307531146510753 0.045288203683047944
0.05558227567253826 0.04250569073872483
0.04853673085668936 0.03970028789287257
0.041945771283965205 0.03686234068520365
0.03581603349196366 0.03397354335019319
0.030153689607045786 0.031037391500676224
0.02496444112952728 0.028078767555866295
0.020253513192751316 0.02513911761763289
0.016025649301821876 0.022271797191681094
0.012285106557296477 0.019537649382389347
0.009035651368646647 0.017000875322701944
0.006280555661802856 0.01472525210863012
0.00402259358460233 0.01277074844009384
0.0022640387134577056 0.011190582580068557
0.0010066617640577813 0.010028761191317324
0.0002517288084074587 0.00931813115785664
0.0 0.009078969714003753
0.0 0.0
0.0002517288084074587 -0.000575850365178676
0.0010066617640577813 -0.002237809409888137
0.0022640387134577056 -0.004796274090832762
0.00402259358460233 -0.007959051867509495
0.006280555661802856 -0.011366738111464358
0.009035651368646647 -0.014641565382115154
0.012285106557296477 -0.01744905402109643
0.016025649301821876 -0.019571614052641757
0.020253513192751316 -0.020993077843108957
0.02496444112952728 -0.021992983176294337
0.030153689607045786 -0.023074829308800705
0.03581603349196366 -0.02433541928527121
0.041945771283965205 -0.025696741919976757
0.04853673085668936 -0.02703413339187501
0.05558227567253826 -0.028189600465210504
0.06307531146510753 -0.02913299351660921
0.07100829338251147 -0.029933290029241225
0.0793732335844094 -0.030696188429932027
0.0881617092850836 -0.031468149550032944
0.09736487123447068 -0.03220736666617969
0.10697345262860625 -0.03286195723650012
0.116977778440511 -0.033417782578642724
0.12736777516212267 -0.0338895659082194
0.1381329809474649 -0.034299182692751055
0.14926255614683936 -0.03467577753307677
0.1607452942214339 -0.03504926398808387
0.17256963302735745 -0.035421513990144524
0.18472366645773874 -0.03578412086605642
0.19719515643116664 -0.03612755148777207
0.20997154521440087 -0.03644221043895315
0.22303996806694482 -0.036726205115086806
0.2363872661947488 -0.036982117975626366
0.25000000000000006 -0.037213323811868176
0.2638644626136587 -0.03742395491684205
0.2779666936971131 -0.037618881586956386
0.29229249349905695 -0.037803684513833924
0.3068274371534359 -0.03798447087585422
0.32155688920406433 -0.03816390376165432
0.33646601834128953 -0.0383404119063805
0.35153981233586296 -0.03851212004066239
0.36676309315498296 -0.03867707554174531
0.38212053224528686 -0.03883326281659581
0.3975966659674052 -0.03897861870647117
0.41317591116653546 -0.03911078583970381
0.42884258086335814 -0.03922568619942238
0.44458090004949524 -0.039318515173170025
0.46037502157160654 -0.03938443469284809
0.4762090420881297 -0.03941862005892797
0.4920670180825969 -0.03941630592320296
0.5079329819174049 -0.03937289546881516
0.5237909579118721 -0.03928538773715377
0.5396249784283953 -0.039152408222562225
0.5554190999505066 -0.038972842454342946
0.5711574191366438 -0.038745786886642104
0.5868240888334664 -0.03847056159574784
0.6024033340325966 -0.038146720573115696
0.6178794677547149 -0.037773561476534656
0.6332369068450188 -0.037349400763034696
0.6484601876641387 -0.036872712210788985
0.6635339816587122 -0.036342352396415915
0.6784431107959373 -0.03575758043663861
0.6931725628465657 -0.03511807454449623
0.7077075065009447 -0.0344239125584004
0.7220333063028884 -0.03367498185832899
0.7361355373863427 -0.03287110801949915
0.7500000000000012 -0.03201266633622545
0.7636127338052524 -0.03110060973834084
0.7769600319330563 -0.030136468759585696
0.7900284547856001 -0.029122346247021737
0.8028048435688343 -0.02806091288968832
0.8152763335422621 -0.026956338134846856
0.8274303669726433 -0.025815101108722562
0.8392547057785669 -0.024643970760065692
0.8507374438531613 -0.023449707742213433
0.8618670190525357 -0.022239038607518826
0.872632224837878 -0.02101863071551726
0.8830222215594895 -0.019795067918317207
0.8930265473713942 -0.018574827079292398
0.9026351287655296 -0.017364247703317372
0.9118382907149167 -0.016168844558018806
0.9206267664155909 -0.014993005181106493
0.9289917066174888 -0.013841288231162758
0.9369246885348927 -0.012718505000203063
0.9444177243274618 -0.011629654935603051
0.9514632691433107 -0.010579859893251149
0.958054228716035 -0.009574297841339726
0.9641839665080364 -0.008618136734624731
0.9698463103929542 -0.007716469272363191
0.9750355588704727 -0.0068742492395600496
0.9797464868072487 -0.0060962301107688275
0.9839743506981782 -0.005386906568706895
0.9877148934427036 -0.004750459556637287
0.9909643486313533 -0.004190705444168657
0.9937194443381971 -0.003711049841218826
0.9959774064153977 -0.003314446544818059
0.9977359612865423 -0.0030033620486809086
0.9989933382359422 -0.00277974598658484
0.9997482711915926 -0.002645007818127812
1.0 -0.0026
