1.0 0.0
0.9997482711915926 2.7663244520049627e-05
0.9989933382359422 0.00011051514653211806
0.9977359612865423 0.0002481458630635454
0.9959774064153977 0.00043988444910720014
0.9937194443381971 0.0006848168883217772
0.9909643486313533 0.000981811019246572
0.9877148934427036 0.0013295480441582017
0.9839743506981782 0.0017265602238245427
0.9797464868072487 0.0021712742816063224
0.9750355588704727 0.002662059965444298
0.9698463103929542 0.00319728314702577
0.9641839665080364 0.0037753627745737896
0.958054228716035 0.004394830939906275
0.9514632691433107 0.005054395272267113
0.9444177243274618 0.005753002831457486
0.9369246885348927 0.006489904641438029
0.9289917066174888 0.007264719983190617
0.9206267664155909 0.008077499552498542
0.9118382907149167 0.00892878658461105
0.9026351287655296 0.009819675053596369
0.8930265473713942 0.010751671533838282
0.8830222215594895 0.011724929122120802
0.872632224837878 0.012738620638259793
0.8618670190525357 0.013791825507563133
0.8507374438531613 0.014883537448527636
0.8392547057785669 0.016012662254369363
0.8274303669726433 0.017178016099913103
0.8152763335422621 0.01837832441192635
0.8028048435688343 0.019612221336119517
0.7900284547856001 0.020878198560574386
0.7769600319330563 0.02217422997426941
0.7636127338052524 0.023497931290613783
0.7500000000000012 0.0248467430628445
0.7361355373863427 0.026217937909686004
0.7220333063028884 0.0276086282964216
0.7077075065009447 0.029015775988605608
0.6931725628465657 0.030436180732327275
0.6784431107959373 0.031865899689250916
0.6635339816587122 0.033300149901972574
0.6484601876641387 0.034733926315416115
0.6332369068450188 0.036162062657632096
0.6178794677547149 0.037579262382656214
0.6024033340325966 0.038980131678464515
0.5868240888334664 0.04035893595205251
0.5711574191366438 0.04170810823482515
0.5554190999505066 0.04301932025634921
0.5396249784283953 0.044284235437330295
0.5237909579118721 0.045494578032638004
0.5079329819174049 0.04664220149955946
0.4920670180825969 0.047719208167489285
0.4762090420881297 0.04871913793560614
0.46037502157160654 0.04963702346033283
0.44458090004949524 0.05046831133613316
0.42884258086335814 0.051208850819446664
0.41317591116653546 0.05185493139424662
0.3975966659674052 0.052403317467033736
0.38212053224528686 0.052851129123599704
0.36676309315498296 0.05319564914895607
0.35153981233586296 0.05343469103262592
0.33646601834128953 0.05356668739930171
0.32155688920406433 0.053590712723733565
0.3068274371534359 0.05350650144464558
0.29229249349905695 0.05331431224797481
0.2779666936971131 0.05301220025324952
0.2638644626136587 0.052596579497313944
0.25000000000000006 0.05206499999999999
0.2363872661947488 0.05141769986033822
0.22303996806694482 0.05066156257227755
0.20997154521440087 0.04980524690687319
0.19719515643116664 0.048857625336886944
0.18472366645773874 0.04782528836223516
0.17256963302735745 0.04671034693749075
0.1607452942214339 0.04551556562551927
0.14926255614683936 0.044245016555897375
0.1381329809474649 0.04290000757634999
0.12736777516212267 0.041471223670928606
0.116977778440511 0.03995124095858492
0.10697345262860625 0.03833725902365501
0.09736487123447068 0.03663096973768753
0.0881617092850836 0.03485192093774832
0.0793732335844094 0.0330429482061689
0.07100829338251147 0.031241356437908013
0.06307531146510753 0.02944803881450451
0.05558227567253826 0.027638740726634217
0.04853673085668936 0.025800774688704918
0.041945771283965205 0.023932204955794536
0.03581603349196366 0.022039652590444013
0.030153689607045786 0.02013856312542695
0.02496444112952728 0.018251565607973023
0.020253513192751316 0.016392170593420827
0.016025649301821876 0.014537587073274185
0.012285106557296477 0.01269294924094125
0.009035651368646647 0.010869465683601849
0.006280555661802856 0.009096802634531833
0.00402259358460233 0.007366183151823646
0.0022640387134577056 0.005282065573973709
0.0010066617640577813 0.0030599589278730173
0.0002517288084074587 0.0013361008050105907
0.0 0.0006866220702896693
0.0 0.0
0.0002517288084074587 -0.000977124448878071
0.0010066617640577813 -0.0033635458261246647
0.0022640387134577056 -0.005864331220783435
0.00402259358460233 -0.007449573368168649
0.006280555661802856 -0.008847717857939783
0.009035651368646647 -0.010232687059519891
0.012285106557296477 -0.011360899390647073
0.016025649301821876 -0.012544438560903962
0.020253513192751316 -0.01349506420284299
0.02496444112952728 -0.014294372967341205
0.030153689607045786 -0.015102548892424541
0.03581603349196366 -0.01594347113784109
0.041945771283965205 -0.016785202458391452
0.04853673085668936 -0.0175850134824697
0.05558227567253826 -0.01829405438364434
0.06307531146510753 -0.018905337710445783
0.07100829338251147 -0.01944609922077477
0.0793732335844094 -0.01995963021682716
0.0881617092850836 -0.02046352720184895
0.09736487123447068 -0.020937072529290737
0.10697345262860625 -0.021355600553427622
0.116977778440511 -0.021713535140542677
0.12736777516212267 -0.022020163155916234
0.1381329809474649 -0.022289196926831074
0.14926255614683936 -0.02253888304471547
0.1607452942214339 -0.022787576965103615
0.17256963302735745 -0.023034190993434598
0.18472366645773874 -0.0232702322136628
0.19719515643116664 -0.023486005178701287
0.20997154521440087 -0.023672235269996893
0.22303996806694482 -0.02383195036703133
0.2363872661947488 -0.023975521381432795
0.25000000000000006 -0.024115
0.2638644626136587 -0.02426072274102411
0.2779666936971131 -0.024410615950388063
0.29229249349905695 -0.024558907633152022
0.3068274371534359 -0.02469942502195856
0.32155688920406433 -0.024828981197788057
0.33646601834128953 -0.02494805176689633
0.35153981233586296 -0.025057429205561622
0.36676309315498296 -0.02515803259451005
0.38212053224528686 -0.025250897943379747
0.3975966659674052 -0.025337167368226932
0.41317591116653546 -0.025417576138035046
0.42884258086335814 -0.025489689106123634
0.44458090004949524 -0.02554974762951907
0.46037502157160654 -0.02559394146486515
0.4762090420881297 -0.02561844785781419
0.4920670180825969 -0.025619468292506362
0.5079329819174049 -0.02559332282081482
0.5237909579118721 -0.0255377442489116
0.5396249784283953 -0.0254519011906129
0.5554190999505066 -0.025335149776190103
0.5711574191366438 -0.02518698458647774
0.5868240888334664 -0.025007046119744282
0.6024033340325966 -0.02479512689212067
0.6178794677547149 -0.02455092719068991
0.6332369068450188 -0.024273693377927397
0.6484601876641387 -0.023962787324598174
0.6635339816587122 -0.02361779929889277
0.6784431107959373 -0.02323855781899957
0.6931725628465657 -0.022825137698749484
0.7077075065009447 -0.02237780558031325
0.7220333063028884 -0.021895911155354043
0.7361355373863427 -0.02137811680235698
0.7500000000000012 -0.02082352807498084
0.7636127338052524 -0.02023174612206658
0.7769600319330563 -0.019602873176651124
0.7900284547856001 -0.01893751320795046
0.8028048435688343 -0.018236778971717424
0.8152763335422621 -0.017504040890933763
0.8274303669726433 -0.016746457744953147
0.8392547057785669 -0.015971254969141067
0.8507374438531613 -0.015185204532015478
0.8618670190525357 -0.014394614496760745
0.872632224837878 -0.013605323606209101
0.8830222215594895 -0.012822700683320472
0.8930265473713942 -0.012051648594806213
0.9026351287655296 -0.011296553876804262
0.9118382907149167 -0.010556278009925152
0.9206267664155909 -0.009822047939818095
0.9289917066174888 -0.009087416278671327
0.9369246885348927 -0.008349038960913545
0.9444177243274618 -0.007606346378388773
0.9514632691433107 -0.00686119897930027
0.958054228716035 -0.006117532238824068
0.9641839665080364 -0.005380995938574554
0.9698463103929542 -0.0046585926693789685
0.9750355588704727 -0.003958320397609952
0.9797464868072487 -0.0032888238106563825
0.9839743506981782 -0.0026590589834888587
0.9877148934427036 -0.002077975687670093
0.9909643486313533 -0.001554221398996806
0.9937194443381971 -0.0010958707530855905
0.9959774064153977 -0.0007101838528797835
0.9977359612865423 -0.0004033964518685389
0.9989933382359422 -0.0001805446257213935
0.9997482711915926 -4.5326107289222495e-05
1.0 0.0
