1.0 0.0047
0.9997482711915926 0.0047012709896528965
0.9989933382359422 0.004705438684430045
0.9977359612865423 0.004713562816206539
0.9959774064153977 0.004727394831155234
0.9937194443381971 0.004749355886329134
0.9909643486313533 0.004782506357368251
0.9877148934427036 0.004830507166266509
0.9839743506981782 0.004897573321358529
0.9797464868072487 0.0049884201411922015
0.9750355588704727 0.00510820270898533
0.9698463103929542 0.005262449174208629
0.9641839665080364 0.005456988581826975
0.958054228716035 0.0056978739672532645
0.9514632691433107 0.005991301505572423
0.9444177243274618 0.006343526546589063
0.9369246885348927 0.006760777402323189
0.9289917066174888 0.007249167780378956
0.9206267664155909 0.00781460877487394
0.9118382907149167 0.008462721336151767
0.9026351287655296 0.00919875014119998
0.8930265473713942 0.010027479778533353
0.8830222215594895 0.01095315414433474
0.872632224837878 0.011979399921010209
0.8618670190525357 0.013109154975231059
0.8507374438531613 0.01434460247029921
0.8392547057785669 0.015687111437659065
0.8274303669726433 0.017137184495033424
0.8152763335422621 0.018694413334498998
0.8028048435688343 0.020357442533418424
0.7900284547856001 0.022123923028522292
0.7769600319330563 0.023990353544895635
0.7636127338052524 0.02595213096754867
0.7500000000000012 0.028003618921847447
0.7361355373863427 0.030138160345109938
0.7220333063028884 0.03234809991214502
0.7077075065009447 0.03462481667978553
0.6931725628465657 0.03695879136242559
0.6784431107959373 0.039340309377109785
0.6635339816587122 0.04175964530146295
0.6484601876641387 0.044206473218225115
0.6332369068450188 0.04666989794559244
0.6178794677547149 0.049138528279514156
0.6024033340325966 0.05160055631776419
0.5868240888334664 0.05404386620937802
0.5711574191366438 0.05645625533390127
0.5554190999505066 0.05882543873327102
0.5396249784283953 0.06113908423490843
0.5237909579118721 0.06338490893073727
0.5079329819174049 0.06555077725936148
0.4920670180825969 0.06762474020485912
0.4762090420881297 0.06959382668260693
0.46037502157160654 0.0714441551562014
0.44458090004949524 0.0731623644805485
0.42884258086335814 0.07473579392629356
0.41317591116653546 0.07615259934161685
0.3975966659674052 0.07740186478157196
0.38212053224528686 0.07847408000247333
0.36676309315498296 0.07936178443014098
0.35153981233586296 0.0800588118880659
0.33646601834128953 0.08056020586390665
0.32155688920406433 0.08086227696097482
0.3068274371534359 0.08096265072926564
0.29229249349905695 0.08086019305826793
0.2779666936971131 0.0805529751910723
0.2638644626136587 0.08003871150933883
0.25000000000000006 0.0793168591809007
0.2363872661947488 0.07838871292036444
0.22303996806694482 0.07725740537092109
0.20997154521440087 0.07592789112706035
0.19719515643116664 0.07440694462075272
0.18472366645773874 0.07270782726685529
0.17256963302735745 0.07085436625762216
0.1607452942214339 0.06887094096322152
0.14926255614683936 0.06678105275264759
0.1381329809474649 0.06459858314687215
0.12736777516212267 0.062310892461520904
0.116977778440511 0.05990605179408918
0.10697345262860625 0.05737893438934312
0.09736487123447068 0.05473093018373332
0.0881617092850836 0.05198124982785983
0.0793732335844094 0.04917138150923669
0.07100829338251147 0.046340800886249145
0.06307531146510753 0.04351631185878756
0.05558227567253826 0.040715364496886695
0.04853673085668936 0.037956717629082634
0.041945771283965205 0.03524716186312932
0.03581603349196366 0.03257390215586722
0.030153689607045786 0.029937198495898577
0.02496444112952728 0.027351674413546613
0.020253513192751316 0.0248431158925253
0.016025649301821876 0.02244538188247553
0.012285106557296477 0.020197468757312317
0.009035651368646647 0.018140768491712218
0.006280555661802856 0.01631655733954975
0.00402259358460233 0.01476374842596754
0.0022640387134577056 0.013516937945019774
0.0010066617640577813 0.012604770626775666
0.0002517288084074587 0.01204864584367855
0.0 0.011861781210633237
0.0 0.0
0.0002517288084074587 -3.656682304509579e-06
0.0010066617640577813 -1.490665662169403e-05
0.0022640387134577056 -3.433202749415626e-05
0.00402259358460233 -6.204766017414134e-05
0.006280555661802856 -9.643083698488993e-05
0.009035651368646647 -0.00013236787884007674
0.012285106557296477 -0.00015904251606096469
0.016025649301821876 -0.00015729742229737273
0.020253513192751316 -9.66066223847864e-05
0.02496444112952728 6.829761797033922e-05
0.030153689607045786 0.00039008359455317514
0.03581603349196366 0.0008860049998636683
0.041945771283965205 0.001549371362088877
0.04853673085668936 0.0023543604638061565
0.05558227567253826 0.0032542762514677754
0.06307531146510753 0.004194320961702847
0.07100829338251147 0.005105733047479598
0.0793732335844094 0.005902455095983457
0.0881617092850836 0.006597239919694026
0.09736487123447068 0.007339071913452481
0.10697345262860625 0.008309715906302154
0.116977778440511 0.009537250528364509
0.12736777516212267 0.010932975231216474
0.1381329809474649 0.01238111473423965
0.14926255614683936 0.013738635166555638
0.1607452942214339 0.014865422167086324
0.17256963302735745 0.015756554094471045
0.18472366645773874 0.016461253860088666
0.19719515643116664 0.017041198087714555
0.20997154521440087 0.017562807579511237
0.22303996806694482 0.018039909566378822
0.2363872661947488 0.018457692226425314
0.25000000000000006 0.01879998099186139
0.2638644626136587 0.019049478801537113
0.2779666936971131 0.019187847310507423
0.29229249349905695 0.019195802654108876
0.3068274371534359 0.019053779064069243
0.32155688920406433 0.018756713444484874
0.33646601834128953 0.018316942121375846
0.35153981233586296 0.017749460007683456
0.36676309315498296 0.01707099245388088
0.38212053224528686 0.01629984632495527
0.3975966659674052 0.015455744921830383
0.41317591116653546 0.014557316068711053
0.42884258086335814 0.013609096698832463
0.44458090004949524 0.012609987882618051
0.46037502157160654 0.011559027263584034
0.4762090420881297 0.010455418771646319
0.4920670180825969 0.009298547780014923
0.5079329819174049 0.008088314364735881
0.5237909579118721 0.006832148700345327
0.5396249784283953 0.00554494732535498
0.5554190999505066 0.004241930851179795
0.5711574191366438 0.0029381855228189143
0.5868240888334664 0.0016485257243294403
0.6024033340325966 0.0003873553949142219
0.6178794677547149 -0.0008333439774543167
0.6332369068450188 -0.002006896810780122
0.6484601876641387 -0.003127794182326021
0.6635339816587122 -0.004190975403718622
0.6784431107959373 -0.005191868278055879
0.6931725628465657 -0.006126424924306149
0.7077075065009447 -0.006991017510755249
0.7220333063028884 -0.0077799792601792135
0.7361355373863427 -0.008486133226563683
0.7500000000000012 -0.009103331742363066
0.7636127338052524 -0.009626587837490886
0.7769600319330563 -0.010052100936814986
0.7900284547856001 -0.010377270771354134
0.8028048435688343 -0.010600707175426225
0.8152763335422621 -0.010723425774976359
0.8274303669726433 -0.010749885739878902
0.8392547057785669 -0.01068541793891931
0.8507374438531613 -0.010535840522998753
0.8618670190525357 -0.010307416502625729
0.872632224837878 -0.010006807703473659
0.8830222215594895 -0.009641025443358948
0.8930265473713942 -0.009217378303286415
0.9026351287655296 -0.008743417391454886
0.9118382907149167 -0.008226879522076135
0.9206267664155909 -0.007675628750326111
0.9289917066174888 -0.007097596720537978
0.9369246885348927 -0.0065007222967148354
0.9444177243274618 -0.005892890952471573
0.9514632691433107 -0.005281874401529439
0.958054228716035 -0.004675270949840341
0.9641839665080364 -0.004080447046298998
0.9698463103929542 -0.0035044805008383356
0.9750355588704727 -0.002954105826557899
0.9797464868072487 -0.002435662146502943
0.9839743506981782 -0.0019550440859255796
0.9877148934427036 -0.0015176560474815875
0.9909643486313533 -0.0011283702400443929
0.9937194443381971 -0.0007914888018751956
0.9959774064153977 -0.000510710326030817
0.9977359612865423 -0.00028910106039558154
0.9989933382359422 -0.00012907101689521385
0.9997482711915926 -3.2355184610701805e-05
1.0 0.0
