1.0 0.0
0.9997482711915926 0.0007713476688424537
0.9989933382359422 0.0026553159555781445
0.9977359612865423 0.004685833567340022
0.9959774064153977 0.006328711407132397
0.9937194443381971 0.008307775882837987
0.9909643486313533 0.010703336455110865
0.9877148934427036 0.013076365275968725
0.9839743506981782 0.01543429315191641
0.9797464868072487 0.018025837928848088
0.9750355588704727 0.020814397650681868
0.9698463103929542 0.023678293140003737
0.9641839665080364 0.026619778473586316
0.958054228716035 0.029679331448337155
0.9514632691433107 0.03284776498369868
0.9444177243274618 0.03610960465242586
0.9369246885348927 0.03946081725157538
0.9289917066174888 0.04290201004312281
0.9206267664155909 0.046429593345517946
0.9118382907149167 0.05004147879767883
0.9026351287655296 0.05373619419608861
0.8930265473713942 0.05751251972896979
0.8830222215594895 0.06136518569885343
0.872632224837878 0.06529188022133259
0.8618670190525357 0.06929724595555595
0.8507374438531613 0.0733845476058577
0.8392547057785669 0.07754829992906295
0.8274303669726433 0.08178431708501828
0.8152763335422621 0.08609326788517674
0.8028048435688343 0.09047649124865613
0.7900284547856001 0.09493429064311991
0.7769600319330563 0.09946615366436026
0.7636127338052524 0.10406953672139269
0.7500000000000012 0.1087415663409114
0.7361355373863427 0.11347894203974512
0.7220333063028884 0.11828106925339872
0.7077075065009447 0.12315169990079516
0.6931725628465657 0.12809228592908278
0.6784431107959373 0.13309967973488224
0.6635339816587122 0.13816998592587632
0.6484601876641387 0.14329879846749474
0.6332369068450188 0.14848422075065795
0.6178794677547149 0.1537277712893903
0.6024033340325966 0.15902834712490677
0.5868240888334664 0.16438102479259442
0.5711574191366438 0.16977955025019714
0.5554190999505066 0.17521643838867454
0.5396249784283953 0.18068590153342878
0.5237909579118721 0.18618408203665696
0.5079329819174049 0.19170444883691767
0.4920670180825969 0.19723669955330717
0.4762090420881297 0.20275150832425157
0.46037502157160654 0.20820252315678403
0.44458090004949524 0.21357699040192707
0.42884258086335814 0.21888089123249552
0.41317591116653546 0.22386268721843042
0.3975966659674052 0.2280596669512056
0.38212053224528686 0.23122838528756606
0.36676309315498296 0.23332638926694071
0.35153981233586296 0.23449298969695062
0.33646601834128953 0.2349876391653144
0.32155688920406433 0.23487657655831803
0.3068274371534359 0.23409243149256884
0.29229249349905695 0.23267415883495618
0.2779666936971131 0.23073043069476357
0.2638644626136587 0.22832101475107497
0.25000000000000006 0.22547381329374658
0.2363872661947488 0.22222039115567233
0.22303996806694482 0.21859406943979828
0.20997154521440087 0.2146176784827337
0.19719515643116664 0.21030956155280467
0.18472366645773874 0.2056933074811357
0.17256963302735745 0.2007950633739354
0.1607452942214339 0.19563223838533528
0.14926255614683936 0.1902198658807892
0.1381329809474649 0.18457491699004064
0.12736777516212267 0.17871726424191087
0.116977778440511 0.17266683789800602
0.10697345262860625 0.16644491898269265
0.09736487123447068 0.16006482130611033
0.0881617092850836 0.15354161643071035
0.0793732335844094 0.1468945591357934
0.07100829338251147 0.14014774791550688
0.06307531146510753 0.1333165225859511
0.05558227567253826 0.1264208891478698
0.04853673085668936 0.11948006397592363
0.041945771283965205 0.11251982268597938
0.03581603349196366 0.10554840928380078
0.030153689607045786 0.09858894399618662
0.02496444112952728 0.09167006569483355
0.020253513192751316 0.08482319599192305
0.016025649301821876 0.07799296127812891
0.012285106557296477 0.0712308756789795
0.009035651368646647 0.06477444281992423
0.006280555661802856 0.05862376324385401
0.00402259358460233 0.05208900706696517
0.0022640387134577056 0.04536526920485553
0.0010066617640577813 0.03938672320082894
0.0002517288084074587 0.03524396787203696
0.0 0.0337618830418608
0.0 0.02924
0.0002517288084074587 0.025044797161955703
0.0010066617640577813 0.015223481028727955
0.0022640387134577056 0.005969997289609028
0.00402259358460233 0.000640807833470268
0.006280555661802856 -0.005565483823084572
0.009035651368646647 -0.01314148100398945
0.012285106557296477 -0.01903864767907188
0.016025649301821876 -0.023095917238917702
0.020253513192751316 -0.02674824646768845
0.02496444112952728 -0.029956007051064243
0.030153689607045786 -0.03232198257999081
0.03581603349196366 -0.034089900533252435
0.041945771283965205 -0.03570974560053566
0.04853673085668936 -0.03720943713747322
0.05558227567253826 -0.03854735190179908
0.06307531146510753 -0.03977108521136898
0.07100829338251147 -0.04093851486617426
0.0793732335844094 -0.04202822843123625
0.0881617092850836 -0.04301164523666435
0.09736487123447068 -0.04388678419604967
0.10697345262860625 -0.044658397973438194
0.116977778440511 -0.04532950131143618
0.12736777516212267 -0.04590463849938504
0.1381329809474649 -0.04638761148889897
0.14926255614683936 -0.0467804209594216
0.1607452942214339 -0.04707771120671555
0.17256963302735745 -0.04727639447415584
0.18472366645773874 -0.04737949052012708
0.19719515643116664 -0.04738945994905267
0.20997154521440087 -0.04730447937485588
0.22303996806694482 -0.047127329356280376
0.2363872661947488 -0.04686964776591448
0.25000000000000006 -0.046539109273954014
0.2638644626136587 -0.046133331413591355
0.2779666936971131 -0.04565307643291104
0.29229249349905695 -0.045105730137393205
0.3068274371534359 -0.04449719324776115
0.32155688920406433 -0.043829558512032026
0.33646601834128953 -0.04310368306771986
0.35153981233586296 -0.042318829539671796
0.36676309315498296 -0.0414718649172607
0.38212053224528686 -0.040556422007214724
0.3975966659674052 -0.03956381447752205
0.41317591116653546 -0.03848274264280098
0.42884258086335814 -0.037302207442616905
0.44458090004949524 -0.0360117886031924
0.46037502157160654 -0.03459840874624361
0.4762090420881297 -0.033046144708585204
0.4920670180825969 -0.03134202086709844
0.5079329819174049 -0.029476498607965404
0.5237909579118721 -0.027440733091030317
0.5396249784283953 -0.025226760920826652
0.5554190999505066 -0.02283207964711499
0.5711574191366438 -0.0202594061801646
0.5868240888334664 -0.01751252349185883
0.6024033340325966 -0.014597114665603489
0.6178794677547149 -0.01153752408240237
0.6332369068450188 -0.008373144541003621
0.6484601876641387 -0.005142651965998796
0.6635339816587122 -0.0018839791447637937
0.6784431107959373 0.0013555796744936922
0.6931725628465657 0.004523517726964709
0.7077075065009447 0.007576227982959681
0.7220333063028884 0.010477847274802696
0.7361355373863427 0.013199378382276665
0.7500000000000012 0.015717591987301355
0.7636127338052524 0.018014539482254996
0.7769600319330563 0.020077135226286617
0.7900284547856001 0.021900173301611488
0.8028048435688343 0.02348354575378794
0.8152763335422621 0.02482697976088267
0.8274303669726433 0.025931390524385027
0.8392547057785669 0.026801483732032897
0.8507374438531613 0.027444152714043293
0.8618670190525357 0.02786269425527104
0.872632224837878 0.028060333365459454
0.8830222215594895 0.028042258254031754
0.8930265473713942 0.027816605189846178
0.9026351287655296 0.027396176990434375
0.9118382907149167 0.02679661065370672
0.9206267664155909 0.02603316735555312
0.9289917066174888 0.025120425981470837
0.9369246885348927 0.024062099022045303
0.9444177243274618 0.022862335976329605
0.9514632691433107 0.021526536849522264
0.958054228716035 0.02006787490740439
0.9641839665080364 0.018512185360559485
0.9698463103929542 0.01688308298846113
0.9750355588704727 0.015167235335546474
0.9797464868072487 0.013384517168597435
0.9839743506981782 0.011661040049373888
0.9877148934427036 0.010035766691742583
0.9909643486313533 0.008262120832450755
0.9937194443381971 0.0063668194364311145
0.9959774064153977 0.004896911155730418
0.9977359612865423 0.0037813433744515223
0.9989933382359422 0.0022185556050821407
0.9997482711915926 0.0006566112914459048
1.0 0.0
