1.0 0.0
0.9997482711915926 3.2837067804117265e-05
0.9989933382359422 0.00013126444861607142
0.9977359612865423 0.00029503166890755604
0.9959774064153977 0.0005237245759874935
0.9937194443381971 0.0008167702542070567
0.9909643486313533 0.001173443830881761
0.9877148934427036 0.0015928770960790372
0.9839743506981782 0.0020740688400429407
0.9797464868072487 0.0026158967926052977
0.9750355588704727 0.0032171310306591617
0.9698463103929542 0.003876448702826897
0.9641839665080364 0.0045924499050142885
0.958054228716035 0.005363674526757457
0.9514632691433107 0.006188619876283753
0.9444177243274618 0.007065758882142869
0.9369246885348927 0.007993558661227093
0.9289917066174888 0.008970499237074513
0.9206267664155909 0.009995092188603748
0.9118382907149167 0.011065899007908624
0.9026351287655296 0.012181548946468671
0.8930265473713942 0.013340756132113185
0.8830222215594895 0.014542335744290322
0.872632224837878 0.015785219042601314
0.8618670190525357 0.0170684670531019
0.8507374438531613 0.0183912827284663
0.8392547057785669 0.01975302141165425
0.8274303669726433 0.021153199448097328
0.8152763335422621 0.022591500808490064
0.8028048435688343 0.024067781602880752
0.7900284547856001 0.025582628695803807
0.7769600319330563 0.027141440554595754
0.7636127338052524 0.02875270807765798
0.7500000000000012 0.030426046539983615
0.7361355373863427 0.03217214000378693
0.7220333063028884 0.03400268467475765
0.7077075065009447 0.035930319029273704
0.6931725628465657 0.03796795408461839
0.6784431107959373 0.040113137423170374
0.6635339816587122 0.04234501997441112
0.6484601876641387 0.04464002006361642
0.6332369068450188 0.046972847364058795
0.6178794677547149 0.04931670190812057
0.6024033340325966 0.05164349099165362
0.5868240888334664 0.053927073010705304
0.5711574191366438 0.056160033026276195
0.5554190999505066 0.058342762286957714
0.5396249784283953 0.06047599841752292
0.5237909579118721 0.06256077712859288
0.5079329819174049 0.06459840031346607
0.4920670180825969 0.06659019251613922
0.4762090420881297 0.06853285053815383
0.46037502157160654 0.07041845851619825
0.44458090004949524 0.0722391683488597
0.42884258086335814 0.07398747289847063
0.41317591116653546 0.07565626696153874
0.3975966659674052 0.07723891477426356
0.38212053224528686 0.07873306985013499
0.36676309315498296 0.08014624539413517
0.35153981233586296 0.08148735181230664
0.33646601834128953 0.08276508587124386
0.32155688920406433 0.08398784977529948
0.3068274371534359 0.08516367560557049
0.29229249349905695 0.08630000343889473
0.2779666936971131 0.08740082214316755
0.2638644626136587 0.08846718480745418
0.25000000000000006 0.08949999999999998
0.2363872661947488 0.09049177685669538
0.22303996806694482 0.0914034991333839
0.20997154521440087 0.09219314232464607
0.19719515643116664 0.09282465149616156
0.18472366645773874 0.09326849236001378
0.17256963302735745 0.0935020804459451
0.1607452942214339 0.09350875848399265
0.14926255614683936 0.09327755490505846
0.1381329809474649 0.09278628405051811
0.12736777516212267 0.09196883281762284
0.116977778440511 0.09076749402871614
0.10697345262860625 0.08914445829814613
0.09736487123447068 0.08708106923057642
0.0881617092850836 0.084609952005892
0.0793732335844094 0.08182771256328712
0.07100829338251147 0.07882403459934981
0.06307531146510753 0.07560717360691427
0.05558227567253826 0.07213016732840001
0.04853673085668936 0.06837779281134636
0.041945771283965205 0.06436832273957391
0.03581603349196366 0.060149938558300614
0.030153689607045786 0.0557896815470203
0.02496444112952728 0.05136824616972179
0.020253513192751316 0.046975723472957955
0.016025649301821876 0.04270750450418377
0.012285106557296477 0.038660397160339616
0.009035651368646647 0.03492900660533273
0.006280555661802856 0.03160242560656439
0.00402259358460233 0.028761276875201087
0.0022640387134577056 0.026475144797294105
0.0010066617640577813 0.024800428862026276
0.0002517288084074587 0.023778645681884175
0.0 0.023435200813125064
0.0 0.0
0.0002517288084074587 -0.00025138884308280296
0.0010066617640577813 -0.000980768319358926
0.0022640387134577056 -0.0021163736485438314
0.00402259358460233 -0.0035472160978743433
0.006280555661802856 -0.00513588844021713
0.009035651368646647 -0.006736247137863377
0.012285106557296477 -0.008215728883291874
0.016025649301821876 -0.009481994259269063
0.020253513192751316 -0.010513529638228523
0.02496444112952728 -0.011393780678155217
0.030153689607045786 -0.01228847781355335
0.03581603349196366 -0.01323131404448247
0.041945771283965205 -0.014205695514844819
0.04853673085668936 -0.015190977084819821
0.05558227567253826 -0.016164138271893762
0.06307531146510753 -0.017116596128011568
0.07100829338251147 -0.0180515820650519
0.0793732335844094 -0.018978201207362794
0.0881617092850836 -0.019904922512667712
0.09736487123447068 -0.020837904436319082
0.10697345262860625 -0.021785467501489297
0.116977778440511 -0.02274695452683555
0.12736777516212267 -0.023715127728997237
0.1381329809474649 -0.02468187892874574
0.14926255614683936 -0.02563828006962624
0.1607452942214339 -0.02657632613648938
0.17256963302735745 -0.027496408260966235
0.18472366645773874 -0.028402790359172852
0.19719515643116664 -0.029301289068637132
0.20997154521440087 -0.030197010966126862
0.22303996806694482 -0.031077612083621805
0.2363872661947488 -0.03192032837702664
0.25000000000000006 -0.0327
0.2638644626136587 -0.03339933979790825
0.2779666936971131 -0.034041516473261965
0.29229249349905695 -0.034663459969047
0.3068274371534359 -0.035304967163787726
0.32155688920406433 -0.035979632774372466
0.33646601834128953 -0.036669107154469666
0.35153981233586296 -0.0373519735329546
0.36676309315498296 -0.03800548002029924
0.38212053224528686 -0.038605723768014674
0.3975966659674052 -0.039127850377874626
0.41317591116653546 -0.03954964840324156
0.42884258086335814 -0.039870337317223274
0.44458090004949524 -0.040098246460215294
0.46037502157160654 -0.04024237759484825
0.4762090420881297 -0.040312288802358785
0.4920670180825969 -0.04031799478539963
0.5079329819174049 -0.04026972881461293
0.5237909579118721 -0.04017486761916038
0.5396249784283953 -0.04003785759430753
0.5554190999505066 -0.039863143001373474
0.5711574191366438 -0.03965525913144895
0.5868240888334664 -0.039418790458876724
0.6024033340325966 -0.03915831272825683
0.6178794677547149 -0.03887160339475975
0.6332369068450188 -0.03853970835308974
0.6484601876641387 -0.038142159055120924
0.6635339816587122 -0.03765990037068308
0.6784431107959373 -0.03707546889264618
0.6931725628465657 -0.03637315434625895
0.7077075065009447 -0.0355398991545763
0.7220333063028884 -0.03457931132313551
0.7361355373863427 -0.03350892838416596
0.7500000000000012 -0.03234619170587555
0.7636127338052524 -0.031107826505076423
0.7769600319330563 -0.029809758779303214
0.7900284547856001 -0.028467043758022628
0.8028048435688343 -0.027093794815539578
0.8152763335422621 -0.02570136331495758
0.8274303669726433 -0.024296745667336844
0.8392547057785669 -0.022886293310774814
0.8507374438531613 -0.02147620198284711
0.8618670190525357 -0.020072494248486377
0.872632224837878 -0.018681003929212302
0.8830222215594895 -0.017307362405920648
0.8930265473713942 -0.01595698675017648
0.9026351287655296 -0.014635069622794024
0.9118382907149167 -0.013346570863567393
0.9206267664155909 -0.012096210682474438
0.9289917066174888 -0.010888464350623232
0.9369246885348927 -0.009727558278748126
0.9444177243274618 -0.008617467362270329
0.9514632691433107 -0.007561913464880348
0.958054228716035 -0.006564364907324445
0.9641839665080364 -0.005628036824607504
0.9698463103929542 -0.004755892253172753
0.9750355588704727 -0.003950643809771876
0.9797464868072487 -0.0032147558256678133
0.9839743506981782 -0.002550446803471497
0.9877148934427036 -0.0019596920692358747
0.9909643486313533 -0.0014442264993359828
0.9937194443381971 -0.0010055472100523012
0.9959774064153977 -0.0006449161075358132
0.9977359612865423 -0.000363362206837332
0.9989933382359422 -0.00016168364079429987
0.9997482711915926 -4.044929263261439e-05
1.0 0.0
