1.0 0.0
0.9997482716069451 7.190975772284447e-06
0.9989933398969341 3.0710116123248694e-05
0.9977359650222062 7.616380779211577e-05
0.9959774130526771 0.00015212502963155903
0.993719454701114 0.0002689879349956453
0.990964363540178 0.00043738630949273835
0.9877149137131294 0.0006661976688394706
0.9839743771404995 0.0009602559916103552
0.9797465202255455 0.001320928484704043
0.9750356000618006 0.001746721322617528
0.969846360146542 0.0022295962549143244
0.9641840256044917 0.0027551775378005794
0.9580542979265576 0.003316956075323416
0.9514633492289166 0.003913446423775902
0.9444178160382167 0.004543412716661284
0.9369247926091566 0.0052071879138147
0.9289918237811728 0.005908439217001846
0.9206268973814263 0.006652940688906172
0.9118384361817371 0.007448064071339747
0.9026352894175672 0.008298225053703041
0.8930267238775911 0.009205852392695139
0.8830224145728239 0.010173565624368237
0.872632434994707 0.01120357718962783
0.8618672469719543 0.012296698217385901
0.8507376901363789 0.013453282645754372
0.8392549710083024 0.014673395210747
0.8274306517125377 0.015957001838523756
0.8152766383363118 0.01730391718594454
0.8028051689408424 0.018713669135974012
0.7900288012386497 0.020185371484282965
0.7769603999490036 0.021717521038580552
0.7636131238442416 0.0233082014735015
0.7500004125000012 0.024955126986618212
0.736135972762706 0.026655692015782634
0.722033764947933 0.028406963628873492
0.707707988783559 0.03020566134120386
0.693173069111837 0.03204811991210599
0.6784436413648045 0.03393024782301614
0.6635345368276425 0.035847627250066266
0.6484607677048291 0.03779551850448331
0.6332375120041225 0.03976870307947907
0.6178800982535931 0.04176162004134584
0.6024039900670954 0.04376847691535105
0.5868247705737197 0.045783042125897414
0.5711581267269021 0.04779862968461395
0.5554198335089917 0.04980841281227825
0.5396257380471808 0.051805327126183576
0.5237917436567916 0.05378180359893314
0.5079337938279846 0.05573020214214309
0.4920678561720171 0.057642787686124235
0.4762099063432103 0.05951076823498821
0.46037591195282096 0.06132503628969535
0.4445818164910102 0.06307672782701756
0.42884352327309977 0.06475683928351565
0.41317687942628206 0.06635639268730026
0.3975976599329064 0.06786689950444535
0.38212155174640866 0.06927972193835362
0.36676413799587926 0.07058589113792546
0.3515408822951726 0.07177713137976853
0.3364671131723593 0.07283916558600452
0.3215580086351972 0.07374521468667275
0.3068285808881646 0.0744693057000926
0.2922936612164427 0.07498866418074858
0.2779678850520685 0.0752844525342674
0.2638656772372954 0.0753410311565566
0.2500012375000001 0.07515229058647847
0.2363885261557596 0.0747311862945352
0.2230412500509975 0.07409401963292084
0.20997284876135125 0.07325611951191612
0.19719648105915852 0.07223002107681949
0.1847250116636891 0.07102856056219199
0.17257099828746295 0.06966265668452992
0.16074667899169845 0.06813804621684574
0.14926395986362173 0.06646168237129847
0.13813440302804633 0.06464114545811736
0.12736921500529363 0.06268293259237832
0.11697923542717657 0.060595930933399635
0.10697492612240941 0.05838856585454684
0.09736636058243316 0.0560657883368409
0.0881632138182633 0.05363623678118642
0.07937475261857399 0.051106722319347174
0.0710098262188274 0.04847746203645534
0.06307685739084362 0.04575568467666376
0.0555838339617834 0.04295075978485308
0.04853830077108345 0.040070289319953906
0.041947352073442586 0.037131670375049976
0.0358176243955084 0.03414117336655749
0.030155289853457935 0.031087477580813545
0.024966049938199418 0.02798482650141985
0.020255129774454546 0.02485983471648106
0.01602727285950053 0.02174655906564467
0.012286736286870659 0.018703393614299554
0.00903728645982189 0.015697998317967282
0.006282195298886014 0.012661255154040513
0.004024236947322915 0.009696652617486857
0.0022656849777938286 0.006914936784344498
0.0010083101030658706 0.004357342987825164
0.00025337839305492483 0.0019037914904978489
1.65e-06 0.0008066771794500674
1.65e-06 0.00014605
0.00025337839305492483 -0.0020409804513948893
0.0010083101030658706 -0.002912300038508048
0.0022656849777938286 -0.0049605377614050815
0.004024236947322915 -0.00655590406314499
0.006282195298886014 -0.008644516223629295
0.00903728645982189 -0.010677419346275125
0.012286736286870659 -0.012759496789619473
0.01602727285950053 -0.01494665687694435
0.020255129774454546 -0.01718876751464356
0.024966049938199418 -0.01945409010013119
0.030155289853457935 -0.021720268307121777
0.0358176243955084 -0.023969732877982507
0.041947352073442586 -0.026206037677424444
0.04853830077108345 -0.028436861005781022
0.0555838339617834 -0.030645369209971796
0.06307685739084362 -0.032816654853147255
0.0710098262188274 -0.03493980171985423
0.07937475261857399 -0.03700173257511036
0.0881632138182633 -0.038992653539097505
0.09736636058243316 -0.04090597421180046
0.10697492612240941 -0.04273036569051257
0.11697923542717657 -0.04445476670840964
0.12736921500529363 -0.04607053439134087
0.13813440302804633 -0.047568800123595455
0.14926395986362173 -0.04894193750331559
0.16074667899169845 -0.05018463738206152
0.17257099828746295 -0.051292204671910806
0.1847250116636891 -0.05226122769593992
0.19719648105915852 -0.053090641996402003
0.20997284876135125 -0.05378210178102664
0.2230412500509975 -0.05434000098846966
0.2363885261557596 -0.054771157425603664
0.2500012375000001 -0.055081112395320715
0.2638656772372954 -0.0552733351695582
0.2779678850520685 -0.0553526721203402
0.2922936612164427 -0.05532412177186609
0.3068285808881646 -0.05519171118963354
0.3215580086351972 -0.05496037425551466
0.3364671131723593 -0.05463588815994681
0.3515408822951726 -0.05422437590383901
0.36676413799587926 -0.053732739898351554
0.38212155174640866 -0.05316820745201205
0.3975976599329064 -0.05253587236007155
0.41317687942628206 -0.05184034939218472
0.42884352327309977 -0.0510866262696367
0.4445818164910102 -0.05027912217662557
0.46037591195282096 -0.04942189214044555
0.4762099063432103 -0.04851922387381121
0.4920678561720171 -0.047574376029046274
0.5079337938279846 -0.046588932579188995
0.5237917436567916 -0.04556449217365829
0.5396257380471808 -0.04450278774204752
0.5554198335089917 -0.04340562584560129
0.5711581267269021 -0.0422749398025756
0.5868247705737197 -0.041112911708115
0.6024039900670954 -0.039922842567964245
0.6178800982535931 -0.038708623756589206
0.6332375120041225 -0.037474175317338036
0.6484607677048291 -0.03622306193887323
0.6635345368276425 -0.034958413064457225
0.6784436413648045 -0.033683350161715996
0.693173069111837 -0.03240087792857198
0.707707988783559 -0.03111362368851456
0.722033764947933 -0.029824163565122495
0.736135972762706 -0.028535086013562513
0.7500004125000012 -0.027248929798304105
0.7636131238442416 -0.025968210598962014
0.7769603999490036 -0.024695446778452753
0.7900288012386497 -0.023433042635667433
0.8028051689408424 -0.02218325111619655
0.8152766383363118 -0.02094833367745597
0.8274306517125377 -0.019730504309381544
0.8392549710083024 -0.018531737996921174
0.8507376901363789 -0.017353998534862584
0.8618672469719543 -0.016199298153887768
0.872632434994707 -0.015069553052646064
0.8830224145728239 -0.013966638514868039
0.8930267238775911 -0.012892508825948024
0.9026352894175672 -0.011848816686705009
0.9118384361817371 -0.010836527751761471
0.9206268973814263 -0.009856833568589279
0.9289918237811728 -0.008910973450248222
0.9369247926091566 -0.007998302489363018
0.9444178160382167 -0.007118147386325315
0.9514633492289166 -0.006271075361860318
0.9580542979265576 -0.005458793717377856
0.9641840256044917 -0.004683971904669413
0.969846360146542 -0.003949929778310626
0.9750356000618006 -0.0032615840769739004
0.9797465202255455 -0.0026295594867906235
0.9839743771404995 -0.0020627577219172765
0.9877149137131294 -0.0015659900622486053
0.990964363540178 -0.0011405745317252217
0.993719454701114 -0.0007854890131675845
0.9959774130526771 -0.0004989477781534702
0.9977359650222062 -0.0002788976101079743
0.9989933398969341 -0.00012336849820465928
0.9997482716069451 -3.0751505201179275e-05
1.0 0.0
