1.0 0.0
0.9997482715138055 9.401666674461113e-05
0.9989933395244692 0.000378284993066489
0.9977359641845118 0.0008590207248419785
0.9959774115643174 0.0015451254056662433
0.9937194523773084 0.0024460205265020725
0.9909643601969871 0.003568657503749359
0.9877149091676399 0.004913745121430161
0.9839743712110093 0.006472742071177031
0.9797465127317456 0.008232600620119827
0.9750355908249573 0.010172278124713031
0.9698463489896769 0.012259072008221418
0.9641840123525592 0.01446638053570044
0.9580542824066222 0.016779913289800084
0.9514633312703262 0.019187625898610495
0.9444177954727747 0.021681707092864967
0.9369247692712914 0.024260871308173254
0.9289917975081042 0.02692965493498826
0.9206268680133299 0.029693785913115847
0.9118384035619046 0.032550244249614
0.9026352533925648 0.035495612923539796
0.8930266842974136 0.03852706422108536
0.8830223712910459 0.04163854886045029
0.8726323878686302 0.0448230483318043
0.8618671958627513 0.04807361217408932
0.8507376349092332 0.051382337657507715
0.8392549115325435 0.0547407386838425
0.8274305878617736 0.058140228137089994
0.8152765699885552 0.061571553866485225
0.8028050959786346 0.06502485363006293
0.790028723549178 0.06849008439929702
0.7769603174242155 0.07195676976641623
0.7636130363809531 0.07541395946977252
0.7500003200000012 0.07885053851815152
0.7361358751328548 0.08225509839976829
0.7220336621002563 0.08561588098193165
0.7077078806353364 0.08892103060255674
0.6931729555856853 0.09215785961283947
0.6784435223887555 0.09531228554855109
0.6635344123352157 0.09837003117808037
0.6484606376350985 0.1013179899711673
0.633237376301778 0.10414535377535104
0.6178799568689962 0.10684188174592234
0.6024038429563291 0.10939851945204732
0.5868246176986327 0.11180815850545568
0.5711579680551473 0.11406442444334491
0.5554196690140587 0.1161613711383512
0.539625567708423 0.11809335649971077
0.523791567459446 0.11985535330442823
0.5079336117631881 0.1214430436577944
0.49206766823681375 0.12285286636844764
0.47620971254055583 0.12408197159340012
0.4603757122915789 0.12512774856649972
0.4445816109859432 0.1259875907943231
0.42884331194485464 0.12665959042785818
0.4131766623013692 0.12714190655368662
0.3975974370436728 0.1274325509124942
0.3821213231310056 0.12753033257010088
0.3667639036982237 0.12743416191105741
0.3515406423649032 0.12714297499071123
0.33646686766478606 0.1266566286002612
0.32155775761124616 0.1259742240075751
0.30682832441431634 0.1250942793508048
0.29229339936466525 0.12401656061509495
0.2779676178997451 0.12274114201316262
0.26386540486714655 0.12126874103340013
0.25000096000000005 0.1196014700249572
0.2363882436190481 0.11774042370270171
0.22304096257578568 0.11568694979877642
0.209972556450823 0.11344426941072247
0.1971961840213664 0.11101554058337322
0.18472471001144566 0.10840528436932545
0.17257069213822718 0.10561998630816709
0.1607463684674573 0.10266534676408508
0.14926364509076748 0.09954890162186412
0.13813408413724929 0.09627991625188706
0.12736889213137045 0.09286550373260083
0.1169789087089546 0.08931549611314786
0.10697459570258688 0.08563939433105544
0.09736602660743551 0.08183988833024518
0.08816287643809573 0.07792480754343487
0.07937441198667042 0.07390677317984529
0.07100948249189594 0.06980147258754181
0.06307651072870886 0.06563031550661616
0.0555834845272254 0.06139207600786994
0.04853794872967386 0.05706741727655937
0.041946997593377965 0.052662057527679676
0.03581726764744079 0.04823279736837713
0.03015493101032309 0.043862600795594266
0.024965689175042636 0.03959750934868044
0.02025476726825443 0.035268159268203224
0.016026908788990768 0.030738300429423764
0.012286370832360083 0.026102196769078743
0.009036919803012895 0.02179823880749952
0.006281827622691609 0.018138200175711192
0.004023868435682542 0.014701441490603241
0.0022653158154881527 0.010586736753608918
0.0010079404755307232 0.0062992901716280225
0.00025300848619458393 0.0030218958597712227
1.28e-06 0.0017953192432895487
1.28e-06 0.0002063
0.00025300848619458393 -0.002946075722483851
0.0010079404755307232 -0.004797262820997136
0.0022653158154881527 -0.006220064267784376
0.004023868435682542 -0.007574919924709093
0.006281827622691609 -0.008802717860699794
0.009036919803012895 -0.010019050977160226
0.012286370832360083 -0.011165605911993098
0.016026908788990768 -0.012235387948793896
0.02025476726825443 -0.013231880542334953
0.024965689175042636 -0.014128514513508297
0.03015493101032309 -0.014921988628052888
0.03581726764744079 -0.015628727342660315
0.041946997593377965 -0.0162416717456417
0.04853794872967386 -0.016753436343132193
0.0555834845272254 -0.017166799508455104
0.06307651072870886 -0.017482389569288954
0.07100948249189594 -0.017696842628730853
0.07937441198667042 -0.01781241854222735
0.08816287643809573 -0.017834134177043173
0.09736602660743551 -0.017761942869116854
0.10697459570258688 -0.017597614432510206
0.1169789087089546 -0.017346042395287142
0.12736889213137045 -0.017009935417404667
0.13813408413724929 -0.01659094135705603
0.14926364509076748 -0.016092734235484518
0.1607463684674573 -0.01551962945849876
0.17257069213822718 -0.014874723631356192
0.18472471001144566 -0.014162215109393615
0.1971961840213664 -0.013387436599561015
0.209972556450823 -0.012554355741548645
0.22304096257578568 -0.011666587342363702
0.2363882436190481 -0.010728591379638542
0.25000096000000005 -0.009745032716654113
0.26386540486714655 -0.008720162762709878
0.2779676178997451 -0.007658725751541665
0.29229339936466525 -0.0065658503093932626
0.30682832441431634 -0.00544558681982813
0.32155775761124616 -0.004301564305435753
0.33646686766478606 -0.0031376903679480425
0.3515406423649032 -0.0019582090356261967
0.3667639036982237 -0.0007677569277061557
0.3821213231310056 0.0004287928491115738
0.3975974370436728 0.0016264539558557525
0.4131766623013692 0.0028208883302147446
0.42884331194485464 0.004008165976398461
0.4445816109859432 0.00518432687641738
0.4603757122915789 0.006345175084165095
0.47620971254055583 0.007485861112979726
0.49206766823681375 0.008601449770745584
0.5079336117631881 0.009687087298319621
0.523791567459446 0.010738234324469626
0.539625567708423 0.011750706762679024
0.5554196690140587 0.012720509933108373
0.5711579680551473 0.013643767973199591
0.5868246176986327 0.014516256913685195
0.6024038429563291 0.015333814161702503
0.6178799568689962 0.01609261249693526
0.633237376301778 0.016789148081207645
0.6484606376350985 0.01742020687656459
0.6635344123352157 0.017982995369969938
0.6784435223887555 0.018475174378128244
0.6931729555856853 0.01889459797421812
0.7077078806353364 0.019239316378966892
0.7220336621002563 0.019507933737374066
0.7361358751328548 0.019699654087127347
0.7500003200000012 0.019814404716341206
0.7636130363809531 0.019852773828900397
0.7769603174242155 0.019815926322669444
0.790028723549178 0.01970530660469504
0.8028050959786346 0.019521461494247203
0.8152765699885552 0.019265243384493418
0.8274305878617736 0.018938338489848845
0.8392549115325435 0.018543064609161743
0.8507376349092332 0.018082018333043934
0.8618671958627513 0.0175585537297222
0.8726323878686302 0.01697683581147864
0.8830223712910459 0.01634036887139823
0.8930266842974136 0.015650926994854562
0.9026352533925648 0.014911506198352431
0.9118384035619046 0.014126516000593538
0.9206268680133299 0.013298572031259113
0.9289917975081042 0.012428031190942997
0.9369247692712914 0.011517994983249855
0.9444177954727747 0.01057431073296438
0.9514633312703262 0.009603963344950965
0.9580542824066222 0.008615022837247008
0.9641840123525592 0.007617987182297892
0.9698463489896769 0.006625325303453963
0.9750355908249573 0.005650906147889709
0.9797465127317456 0.004709467576305437
0.9839743712110093 0.003816115560399466
0.9877149091676399 0.0029859078232081135
0.9909643601969871 0.0022341974620117087
0.9937194523773084 0.0015750924485980861
0.9959774115643174 0.0010203051979495897
0.9977359641845118 0.0005792460478400148
0.9989933395244692 0.0002591249912021738
0.9997482715138055 6.503279199966935e-05
1.0 0.0
