1.0 0.0
0.9997482790077721 6.298619997867676e-05
0.9989933694927899 0.0002547794403795444
0.9977360315849444 0.0005833048608699083
0.9959775313169285 0.0010598497669871362
0.9937196393494504 0.0016962096964882867
0.9909646291883283 0.0025007485241444268
0.9877152748952622 0.003473427513969359
0.983974848294589 0.004602609491714787
0.9797471156788333 0.005873160269232354
0.9750363340163697 0.007261382520627319
0.9698472466650165 0.008731434956228431
0.9641850785958763 0.010257120927835525
0.9580555311322333 0.01182487385083558
0.9514647762088038 0.0134241754549657
0.9444194501571215 0.015050332581776984
0.9369266470233137 0.016706485847946182
0.9289939114249983 0.01840306262222116
0.9206292309544938 0.020150026133583354
0.91184102813599 0.021947457415071953
0.9026381519447815 0.02379598453290427
0.8930298688970983 0.02569643764014158
0.88302585371951 0.027645172702022842
0.8726361796072968 0.029637631793531495
0.8618713080815942 0.03166936092638982
0.8507420784555296 0.0337358404909793
0.8392596969199525 0.035832608841339667
0.8274357252597487 0.03795503543069874
0.8152820692121057 0.040095046019997485
0.8028109664784415 0.04224189301563473
0.790034974402079 0.04438390502124034
0.7769669573240647 0.04650618372226653
0.7636200736298677 0.04859051624396657
0.7500077625000012 0.05061743984096856
0.7361437303779069 0.05256989303621596
0.7220419371687278 0.054434405820627904
0.7077165821828679 0.056197611099518464
0.6931820898384893 0.05784925102601048
0.6784530951373471 0.059383911872374684
0.6635444289285818 0.06079715727892805
0.6484711029753117 0.06208540331291813
0.6332482948390612 0.0632460612134537
0.6178913325972412 0.0642772870394196
0.6024156794090749 0.06518018527873352
0.5868369179455081 0.06596090601568849
0.5711707346987795 0.06662695356459097
0.5554329041874532 0.06718471396156313
0.5396392730728151 0.06763688923761178
0.5238057442026289 0.06798611014839806
0.5079482605983163 0.06823492985918549
0.49208278940168537 0.06838477333293648
0.4762253057973728 0.06843719672893474
0.4603917769271867 0.06839388172561522
0.4445981458125487 0.06825591533771991
0.4288603153012223 0.06802453468384877
0.4131941320544937 0.06770128391025451
0.3976153705909269 0.06728775691984305
0.3821397174027606 0.06678581566229753
0.36678275516094044 0.0661975268359422
0.3515599470246899 0.06552420966959635
0.33648662107142 0.06476712564447451
0.3215779548626545 0.06392796510450573
0.30684896016151225 0.06300870949880147
0.29231446781713377 0.06201170644950077
0.27798911283127375 0.06093969117184506
0.2638873196220945 0.05979465894510811
0.2500232875 0.05857820686825962
0.23641097637013347 0.057292558916776884
0.22306409267593633 0.055940212356242254
0.20999607559792197 0.05452392983244883
0.19722008352155945 0.053047178388179524
0.18474898078789523 0.051512900393420005
0.17259532474025194 0.04992297312003509
0.16077135308004833 0.04828026333370388
0.14928897154447102 0.046588049172873965
0.1381597419184065 0.04484920173754699
0.1273948703927039 0.043067834297910244
0.11700519628049041 0.041248247438131276
0.10700118110290213 0.03939236139776089
0.09739289805521885 0.03750364286884522
0.0881900218640103 0.03558681596469966
0.0794018190455066 0.033643890377970116
0.07103713857500195 0.03167889585934469
0.06310440297668654 0.02969807951082278
0.055611599842878626 0.02770179686187265
0.048566273791196254 0.02569260229833551
0.041975518867766834 0.023678187420794014
0.03584597140412373 0.021656377002324433
0.030183803334983487 0.01962746216982613
0.02499471598363021 0.01760407161129876
0.02028393432116668 0.015590825994844145
0.016056201705411055 0.013596786473778658
0.012315775104737872 0.011650218099779123
0.009066420811671649 0.009723109304932863
0.006311410650549557 0.007788928476003751
0.004053518683071528 0.005917650614107344
0.0022950184150556524 0.004115691132346391
0.001037680507210007 0.002525365328336275
0.0002827709922279577 0.0011169937595888536
3.105e-05 0.00034411022293489294
3.105e-05 -0.00030958
0.0002827709922279577 -0.0008833906213728884
0.001037680507210007 -0.0017675678644405723
0.0022950184150556524 -0.002766690121486905
0.004053518683071528 -0.0038402849933335766
0.006311410650549557 -0.004955579256283207
0.009066420811671649 -0.006114149509238152
0.012315775104737872 -0.007284634117797923
0.016056201705411055 -0.008431294498813535
0.02028393432116668 -0.009530081058762171
0.02499471598363021 -0.010591328500231012
0.030183803334983487 -0.011620490355055094
0.03584597140412373 -0.012607230676798553
0.041975518867766834 -0.013553448797083832
0.048566273791196254 -0.014464619037504454
0.055611599842878626 -0.015337336282850283
0.06310440297668654 -0.016173129294974053
0.07103713857500195 -0.016977427796109376
0.0794018190455066 -0.017748214907033953
0.0881900218640103 -0.018483355106342896
0.09739289805521885 -0.019183136128187145
0.10700118110290213 -0.01984604779876615
0.11700519628049041 -0.020469919278541242
0.1273948703927039 -0.021054121611865973
0.1381597419184065 -0.02159741333167009
0.14928897154447102 -0.02209710416084494
0.16077135308004833 -0.022551237783776594
0.17259532474025194 -0.02295813841133757
0.18474898078789523 -0.02331540423156561
0.19722008352155945 -0.023621027514386758
0.20999607559792197 -0.023873090664368306
0.22306409267593633 -0.024067403448221003
0.23641097637013347 -0.024199038531332852
0.2500232875 -0.024262956253885547
0.2638873196220945 -0.02425157365021079
0.27798911283127375 -0.024155392527316657
0.29231446781713377 -0.023964714412505434
0.30684896016151225 -0.023673597934519976
0.3215779548626545 -0.023281177817889444
0.33648662107142 -0.022787468041130656
0.3515599470246899 -0.02219388246698962
0.36678275516094044 -0.021504327282171446
0.3821397174027606 -0.020723681309728813
0.3976153705909269 -0.019857490899369744
0.4131941320544937 -0.018911866694534978
0.4288603153012223 -0.017893468994729548
0.4445981458125487 -0.016809729017717896
0.4603917769271867 -0.015671667514567188
0.4762253057973728 -0.014492797353020438
0.49208278940168537 -0.01328698036395327
0.5079482605983163 -0.012066194882107079
0.5238057442026289 -0.01083926865859475
0.5396392730728151 -0.009614756770341034
0.5554329041874532 -0.008400816806396847
0.5711707346987795 -0.007203985385289165
0.5868369179455081 -0.006030210358301171
0.6024156794090749 -0.00488521981302318
0.6178913325972412 -0.0037742800008917854
0.6332482948390612 -0.0027021778483041587
0.6484711029753117 -0.0016733722425594892
0.6635444289285818 -0.00069195355680837
0.6784530951373471 0.00023841701801688344
0.6931820898384893 0.0011144985890986368
0.7077165821828679 0.001933483642644315
0.7220419371687278 0.0026929931760126115
0.7361437303779069 0.0033910985816809295
0.7500077625000012 0.004026357980736519
0.7636200736298677 0.004597696241103576
0.7769669573240647 0.0051040442041331464
0.790034974402079 0.005544781832797884
0.8028109664784415 0.005919867223113144
0.8152820692121057 0.006229547026258516
0.8274357252597487 0.006474322123210696
0.8392596969199525 0.00665531575657857
0.8507420784555296 0.006774154437305922
0.8618713080815942 0.006832216961235347
0.8726361796072968 0.0068312480753482795
0.88302585371951 0.006773756657021462
0.8930298688970983 0.006662528419431102
0.9026381519447815 0.006500046694611617
0.91184102813599 0.006289565314821152
0.9206292309544938 0.006035145514271001
0.9289939114249983 0.005740197524405113
0.9369266470233137 0.00540783898465821
0.9444194501571215 0.00504248827490974
0.9514647762088038 0.004649506078519548
0.9580555311322333 0.004233742191393604
0.9641850785958763 0.003800829974517185
0.9698472466650165 0.0033577575246472157
0.9750363340163697 0.002911689547750079
0.9797471156788333 0.002468704698972885
0.983974848294589 0.0020363849364879315
0.9877152748952622 0.0016236512001298095
0.9909646291883283 0.0012387455266039322
0.9937196393494504 0.0008896573453473094
0.9959775313169285 0.0005858714117217225
0.9977360315849444 0.0003371502033081314
0.9989933694927899 0.00015234807058505607
0.9997482790077721 3.8471743394023644e-05
1.0 0.0
