1.0 0.0
0.9997482783708982 9.663474542657226e-06
0.9989933669459357 3.977559585376461e-05
0.9977360258569264 9.35462696118234e-05
0.9959775211397667 0.00017581017788921907
0.9937196234596446 0.0002922614724973761
0.9909646063281303 0.0004483971342688053
0.9877152438139426 0.0006481836003710123
0.9839748077496963 0.0008930746901694715
0.979747064437445 0.0011841624386239999
0.9750362708563337 0.0015210306722180649
0.9698471703761818 0.0019002128934058492
0.9641849879813116 0.0023183999091060414
0.958055425009432 0.0027756195750841903
0.9514646534108747 0.003272038359322953
0.944419309533964 0.003807855410139829
0.9369264874427757 0.004384210121694484
0.928993731774016 0.005002837643173437
0.9206290301402128 0.0056658420356052955
0.9118408050868655 0.006375031559426662
0.9026379056116572 0.00713168253488386
0.8930295982542632 0.007937072448205594
0.8830255577657307 0.00879222078883208
0.8726358573668256 0.009697114794694628
0.8618709586051523 0.01065124261195524
0.8507417008212627 0.011653805463381751
0.8392592902343581 0.012704510019342656
0.8274352886585772 0.013803470074302942
0.8152816018612296 0.014950695060932802
0.8028104675746958 0.01614570967006052
0.7900344431740697 0.017387097955740533
0.7769663930329456 0.018673055590015728
0.7636194755700842 0.0200015921905163
0.7500071300000012 0.02137121331402087
0.7361430628008164 0.02278053878360634
0.7220412339129927 0.024228007186825797
0.7077158426828593 0.025711396235103948
0.6931813135650733 0.027227760122463786
0.6784522815984174 0.028773892861718393
0.6635435776695553 0.030346906155498597
0.6484702135795866 0.03194512223733614
0.6332473669284355 0.03356700841892834
0.6178903658322945 0.035209413398138094
0.6024146734895099 0.03685937666836728
0.5868358726104528 0.03849972070239084
0.57116964972705 0.040112567566610254
0.555431779397776 0.04167746855667896
0.5396381083240105 0.043172043194003834
0.5238045393937525 0.044573989241957816
0.5079470156687605 0.04586995044770772
0.49208150433124115 0.04705796340561576
0.4762239806062493 0.04813721687819633
0.4603904116759913 0.04910981407051001
0.4445967406022258 0.0499829119589979
0.4288588702729519 0.05076445556164936
0.413192647389549 0.05146005064330416
0.3976138465104918 0.052068437609982504
0.3821381541677072 0.052587531829283905
0.36678115307156617 0.053015578024706654
0.35155830642041513 0.053350778730582436
0.3364849423304464 0.05359172931952564
0.3215762384015842 0.05373706315254258
0.3068472064349283 0.053782969195325984
0.29231267731714233 0.05372537678503946
0.27798728608700884 0.05356118298205207
0.26388545719918494 0.05328823070285286
0.25002139000000007 0.05290537108609451
0.23640904442991695 0.052412326503058
0.22306212696705555 0.05180789070654792
0.20999407682593135 0.05109095789590658
0.19721805242530524 0.05026180888855018
0.18474691813877137 0.049321275452827405
0.17259323134142351 0.04827109760677665
0.16076922976564273 0.04711454020606409
0.14928681917873807 0.045854988182232444
0.13815756139484828 0.04449638973832975
0.12739266263317506 0.04304439864827458
0.11700296223426988 0.041503380831756934
0.10699892174573729 0.03987722031135488
0.09739061438834308 0.038172304005671794
0.08818771491313479 0.03639340950248743
0.07939948985978758 0.034544609942609224
0.0710347882259842 0.032633713631897744
0.06310203255722455 0.03066485729835962
0.05560921046603608 0.028640109545020144
0.04856386658912532 0.026568525099469508
0.041973094990568185 0.024462056294746376
0.03584353201868847 0.022335598603143672
0.030181349623818195 0.020209983134448356
0.024992249143666267 0.01808411544515977
0.02028145556255506 0.015945412894206076
0.01605371225030379 0.013809799120021839
0.012313276186057464 0.01170818080344037
0.009063913671869614 0.009683787094624051
0.006308896540355381 0.00779532055208247
0.004050998860233297 0.005966401004134079
0.002292494143073598 0.004130805456555034
0.0010351530540642704 0.0025211497814621366
0.0002802416291018429 0.0011014802394427152
2.852e-05 0.00033473756313197404
2.852e-05 -0.00029509
0.0002802416291018429 -0.0008771513632373962
0.0010351530540642704 -0.0017655407024843046
0.002292494143073598 -0.0027925909600284935
0.004050998860233297 -0.0039235067206298355
0.006308896540355381 -0.0051496202158579415
0.009063913671869614 -0.006409804876199001
0.012313276186057464 -0.0076173536317867534
0.01605371225030379 -0.008750649043357654
0.02028145556255506 -0.009856755774332772
0.024992249143666267 -0.010942490041418245
0.030181349623818195 -0.011981345890516986
0.03584353201868847 -0.012955185422702369
0.041973094990568185 -0.013852351723732267
0.04856386658912532 -0.014668811339341833
0.05560921046603608 -0.015413157774303243
0.06310203255722455 -0.016093838681586453
0.0710347882259842 -0.016706914194328158
0.07939948985978758 -0.017251595137330572
0.08818771491313479 -0.01772988174327535
0.09739061438834308 -0.018141330706383782
0.10699892174573729 -0.018487653795216063
0.11700296223426988 -0.018773292184178142
0.12739266263317506 -0.019000626445400067
0.13815756139484828 -0.019172258352079783
0.14928681917873807 -0.01929287211226467
0.16076922976564273 -0.01936615050802822
0.17259323134142351 -0.019394510145643726
0.18474691813877137 -0.019381583861849058
0.19721805242530524 -0.01933140230827868
0.20999407682593135 -0.019247198252826465
0.22306212696705555 -0.01913288947386408
0.23640904442991695 -0.01899280647857194
0.25002139000000007 -0.018829291655176873
0.26388545719918494 -0.018644178201893707
0.27798728608700884 -0.018439658627098333
0.29231267731714233 -0.018218041905710913
0.3068472064349283 -0.017981734073259065
0.3215762384015842 -0.01773341611627334
0.3364849423304464 -0.017475004845093588
0.35155830642041513 -0.01720606678131626
0.36678115307156617 -0.016925792182411324
0.3821381541677072 -0.016633573741355993
0.3976138465104918 -0.016330417996407744
0.413192647389549 -0.016018133493400005
0.4288588702729519 -0.01569859801474925
0.4445967406022258 -0.015372742109106094
0.4603904116759913 -0.015040294490053514
0.4762239806062493 -0.014700921399742835
0.49208150433124115 -0.014354707855440551
0.5079470156687605 -0.01400313624121675
0.5238045393937525 -0.013648005248293321
0.5396381083240105 -0.013291004931394984
0.555431779397776 -0.01293248787545522
0.57116964972705 -0.012571980596034305
0.5868358726104528 -0.01220903568355688
0.6024146734895099 -0.01184396274774051
0.6178903658322945 -0.01147830831134688
0.6332473669284355 -0.011113702372098506
0.6484702135795866 -0.010751438865098996
0.6635435776695553 -0.010391316655805576
0.6784522815984174 -0.010032712924904912
0.6931813135650733 -0.00967512737199291
0.7077158426828593 -0.009319107861490308
0.7220412339129927 -0.008966076282032755
0.7361430628008164 -0.008617405971909688
0.7500071300000012 -0.008273837478712324
0.7636194755700842 -0.007934709850145261
0.7769663930329456 -0.0075992661144254625
0.7900344431740697 -0.007267023393102246
0.8028104675746958 -0.0069386763391816875
0.8152816018612296 -0.006615405264035697
0.8274352886585772 -0.0062982821740038015
0.8392592902343581 -0.005987337576381842
0.8507417008212627 -0.005681421147113607
0.8618709586051523 -0.005379585888091903
0.8726358573668256 -0.005081391776588741
0.8830255577657307 -0.00478745028018039
0.8930295982542632 -0.004498625876857993
0.9026379056116572 -0.004215652849669446
0.9118408050868655 -0.003937433755170286
0.9206290301402128 -0.0036620776781459683
0.928993731774016 -0.003388476286374551
0.9369264874427757 -0.0031145691456625534
0.944419309533964 -0.002836292361939502
0.9514646534108747 -0.0025513719620413283
0.958055425009432 -0.0022596305838609035
0.9641849879813116 -0.001963089922767323
0.9698471703761818 -0.0016650833015380078
0.9750362708563337 -0.001369989036029429
0.979747064437445 -0.0010880638164077851
0.9839748077496963 -0.000831544700156897
0.9877152438139426 -0.0006075824390906921
0.9909646063281303 -0.00042019724271170894
0.9937196234596446 -0.00027224622783438306
0.9959775211397667 -0.0001621628232222697
0.9977360258569264 -8.528773910912975e-05
0.9989933669459357 -3.58688427690976e-05
0.9997482783708982 -8.646165918859792e-06
1.0 0.0
