1.0 0.0
0.9997482730090745 2.7306614774859183e-05
0.9989933455040401 0.0001096137543466197
0.9977359776329018 0.0002481780374556985
0.9959774354585234 0.00044540825034354776
0.9937194896838091 0.0007053322511775238
0.9909644138687562 0.0010342412316835324
0.9877149821411729 0.0014415020513406348
0.9839744664033662 0.0019401306475072357
0.979746633037614 0.0025413766325823946
0.9750357391137376 0.003251735571740106
0.9698465281025932 0.0040743414643542334
0.9641842250997982 0.005009472206930642
0.9580545315645036 0.00605942907637576
0.9514636195785074 0.007225652537210794
0.9444181256314922 0.008507213166600556
0.9369251439386416 0.009902028042804495
0.928992219297367 0.011407123636134338
0.9206273394903374 0.01301714673348499
0.9118389272424577 0.014724181481472148
0.9026358317398999 0.01651789076012486
0.8930273197197222 0.018384965659611237
0.8830230661390498 0.020308526077629917
0.8726331444332146 0.02226576763391813
0.8618680163726582 0.024228463783792748
0.8507385215288167 0.026164500395957364
0.8392558663595912 0.028051393314078188
0.8274316129253937 0.029877113330596308
0.815277667247134 0.031630345532500354
0.8028062673178638 0.033307553100278
0.7900299707801566 0.03491677220214651
0.7769616422816258 0.03646965153465861
0.7636144405213143 0.03797561003904087
0.7500018050000012 0.03943539692077979
0.7361374424877628 0.04084942630080601
0.7220353132224169 0.04221803956357622
0.7077096168527478 0.04353901459497247
0.693174778140662 0.044809851791448634
0.6784454324366774 0.04602865800000817
0.6635364109433647 0.047195289600760054
0.6484627257815838 0.048310609409012585
0.6332395548745513 0.049375741081611406
0.6178822266649577 0.050389363968085056
0.6024062046805249 0.05134856696506814
0.586827071963545 0.052250640776065616
0.5711605153800776 0.053093620596350574
0.5554223098246049 0.053876355104896974
0.5396283023360511 0.05459798365843638
0.523794396141156 0.05525737974115288
0.5079365346412754 0.0558527082956949
0.49207068535872633 0.05638228584509472
0.47621282385884584 0.05684475600609789
0.4603789176639508 0.057239235419220276
0.44458491017539686 0.05756515689404574
0.4288467046199243 0.05782197481076095
0.4131801480364568 0.05800799783173515
0.39760101531947695 0.058121380681838766
0.382124993335044 0.0581606658682307
0.36676766512545034 0.058124929385919476
0.3515444942184179 0.05801373047151958
0.33647080905663707 0.057826983073055824
0.32156178756332426 0.05756387823605681
0.30683244185933967 0.057223057105384126
0.2922976031472539 0.05680371651718479
0.27797190677758454 0.05630534728627321
0.2638697775122386 0.05572762842698219
0.25000541500000006 0.05507091554707718
0.2363927794786869 0.05433528259269971
0.22304557771837538 0.05351937293129078
0.20997724921984443 0.052622630460575345
0.19720095268213722 0.051645215731055245
0.18472955275286693 0.05058697799302536
0.172575607074607 0.04944882917268665
0.16075135364040963 0.048232479352663477
0.14926869847118399 0.04693787806317107
0.13813920362734247 0.04556588280259609
0.127374075566786 0.044118937842392084
0.11698415386095065 0.04259773113623496
0.10697990028027828 0.04100389666516053
0.09737138826010037 0.03934152276930922
0.08816829275754257 0.03761208844168171
0.07937988050966292 0.03581759686275134
0.07101500070263325 0.03396395465882732
0.06308207606135875 0.032052679546841
0.05558909436850791 0.030084693229031432
0.048543600421492576 0.028068048187910866
0.04195268843549654 0.026008789870911406
0.035822994900201854 0.023913370183201343
0.030160691897406822 0.021798045868390604
0.024971480886262325 0.019662829342906623
0.020260586962386064 0.017498457370215048
0.016032753596633916 0.015324351376435166
0.012292237858827134 0.013160010961712217
0.009042806131243766 0.011027445471747766
0.006287730316190977 0.008988202056026146
0.004029784541476649 0.0069949318326245485
0.0022712423670981944 0.0049867564738324795
0.001013874495959845 0.0031009227219237624
0.000258946990925462 0.001352145739381071
7.22e-06 0.0005854674918771353
7.22e-06 0.00020915
0.000258946990925462 -0.0015555441905707454
0.001013874495959845 -0.0018212604252687697
0.0022712423670981944 -0.0032096136960470404
0.004029784541476649 -0.004159783996171698
0.006287730316190977 -0.005492308472315353
0.009042806131243766 -0.006763206562485784
0.012292237858827134 -0.008062547048151155
0.016032753596633916 -0.009352906509692048
0.020260586962386064 -0.010634244063252777
0.024971480886262325 -0.011900899848986393
0.030160691897406822 -0.013135353188822054
0.035822994900201854 -0.01433588669505073
0.04195268843549654 -0.015504139148245414
0.048543600421492576 -0.01663070798450443
0.05558909436850791 -0.01771215532723693
0.06308207606135875 -0.01875007478451895
0.07101500070263325 -0.019741044938420563
0.07937988050966292 -0.0206841652384417
0.08816829275754257 -0.02158288767773776
0.09737138826010037 -0.022438005023248053
0.10697990028027828 -0.023250117782458668
0.11698415386095065 -0.02402288257572438
0.127374075566786 -0.024758780883224273
0.13813920362734247 -0.025457872587251528
0.14926869847118399 -0.026121711474161598
0.16075135364040963 -0.02675192314640124
0.172575607074607 -0.02734740984396508
0.18472955275286693 -0.027907289885749555
0.19720095268213722 -0.028431349911624996
0.20997724921984443 -0.028919415430871023
0.22304557771837538 -0.029371723940992085
0.2363927794786869 -0.029789078757366392
0.25000541500000006 -0.030170958120775814
0.2638697775122386 -0.030515492911751155
0.27797190677758454 -0.030820997115527795
0.2922976031472539 -0.031086596054302498
0.30683244185933967 -0.03131287215928098
0.32156178756332426 -0.03150094099478753
0.33647080905663707 -0.031652073598916676
0.3515444942184179 -0.03176671353141512
0.36676766512545034 -0.031845200597170865
0.382124993335044 -0.03188812210650882
0.39760101531947695 -0.031896463382344566
0.4131801480364568 -0.031871559476784515
0.4288467046199243 -0.03181494908207101
0.44458491017539686 -0.031727457670087486
0.4603789176639508 -0.031608537093857525
0.47621282385884584 -0.031457611611881334
0.49207068535872633 -0.0312744543920624
0.5079365346412754 -0.031059900776788486
0.523794396141156 -0.030815153757539484
0.5396283023360511 -0.0305414006481371
0.5554223098246049 -0.03023845799908731
0.5711605153800776 -0.029905356909640447
0.586827071963545 -0.029541284336154123
0.6024062046805249 -0.02914618767195785
0.6178822266649577 -0.028720988091818965
0.6332395548745513 -0.02826679448383797
0.6484627257815838 -0.027784038838091715
0.6635364109433647 -0.02727077116636275
0.6784454324366774 -0.026724861852534365
0.693174778140662 -0.026144752072862862
0.7077096168527478 -0.02553075258289471
0.7220353132224169 -0.024884150195678974
0.7361374424877628 -0.024206330335375528
0.7500018050000012 -0.0234958806524787
0.7636144405213143 -0.02274891855518547
0.7769616422816258 -0.021962303914868336
0.7900299707801566 -0.02113034193851417
0.8028062673178638 -0.020241572186106505
0.815277667247134 -0.019286032808247828
0.8274316129253937 -0.018259494378725833
0.8392558663595912 -0.01717355660017382
0.8507385215288167 -0.01604314632073043
0.8618680163726582 -0.014882734757702333
0.8726331444332146 -0.013711508803882158
0.8830230661390498 -0.012549552265045151
0.8930273197197222 -0.011413811692290863
0.9026358317398999 -0.010311992761545293
0.9118389272424577 -0.009242824386153824
0.9206273394903374 -0.008205441869548994
0.928992219297367 -0.007201753139056064
0.9369251439386416 -0.00623993161850146
0.9444181256314922 -0.0053277519578761486
0.9514636195785074 -0.004471489530695344
0.9580545315645036 -0.0036799733351312995
0.9641842250997982 -0.0029615340294712844
0.9698465281025932 -0.0023206033758297845
0.9750357391137376 -0.001761267732243437
0.979746633037614 -0.001290463724201333
0.9839744664033662 -0.0009090097128469638
0.9877149821411729 -0.0006118185681968533
0.9909644138687562 -0.00039029249473861865
0.9937194896838091 -0.00023337407743934623
0.9959774354585234 -0.0001283746918946535
0.9977359776329018 -6.258488501687334e-05
0.9989933455040401 -2.4653162738932142e-05
0.9997482730090745 -5.678250103984772e-06
1.0 0.0
