1.0 0.0
0.9997482711915926 2.1829213591818837e-05
0.9989933382359422 8.809677653232614e-05
0.9977359612865423 0.00020107222787210395
0.9959774064153977 0.0003643049911823551
0.9937194443381971 0.000582277977247817
0.9909643486313533 0.0008599292221188262
0.9877148934427036 0.0012020480719853322
0.9839743506981782 0.0016126271868780332
0.9797464868072487 0.0020945378443108517
0.9750355588704727 0.0026487280919469587
0.9698463103929542 0.003273354263906764
0.9641839665080364 0.003966076670167737
0.958054228716035 0.004726429181699161
0.9514632691433107 0.0055531280736252926
0.9444177243274618 0.0064434998394098915
0.9369246885348927 0.007392701069509646
0.9289917066174888 0.008393708734665635
0.9206267664155909 0.009437487667995584
0.9118382907149167 0.01051722137590215
0.9026351287655296 0.01162869601754173
0.8930265473713942 0.012767530337133699
0.8830222215594895 0.013929056983119883
0.872632224837878 0.015108279023903564
0.8618670190525357 0.01629992713242639
0.8507374438531613 0.017498705032038125
0.8392547057785669 0.018700185634435068
0.8274303669726433 0.01990025970166809
0.8152763335422621 0.02109506375040882
0.8028048435688343 0.02228274476009309
0.7900284547856001 0.023463085924237972
0.7769600319330563 0.024636468314777258
0.7636127338052524 0.025802502384096513
0.7500000000000012 0.02695942001370417
0.7361355373863427 0.028105565490747986
0.7220333063028884 0.029239217360954386
0.7077075065009447 0.030358056713604052
0.6931725628465657 0.03145975826892694
0.6784431107959373 0.032542022781105455
0.6635339816587122 0.033602092198723475
0.6484601876641387 0.0346370802007782
0.6332369068450188 0.03564419940307497
0.6178794677547149 0.036620979342109714
0.6024033340325966 0.03756523414650456
0.5868240888334664 0.03847492210786088
0.5711574191366438 0.039348374011908764
0.5554190999505066 0.04018440902783825
0.5396249784283953 0.04098204029410925
0.5237909579118721 0.04173986399432801
0.5079329819174049 0.04245498193053791
0.4920670180825969 0.04312436408059315
0.4762090420881297 0.043745244221763555
0.46037502157160654 0.04431554183113093
0.44458090004949524 0.04483356259890279
0.42884258086335814 0.0452978018900736
0.41317591116653546 0.045706544425893385
0.3975966659674052 0.04605804301758419
0.38212053224528686 0.046350817957975674
0.36676309315498296 0.046583134930578876
0.35153981233586296 0.04675295657767899
0.33646601834128953 0.046858609284437004
0.32155688920406433 0.04689856770028591
0.3068274371534359 0.046871211712024616
0.29229249349905695 0.04677537222510761
0.2779666936971131 0.04660991564851153
0.2638644626136587 0.04637253977819621
0.25000000000000006 0.04606133410988744
0.2363872661947488 0.04567508830781931
0.22303996806694482 0.0452126528473297
0.20997154521440087 0.04467353629670395
0.19719515643116664 0.044058006682816314
0.18472366645773874 0.043364987400165735
0.17256963302735745 0.042593357362338526
0.1607452942214339 0.04174338255052443
0.14926255614683936 0.040814813264333796
0.1381329809474649 0.03980745233788586
0.12736777516212267 0.038722971511307255
0.116977778440511 0.037561374506013524
0.10697345262860625 0.03632086674243779
0.09736487123447068 0.03500277170464548
0.0881617092850836 0.033610320655982025
0.0793732335844094 0.03214787025341858
0.07100829338251147 0.030623029886629967
0.06307531146510753 0.02903659010710512
0.05558227567253826 0.027374324864552203
0.04853673085668936 0.02563145666441739
0.041945771283965205 0.023820818847906752
0.03581603349196366 0.02197814512408296
0.030153689607045786 0.020140574866513283
0.02496444112952728 0.018304615042246637
0.020253513192751316 0.016373494425675858
0.016025649301821876 0.014304924944436253
0.012285106557296477 0.012163359468984803
0.009035651368646647 0.010151797476325016
0.006280555661802856 0.008411820689556147
0.00402259358460233 0.00683810060979017
0.0022640387134577056 0.004971983398806221
0.0010066617640577813 0.0029908045181333406
0.0002517288084074587 0.0014553490208004303
0.0 0.0008769588000658416
0.0 0.00047
0.0002517288084074587 -0.00496008419388893
0.0010066617640577813 0.0006284407259183737
0.0022640387134577056 -0.007240655701859594
0.00402259358460233 -0.010228707486788622
0.006280555661802856 -0.00627191692825902
0.009035651368646647 -0.002878954046879272
0.012285106557296477 -0.003844324691593364
0.016025649301821876 -0.008164695190234028
0.020253513192751316 -0.012352819938635056
0.02496444112952728 -0.014193926856915482
0.030153689607045786 -0.0142682697830142
0.03581603349196366 -0.014064266111099346
0.041945771283965205 -0.014785446933297136
0.04853673085668936 -0.016216041093382497
0.05558227567253826 -0.017798083029776587
0.06307531146510753 -0.018984918098569312
0.07100829338251147 -0.01980168549784993
0.0793732335844094 -0.020438888294633726
0.0881617092850836 -0.021117260749717294
0.09736487123447068 -0.021856041173744886
0.10697345262860625 -0.022590122537639423
0.116977778440511 -0.023243066022510073
0.12736777516212267 -0.023792184420464726
0.1381329809474649 -0.024257301307943693
0.14926255614683936 -0.024665659698086272
0.1607452942214339 -0.025032534752218855
0.17256963302735745 -0.02535364627567431
0.18472366645773874 -0.025623592684313003
0.19719515643116664 -0.0258388051213645
0.20997154521440087 -0.026000442711430653
0.22303996806694482 -0.02611132821508104
0.2363872661947488 -0.02617480726324227
0.25000000000000006 -0.0261920039031251
0.2638644626136587 -0.026163548700343806
0.2779666936971131 -0.0260906024637934
0.29229249349905695 -0.025975159125925996
0.3068274371534359 -0.02581998973781227
0.32155688920406433 -0.02562838051327633
0.33646601834128953 -0.025402871698956792
0.35153981233586296 -0.02514425756010906
0.36676309315498296 -0.0248533493909547
0.38212053224528686 -0.024531306933742808
0.3975966659674052 -0.024180099183806522
0.41317591116653546 -0.023802067359085202
0.42884258086335814 -0.023399679581525844
0.44458090004949524 -0.02297472516758202
0.46037502157160654 -0.022528569491537333
0.4762090420881297 -0.02206267487030405
0.4920670180825969 -0.021578662938686082
0.5079329819174049 -0.021078339243355265
0.5237909579118721 -0.02056358713355525
0.5396249784283953 -0.020036149953340455
0.5554190999505066 -0.01949702206999597
0.5711574191366438 -0.0189470421980709
0.5868240888334664 -0.018387182508866746
0.6024033340325966 -0.017819550381051527
0.6178794677547149 -0.017246986148722155
0.6332369068450188 -0.016672275169873053
0.6484601876641387 -0.01609676012170412
0.6635339816587122 -0.015519430577026793
0.6784431107959373 -0.014939172964467022
0.6931725628465657 -0.014355596082721406
0.7077075065009447 -0.013771157542854821
0.7220333063028884 -0.013189033340253054
0.7361355373863427 -0.012612060818242898
0.7500000000000012 -0.012040303280511982
0.7636127338052524 -0.011471801332313786
0.7769600319330563 -0.010904851910347155
0.7900284547856001 -0.010338649924322126
0.8028048435688343 -0.009773863549481442
0.8152763335422621 -0.009211416373858203
0.8274303669726433 -0.008651782907966876
0.8392547057785669 -0.008092295637084761
0.8507374438531613 -0.007529710395526289
0.8618670190525357 -0.0069617707418721635
0.872632224837878 -0.0063892990358070355
0.8830222215594895 -0.005815762582665869
0.8930265473713942 -0.005244603800550941
0.9026351287655296 -0.004680063597252295
0.9118382907149167 -0.004128678680325791
0.9206267664155909 -0.003596374660096417
0.9289917066174888 -0.0030881208470401804
0.9369246885348927 -0.0026095311582784815
0.9444177243274618 -0.0021656125919206843
0.9514632691433107 -0.001759673779607397
0.958054228716035 -0.0013941356086224401
0.9641839665080364 -0.0010709410868726457
0.9698463103929542 -0.0007903851859653345
0.9750355588704727 -0.0005521674307919291
0.9797464868072487 -0.00036075923185842124
0.9839743506981782 -0.0002185543684643915
0.9877148934427036 -0.0001227475188785133
0.9909643486313533 -6.468639186994364e-05
0.9937194443381971 -3.163523462201064e-05
0.9959774064153977 -1.4035729945716076e-05
0.9977359612865423 -5.440832980388799e-06
0.9989933382359422 -1.7019657563953745e-06
0.9997482711915926 -3.2438326602525237e-07
1.0 0.0
