1.0 0.0
0.9997482747812454 -8.634846366337989e-06
0.9989933525909389 -3.330177452774451e-05
0.9977359935717344 -7.033542478362647e-05
0.9959774637775822 -0.00011378450024142059
0.9937195338989209 -0.0001556460998012432
0.9909644774797418 -0.00018618956492662603
0.987715068628323 -0.0001943656729542859
0.9839745792239373 -0.00016841781156150989
0.9797467756223469 -9.786287661781955e-05
0.9750359148634031 2.5223116467852136e-05
0.969846740384568 0.00020544840326494629
0.964184477244674 0.000444725268786374
0.9580548268627335 0.0007472668019515362
0.9514639612770928 0.0011164160205868077
0.944418516930713 0.0015531853508706226
0.9369255879888343 0.00205883677179229
0.9289927191957524 0.0026365507394812307
0.9206278982779018 0.0032886629386173222
0.9118395479008912 0.004016597799826163
0.9026365171885935 0.004822591697366228
0.8930280728128287 0.00570894073208223
0.88302388966261 0.006677244258122316
0.8726340411023518 0.007729455855082344
0.861868988828844 0.008869128772294213
0.850739572337212 0.0100998832323945
0.8392569980064625 0.011424960736110677
0.8274328278156102 0.01284531883856937
0.8152789677017458 0.01436017160425958
0.802807655571765 0.015967887402425014
0.7900314489798349 0.017664751079184964
0.7769632124830009 0.01944353243728417
0.7636161046876684 0.02129533554992515
0.7500035650000012 0.02321022786467441
0.7361393000935796 0.025179520978155873
0.7220372701079406 0.027194648581608916
0.707711674591902 0.02924619055361
0.6931769382058195 0.0313235641036882
0.6784476961971774 0.03341498691242407
0.6635387796641338 0.035507915789152106
0.6484652006218626 0.037590092501886434
0.6332421368867271 0.039651318263608196
0.6178849167935048 0.04168154414709646
0.6024090037610533 0.04367076520125973
0.5868299807219596 0.045610240631021315
0.5711635344318469 0.04749174003481342
0.5554254396741414 0.04930721069459507
0.5396315433762029 0.05104981905948471
0.5237977486528124 0.05271366131518746
0.5079399987930827 0.054293167332680026
0.492074261206919 0.05578424395271741
0.4762165113471895 0.057184390398851356
0.46038271662379887 0.05849152585298022
0.4445888203258605 0.05970341889059207
0.428850725568155 0.06081737157421545
0.4131842792780422 0.061831032320952745
0.3976052562389485 0.06274194538935071
0.382129343206497 0.06354680265120514
0.36677212311327456 0.0642426600188776
0.351549059378139 0.06482692893524868
0.33647548033586794 0.06529680671400129
0.3215665638028243 0.06565002249466531
0.3068373217941821 0.06588441568688198
0.2923025854080996 0.06599554931789886
0.27797698989206093 0.06597916388690415
0.2638749599064218 0.06583216469780526
0.25001069500000006 0.06555234862829591
0.23639815531233285 0.06513868748356884
0.22305104751700017 0.06459131065699125
0.20998281102016608 0.0639102875319294
0.1972066044282359 0.06309655760194631
0.18473529229825503 0.06215237748664736
0.17258143218439045 0.061079081625501665
0.1607572619935383 0.05987860646128307
0.1492746876627887 0.05855462273513883
0.13814527117115658 0.057109258317788084
0.12738021889764883 0.05554517323144448
0.11699037033739043 0.05386742724185266
0.10698618718717176 0.05207856121317316
0.09737774281140688 0.05018164796906882
0.0881747120991092 0.04818308474675512
0.07938636172209848 0.046083114803583965
0.07102154080424783 0.043882132082735364
0.06308867201116604 0.04158694915659073
0.05559574306928717 0.039199461385186075
0.048550298722907344 0.036724635744250174
0.041959433137266695 0.034175937133969006
0.03582978275532606 0.03155353877386367
0.030167519615431987 0.02886361804768483
0.02497834513659677 0.02612700562916966
0.020267484377653185 0.023342802297218745
0.01603968077606283 0.020528834630344526
0.01229919137167697 0.01772289045415546
0.00904978252025813 0.014910939253592038
0.006294726101079119 0.012142364037285374
0.004036796222417814 0.009473709533593165
0.0022782664282656514 0.006818737269753494
0.0010209074090610259 0.004415312605797943
0.0002659852187546508 0.0019504282556019371
1.426e-05 0.0005711143231399604
1.426e-05 -0.00039622
0.0002659852187546508 -0.0016246201090408482
0.0010209074090610259 -0.0027339768345884747
0.0022782664282656514 -0.004131842191300698
0.004036796222417814 -0.005464739264662256
0.006294726101079119 -0.0069789707249678585
0.00904978252025813 -0.008556152317930428
0.01229919137167697 -0.010101332865750223
0.01603968077606283 -0.011588661901131895
0.020267484377653185 -0.013080162396151413
0.02497834513659677 -0.014615861203478594
0.030167519615431987 -0.016164495707247838
0.03582978275532606 -0.017693383560682716
0.041959433137266695 -0.01917673719855076
0.048550298722907344 -0.020603542629912836
0.05559574306928717 -0.021975285224189057
0.06308867201116604 -0.023299171685392965
0.07102154080424783 -0.024563773575765942
0.07938636172209848 -0.02575437355578545
0.0881747120991092 -0.026858922331712633
0.09737774281140688 -0.027869932326113275
0.10698618718717176 -0.02878440225687625
0.11699037033739043 -0.02960333444068166
0.12738021889764883 -0.030327204805121546
0.13814527117115658 -0.03095650490014346
0.1492746876627887 -0.031494813781610995
0.1607572619935383 -0.03194518614014052
0.17258143218439045 -0.032308463293490776
0.18473529229825503 -0.03258722141965276
0.1972066044282359 -0.03278508717417062
0.20998281102016608 -0.03290519409787795
0.22305104751700017 -0.03295195016350591
0.23639815531233285 -0.03293057797788485
0.25001069500000006 -0.03284380263504312
0.2638749599064218 -0.03269408766908726
0.27797698989206093 -0.032484664195428004
0.2923025854080996 -0.0322184470282397
0.3068373217941821 -0.031898252656163
0.3215665638028243 -0.03152747543820934
0.33647548033586794 -0.03110934575592623
0.351549059378139 -0.030646454706574445
0.36677212311327456 -0.030141690816722744
0.382129343206497 -0.029598364229757125
0.3976052562389485 -0.029020348033452742
0.4131842792780422 -0.028411882307805187
0.428850725568155 -0.027777355128703614
0.4445888203258605 -0.027119958875165277
0.46038271662379887 -0.026442166000393365
0.4762165113471895 -0.025746556805941016
0.492074261206919 -0.025035977804454504
0.5079399987930827 -0.02431361672260473
0.5237977486528124 -0.02358273813977626
0.5396315433762029 -0.022846374168375514
0.5554254396741414 -0.022106392084536297
0.5711635344318469 -0.021364334988451916
0.5868299807219596 -0.020621770746364256
0.6024090037610533 -0.019880658891583584
0.6178849167935048 -0.01914325119866127
0.6332421368867271 -0.018411748996846722
0.6484652006218626 -0.0176878424855083
0.6635387796641338 -0.016972149447911825
0.6784476961971774 -0.016265138957114414
0.6931769382058195 -0.015567316858723751
0.707711674591902 -0.014879449246786549
0.7220372701079406 -0.014202402761544096
0.7361393000935796 -0.013537007370543854
0.7500035650000012 -0.012883770591187367
0.7636161046876684 -0.012242802614169875
0.7769632124830009 -0.01161422674731548
0.7900314489798349 -0.010998433362636208
0.802807655571765 -0.010396795221625059
0.8152789677017458 -0.009810833426445863
0.8274328278156102 -0.009241868833722017
0.8392569980064625 -0.00869022396130962
0.850739572337212 -0.008155484562177259
0.861868988828844 -0.007637336816146398
0.8726340411023518 -0.007135723492771412
0.88302388966261 -0.006651031576059913
0.8930280728128287 -0.006183722602143442
0.9026365171885935 -0.00573412705090986
0.9118395479008912 -0.005301280120015201
0.9206278982779018 -0.004883836973649959
0.9289927191957524 -0.004480986773434208
0.9369255879888343 -0.004092456844033199
0.944418516930713 -0.0037184759871803316
0.9514639612770928 -0.0033596289092350175
0.9580548268627335 -0.0030159528289710386
0.964184477244674 -0.002683107013424952
0.969846740384568 -0.002357545007154288
0.9750359148634031 -0.0020385700841052206
0.9797467756223469 -0.0017257537307686628
0.9839745792239373 -0.001419440255700408
0.987715068628323 -0.0011233817097629007
0.9909644774797418 -0.0008450513254336878
0.9937195338989209 -0.000596137164330397
0.9959774637775822 -0.0003853897285217903
0.9977359935717344 -0.00021811688164303562
0.9989933525909389 -9.727985513464574e-05
0.9997482747812454 -2.436230020947122e-05
1.0 0.0
