1.0 0.0
0.9997482711915926 -2.7376522429081214e-05
0.9989933382359422 -0.0001083399156625754
0.9977359612865423 -0.000239451910045619
0.9959774064153977 -0.0004151821057836346
0.9937194443381971 -0.0006282052833962433
0.9909643486313533 -0.0008698121398541046
0.9877148934427036 -0.0011304280204083512
0.9839743506981782 -0.0014002490365382025
0.9797464868072487 -0.0016701799710846612
0.9750355588704727 -0.0019327543705663773
0.9698463103929542 -0.0021830076572844056
0.9641839665080364 -0.0024181747710806897
0.958054228716035 -0.0026329099738273596
0.9514632691433107 -0.00282159790989327
0.9444177243274618 -0.002979863201944476
0.9369246885348927 -0.00310331543745531
0.9289917066174888 -0.0031857100235265653
0.9206267664155909 -0.0032208825711954386
0.9118382907149167 -0.0032030623608973936
0.9026351287655296 -0.003126063128929235
0.8930265473713942 -0.002983220105479862
0.8830222215594895 -0.0027680696350512136
0.872632224837878 -0.002473762207787377
0.8618670190525357 -0.0020892335877173047
0.8507374438531613 -0.0016009408008177603
0.8392547057785669 -0.0009943032400025914
0.8274303669726433 -0.00025617731742536324
0.8152763335422621 0.000620161917356889
0.8028048435688343 0.0016396039774773143
0.7900284547856001 0.0028061419138269436
0.7769600319330563 0.004121031912492864
0.7636127338052524 0.005582005388461076
0.7500000000000012 0.007185160006263713
0.7361355373863427 0.00892530564252712
0.7220333063028884 0.010797580119510906
0.7077075065009447 0.012796768626451266
0.6931725628465657 0.01491652764059012
0.6784431107959373 0.01715018264499815
0.6635339816587122 0.019491827167233536
0.6484601876641387 0.02193497930123606
0.6332369068450188 0.02447186557700029
0.6178794677547149 0.02708882201610777
0.6024033340325966 0.02976836628089311
0.5868240888334664 0.03249182406407777
0.5711574191366438 0.0352282583966625
0.5554190999505066 0.03792906193818787
0.5396249784283953 0.04054324944966888
0.5237909579118721 0.043025607432227816
0.5079329819174049 0.045348518338092086
0.4920670180825969 0.047487812241443744
0.4762090420881297 0.04942567123394075
0.46037502157160654 0.0511678379218938
0.44458090004949524 0.052726436362497534
0.42884258086335814 0.05411284810144146
0.41317591116653546 0.055332365111312634
0.3975966659674052 0.056388718947450546
0.38212053224528686 0.05728601002498853
0.36676309315498296 0.05802777279420498
0.35153981233586296 0.058617647318061
0.33646601834128953 0.059059761256333616
0.32155688920406433 0.0593584786289941
0.3068274371534359 0.059518528805234096
0.29229249349905695 0.059544852926699685
0.2779666936971131 0.05944029021269436
0.2638644626136587 0.0592068922294054
0.25000000000000006 0.05884740705637978
0.2363872661947488 0.05836430185474232
0.22303996806694482 0.05776021430295661
0.20997154521440087 0.05703861246746102
0.19719515643116664 0.05620169308678404
0.18472366645773874 0.055251079055303666
0.17256963302735745 0.054189730879980275
0.1607452942214339 0.05301985955480705
0.14926255614683936 0.051743313082714334
0.1381329809474649 0.05036384161356426
0.12736777516212267 0.048884505762968156
0.116977778440511 0.047307726930820415
0.10697345262860625 0.045638540144889925
0.09736487123447068 0.04387922950011576
0.0881617092850836 0.042028711638491464
0.0793732335844094 0.04009070429163141
0.07100829338251147 0.03807117312448212
0.06307531146510753 0.03597724987041297
0.05558227567253826 0.033821351545119345
0.04853673085668936 0.031606512477325356
0.041945771283965205 0.029321536570134654
0.03581603349196366 0.02697016077025803
0.030153689607045786 0.024571304487388142
0.02496444112952728 0.022155987790418316
0.020253513192751316 0.019763873876403864
0.016025649301821876 0.017379516766217774
0.012285106557296477 0.014915866158076111
0.009035651368646647 0.012381210755541971
0.006280555661802856 0.00986604456532555
0.00402259358460233 0.007508473455303741
0.0022640387134577056 0.00546409496257346
0.0010066617640577813 0.0038807689734077504
0.0002517288084074587 0.002878627111926374
0.0 0.0025355952349551025
0.0 -0.00064
0.0002517288084074587 -0.001138533003503478
0.0010066617640577813 -0.0025387577140436822
0.0022640387134577056 -0.004575115299367706
0.00402259358460233 -0.006873269572012592
0.006280555661802856 -0.009051505196758687
0.009035651368646647 -0.010860706763380442
0.012285106557296477 -0.012360965322820905
0.016025649301821876 -0.014012509251724637
0.020253513192751316 -0.015981883977792287
0.02496444112952728 -0.018141823517155365
0.030153689607045786 -0.02027020839661261
0.03581603349196366 -0.0222413844801009
0.041945771283965205 -0.024081933452114474
0.04853673085668936 -0.025873101941993763
0.05558227567253826 -0.027665549691220974
0.06307531146510753 -0.029429201314396528
0.07100829338251147 -0.03112480699306193
0.0793732335844094 -0.032723337987920466
0.0881617092850836 -0.034221929951141164
0.09736487123447068 -0.035628089227106856
0.10697345262860625 -0.03694968718571682
0.116977778440511 -0.038179959550364344
0.12736777516212267 -0.03931176457108125
0.1381329809474649 -0.04034089965844408
0.14926255614683936 -0.0412675150827017
0.1607452942214339 -0.04209542144967711
0.17256963302735745 -0.042830465591639146
0.18472366645773874 -0.043472897566158776
0.19719515643116664 -0.0440216336520205
0.20997154521440087 -0.044477169261601356
0.22303996806694482 -0.04484191307541358
0.2363872661947488 -0.04512012446469055
0.25000000000000006 -0.04531759915517884
0.2638644626136587 -0.04543823630730985
0.2779666936971131 -0.04548346943465712
0.29229249349905695 -0.04545539415037015
0.3068274371534359 -0.045356296025882335
0.32155688920406433 -0.04518803415260188
0.33646601834128953 -0.044952954540681586
0.35153981233586296 -0.044653857267906626
0.36676309315498296 -0.044293612535129076
0.38212053224528686 -0.04387546534501275
0.3975966659674052 -0.043403022631542366
0.41317591116653546 -0.042879586872150634
0.42884258086335814 -0.04230845260691018
0.44458090004949524 -0.04169318531443394
0.46037502157160654 -0.04103695008744338
0.4762090420881297 -0.04034244605377749
0.4920670180825969 -0.039612524983144534
0.5079329819174049 -0.03885010461034972
0.5237909579118721 -0.038058027378063734
0.5396249784283953 -0.03723922131934195
0.5554190999505066 -0.036396593548023756
0.5711574191366438 -0.035532499808131175
0.5868240888334664 -0.034649150634877245
0.6024033340325966 -0.03374878331632744
0.6178794677547149 -0.03283315267400319
0.6332369068450188 -0.031903643723277406
0.6484601876641387 -0.030961702682340896
0.6635339816587122 -0.0300088948979359
0.6784431107959373 -0.02904694190883863
0.6931725628465657 -0.028077628121220395
0.7077075065009447 -0.02710267418329799
0.7220333063028884 -0.026123303254005584
0.7361355373863427 -0.025140663315569627
0.7500000000000012 -0.02415601456806357
0.7636127338052524 -0.02317077789597406
0.7769600319330563 -0.02218651432666026
0.7900284547856001 -0.021204875689058114
0.8028048435688343 -0.02022766827943519
0.8152763335422621 -0.01925690259135598
0.8274303669726433 -0.018294646745790764
0.8392547057785669 -0.017343103316901462
0.8507374438531613 -0.016405025302028323
0.8618670190525357 -0.01548324878110312
0.872632224837878 -0.014580354881869144
0.8830222215594895 -0.013696561267544236
0.8930265473713942 -0.012830505600558107
0.9026351287655296 -0.011981534279567975
0.9118382907149167 -0.011149652856260137
0.9206267664155909 -0.010335388007973673
0.9289917066174888 -0.009539920022604871
0.9369246885348927 -0.008764707153399037
0.9444177243274618 -0.00800975378749187
0.9514632691433107 -0.007275498356641251
0.958054228716035 -0.006563378581855318
0.9641839665080364 -0.005868330239254369
0.9698463103929542 -0.005182292654378681
0.9750355588704727 -0.004503748528119096
0.9797464868072487 -0.003833368886050447
0.9839743506981782 -0.003170671298600655
0.9877148934427036 -0.0025232393266607324
0.9909643486313533 -0.0019073842936828305
0.9937194443381971 -0.001350732181893299
0.9959774064153977 -0.000875823358514902
0.9977359612865423 -0.0004967924833374502
0.9989933382359422 -0.00022191384374950138
0.9997482711915926 -5.5626194563474624e-05
1.0 0.0
