1.0 0.0
0.9997482773539138 -1.751581881390383e-05
0.9989933628790222 -6.845279642040327e-05
0.99773601671021 -0.0001480422558746947
0.9959775048884886 -0.0002485447958401742
0.9937195980861997 -0.00035956007185463604
0.9909645698240988 -0.00046845490166976444
0.9877151941821121 -0.0005609041753555294
0.9839747430060731 -0.0006216266196755211
0.9797469826132517 -0.0006366053586695422
0.9750361699999915 -0.0005948788017253531
0.9698470485552758 -0.0004894373039497525
0.9641848432845362 -0.0003173604324955322
0.958055255548516 -7.322291186746263e-05
0.9514644573224821 0.0002482275333399474
0.9444190849815703 0.0006493482986010694
0.9369262326185174 0.0011319230048872464
0.9289934449005107 0.001701881780616669
0.9206287094723491 0.0023651916354844016
0.91184044891356 0.0031269473421835395
0.9026375122575775 0.0039911613481159024
0.8930291660815145 0.004960602020982036
0.8830250851755057 0.006036687296014432
0.872635342801014 0.007219522512082655
0.8618704005479093 0.00850847951133259
0.8507410978005358 0.009901689601715344
0.8392586408233694 0.011395788574427976
0.8274345914772597 0.012987067946777663
0.815280855577617 0.014672040744009948
0.8028096709062638 0.016446137753429506
0.790033594889027 0.018303806720893597
0.7769654919514746 0.020239402792235475
0.7636185205655288 0.022246594207680933
0.7500061200000012 0.024318070567494045
0.7361419967883875 0.02644548073310945
0.7220401109275502 0.028619457097858906
0.7077146618211856 0.030829724870905493
0.6931800739822273 0.03306431933744923
0.678450982508585 0.035308404503820494
0.6635422183468412 0.03754591527280853
0.6484687933587447 0.03976063754840177
0.6332458852055391 0.041939439382822234
0.6178888220653442 0.044070083786056743
0.6024130671989795 0.04614038554444714
0.5868342033797718 0.04814081236606885
0.5711679172030233 0.050063586464923183
0.5554299832909398 0.051901159488360965
0.5396362484089233 0.05364645003976732
0.5238026155092225 0.05529288575591871
0.5079450277180075 0.05683427336459465
0.49207945228199423 0.05826572341433648
0.47622186449077936 0.0595840162065213
0.46038823159107845 0.06078647571179827
0.44459449670906204 0.061870595351757034
0.4288565627969786 0.06283380146812258
0.4131902766202301 0.06367398482851512
0.39761141280102236 0.06438949598627404
0.3821356579346575 0.06497904394099185
0.3667785947944625 0.06544189514273303
0.35155568664125697 0.06577752631722567
0.33648226165316053 0.06598484703592103
0.3215734974914166 0.06606325706554554
0.3068444060177744 0.06601231781973724
0.29230981817881607 0.06583017334076932
0.2779843690724514 0.06551544557922946
0.2638824832116139 0.06506760176107877
0.25001836000000005 0.06448620983271364
0.23640595943447237 0.06377177230172253
0.22305898804852653 0.06292557769643255
0.20999088511097402 0.06194783054907117
0.1972148090937372 0.06083955987919906
0.18474362442238385 0.0596031669121334
0.17258988852274093 0.058241054510265546
0.16076583917663137 0.05675691590037803
0.14928338219946488 0.0551561544440246
0.1381540794520913 0.0534448344648141
0.1273891371989867 0.05163053621044867
0.11699939482449476 0.04972200212051122
0.1069953139184859 0.047724926583302595
0.09738696774242286 0.04564589741750963
0.0881840310864403 0.04349344216215506
0.07939577052765125 0.04127107238222695
0.07103103509948945 0.03898383656141561
0.06309824738148286 0.03664097904557977
0.0556053950184298 0.03424804820674618
0.04856002267751799 0.03181397281794457
0.041969224451484176 0.029352259599662547
0.03583963671546378 0.026860711579620253
0.030177431444724206 0.02434216282981157
0.02498831000000843 0.021814514540269635
0.020277497386748358 0.019291790597948208
0.016049736993926967 0.016800250993226337
0.012309285817887955 0.014374646967844644
0.009059910175901142 0.011970767140769733
0.006304881913800255 0.009588710132825626
0.004046975111511379 0.007314425388229987
0.00228846328979 0.005185646755467895
0.001031117120977797 0.0032130574113453233
0.0002762026460862289 0.001485529709391824
2.448e-05 0.0007689528693720503
2.448e-05 0.0004154
0.0002762026460862289 -0.0031022708718440903
0.001031117120977797 -0.0019475736014435761
0.00228846328979 -0.004080472301226805
0.004046975111511379 -0.004621114515048067
0.006304881913800255 -0.006845309691693351
0.009059910175901142 -0.007940138508176929
0.012309285817887955 -0.009199777377890284
0.016049736993926967 -0.010879043476717296
0.020277497386748358 -0.012798711777144684
0.02498831000000843 -0.014631885517868481
0.030177431444724206 -0.016255439574076783
0.03583963671546378 -0.017728860918951046
0.041969224451484176 -0.019189561405713453
0.04856002267751799 -0.02070600302551365
0.0556053950184298 -0.02223716342200936
0.06309824738148286 -0.023725663951928128
0.07103103509948945 -0.02512989576267898
0.07939577052765125 -0.026449630907841012
0.0881840310864403 -0.02769734662551875
0.09738696774242286 -0.028885326246226466
0.1069953139184859 -0.030005914251690104
0.11699939482449476 -0.03104921341873452
0.1273891371989867 -0.03200748471638172
0.1381540794520913 -0.03287796578894637
0.14928338219946488 -0.03366137738006293
0.16076583917663137 -0.03436058207148676
0.17258988852274093 -0.03497503547856953
0.18474362442238385 -0.035503073600640866
0.1972148090937372 -0.03594446097320627
0.20999088511097402 -0.036299676292526575
0.22305898804852653 -0.036569963615154716
0.23640595943447237 -0.03675788886975409
0.25001836000000005 -0.03686590031990078
0.2638824832116139 -0.036895437544287514
0.2779843690724514 -0.03684870349885775
0.29230981817881607 -0.0367286812813424
0.3068444060177744 -0.03653886650113825
0.3215734974914166 -0.03628350382907362
0.33648226165316053 -0.03596728950030683
0.35155568664125697 -0.03559363962775788
0.3667785947944625 -0.035165747419401774
0.3821356579346575 -0.034687266745806807
0.39761141280102236 -0.0341623326689805
0.4131902766202301 -0.03359551630710685
0.4288565627969786 -0.03299173098047925
0.44459449670906204 -0.032355299358505146
0.46038823159107845 -0.03168915324889345
0.47622186449077936 -0.030996220731996843
0.49207945228199423 -0.030279580468003185
0.5079450277180075 -0.029542474264932256
0.5238026155092225 -0.028788246823070813
0.5396362484089233 -0.02802023930378419
0.5554299832909398 -0.02724090340067629
0.5711679172030233 -0.026452036613094778
0.5868342033797718 -0.025655448866699144
0.6024130671989795 -0.02485307454449492
0.6178888220653442 -0.024047050820219837
0.6332458852055391 -0.023239520807250176
0.6484687933587447 -0.02243245461318318
0.6635422183468412 -0.021627014083526384
0.678450982508585 -0.020824107591314978
0.6931800739822273 -0.02002467661918006
0.7077146618211856 -0.019229939141240483
0.7220401109275502 -0.018441347144078652
0.7361419967883875 -0.0176603322641276
0.7500061200000012 -0.01688805358676086
0.7636185205655288 -0.016125043109169165
0.7769654919514746 -0.015371788294588847
0.790033594889027 -0.014628912441619707
0.8028096709062638 -0.013897691798922529
0.815280855577617 -0.013179669905431195
0.8274345914772597 -0.012476303907333465
0.8392586408233694 -0.011788303751006523
0.8507410978005358 -0.011115476244733085
0.8618704005479093 -0.010457754833799297
0.872635342801014 -0.009815321110265177
0.8830250851755057 -0.009188734819629805
0.8930291660815145 -0.008578739870519424
0.9026375122575775 -0.007986103420192231
0.91184044891356 -0.007410253107012011
0.9206287094723491 -0.00684991457738475
0.9289934449005107 -0.006304535516235662
0.9369262326185174 -0.0057741880270891005
0.9444190849815703 -0.00525941547382872
0.9514644573224821 -0.004761344051759714
0.958055255548516 -0.004280804066799347
0.9641848432845362 -0.003813036085729429
0.9698470485552758 -0.003353690883272323
0.9750361699999915 -0.002902348585010472
0.9797469826132517 -0.002459026488410717
0.9839747430060731 -0.0020243558054683815
0.9877151941821121 -0.0016037509657695465
0.9909645698240988 -0.0012077841617824986
0.9937195980861997 -0.0008529959651215517
0.9959775048884886 -0.0005520239462350637
0.99773601671021 -0.00031270616828910704
0.9989933628790222 -0.0001395619786540129
0.9997482773539138 -3.496620636581092e-05
1.0 0.0
