1.0 0.0
0.9997482784212439 2.8598682017994356e-05
0.998993367147268 0.0001149635335663323
0.9977360263097341 0.0002607118453531541
0.9959775219442855 0.00046824324244725663
0.9937196247157557 0.0007403001748850229
0.9909646081352607 0.0010793611178329823
0.9877152462709639 0.0014868748871914121
0.9839748109548261 0.0019626588590327516
0.9797470684881476 0.002507088336791308
0.9750362758492219 0.003121250164697553
0.9698471764069198 0.003805891607508905
0.9641849951445183 0.004561949855033162
0.9580554333985862 0.005391809436850814
0.9514646631182209 0.006298597580149623
0.9444193206504191 0.007285999040538462
0.9369265000578381 0.008357156686247624
0.9289937459756747 0.009514649306195416
0.9206290460148595 0.010761039613293282
0.9118408227192074 0.01209846972845357
0.9026379250846315 0.013527872135787667
0.8930296196489537 0.015049511480866348
0.8830255811612863 0.016663006865970373
0.8726358828403806 0.018366779532134447
0.8618709862317485 0.02015806861923529
0.8507417306737738 0.022033152381753456
0.8392593223834169 0.02398783129781055
0.8274353231725038 0.02601804307862274
0.8152816388059628 0.028119078832113432
0.802810507013727 0.03028559396532428
0.7900344851683787 0.032512348837349395
0.7769664376409392 0.03479381564659933
0.7636195228475375 0.037123873264446314
0.7500071800000012 0.039495419864579766
0.736143115573709 0.041900343195377304
0.7220412895063314 0.044329901236808196
0.707715901141358 0.04677455110069868
0.6931813749305608 0.04922370192349112
0.6784523459097953 0.05166615348644352
0.663543644962759 0.05409041428141817
0.648470283887549 0.05648547596613912
0.6332474402810542 0.05884030453166046
0.617890442256401 0.06114373711237156
0.6024147530088432 0.06338502867055316
0.586835955245635 0.06555368575511357
0.5711697354955662 0.06763935727534062
0.5554318683139561 0.06963296461463937
0.5396382003990148 0.07152655087546535
0.5238046346355609 0.07331259279851247
0.5079471140821642 0.07498642769853722
0.49208160591783756 0.0765465542432743
0.47622408536444094 0.07799204254337815
0.460390519600987 0.07932092664371201
0.4445968516860458 0.08052952823366596
0.4288589845044357 0.08161450992868932
0.4131927647543667 0.08257260843788558
0.39761396699115864 0.08340025609766462
0.38213827774360076 0.0840944329878739
0.36678127971894753 0.08465239241461402
0.35155843611245263 0.08507116200396551
0.33648507503724273 0.08534844544032838
0.3215763740902064 0.08548270394619009
0.30684734506944084 0.08547302071915974
0.29231281885864363 0.08531935523873747
0.2779874304936701 0.08502184130887487
0.26388560442629244 0.08457917797415078
0.25002154000000004 0.08399083577145394
0.23640919715246372 0.08325698604528693
0.22306228235906195 0.08237700427395539
0.20999423483162233 0.08135143479178998
0.19721821298627396 0.08018149948393356
0.1847470811940381 0.07886646131528184
0.17259339682749691 0.07740703962909928
0.16076939761658388 0.07580471534378934
0.14928698932622683 0.07405756653636059
0.1381577337682521 0.07216585272521056
0.12739283715962002 0.07013207926583781
0.11700313883871417 0.0679577406306568
0.10699910035104675 0.06564782476838901
0.09739079491536883 0.06320634680303196
0.08818789728079293 0.0606270185849049
0.07939967398514085 0.05790957743079928
0.07103497402432551 0.05506441719050839
0.06310221994216225 0.05211356191513059
0.05560939934958095 0.0490842077879423
0.04856405688177916 0.045969885139645325
0.04197328660141393 0.04271608963580765
0.035843724855481776 0.03930306967478291
0.03018154359308027 0.03581857695560917
0.024992444150778042 0.03243252773366594
0.02028165151185242 0.029251715511225806
0.01605390904517393 0.026004023548712632
0.012313473729036151 0.022328767666783857
0.009064111864739339 0.018245259879612872
0.0063090952842442495 0.014516172717775073
0.00405119805571458 0.01176408038086408
0.002292693690265855 0.0096388099660224
0.0010353528527319176 0.006275377395345575
0.00028044157875608123 0.002654946972925029
2.872e-05 0.0010940892574863802
2.872e-05 -0.00081542
0.00028044157875608123 -0.0024467173801086444
0.0010353528527319176 -0.00391715137398459
0.002292693690265855 -0.005266522005738965
0.00405119805571458 -0.006583918579190575
0.0063090952842442495 -0.007942332107442588
0.009064111864739339 -0.009307380381069529
0.012313473729036151 -0.010686245931262436
0.01605390904517393 -0.012029487607220887
0.02028165151185242 -0.013318081284062571
0.024992444150778042 -0.014579545880682663
0.03018154359308027 -0.015821185193914736
0.035843724855481776 -0.017023339234222237
0.04197328660141393 -0.018175132337513906
0.04856405688177916 -0.019270302910097632
0.05560939934958095 -0.020299766793415715
0.06310221994216225 -0.021260733503327748
0.07103497402432551 -0.022155992110041604
0.07939967398514085 -0.022981328332111674
0.08818789728079293 -0.02373244839833008
0.09739079491536883 -0.024408788858918687
0.10699910035104675 -0.025008790252910307
0.11700313883871417 -0.025530119182585388
0.12739283715962002 -0.02597306653854255
0.1381577337682521 -0.026338753619316785
0.14928698932622683 -0.026627194678083322
0.16076939761658388 -0.026840094478168496
0.17259339682749691 -0.026980571865403924
0.1847470811940381 -0.02705065181284944
0.19721821298627396 -0.027053068241052233
0.20999423483162233 -0.026991885695417776
0.22306228235906195 -0.026870313985651772
0.23640919715246372 -0.026691029436823173
0.25002154000000004 -0.02645762709890599
0.26388560442629244 -0.026173533642809405
0.2779874304936701 -0.02584091174535469
0.29231281885864363 -0.025462286528870184
0.30684734506944084 -0.02504066862583992
0.3215763740902064 -0.024579249900784986
0.33648507503724273 -0.024081577882587624
0.35155843611245263 -0.023551598892674497
0.36678127971894753 -0.02299290965422808
0.38213827774360076 -0.022408711263694647
0.39761396699115864 -0.02180243224997303
0.4131927647543667 -0.021177553839429767
0.4288589845044357 -0.0205372559123676
0.4445968516860458 -0.019884777221149792
0.460390519600987 -0.01922338884043227
0.47622408536444094 -0.0185556006421632
0.49208160591783756 -0.017883477325778427
0.5079471140821642 -0.01720910388704252
0.5238046346355609 -0.016534502656459598
0.5396382003990148 -0.015861558990345078
0.5554318683139561 -0.01519212966391132
0.5711697354955662 -0.01452785613169702
0.586835955245635 -0.013869126192850623
0.6024147530088432 -0.013215837343206676
0.617890442256401 -0.012567915061652108
0.6332474402810542 -0.011925917727635252
0.648470283887549 -0.01129119430061418
0.663543644962759 -0.01066509692761252
0.6784523459097953 -0.010048861259998891
0.6931813749305608 -0.009443398800968469
0.707715901141358 -0.008849497246354381
0.7220412895063314 -0.008267913742415502
0.736143115573709 -0.007699700859215173
0.7500071800000012 -0.007146174740539921
0.7636195228475375 -0.006608544142663976
0.7769664376409392 -0.006087763397461062
0.7900344851683787 -0.0055842113247559985
0.802810507013727 -0.005098103722450226
0.8152816388059628 -0.004629646641477292
0.8274353231725038 -0.004179608790140592
0.8392593223834169 -0.0037491406532106095
0.8507417306737738 -0.0033391855857990522
0.8618709862317485 -0.002950450023287882
0.8726358828403806 -0.0025833816147846486
0.8830255811612863 -0.0022382248625087814
0.8930296196489537 -0.0019150865197400428
0.9026379250846315 -0.0016146357225162214
0.9118408227192074 -0.0013378023290508047
0.9206290460148595 -0.0010850637608133301
0.9289937459756747 -0.0008566486151976486
0.9369265000578381 -0.0006529630481287457
0.9444193206504191 -0.00047395504782173407
0.9514646631182209 -0.00031905502113707506
0.9580554333985862 -0.00018801249370678258
0.9641849951445183 -8.059948929915013e-05
0.9698471764069198 4.274978528885592e-06
0.9750362758492219 6.782409532846925e-05
0.9797470684881476 0.00010947850675395134
0.9839748109548261 0.00013004241051598866
0.9877152462709639 0.00013226043939084718
0.9909646081352607 0.00012000483021368545
0.9937196247157557 9.778839289372268e-05
0.9959775219442855 7.060698673616427e-05
0.9977360263097341 4.3386521020647776e-05
0.998993367147268 2.048636315916673e-05
0.9997482784212439 5.3059600749990045e-06
1.0 0.0
