1.0 0.00126
0.9997482711915926 0.0012953180105192716
0.9989933382359422 0.0014011518054784984
0.9977359612865423 0.0015771847108729036
0.9959774064153977 0.0018229843072531267
0.9937194443381971 0.0021378289626765522
0.9909643486313533 0.0025207479842396952
0.9877148934427036 0.0029707085212178543
0.9839743506981782 0.003486464332553108
0.9797464868072487 0.004066585946312833
0.9750355588704727 0.004709512735779376
0.9698463103929542 0.005413482740911243
0.9641839665080364 0.006176599346145112
0.958054228716035 0.006996903797698015
0.9514632691433107 0.007872216374777377
0.9444177243274618 0.008800270557246007
0.9369246885348927 0.00977887278817304
0.9289917066174888 0.010805541761949443
0.9206267664155909 0.01187768541651563
0.9118382907149167 0.012992885227084392
0.9026351287655296 0.01414853389105505
0.8930265473713942 0.015341916903153513
0.8830222215594895 0.016570409429367293
0.872632224837878 0.017831276856403552
0.8618670190525357 0.019121711273969437
0.8507374438531613 0.02043895250367571
0.8392547057785669 0.021780207739771983
0.8274303669726433 0.0231426707698746
0.8152763335422621 0.024523581700447897
0.8028048435688343 0.025920032439070814
0.7900284547856001 0.027329033720918397
0.7769600319330563 0.02874780234472086
0.7636127338052524 0.030173479145453982
0.7500000000000012 0.03160307407940005
0.7361355373863427 0.03303355967330409
0.7220333063028884 0.03446191907177482
0.7077075065009447 0.035885129546801474
0.6931725628465657 0.03730004026225103
0.6784431107959373 0.03870350869202972
0.6635339816587122 0.04009241475319233
0.6484601876641387 0.041463462371703855
0.6332369068450188 0.04281329755524537
0.6178794677547149 0.04413855625199055
0.6024033340325966 0.04543581256914854
0.5868240888334664 0.04670157231274405
0.5711574191366438 0.04793227214591207
0.5554190999505066 0.04912437806823483
0.5396249784283953 0.0502743038201384
0.5237909579118721 0.05137833858971068
0.5079329819174049 0.052432789614806796
0.4920670180825969 0.05343398952789001
0.4762090420881297 0.054378261274585456
0.46037502157160654 0.055261923962698585
0.44458090004949524 0.056081349518391325
0.42884258086335814 0.056832973198889775
0.41317591116653546 0.05751326533822722
0.3975966659674052 0.05811878490063135
0.38212053224528686 0.05864619042837522
0.36676309315498296 0.059092322160705514
0.35153981233586296 0.05945420077335919
0.33646601834128953 0.059728920441769265
0.32155688920406433 0.059913772723270406
0.3068274371534359 0.06000630520578657
0.29229249349905695 0.060004274581933845
0.2779666936971131 0.05990571151588432
0.2638644626136587 0.05970893660314866
0.25000000000000006 0.05941242641181833
0.2363872661947488 0.0590150059730508
0.22303996806694482 0.05851589398679783
0.20997154521440087 0.057914539601865586
0.19719515643116664 0.057210667379133315
0.18472366645773874 0.0564043317629821
0.17256963302735745 0.055495935158848514
0.1607452942214339 0.05448623502739395
0.14926255614683936 0.05337629069642468
0.1381329809474649 0.05216727983269499
0.12736777516212267 0.05086082244543529
0.116977778440511 0.04945893214750181
0.10697345262860625 0.047963508049336946
0.09736487123447068 0.04637692228804068
0.0881617092850836 0.04470196494651464
0.0793732335844094 0.04294108869843412
0.07100829338251147 0.041097238553301524
0.06307531146510753 0.03917369586454754
0.05558227567253826 0.03717313657521494
0.04853673085668936 0.03509894649807232
0.041945771283965205 0.03295476971230885
0.03581603349196366 0.0307426337641649
0.030153689607045786 0.028466607800090922
0.02496444112952728 0.02613206587728348
0.020253513192751316 0.023735059499902064
0.016025649301821876 0.02128262908301373
0.012285106557296477 0.018796256297085336
0.009035651368646647 0.016229409911852923
0.006280555661802856 0.013606329375641076
0.00402259358460233 0.01105852570859694
0.0022640387134577056 0.008294922727074513
0.0010066617640577813 0.0054414405652478065
0.0002517288084074587 0.003242125378336041
0.0 0.0024142182764064807
0.0 0.0
0.0002517288084074587 -0.002113133452948531
0.0010066617640577813 -0.006123108139540568
0.0022640387134577056 -0.00835612510356563
0.00402259358460233 -0.010700207019362714
0.006280555661802856 -0.013772022134104807
0.009035651368646647 -0.016253080903282386
0.012285106557296477 -0.01873631764648482
0.016025649301821876 -0.021304566233271056
0.020253513192751316 -0.02373971195081196
0.02496444112952728 -0.02612455452071466
0.030153689607045786 -0.028468917565990258
0.03581603349196366 -0.030743318068658876
0.041945771283965205 -0.03295395536780279
0.04853673085668936 -0.03509915923108558
0.05558227567253826 -0.03717322193202075
0.06307531146510753 -0.03917361523796639
0.07100829338251147 -0.04109725630377369
0.0793732335844094 -0.04294109825270536
0.0881617092850836 -0.04470195746226567
0.09736487123447068 -0.04637692364464835
0.10697345262860625 -0.04796350903872691
0.116977778440511 -0.04945893148649564
0.12736777516212267 -0.050860822539788304
0.1381329809474649 -0.05216727992922614
0.14926255614683936 -0.05337629064038306
0.1607452942214339 -0.054486235033179425
0.17256963302735745 -0.05549593516782727
0.18472366645773874 -0.05640433175839565
0.19719515643116664 -0.05721066737941541
0.20997154521440087 -0.057914539602668146
0.22303996806694482 -0.05851589398643421
0.2363872661947488 -0.059015005973056686
0.25000000000000006 -0.059412426411887646
0.2638644626136587 -0.059708936603120676
0.2779666936971131 -0.059905711515883364
0.29229249349905695 -0.06000427458193966
0.3068274371534359 -0.06000630520578448
0.32155688920406433 -0.05991377272327022
0.33646601834128953 -0.05972892044176975
0.35153981233586296 -0.05945420077335904
0.36676309315498296 -0.059092322160705486
0.38212053224528686 -0.05864619042837525
0.3975966659674052 -0.05811878490063133
0.41317591116653546 -0.057513265338227225
0.42884258086335814 -0.05683297319888978
0.44458090004949524 -0.056081349518391325
0.46037502157160654 -0.055261923962698585
0.4762090420881297 -0.054378261274585456
0.4920670180825969 -0.05343398952789001
0.5079329819174049 -0.052432789614806796
0.5237909579118721 -0.05137833858971068
0.5396249784283953 -0.0502743038201384
0.5554190999505066 -0.04912437806823483
0.5711574191366438 -0.04793227214591207
0.5868240888334664 -0.04670157231274405
0.6024033340325966 -0.04543581256914854
0.6178794677547149 -0.04413855625199055
0.6332369068450188 -0.04281329755524537
0.6484601876641387 -0.041463462371703855
0.6635339816587122 -0.04009241475319233
0.6784431107959373 -0.03870350869202972
0.6931725628465657 -0.03730004026225103
0.7077075065009447 -0.035885129546801474
0.7220333063028884 -0.03446191907177482
0.7361355373863427 -0.03303355967330409
0.7500000000000012 -0.03160307407940005
0.7636127338052524 -0.030173479145453982
0.7769600319330563 -0.02874780234472086
0.7900284547856001 -0.027329033720918397
0.8028048435688343 -0.025920032439070814
0.8152763335422621 -0.024523581700447897
0.8274303669726433 -0.0231426707698746
0.8392547057785669 -0.021780207739771983
0.8507374438531613 -0.02043895250367571
0.8618670190525357 -0.019121711273969437
0.872632224837878 -0.017831276856403552
0.8830222215594895 -0.016570409429367293
0.8930265473713942 -0.015341916903153513
0.9026351287655296 -0.01414853389105505
0.9118382907149167 -0.012992885227084392
0.9206267664155909 -0.01187768541651563
0.9289917066174888 -0.010805541761949443
0.9369246885348927 -0.00977887278817304
0.9444177243274618 -0.008800270557246007
0.9514632691433107 -0.007872216374777377
0.958054228716035 -0.006996903797698015
0.9641839665080364 -0.006176599346145112
0.9698463103929542 -0.005413482740911243
0.9750355588704727 -0.004709512735779376
0.9797464868072487 -0.004066585946312833
0.9839743506981782 -0.003486464332553108
0.9877148934427036 -0.0029707085212178543
0.9909643486313533 -0.0025207479842396952
0.9937194443381971 -0.0021378289626765522
0.9959774064153977 -0.0018229843072531267
0.9977359612865423 -0.0015771847108729036
0.9989933382359422 -0.0014011518054784984
0.9997482711915926 -0.0012953180105192716
1.0 -0.00126
