1.0 0.0
0.9997482711915926 4.817211104641834e-05
0.9989933382359422 0.0001923033303352511
0.9977359612865423 0.0004312463344110065
0.9959774064153977 0.0007631155488761859
0.9937194443381971 0.0011853267617104506
0.9909643486313533 0.0016946519179305147
0.9877148934427036 0.0022872884396421714
0.9839743506981782 0.002958942239519829
0.9797464868072487 0.0037049234281323635
0.9750355588704727 0.0045202535580212136
0.9698463103929542 0.005399783101632115
0.9641839665080364 0.006338317727605194
0.958054228716035 0.007330751821906999
0.9514632691433107 0.008372207598077563
0.9444177243274618 0.009458178055545757
0.9369246885348927 0.010584671977460061
0.9289917066174888 0.011748359110539877
0.9206267664155909 0.012946713639650215
0.9118382907149167 0.014178154059532573
0.9026351287655296 0.015442177555589274
0.8930265473713942 0.01673925435934569
0.8830222215594895 0.01806875123686922
0.872632224837878 0.019429435962529617
0.8618670190525357 0.020820597558634787
0.8507374438531613 0.02224209836113197
0.8392547057785669 0.023694407801298303
0.8274303669726433 0.025178629938080167
0.8152763335422621 0.026696524277661053
0.8028048435688343 0.028250519478786092
0.7900284547856001 0.029842587719613747
0.7769600319330563 0.03146594021903497
0.7636127338052524 0.033108511047319586
0.7500000000000012 0.034756934472656584
0.7361355373863427 0.03639661822134879
0.7220333063028884 0.038011806050050514
0.7077075065009447 0.039585654603075615
0.6931725628465657 0.04110065917415234
0.6784431107959373 0.0425476269853401
0.6635339816587122 0.04392746415509585
0.6484601876641387 0.04524229788101445
0.6332369068450188 0.04649495892872084
0.6178794677547149 0.047688939691070555
0.6024033340325966 0.04882834628542668
0.5868240888334664 0.049916773208100146
0.5711574191366438 0.05095136038355036
0.5554190999505066 0.05192671049840065
0.5396249784283953 0.05283757385890435
0.5237909579118721 0.053678893956215064
0.5079329819174049 0.05444584637157812
0.4920670180825969 0.05513398800180894
0.4762090420881297 0.05574172937369684
0.46037502157160654 0.056270344363973025
0.44458090004949524 0.056721517241524064
0.42884258086335814 0.05709721254932479
0.41317591116653546 0.05739965489380683
0.3975966659674052 0.05763131051695727
0.38212053224528686 0.05779588681940466
0.36676309315498296 0.05789980726891597
0.35153981233586296 0.0579498815394751
0.33646601834128953 0.05795283501517216
0.32155688920406433 0.05791525468124241
0.3068274371534359 0.05784353819345539
0.29229249349905695 0.0577430474070462
0.2779666936971131 0.05760339223558566
0.2638644626136587 0.05740139073128581
0.25000000000000006 0.05711593752407227
0.2363872661947488 0.05672869186156117
0.22303996806694482 0.05622417962658034
0.20997154521440087 0.05558986425635276
0.19719515643116664 0.05481623330438827
0.18472366645773874 0.053904158504786026
0.17256963302735745 0.052871332034248916
0.1607452942214339 0.051736724834466244
0.14926255614683936 0.05051842330976225
0.1381329809474649 0.0492318811014803
0.12736777516212267 0.04788657515365845
0.116977778440511 0.046491347077812675
0.10697345262860625 0.045055595898880245
0.09736487123447068 0.043588690720223366
0.0881617092850836 0.04205647870759479
0.0793732335844094 0.040362823188539586
0.07100829338251147 0.0384396182207753
0.06307531146510753 0.03634336863591993
0.05558227567253826 0.034217962147397626
0.04853673085668936 0.032176189781975034
0.041945771283965205 0.03023073580341616
0.03581603349196366 0.028261924395115896
0.030153689607045786 0.02618914200842707
0.02496444112952728 0.02398370232927785
0.020253513192751316 0.02165875413190099
0.016025649301821876 0.019259527532228617
0.012285106557296477 0.016854055496768768
0.009035651368646647 0.014524499178459011
0.006280555661802856 0.012359196014053735
0.00402259358460233 0.010445538633013148
0.0022640387134577056 0.008863780612589939
0.0010066617640577813 0.0076818520956761244
0.0002517288084074587 0.0069512544044310785
0.0 0.0067040881795021835
0.0 0.0
0.0002517288084074587 -0.0005484094490435196
0.0010066617640577813 -0.0021388528386271804
0.0022640387134577056 -0.004612762542504136
0.00402259358460233 -0.007725071163585433
0.006280555661802856 -0.011172754384898098
0.009035651368646647 -0.014634243687057779
0.012285106557296477 -0.017819168545828948
0.016025649301821876 -0.020527743092091155
0.020253513192751316 -0.02271897477963712
0.02496444112952728 -0.024586743820234236
0.030153689607045786 -0.026508496543829453
0.03581603349196366 -0.02856429034866364
0.041945771283965205 -0.030719515039480727
0.04853673085668936 -0.03292798104711809
0.05558227567253826 -0.035129610591558266
0.06307531146510753 -0.03724440376572062
0.07100829338251147 -0.0391712191350897
0.0793732335844094 -0.040793306138456935
0.0881617092850836 -0.04210895933814862
0.09736487123447068 -0.043274092649781305
0.10697345262860625 -0.0444894392430206
0.116977778440511 -0.04581353253944685
0.12736777516212267 -0.047200791420063906
0.1381329809474649 -0.048592614047630794
0.14926255614683936 -0.0499179023515324
0.1607452942214339 -0.051106387331896284
0.17256963302735745 -0.052147010008471856
0.18472366645773874 -0.05305217602630567
0.19719515643116664 -0.053839382292036136
0.20997154521440087 -0.0545291659879688
0.22303996806694482 -0.05512953826344316
0.2363872661947488 -0.05564251201559533
0.25000000000000006 -0.05607151460628587
0.2638644626136587 -0.056421427654152694
0.2779666936971131 -0.05669856467601525
0.29229249349905695 -0.05691063393595128
0.3068274371534359 -0.05706646459080087
0.32155688920406433 -0.05717006005194371
0.33646601834128953 -0.057219410913272574
0.35153981233586296 -0.05721237393756073
0.36676309315498296 -0.057147002665807196
0.38212053224528686 -0.05702155779460034
0.3975966659674052 -0.05683451681835078
0.41317591116653546 -0.05658446728463653
0.42884258086335814 -0.05626948020000024
0.44458090004949524 -0.0558875464445995
0.46037502157160654 -0.05543687977728722
0.4762090420881297 -0.054915934607884895
0.4920670180825969 -0.05432342235418579
0.5079329819174049 -0.05365837690056192
0.5237909579118721 -0.052921266715046655
0.5396249784283953 -0.05211399619951152
0.5554190999505066 -0.05123879625507816
0.5711574191366438 -0.05029816145259698
0.5868240888334664 -0.049294836216271384
0.6024033340325966 -0.04823179809298129
0.6178794677547149 -0.04711139719420623
0.6332369068450188 -0.045934101179030455
0.6484601876641387 -0.044700389029532835
0.6635339816587122 -0.043411105226420534
0.6784431107959373 -0.04206746902023408
0.6931725628465657 -0.040671081068226464
0.7077075065009447 -0.039224109881371844
0.7220333063028884 -0.03773264477366527
0.7361355373863427 -0.03620600887518315
0.7500000000000012 -0.0346533498596958
0.7636127338052524 -0.033083468222714844
0.7769600319330563 -0.03150477761399305
0.7900284547856001 -0.029925270516869024
0.8028048435688343 -0.02835248398963453
0.8152763335422621 -0.026792629621152707
0.8274303669726433 -0.025249831882273328
0.8392547057785669 -0.023727899820763676
0.8507374438531613 -0.022230559897289153
0.8618670190525357 -0.02076144657853446
0.872632224837878 -0.01932409370374338
0.8830222215594895 -0.017921926620886937
0.8930265473713942 -0.01655825508178541
0.9026351287655296 -0.015236244586479097
0.9118382907149167 -0.013957000945471917
0.9206267664155909 -0.012718756954935826
0.9289917066174888 -0.0115206494492655
0.9369246885348927 -0.010363003165255567
0.9444177243274618 -0.009247193411320414
0.9514632691433107 -0.008175502645212312
0.958054228716035 -0.007150972955255257
0.9641839665080364 -0.0061772564512627085
0.9698463103929542 -0.005258465561432621
0.9750355588704727 -0.0043990252008253
0.9797464868072487 -0.0036035287259434928
0.9839743506981782 -0.0028765995190611245
0.9877148934427036 -0.0022227599560844824
0.9909643486313533 -0.0016463094038600599
0.9937194443381971 -0.0011512127681163823
0.9959774064153977 -0.0007410009729588109
0.9977359612865423 -0.0004186845984840131
0.9989933382359422 -0.000186681736242665
0.9997482711915926 -4.6760944665889126e-05
1.0 0.0
