1.0 0.0
0.9997482711915926 3.543689473550371e-05
0.9989933382359422 0.00013956831999286355
0.9977359612865423 0.00030597672722136067
0.9959774064153977 0.0005243653760520889
0.9937194443381971 0.000781151556720033
0.9909643486313533 0.0010602860838007384
0.9877148934427036 0.00134428818104282
0.9839743506981782 0.001615481963301931
0.9797464868072487 0.001857417951378042
0.9750355588704727 0.0020564604580032616
0.9698463103929542 0.0022035192857418973
0.9641839665080364 0.0022959020056506274
0.958054228716035 0.0023392611625380703
0.9514632691433107 0.00234960909950282
0.9444177243274618 0.0023553717294620994
0.9369246885348927 0.0023994515201789498
0.9289917066174888 0.002541269214492599
0.9206267664155909 0.0028587533886351726
0.9118382907149167 0.0034502468651035133
0.9026351287655296 0.0044362992457475155
0.8930265473713942 0.005951652959035927
0.8830222215594895 0.008055591042376565
0.872632224837878 0.010749718551263733
0.8618670190525357 0.014021609046070941
0.8507374438531613 0.01784442599504472
0.8392547057785669 0.02217615543553207
0.8274303669726433 0.026958983291202096
0.8152763335422621 0.03211882806385856
0.8028048435688343 0.037565038194877484
0.7900284547856001 0.04319728173742891
0.7769600319330563 0.0489570893228642
0.7636127338052524 0.05480642122545565
0.7500000000000012 0.06070330954894145
0.7361355373863427 0.06660184985495893
0.7220333063028884 0.07245239505288191
0.7077075065009447 0.07820179465008203
0.6931725628465657 0.08379414696640891
0.6784431107959373 0.08918353549201238
0.6635339816587122 0.09433673245230972
0.6484601876641387 0.0992210009174078
0.6332369068450188 0.10380361506086178
0.6178794677547149 0.10805206392927802
0.6024033340325966 0.11193426294205866
0.5868240888334664 0.11542203940429362
0.5711574191366438 0.11850929389269821
0.5554190999505066 0.12120009166806148
0.5396249784283953 0.12350050060808684
0.5237909579118721 0.1254184644280753
0.5079329819174049 0.126963685678092
0.4920670180825969 0.12814750620606594
0.4762090420881297 0.12898291316228083
0.46037502157160654 0.1294843975137719
0.44458090004949524 0.1296676663739822
0.42884258086335814 0.12954948477802236
0.41317591116653546 0.12914752139150415
0.3975966659674052 0.12848018648027612
0.38212053224528686 0.12756376938154373
0.36676309315498296 0.12640831590951576
0.35153981233586296 0.12502359688200565
0.33646601834128953 0.12342015005613356
0.32155688920406433 0.1216092233024069
0.3068274371534359 0.11960271616472794
0.29229249349905695 0.11741301641895559
0.2779666936971131 0.11505103509373034
0.2638644626136587 0.11252653436295017
0.25000000000000006 0.10985000000000002
0.2363872661947488 0.10703331461173786
0.22303996806694482 0.10409148935760229
0.20997154521440087 0.10104042211458367
0.19719515643116664 0.09789613991302969
0.18472366645773874 0.09467256387513148
0.17256963302735745 0.09137953942924695
0.1607452942214339 0.08802734922662042
0.14926255614683936 0.08462726842776387
0.1381329809474649 0.08118991741024846
0.12736777516212267 0.07772212709407819
0.116977778440511 0.07423178095184971
0.10697345262860625 0.07072882213478819
0.09736487123447068 0.06722493501196075
0.0881617092850836 0.06372148016871913
0.0793732335844094 0.06020425844542783
0.07100829338251147 0.05666757789355265
0.06307531146510753 0.05313302566417247
0.05558227567253826 0.04964187927563185
0.04853673085668936 0.046231892194407403
0.041945771283965205 0.04290978057429117
0.03581603349196366 0.03963711896373361
0.030153689607045786 0.03639688507219456
0.02496444112952728 0.0331972281258903
0.020253513192751316 0.030066176439788636
0.016025649301821876 0.027046526588722353
0.012285106557296477 0.024190984913937112
0.009035651368646647 0.021557627810449904
0.006280555661802856 0.01920574225305966
0.00402259358460233 0.017192102388805818
0.0022640387134577056 0.01556773181136721
0.0010066617640577813 0.014375194404171432
0.0002517288084074587 0.013646449464636182
0.0 0.013401299277039865
0.0 0.0
0.0002517288084074587 -0.000467634128266075
0.0010066617640577813 -0.0018140344323743767
0.0022640387134577056 -0.003875859892384961
0.00402259358460233 -0.006401342136805682
0.006280555661802856 -0.009080692040481224
0.009035651368646647 -0.011588085334183413
0.012285106557296477 -0.013634650945499713
0.016025649301821876 -0.015031731555561664
0.020253513192751316 -0.015763539295529882
0.02496444112952728 -0.01606819217427708
0.030153689607045786 -0.016378053908148598
0.03581603349196366 -0.016786186016440236
0.041945771283965205 -0.017244310320194998
0.04853673085668936 -0.017672858081346495
0.05558227567253826 -0.01797026588479459
0.06307531146510753 -0.018124418880845615
0.07100829338251147 -0.01819289796717058
0.0793732335844094 -0.018259681206993172
0.0881617092850836 -0.018363013844106102
0.09736487123447068 -0.018473443625990404
0.10697345262860625 -0.018552353642047187
0.116977778440511 -0.01858854707107601
0.12736777516212267 -0.01859126213599647
0.1381329809474649 -0.018573326909515662
0.14926255614683936 -0.01855113453050626
0.1607452942214339 -0.01854041142113854
0.17256963302735745 -0.018537666185569353
0.18472366645773874 -0.018531566120373995
0.19719515643116664 -0.01850879552988068
0.20997154521440087 -0.01845670498233058
0.22303996806694482 -0.018382776626399852
0.2363872661947488 -0.018306484023940136
0.25000000000000006 -0.018249999999999995
0.2638644626136587 -0.018231733967797717
0.2779666936971131 -0.01824595028340296
0.29229249349905695 -0.018279387322326736
0.3068274371534359 -0.01831763778966975
0.32155688920406433 -0.018353681412194824
0.33646601834128953 -0.018389587876980452
0.35153981233586296 -0.01842808201711975
0.36676309315498296 -0.018472063362337927
0.38212053224528686 -0.0185245817770769
0.3975966659674052 -0.01858881108019941
0.41317591116653546 -0.01866728631060849
0.42884258086335814 -0.018757841549555516
0.44458090004949524 -0.01885630633725853
0.46037502157160654 -0.018958359131881316
0.4762090420881297 -0.019059573631462903
0.4920670180825969 -0.019155461838427
0.5079329819174049 -0.019241607755838087
0.5237909579118721 -0.019315685317615433
0.5396249784283953 -0.019377481010353376
0.5554190999505066 -0.019426920980313893
0.5711574191366438 -0.019463981756945827
0.5868240888334664 -0.019488690585318928
0.6024033340325966 -0.019501122783943222
0.6178794677547149 -0.019500280635652387
0.6332369068450188 -0.019482449690119138
0.6484601876641387 -0.019443731943620726
0.6635339816587122 -0.019380537284693158
0.6784431107959373 -0.01928961765829314
0.6931725628465657 -0.019168097787077124
0.7077075065009447 -0.019013554488626308
0.7220333063028884 -0.018825000184038123
0.7361355373863427 -0.018602705488218466
0.7500000000000012 -0.018347238293183722
0.7636127338052524 -0.018059426958628597
0.7769600319330563 -0.017740357681585835
0.7900284547856001 -0.017391369692444564
0.8028048435688343 -0.017014040392510765
0.8152763335422621 -0.01660893804458862
0.8274303669726433 -0.016174522819291628
0.8392547057785669 -0.015709742551049257
0.8507374438531613 -0.015214368307496104
0.8618670190525357 -0.014688966257684725
0.872632224837878 -0.014134861642665978
0.8830222215594895 -0.013554095346165876
0.8930265473713942 -0.012949373630773892
0.9026351287655296 -0.012323957129027044
0.9118382907149167 -0.01167692661395482
0.9206267664155909 -0.011001138563819552
0.9289917066174888 -0.010292405276198657
0.9369246885348927 -0.009550124306199424
0.9444177243274618 -0.008776873671919597
0.9514632691433107 -0.007977989318725093
0.958054228716035 -0.0071611306950384165
0.9641839665080364 -0.006335840324071919
0.9698463103929542 -0.005513103226140169
0.9750355588704727 -0.004704911955476794
0.9797464868072487 -0.00392384286507917
0.9839743506981782 -0.003182649004798005
0.9877148934427036 -0.0024938747940173637
0.9909643486313533 -0.0018694972937064287
0.9937194443381971 -0.0013205985367381098
0.9959774064153977 -0.0008570729640066952
0.9977359612865423 -0.0004873735613090053
0.9989933382359422 -0.00021829980285112405
0.9997482711915926 -5.4829986616965595e-05
1.0 0.0
