1.0 0.00157
0.9997482711915926 0.001634964602824614
0.9989933382359422 0.0018283447612180937
0.9977359612865423 0.002145985677057769
0.9959774064153977 0.002582244492511458
0.9937194443381971 0.0031318942670359932
0.9909643486313533 0.00379275228498823
0.9877148934427036 0.004568694718666935
0.9839743506981782 0.00546369638297922
0.9797464868072487 0.006474535173002655
0.9750355588704727 0.007594849175519502
0.9698463103929542 0.008817139057696334
0.9641839665080364 0.010137586778395595
0.958054228716035 0.011553526874438285
0.9514632691433107 0.013062675905314954
0.9444177243274618 0.01466149307965485
0.9369246885348927 0.01634577771706836
0.9289917066174888 0.018111164721851227
0.9206267664155909 0.019952409701416558
0.9118382907149167 0.02186329376194028
0.9026351287655296 0.023837078449465702
0.8930265473713942 0.02586773295274949
0.8830222215594895 0.027951207442388687
0.872632224837878 0.030084008098943266
0.8618670190525357 0.03226243644187496
0.8507374438531613 0.03448055296263642
0.8392547057785669 0.036731625229518575
0.8274303669726433 0.03900881396459924
0.8152763335422621 0.0413064944922475
0.8028048435688343 0.04361992277908523
0.7900284547856001 0.04594453459174963
0.7769600319330563 0.048275179466135014
0.7636127338052524 0.05060580140047497
0.7500000000000012 0.05293028656462109
0.7361355373863427 0.055242764830448716
0.7220333063028884 0.05753808646663151
0.7077075065009447 0.05981137141440682
0.6931725628465657 0.06205781129180384
0.6784431107959373 0.06427200050523763
0.6635339816587122 0.06644832050253742
0.6484601876641387 0.06858127703337166
0.6332369068450188 0.07066538743169141
0.6178794677547149 0.07269519118247157
0.6024033340325966 0.07466540451380031
0.5868240888334664 0.07657100958189592
0.5711574191366438 0.07840736081967548
0.5554190999505066 0.08017009224570461
0.5396249784283953 0.08185482120578311
0.5237909579118721 0.08345567050179474
0.5079329819174049 0.08496639466824281
0.4920670180825969 0.08638116633500745
0.4762090420881297 0.0876961546447066
0.46037502157160654 0.08890936572448577
0.44458090004949524 0.09001924304069263
0.42884258086335814 0.09102084405331262
0.41317591116653546 0.09190185947881326
0.3975966659674052 0.0926498099514766
0.38212053224528686 0.0932537659521457
0.36676309315498296 0.0937070540997686
0.35153981233586296 0.09400506678563869
0.33646601834128953 0.09414419785975406
0.32155688920406433 0.09412212920501516
0.3068274371534359 0.09393782497901873
0.29229249349905695 0.09359131799879722
0.2779666936971131 0.09308329039279233
0.2638644626136587 0.09241452165480887
0.25000000000000006 0.09158687000033641
0.2363872661947488 0.09060300533727288
0.22303996806694482 0.08946374470075391
0.20997154521440087 0.0881701795430178
0.19719515643116664 0.08672515685117048
0.18472366645773874 0.08513197101104758
0.17256963302735745 0.08339429355900065
0.1607452942214339 0.08151781222255439
0.14926255614683936 0.0795085645990578
0.1381329809474649 0.07736940898454828
0.12736777516212267 0.07510524784795992
0.116977778440511 0.07272337171630792
0.10697345262860625 0.07022640525386273
0.09736487123447068 0.06761716593184104
0.0881617092850836 0.06490366664814504
0.0793732335844094 0.062096063203771285
0.07100829338251147 0.05920561591997992
0.06307531146510753 0.05624884797417283
0.05558227567253826 0.05323523349854533
0.04853673085668936 0.0501342530279943
0.041945771283965205 0.04692769345963878
0.03581603349196366 0.043624730768143265
0.030153689607045786 0.04028076327062889
0.02496444112952728 0.036972009386002175
0.020253513192751316 0.03376679763258003
0.016025649301821876 0.03057688309906291
0.012285106557296477 0.02716833212472398
0.009035651368646647 0.023511496314447704
0.006280555661802856 0.01974669927461625
0.00402259358460233 0.01611530408094869
0.0022640387134577056 0.012899690923309238
0.0010066617640577813 0.010372978782652344
0.0002517288084074587 0.008759185663666295
0.0 0.008204375274824755
0.0 0.0
0.0002517288084074587 -0.0009175658286130108
0.0010066617640577813 -0.003490125529667687
0.0022640387134577056 -0.007214708093070108
0.00402259358460233 -0.011377317672353473
0.006280555661802856 -0.015237557542350068
0.009035651368646647 -0.018283503631682033
0.012285106557296477 -0.02055327313396252
0.016025649301821876 -0.022845662205300838
0.020253513192751316 -0.025525935973659195
0.02496444112952728 -0.028417937465061865
0.030153689607045786 -0.03121193142017256
0.03581603349196366 -0.03369758641796187
0.041945771283965205 -0.03590599713390673
0.04853673085668936 -0.03796078419377941
0.05558227567253826 -0.03998592074944393
0.06307531146510753 -0.04196039745560619
0.07100829338251147 -0.04383850702549074
0.0793732335844094 -0.045577702337744705
0.0881617092850836 -0.04716991012062657
0.09736487123447068 -0.04862602528148586
0.10697345262860625 -0.04996635816750003
0.116977778440511 -0.0511948297254928
0.12736777516212267 -0.05230555078971469
0.1381329809474649 -0.053295783039595514
0.14926255614683936 -0.05416460739272213
0.1607452942214339 -0.05491268620260204
0.17256963302735745 -0.055543843702031775
0.18472366645773874 -0.05606224905714053
0.19719515643116664 -0.05646910914395455
0.20997154521440087 -0.05676708682442159
0.22303996806694482 -0.05696009435074297
0.2363872661947488 -0.05705089571445153
0.25000000000000006 -0.0570431083645582
0.2638644626136587 -0.05694158106683998
0.2779666936971131 -0.056750581747696385
0.29229249349905695 -0.05647465534919457
0.3068274371534359 -0.05611939165116962
0.32155688920406433 -0.05569071274470661
0.33646601834128953 -0.05519487004227335
0.35153981233586296 -0.054638895631039276
0.36676309315498296 -0.054028103931578385
0.38212053224528686 -0.05336445742611323
0.3975966659674052 -0.052649904320521634
0.41317591116653546 -0.05188523359338499
0.42884258086335814 -0.05106704185051298
0.44458090004949524 -0.050191177861577174
0.46037502157160654 -0.049254571474692824
0.4762090420881297 -0.04826106074092014
0.4920670180825969 -0.04721759214458086
0.5079329819174049 -0.046131264993440495
0.5237909579118721 -0.04500731954159003
0.5396249784283953 -0.04384932831918027
0.5554190999505066 -0.042660923156008966
0.5711574191366438 -0.041445882717552354
0.5868240888334664 -0.04020814862023479
0.6024033340325966 -0.038951714834132734
0.6178794677547149 -0.03768065411738153
0.6332369068450188 -0.03639928780886408
0.6484601876641387 -0.035111954761288304
0.6635339816587122 -0.03382271917755442
0.6784431107959373 -0.03253355063165642
0.6931725628465657 -0.03124527085209939
0.7077075065009447 -0.029958826229603656
0.7220333063028884 -0.028676493080945373
0.7361355373863427 -0.0274020744635261
0.7500000000000012 -0.026139314083006533
0.7636127338052524 -0.024891186444179696
0.7769600319330563 -0.023658900768772254
0.7900284547856001 -0.022443444865969123
0.8028048435688343 -0.02124599815224751
0.8152763335422621 -0.020068474491400926
0.8274303669726433 -0.018913038561074395
0.8392547057785669 -0.017781787211207642
0.8507374438531613 -0.016676698666282706
0.8618670190525357 -0.01559964149444219
0.872632224837878 -0.014552420189082272
0.8830222215594895 -0.013536372451974801
0.8930265473713942 -0.01255202950199721
0.9026351287655296 -0.011600023036210131
0.9118382907149167 -0.010681326469231478
0.9206267664155909 -0.009797728549267326
0.9289917066174888 -0.008951174129677218
0.9369246885348927 -0.008143493216759964
0.9444177243274618 -0.007376383522105297
0.9514632691433107 -0.006651422478352201
0.958054228716035 -0.005970086680971141
0.9641839665080364 -0.005333892642156338
0.9698463103929542 -0.004744416151921361
0.9750355588704727 -0.004202995227836248
0.9797464868072487 -0.0037104197858016
0.9839743506981782 -0.003266312751632709
0.9877148934427036 -0.002870698774795454
0.9909643486313533 -0.0025244265755568983
0.9937194443381971 -0.0022303131992802124
0.9959774064153977 -0.0019905095008034184
0.9977359612865423 -0.0018053431694502596
0.9989933382359422 -0.0016741514085821222
0.9997482711915926 -0.001595964324755262
1.0 -0.00157
