1.0 0.00147
0.9997482711915926 0.001531816351958172
0.9989933382359422 0.0017157744998581737
0.9977359612865423 0.0020177807755393756
0.9959774064153977 0.002432270648893629
0.9937194443381971 0.0029540777169048725
0.9909643486313533 0.003581013715092874
0.9877148934427036 0.004316837113839823
0.9839743506981782 0.005165563524252302
0.9797464868072487 0.0061243991655805215
0.9750355588704727 0.0071877472698210175
0.9698463103929542 0.008348982511507145
0.9641839665080364 0.009604737115169513
0.958054228716035 0.010952678998143936
0.9514632691433107 0.012390693681488972
0.9444177243274618 0.013914676351033498
0.9369246885348927 0.015519207033948348
0.9289917066174888 0.01719827231663725
0.9206267664155909 0.01894664929857629
0.9118382907149167 0.020760125325145675
0.9026351287655296 0.022634659550487227
0.8930265473713942 0.024565880915948232
0.8830222215594895 0.026548571307703977
0.872632224837878 0.028577319836509955
0.8618670190525357 0.03064673774709211
0.8507374438531613 0.03275188128787305
0.8392547057785669 0.03488800077697919
0.8274303669726433 0.037050389283086065
0.8152763335422621 0.03923374052827035
0.8028048435688343 0.04143233819702053
0.7900284547856001 0.043640443634544675
0.7769600319330563 0.04585261458303142
0.7636127338052524 0.04806385892746918
0.7500000000000012 0.05026933113445976
0.7361355373863427 0.05246408807221258
0.7220333063028884 0.05464260273851996
0.7077075065009447 0.05679928883133579
0.6931725628465657 0.05892866470160825
0.6784431107959373 0.0610255319426516
0.6635339816587122 0.06308491136836167
0.6484601876641387 0.06510198985180551
0.6332369068450188 0.06707224722623006
0.6178794677547149 0.06899148422370115
0.6024033340325966 0.0708557276616902
0.5868240888334664 0.07266041890163796
0.5711574191366438 0.07439924597371464
0.5554190999505066 0.07606578956765077
0.5396249784283953 0.0776541073822415
0.5237909579118721 0.07916012410192134
0.5079329819174049 0.08058068527441774
0.4920670180825969 0.08191292526109244
0.4762090420881297 0.08315334400450125
0.46037502157160654 0.08429793587258333
0.44458090004949524 0.08534305602494202
0.42884258086335814 0.08628294821691367
0.41317591116653546 0.08710707442756999
0.3975966659674052 0.08780497651774384
0.38212053224528686 0.08836725719497888
0.36676309315498296 0.08878653690849346
0.35153981233586296 0.08905677803996254
0.33646601834128953 0.08917306333518349
0.32155688920406433 0.0891332442543096
0.3068274371534359 0.08893768810594561
0.29229249349905695 0.08858773813591395
0.2779666936971131 0.08808468347246531
0.2638644626136587 0.08742853339363979
0.25000000000000006 0.08662021035063357
0.2363872661947488 0.08566175918181691
0.22303996806694482 0.08455542786630199
0.20997154521440087 0.08330441383204833
0.19719515643116664 0.08191324107330313
0.18472366645773874 0.08038449832199601
0.17256963302735745 0.07871892308338474
0.1607452942214339 0.07691945079164171
0.14926255614683936 0.0749908535832919
0.1381329809474649 0.0729387066397673
0.12736777516212267 0.07077079447411432
0.116977778440511 0.0684961419642288
0.10697345262860625 0.06611568004266093
0.09736487123447068 0.06362940233807132
0.0881617092850836 0.06104283023464569
0.0793732335844094 0.058365938745612043
0.07100829338251147 0.055612568909325345
0.06307531146510753 0.05280093211485611
0.05558227567253826 0.049940125605138906
0.04853673085668936 0.04700012696362678
0.041945771283965205 0.04396369281361467
0.03581603349196366 0.040839681680134146
0.030153689607045786 0.03768085273390522
0.02496444112952728 0.03455784683205195
0.020253513192751316 0.03153322789452265
0.016025649301821876 0.028514853913401986
0.012285106557296477 0.025292349692439275
0.009035651368646647 0.021846186997091493
0.006280555661802856 0.018310246382420264
0.00402259358460233 0.014909200883536367
0.0022640387134577056 0.011903994008981435
0.0010066617640577813 0.00954616921393686
0.0002517288084074587 0.008041681509917038
0.0 0.007524688719053327
0.0 0.0
0.0002517288084074587 -0.000873593975972835
0.0010066617640577813 -0.0033190705979741627
0.0022640387134577056 -0.006847480074148115
0.00402259358460233 -0.010766614332062894
0.006280555661802856 -0.014363282174426293
0.009035651368646647 -0.017154939410868278
0.012285106557296477 -0.01920716382675939
0.016025649301821876 -0.02131388605491465
0.020253513192751316 -0.02379543178853197
0.02496444112952728 -0.02647685726437045
0.030153689607045786 -0.029053499903467585
0.03581603349196366 -0.0313312140565089
0.041945771283965205 -0.03334511705377583
0.04853673085668936 -0.035217935557164355
0.05558227567253826 -0.03706492259935151
0.06307531146510753 -0.03886313562551167
0.07100829338251147 -0.04056789054677538
0.0793732335844094 -0.04213832497958125
0.0881617092850836 -0.04356880927420057
0.09736487123447068 -0.04487197178825803
0.10697345262860625 -0.046069221291357695
0.116977778440511 -0.04716387307083675
0.12736777516212267 -0.048149353055978054
0.1381329809474649 -0.04902175204331497
0.14926255614683936 -0.04977978322743408
0.1607452942214339 -0.05042490294755185
0.17256963302735745 -0.050961709409971745
0.18472366645773874 -0.051394909077670616
0.19719515643116664 -0.051726202839897754
0.20997154521440087 -0.05195869938145768
0.22303996806694482 -0.05209648581602683
0.2363872661947488 -0.05214192865475366
0.25000000000000006 -0.052098002696293035
0.2638644626136587 -0.05196884523609005
0.2779666936971131 -0.05175880665809459
0.29229249349905695 -0.05147290517157027
0.3068274371534359 -0.05111712931364513
0.32155688920406433 -0.05069699138360046
0.33646601834128953 -0.05021760504104864
0.35153981233586296 -0.04968472349311842
0.36676309315498296 -0.04910306423049988
0.38212053224528686 -0.0484752264476399
0.3975966659674052 -0.04780391400558159
0.41317591116653546 -0.047090368087973754
0.42884258086335814 -0.04633070513908563
0.44458090004949524 -0.04552007553751609
0.46037502157160654 -0.0446546320468309
0.4762090420881297 -0.04373719842402359
0.4920670180825969 -0.04277359953509326
0.5079329819174049 -0.041769866034083045
0.5237909579118721 -0.04073159406432075
0.5396249784283953 -0.03966396339395735
0.5554190999505066 -0.03857221123525687
0.5711574191366438 -0.037460557447938185
0.5868240888334664 -0.036331269332976354
0.6024033340325966 -0.035186458779396954
0.6178794677547149 -0.03402847554681387
0.6332369068450188 -0.032860470346936205
0.6484601876641387 -0.031685787332236315
0.6635339816587122 -0.03050773131509306
0.6784431107959373 -0.029329513735974016
0.6931725628465657 -0.02815425444610993
0.7077075065009447 -0.026984973858129358
0.7220333063028884 -0.025823930102145166
0.7361355373863427 -0.02467248422418656
0.7500000000000012 -0.02353196987977031
0.7636127338052524 -0.022403781550235535
0.7769600319330563 -0.021289422575829386
0.7900284547856001 -0.02019042473229749
0.8028048435688343 -0.0191084308183021
0.8152763335422621 -0.018045787606380093
0.8274303669726433 -0.017005025539793647
0.8392547057785669 -0.015988459816264927
0.8507374438531613 -0.01499721689131179
0.8618670190525357 -0.01403147957308006
0.872632224837878 -0.01309158833960675
0.8830222215594895 -0.012178258672905706
0.8930265473713942 -0.011292728458162017
0.9026351287655296 -0.010436327035300879
0.9118382907149167 -0.009610568332780504
0.9206267664155909 -0.008817759988716228
0.9289917066174888 -0.008060209893086224
0.9369246885348927 -0.0073398260674854944
0.9444177243274618 -0.0066570925223646375
0.9514632691433107 -0.006011801315820386
0.958054228716035 -0.005404144079113175
0.9641839665080364 -0.004835372714588526
0.9698463103929542 -0.004307848985110701
0.9750355588704727 -0.0038234868164625504
0.9797464868072487 -0.003383128378520886
0.9839743506981782 -0.002985452810774189
0.9877148934427036 -0.0026298276733900234
0.9909643486313533 -0.002317120979489148
0.9937194443381971 -0.00205190808097054
0.9959774064153977 -0.001837563676779805
0.9977359612865423 -0.001674093199179985
0.9989933382359422 -0.0015597348685867812
0.9997482711915926 -0.0014922748520276433
1.0 -0.00147
