1.0 0.0
0.9997482711915926 -1.067879947899853e-06
0.9989933382359422 -3.74297131835671e-06
0.9977359612865423 -6.439668947643264e-06
0.9959774064153977 -6.515457379882928e-06
0.9937194443381971 -2.7123995496611554e-07
0.9909643486313533 1.7048022977334706e-05
0.9877148934427036 5.1252192091849754e-05
0.9839743506981782 0.00010920412291358464
0.9797464868072487 0.00019881687213180621
0.9750355588704727 0.0003290496338422628
0.9698463103929542 0.0005099020680489201
0.9641839665080364 0.0007524066533173209
0.958054228716035 0.0010686186701713252
0.9514632691433107 0.0014716034020802837
0.9444177243274618 0.0019754201270521165
0.9369246885348927 0.0025951024652252496
0.9289917066174888 0.0033466346466678887
0.9206267664155909 0.004246923269008281
0.9118382907149167 0.005313764126625103
0.9026351287655296 0.006565803711939923
0.8930265473713942 0.008022491648361108
0.8830222215594895 0.009703998696424012
0.872632224837878 0.011631165913044068
0.8618670190525357 0.013825456294803634
0.8507374438531613 0.016308884354469862
0.8392547057785669 0.01910393868795996
0.8274303669726433 0.02223349763106019
0.8152763335422621 0.025720737986768282
0.8028048435688343 0.02958903687097436
0.7900284547856001 0.0338567207558877
0.7769600319330563 0.03849920499916
0.7636127338052524 0.043464757451056615
0.7500000000000012 0.048692536363311105
0.7361355373863427 0.054112909761024564
0.7220333063028884 0.059647757570196774
0.7077075065009447 0.06521087003648524
0.6931725628465657 0.07070951326913898
0.6784431107959373 0.07607341656665502
0.6635339816587122 0.0812607924842504
0.6484601876641387 0.08623024770277125
0.6332369068450188 0.09093950959803371
0.6178794677547149 0.0953457147367551
0.6024033340325966 0.09940571376370737
0.5868240888334664 0.10308075245113123
0.5711574191366438 0.10636074857616548
0.5554190999505066 0.10924843435239354
0.5396249784283953 0.11174850462958368
0.5237909579118721 0.11386749536111397
0.5079329819174049 0.11561367884610106
0.4920670180825969 0.11699700082009623
0.4762090420881297 0.11803006886616742
0.46037502157160654 0.11872801292969774
0.44458090004949524 0.11910721922558512
0.42884258086335814 0.11918511932018182
0.41317591116653546 0.11898002744684447
0.3975966659674052 0.11851096849229882
0.38212053224528686 0.11779406221036336
0.36676309315498296 0.11683730040874796
0.35153981233586296 0.11564819334174822
0.33646601834128953 0.11423513250845475
0.32155688920406433 0.11260735134933134
0.3068274371534359 0.11077488282822762
0.29229249349905695 0.10874886513389777
0.2779666936971131 0.10654793922519472
0.2638644626136587 0.10419688068567257
0.25000000000000006 0.10172
0.2363872661947488 0.09913428004671838
0.22303996806694482 0.0964312913986002
0.20997154521440087 0.09359927017955227
0.19719515643116664 0.0906300882705063
0.18472366645773874 0.08753046465939643
0.17256963302735745 0.0843317783053033
0.1607452942214339 0.08106638085726718
0.14926255614683936 0.07776431610708862
0.1381329809474649 0.0744465989599177
0.12736777516212267 0.07111222553426175
0.116977778440511 0.06775919514772777
0.10697345262860625 0.06438926210368617
0.09736487123447068 0.06100760044217701
0.0881617092850836 0.057615458590417175
0.0793732335844094 0.05420685765219025
0.07100829338251147 0.05078259951113705
0.06307531146510753 0.04735890127497124
0.05558227567253826 0.0439635286372344
0.04853673085668936 0.04062467690309479
0.041945771283965205 0.037350779013862294
0.03581603349196366 0.0341197789056205
0.030153689607045786 0.030927058846967805
0.02496444112952728 0.02778771496429474
0.020253513192751316 0.02473225408451606
0.016025649301821876 0.021802439776200184
0.012285106557296477 0.01904734471813795
0.009035651368646647 0.016519663055440694
0.006280555661802856 0.01427233237267539
0.00402259358460233 0.012355510364946025
0.0022640387134577056 0.010813946269802437
0.0010066617640577813 0.009684781688485886
0.0002517288084074587 0.008995809631384726
0.0 0.00876421453017875
0.0 0.0
0.0002517288084074587 -0.0006979103961207309
0.0010066617640577813 -0.002703472917141016
0.0022640387134577056 -0.005761917486406779
0.00402259358460233 -0.009480947568623593
0.006280555661802856 -0.013378757060948777
0.009035651368646647 -0.01695033194107539
0.012285106557296477 -0.019751126280764426
0.016025649301821876 -0.021496958578837037
0.020253513192751316 -0.022178742838321695
0.02496444112952728 -0.02219045186303642
0.030153689607045786 -0.022234620209659803
0.03581603349196366 -0.022478607063481607
0.041945771283965205 -0.02286737741199602
0.04853673085668936 -0.02329727930746727
0.05558227567253826 -0.023627689348465722
0.06307531146510753 -0.023834762639906127
0.07100829338251147 -0.02398266132182195
0.0793732335844094 -0.02416286479828348
0.0881617092850836 -0.024410713389991106
0.09736487123447068 -0.024679755806408986
0.10697345262860625 -0.024910167814524393
0.116977778440511 -0.025083974054472782
0.12736777516212267 -0.025214286658744724
0.1381329809474649 -0.025319388608383203
0.14926255614683936 -0.025422678195300828
0.1607452942214339 -0.02554695148523954
0.17256963302735745 -0.02568929522893718
0.18472366645773874 -0.02583649483453604
0.19719515643116664 -0.025972968032461578
0.20997154521440087 -0.026083635972538828
0.22303996806694482 -0.026175031447263308
0.2363872661947488 -0.026266474295627163
0.25000000000000006 -0.026379999999999997
0.2638644626136587 -0.02653395767569163
0.2779666936971131 -0.026722838553008003
0.29229249349905695 -0.02693372105716927
0.3068274371534359 -0.027152571808215127
0.32155688920406433 -0.027372395051655427
0.33646601834128953 -0.027594859954358474
0.35153981233586296 -0.027822246680956588
0.36676309315498296 -0.02805698887927285
0.38212053224528686 -0.028301651849763295
0.3975966659674052 -0.028558908905833198
0.41317591116653546 -0.028830872650883303
0.42884258086335814 -0.029115535906264776
0.44458090004949524 -0.029409133159637616
0.46037502157160654 -0.02970776356417985
0.4762090420881297 -0.030007430872334546
0.4920670180825969 -0.03030408051380753
0.5079329819174049 -0.03059366865431961
0.5237909579118721 -0.030872887371948796
0.5396249784283953 -0.03113919530428988
0.5554190999505066 -0.031390153488190874
0.5711574191366438 -0.03162341648487909
0.5868240888334664 -0.03183675410721992
0.6024033340325966 -0.032028061605936964
0.6178794677547149 -0.03219103640293163
0.6332369068450188 -0.03230882980554523
0.6484601876641387 -0.0323638806134013
0.6635339816587122 -0.03233983777959156
0.6784431107959373 -0.03222171060178233
0.6931725628465657 -0.031996004606482505
0.7077075065009447 -0.031651764186578814
0.7220333063028884 -0.031197609861460696
0.7361355373863427 -0.030658363421111577
0.7500000000000012 -0.03005791708520335
0.7636127338052524 -0.029418454699443222
0.7769600319330563 -0.028760335916882263
0.7900284547856001 -0.02810200289845618
0.8028048435688343 -0.02745993882188862
0.8152763335422621 -0.02685315459877312
0.8274303669726433 -0.026307147681696615
0.8392547057785669 -0.025844346876365297
0.8507374438531613 -0.0254828485842323
0.8618670190525357 -0.025236499577504352
0.872632224837878 -0.025115022933664383
0.8830222215594895 -0.025124184681058665
0.8930265473713942 -0.025265998333959094
0.9026351287655296 -0.0255382530138772
0.9118382907149167 -0.02587386095116529
0.9206267664155909 -0.02611536824071386
0.9289917066174888 -0.02613590269027839
0.9369246885348927 -0.025848687491952765
0.9444177243274618 -0.025203115296656097
0.9514632691433107 -0.024180621630942006
0.958054228716035 -0.022790418321175326
0.9641839665080364 -0.02106514798515262
0.9698463103929542 -0.01905652039842661
0.9750355588704727 -0.01683099064839082
0.9797464868072487 -0.014465537466226712
0.9839743506981782 -0.012043597993797454
0.9877148934427036 -0.009651212524025711
0.9909643486313533 -0.007373429479375162
0.9937194443381971 -0.005291017099227571
0.9959774064153977 -0.003477524033658926
0.9977359612865423 -0.00199672633337937
0.9989933382359422 -0.0009004932325926583
0.9997482711915926 -0.0002270986960862459
1.0 0.0
