1.0 0.00025
0.9997482711915926 0.0002811756467910169
0.9989933382359422 0.00037467014439025335
0.9977359612865423 0.0005303862546674812
0.9959774064153977 0.0007481622139049691
0.9937194443381971 0.0010277721797367417
0.9909643486313533 0.0013689268512732857
0.9877148934427036 0.0017712742568886585
0.9839743506981782 0.002234400702664216
0.9797464868072487 0.0027578318730705153
0.9750355588704727 0.0033410340741414275
0.9698463103929542 0.003983415608163677
0.9641839665080364 0.004684328267785864
0.958054228716035 0.005443068936452452
0.9514632691433107 0.006258881281202724
0.9444177243274618 0.007130957523149448
0.9369246885348927 0.00805844027037618
0.9289917066174888 0.00904042439757044
0.9206267664155909 0.010075958956448411
0.9118382907149167 0.011164049100928608
0.9026351287655296 0.012303658011076383
0.8930265473713942 0.013493689872442247
0.8830222215594895 0.014732813242586962
0.872632224837878 0.016019495214706088
0.8618670190525357 0.017352086632719046
0.8507374438531613 0.018728821486003754
0.8392547057785669 0.020147993732937654
0.8274303669726433 0.021608715482244682
0.8152763335422621 0.023110457865833562
0.8028048435688343 0.024652815406105155
0.7900284547856001 0.026235153547022078
0.7769600319330563 0.02785401049270152
0.7636127338052524 0.029504188455160053
0.7500000000000012 0.031179999999999854
0.7361355373863427 0.03287530846808072
0.7220333063028884 0.03458359897456056
0.7077075065009447 0.0362979662437877
0.6931725628465657 0.03801111174041399
0.6784431107959373 0.03971482966164208
0.6635339816587122 0.041399944612526246
0.6484601876641387 0.043056917363230494
0.6332369068450188 0.04467676049105001
0.6178794677547149 0.04625279603696194
0.6024033340325966 0.047778824681822894
0.5868240888334664 0.049248731440996195
0.5711574191366438 0.050656547541190956
0.5554190999505066 0.05199647332060361
0.5396249784283953 0.053262701533827304
0.5237909579118721 0.054447178356174804
0.5079329819174049 0.05554044970983598
0.4920670180825969 0.0565333794652904
0.4762090420881297 0.05741826536103916
0.46037502157160654 0.05818890745769381
0.44458090004949524 0.058839577582444055
0.42884258086335814 0.059360659509713684
0.41317591116653546 0.059736599211664264
0.3975966659674052 0.05995233933993777
0.38212053224528686 0.060002627613042245
0.36676309315498296 0.05990475756287495
0.35153981233586296 0.059679279213261015
0.33646601834128953 0.05934440261434139
0.32155688920406433 0.05890751108179828
0.3068274371534359 0.05837269055970722
0.29229249349905695 0.05774436034188313
0.2779666936971131 0.057026706930874964
0.2638644626136587 0.0562237746172522
0.25000000000000006 0.05534000000000001
0.2363872661947488 0.05437942083567623
0.22303996806694482 0.05334345775669261
0.20997154521440087 0.052233603659673895
0.19719515643116664 0.05105225545457393
0.18472366645773874 0.0498031250440958
0.17256963302735745 0.048491589828133286
0.1607452942214339 0.04712375346590792
0.14926255614683936 0.045706281286900546
0.1381329809474649 0.04424391353601768
0.12736777516212267 0.042734675831772734
0.116977778440511 0.04117749516386768
0.10697345262860625 0.039573863106986754
0.09736487123447068 0.037927658100954935
0.0881617092850836 0.0362447314632796
0.0793732335844094 0.0345325995812403
0.07100829338251147 0.0328002873065803
0.06307531146510753 0.031050439681919628
0.05558227567253826 0.029281953141532226
0.04853673085668936 0.027499404923826663
0.041945771283965205 0.0257022105348393
0.03581603349196366 0.023878109548872532
0.030153689607045786 0.022028052487520825
0.02496444112952728 0.020166649520228654
0.020253513192751316 0.018304667582344947
0.016025649301821876 0.016420667703239036
0.012285106557296477 0.014524249106942281
0.009035651368646647 0.012620683322908492
0.006280555661802856 0.01066656963412791
0.00402259358460233 0.008727863882337063
0.0022640387134577056 0.006954123831846521
0.0010066617640577813 0.005521906565608226
0.0002517288084074587 0.004589908656747402
0.0 0.0042664724788252124
0.0 0.0
0.0002517288084074587 -0.0007852303274253798
0.0010066617640577813 -0.0029062210469735584
0.0022640387134577056 -0.005739845884573233
0.00402259358460233 -0.0085163468106456
0.006280555661802856 -0.010718572078615927
0.009035651368646647 -0.012582675433901801
0.012285106557296477 -0.014520589115417369
0.016025649301821876 -0.016454993184896263
0.020253513192751316 -0.01833382323745398
0.02496444112952728 -0.020166856134747276
0.030153689607045786 -0.022007914891503944
0.03581603349196366 -0.02385379893766891
0.041945771283965205 -0.025686259148717087
0.04853673085668936 -0.027496919962815645
0.05558227567253826 -0.029287604331829274
0.06307531146510753 -0.031056457120004963
0.07100829338251147 -0.032802321431681894
0.0793732335844094 -0.03453123734255293
0.0881617092850836 -0.036242986249445816
0.09736487123447068 -0.03792723872549217
0.10697345262860625 -0.039574664114655024
0.116977778440511 -0.04117874772276162
0.12736777516212267 -0.042735779504677336
0.1381329809474649 -0.044244507811605334
0.14926255614683936 -0.04570631139465217
0.1607452942214339 -0.047123470295592836
0.17256963302735745 -0.048491259595393355
0.18472366645773874 -0.04980291729379044
0.19719515643116664 -0.05105222286628092
0.20997154521440087 -0.05223367642440566
0.22303996806694482 -0.053343545624347365
0.2363872661947488 -0.05437947024123219
0.25000000000000006 -0.05534000000000001
0.2638644626136587 -0.05622375177797397
0.2779666936971131 -0.05702668611711857
0.29229249349905695 -0.057744353242031296
0.3068274371534359 -0.05837269462564246
0.32155688920406433 -0.0589075175130753
0.33646601834128953 -0.05934440613989109
0.35153981233586296 -0.05967927891373417
0.36676309315498296 -0.05990475583639761
0.38212053224528686 -0.060002626363727656
0.3975966659674052 -0.05995233919753624
0.41317591116653546 -0.05973659964256142
0.42884258086335814 -0.05936065989763978
0.44458090004949524 -0.058839577674766434
0.46037502157160654 -0.058188907354893266
0.4762090420881297 -0.05741826524773992
0.4920670180825969 -0.056533379427497615
0.5079329819174049 -0.05554044973313842
0.5237909579118721 -0.05444717838827725
0.5396249784283953 -0.053262701547463556
0.5554190999505066 -0.05199647331589523
0.5711574191366438 -0.05065654753227456
0.5868240888334664 -0.049248731436262766
0.6024033340325966 -0.04777882468244889
0.6178794677547149 -0.04625279603936671
0.6332369068450188 -0.04467676049267242
0.6484601876641387 -0.04305691736335345
0.6635339816587122 -0.04139994461192479
0.6784431107959373 -0.03971482966109827
0.6931725628465657 -0.038011111740249175
0.7077075065009447 -0.036297966243905466
0.7220333063028884 -0.03458359897473055
0.7361355373863427 -0.0328753084681768
0.7500000000000012 -0.031179999999999847
0.7636127338052524 -0.02950418845511677
0.7769600319330563 -0.02785401049266049
0.7900284547856001 -0.026235153547004043
0.8028048435688343 -0.024652815406108867
0.8152763335422621 -0.023110457865845615
0.8274303669726433 -0.021608715482255528
0.8392547057785669 -0.02014799373294291
0.8507374438531613 -0.01872882148600347
0.8618670190525357 -0.017352086632716087
0.872632224837878 -0.016019495214702785
0.8830222215594895 -0.014732813242584629
0.8930265473713942 -0.013493689872441334
0.9026351287655296 -0.012303658011076656
0.9118382907149167 -0.011164049100929503
0.9206267664155909 -0.010075958956449494
0.9289917066174888 -0.009040424397571412
0.9369246885348927 -0.008058440270376863
0.9444177243274618 -0.007130957523149756
0.9514632691433107 -0.006258881281202642
0.958054228716035 -0.00544306893645201
0.9641839665080364 -0.0046843282677851315
0.9698463103929542 -0.003983415608162736
0.9750355588704727 -0.0033410340741403723
0.9797464868072487 -0.0027578318730694345
0.9839743506981782 -0.0022344007026631873
0.9877148934427036 -0.0017712742568877443
0.9909643486313533 -0.0013689268512725285
0.9937194443381971 -0.0010277721797361627
0.9959774064153977 -0.0007481622139045698
0.9977359612865423 -0.0005303862546672436
0.9989933382359422 -0.00037467014439014347
0.9997482711915926 -0.0002811756467909888
1.0 -0.00025
