1.0 0.0
0.9997482711915926 8.370943075757601e-06
0.9989933382359422 3.410156616488368e-05
0.9977359612865423 7.903024438160773e-05
0.9959774064153977 0.00014617109514140024
0.9937194443381971 0.00023963984629782884
0.9909643486313533 0.0003645513045963105
0.9877148934427036 0.0005268896623184814
0.9839743506981782 0.0007333532121329177
0.9797464868072487 0.0009911753564388571
0.9750355588704727 0.0013079240946720443
0.9698463103929542 0.0016912824470983645
0.9641839665080364 0.002148812523725771
0.958054228716035 0.002687706169527183
0.9514632691433107 0.0033145253098593648
0.9444177243274618 0.004034935280740117
0.9369246885348927 0.004853434555768969
0.9289917066174888 0.005773084373524035
0.9206267664155909 0.00679524182515566
0.9118382907149167 0.007919299980886358
0.9026351287655296 0.00914243861582784
0.8930265473713942 0.010459940086371654
0.8830222215594895 0.011870168643066191
0.872632224837878 0.013373432164208535
0.8618670190525357 0.014969379747280668
0.8507374438531613 0.01665692248916181
0.8392547057785669 0.018434066397415214
0.8274303669726433 0.02029734746511236
0.8152763335422621 0.022242123362844105
0.8028048435688343 0.02426271784107586
0.7900284547856001 0.02635246265258438
0.7769600319330563 0.028504092366127706
0.7636127338052524 0.030709586719182884
0.7500000000000012 0.0329599999999998
0.7361355373863427 0.035245812190755975
0.7220333063028884 0.037558008001407996
0.7077075065009447 0.03988726282818014
0.6931725628465657 0.04222371058122982
0.6784431107959373 0.044557821865432765
0.6635339816587122 0.046880617277302486
0.6484601876641387 0.049182890907581156
0.6332369068450188 0.051455056453757905
0.6178794677547149 0.053686871626156464
0.6024033340325966 0.05586787194554819
0.5868240888334664 0.0579876183469688
0.5711574191366438 0.06003627342681892
0.5554190999505066 0.062004336471350306
0.5396249784283953 0.06388225542904596
0.5237909579118721 0.06565794015544342
0.5079329819174049 0.06731773749680797
0.4920670180825969 0.06884852439291612
0.4762090420881297 0.07024205640729006
0.46037502157160654 0.07149503673263055
0.44458090004949524 0.07260463774314506
0.42884258086335814 0.07355197180430446
0.41317591116653546 0.0742942422592872
0.3975966659674052 0.0747886570369418
0.38212053224528686 0.0750173108252452
0.36676309315498296 0.07502035474485422
0.35153981233586296 0.07484584833755847
0.33646601834128953 0.07453406664643263
0.32155688920406433 0.07409046382727638
0.3068274371534359 0.07350989996042637
0.29229249349905695 0.07278880858085877
0.2779666936971131 0.07193131972711883
0.2638644626136587 0.07094805672021091
0.25000000000000006 0.06985
0.2363872661947488 0.06864705290177801
0.22303996806694482 0.0673448059300718
0.20997154521440087 0.06594841512950196
0.19719515643116664 0.06446378268192898
0.18472366645773874 0.06289608143842557
0.17256963302735745 0.061248448702260476
0.1607452942214339 0.0595249850603797
0.14926255614683936 0.05773111366425708
0.1381329809474649 0.055871856482851916
0.12736777516212267 0.053948539203381975
0.116977778440511 0.051963904730156614
0.10697345262860625 0.04992318010531574
0.09736487123447068 0.04783385382020878
0.0881617092850836 0.045702443011828554
0.0793732335844094 0.04353298670877572
0.07100829338251147 0.04133238324844984
0.06307531146510753 0.03910173088835358
0.05558227567253826 0.036839201244806524
0.04853673085668936 0.03455078250703621
0.041945771283965205 0.03224245402162361
0.03581603349196366 0.029915104097613422
0.030153689607045786 0.027581000087229163
0.02496444112952728 0.025263491001910006
0.020253513192751316 0.022969355154058794
0.016025649301821876 0.020642292429114938
0.012285106557296477 0.018274603628263435
0.009035651368646647 0.015873886483657573
0.006280555661802856 0.01340864329832843
0.00402259358460233 0.010973551579494449
0.0022640387134577056 0.008756593896216426
0.0010066617640577813 0.006973617099367077
0.0002517288084074587 0.005816468672676576
0.0 0.005415430325930162
0.0 0.0
0.0002517288084074587 -0.0009871933152756638
0.0010066617640577813 -0.0036535294271712107
0.0022640387134577056 -0.007215311806056858
0.00402259358460233 -0.010705073118617257
0.006280555661802856 -0.013474649962217762
0.009035651368646647 -0.01582564309857236
0.012285106557296477 -0.01826995800375864
0.016025649301821876 -0.02068586173730602
0.020253513192751316 -0.023006362405279424
0.02496444112952728 -0.025263753257563942
0.030153689607045786 -0.027555439451668436
0.03581603349196366 -0.029884246656997713
0.041945771283965205 -0.03222220693915079
0.04853673085668936 -0.03454762834788375
0.05558227567253826 -0.036846374296423325
0.06307531146510753 -0.03910936881801409
0.07100829338251147 -0.04133496516191971
0.0793732335844094 -0.04353125762022884
0.0881617092850836 -0.04570022781321481
0.09736487123447068 -0.0478333215072476
0.10697345262860625 -0.0499241968237499
0.116977778440511 -0.05196549460222375
0.12736777516212267 -0.05394994009457419
0.1381329809474649 -0.05587261079641079
0.14926255614683936 -0.05773115188000369
0.1607452942214339 -0.059524625632510576
0.17256963302735745 -0.061248029538090706
0.18472366645773874 -0.06289581774111838
0.19719515643116664 -0.06446374131763304
0.20997154521440087 -0.06594850748972156
0.22303996806694482 -0.06734491746042025
0.2363872661947488 -0.06864711561221323
0.25000000000000006 -0.06985
0.2638644626136587 -0.07094802773033215
0.2779666936971131 -0.0719312933082334
0.29229249349905695 -0.07278879956902218
0.3068274371534359 -0.0735099051213149
0.32155688920406433 -0.07409047199049147
0.33646601834128953 -0.07453407112141021
0.35153981233586296 -0.07484584795736925
0.36676309315498296 -0.07502035255343782
0.38212053224528686 -0.07501730923949111
0.3975966659674052 -0.07478865685619165
0.41317591116653546 -0.07429424280622464
0.42884258086335814 -0.07355197229669874
0.44458090004949524 -0.07260463786032978
0.46037502157160654 -0.07149503660214587
0.4762090420881297 -0.07024205626347943
0.4920670180825969 -0.06884852434494575
0.5079329819174049 -0.06731773752638574
0.5237909579118721 -0.06565794019619102
0.5396249784283953 -0.06388225544635448
0.5554190999505066 -0.062004336465373996
0.5711574191366438 -0.06003627341550137
0.5868240888334664 -0.05798761834096068
0.6024033340325966 -0.05586787194634278
0.6178794677547149 -0.05368687162920884
0.6332369068450188 -0.05145505645581723
0.6484601876641387 -0.049182890907737205
0.6635339816587122 -0.04688061727653905
0.6784431107959373 -0.0445578218647425
0.6931725628465657 -0.04222371058102062
0.7077075065009447 -0.03988726282832963
0.7220333063028884 -0.037558008001623774
0.7361355373863427 -0.03524581219087795
0.7500000000000012 -0.0329599999999998
0.7636127338052524 -0.030709586719127952
0.7769600319330563 -0.028504092366075626
0.7900284547856001 -0.026352462652561488
0.8028048435688343 -0.024262717841080573
0.8152763335422621 -0.0222421233628594
0.8274303669726433 -0.02029734746512613
0.8392547057785669 -0.018434066397421893
0.8507374438531613 -0.01665692248916145
0.8618670190525357 -0.01496937974727691
0.872632224837878 -0.013373432164204342
0.8830222215594895 -0.011870168643063228
0.8930265473713942 -0.010459940086370498
0.9026351287655296 -0.009142438615828186
0.9118382907149167 -0.007919299980887494
0.9206267664155909 -0.006795241825157034
0.9289917066174888 -0.00577308437352527
0.9369246885348927 -0.004853434555769839
0.9444177243274618 -0.0040349352807405115
0.9514632691433107 -0.0033145253098592602
0.958054228716035 -0.0026877061695266226
0.9641839665080364 -0.0021488125237248395
0.9698463103929542 -0.0016912824470971706
0.9750355588704727 -0.0013079240946707047
0.9797464868072487 -0.000991175356437485
0.9839743506981782 -0.0007333532121316119
0.9877148934427036 -0.0005268896623173207
0.9909643486313533 -0.0003645513045953488
0.9937194443381971 -0.00023963984629709383
0.9959774064153977 -0.00014617109514089327
0.9977359612865423 -7.903024438130605e-05
0.9989933382359422 -3.410156616474423e-05
0.9997482711915926 -8.370943075721922e-06
1.0 0.0
