1.0 0.0
0.9997482711915926 1.573382113655635e-05
0.9989933382359422 6.309605377410674e-05
0.9977359612865423 0.00014256535390271506
0.9959774064153977 0.00025492735208720093
0.9937194443381971 0.00040125660903620976
0.9909643486313533 0.0005828916512527261
0.9877148934427036 0.0008014033810405956
0.9839743506981782 0.0010585572341447974
0.9797464868072487 0.0013562695335658638
0.9750355588704727 0.001696558558852852
0.9698463103929542 0.0020814909157275533
0.9641839665080364 0.0025131238505596816
0.958054228716035 0.0029934442073861678
0.9514632691433107 0.003524304771298941
0.9444177243274618 0.004107358780630621
0.9369246885348927 0.0047439934210358106
0.9289917066174888 0.005435263136959809
0.9206267664155909 0.006181823609849771
0.9118382907149167 0.006983867257619119
0.9026351287655296 0.007841061106229511
0.8930265473713942 0.008752518246708058
0.8830222215594895 0.009717018549432048
0.872632224837878 0.010732903595790728
0.8618670190525357 0.011797906564149174
0.8507374438531613 0.012909117688377526
0.8392547057785669 0.014063165255141211
0.8274303669726433 0.015257047634369417
0.8152763335422621 0.016487586957419673
0.8028048435688343 0.01775116186050118
0.7900284547856001 0.01904360559180272
0.7769600319330563 0.020359501030318715
0.7636127338052524 0.02169250086086875
0.7500000000000012 0.023035672124395362
0.7361355373863427 0.024382353468171254
0.7220333063028884 0.0257287360293988
0.7077075065009447 0.027071740256626887
0.6931725628465657 0.028408247859434813
0.6784431107959373 0.029733992738022887
0.6635339816587122 0.031043395107953026
0.6484601876641387 0.03233068526758825
0.6332369068450188 0.03358988290796421
0.6178794677547149 0.03481461345869594
0.6024033340325966 0.035998396623856586
0.5868240888334664 0.037135073681061614
0.5711574191366438 0.03822060950982968
0.5554190999505066 0.03925193206915167
0.5396249784283953 0.04022585246656309
0.5237909579118721 0.04113559009732858
0.5079329819174049 0.04197204766489086
0.4920670180825969 0.04272647572821076
0.4762090420881297 0.04339419108119663
0.46037502157160654 0.04397461700067174
0.44458090004949524 0.04446754329756395
0.42884258086335814 0.044864833249736266
0.41317591116653546 0.04514638801763224
0.3975966659674052 0.04529211509219827
0.38212053224528686 0.045294760104240155
0.36676309315498296 0.04517774090540453
0.35153981233586296 0.0449686962265097
0.33646601834128953 0.04469070983816088
0.32155688920406433 0.044345805276339606
0.3068274371534359 0.04392935213626736
0.29229249349905695 0.04343769489533746
0.2779666936971131 0.04287173943538405
0.2638644626136587 0.04223642504713912
0.25000000000000006 0.04153701222496587
0.2363872661947488 0.04077827510563745
0.22303996806694482 0.03996255501278432
0.20997154521440087 0.03909199861795077
0.19719515643116664 0.03816931115855861
0.18472366645773874 0.037197454194347376
0.17256963302735745 0.03617932302732135
0.1607452942214339 0.035118366607698445
0.14926255614683936 0.03401865387078089
0.1381329809474649 0.03288387226106798
0.12736777516212267 0.03171506116606895
0.116977778440511 0.030513869096527924
0.10697345262860625 0.029283354777441543
0.09736487123447068 0.028027868419554878
0.0881617092850836 0.026751291945225728
0.0793732335844094 0.025455834850274178
0.07100829338251147 0.0241453309422826
0.06307531146510753 0.02281970308488331
0.05558227567253826 0.02147596023688672
0.04853673085668936 0.020116166539479015
0.041945771283965205 0.018745970951872946
0.03581603349196366 0.017372722118327764
0.030153689607045786 0.016008093429905872
0.02496444112952728 0.01466758530864008
0.020253513192751316 0.013354209969394766
0.016025649301821876 0.01201663914708336
0.012285106557296477 0.010634254246571814
0.009035651368646647 0.009218163368655757
0.006280555661802856 0.007772215779810022
0.00402259358460233 0.00635815042152889
0.0022640387134577056 0.005082636851003101
0.0010066617640577813 0.00406402419802835
0.0002517288084074587 0.003405988466961773
0.0 0.0031784447904612823
0.0 0.0
0.0002517288084074587 -0.0004892025562977818
0.0010066617640577813 -0.001818180109194182
0.0022640387134577056 -0.003616415291245882
0.00402259358460233 -0.005416989996267154
0.006280555661802856 -0.006880294800945697
0.009035651368646647 -0.008088462389635608
0.012285106557296477 -0.009307315114356339
0.016025649301821876 -0.010483540102383941
0.020253513192751316 -0.011580259451480234
0.02496444112952728 -0.012619404708640345
0.030153689607045786 -0.013666691524379737
0.03581603349196366 -0.014733338700812854
0.041945771283965205 -0.01580488953486858
0.04853673085668936 -0.016868642108233113
0.05558227567253826 -0.017914505156943858
0.06307531146510753 -0.018937602585524946
0.07100829338251147 -0.019938883735937538
0.0793732335844094 -0.020924728365411198
0.0881617092850836 -0.02189788623912397
0.09736487123447068 -0.0228533962658695
0.10697345262860625 -0.023786867820599685
0.116977778440511 -0.024694798487278305
0.12736777516212267 -0.025574734075766065
0.1381329809474649 -0.026425551431851435
0.14926255614683936 -0.027247560683578823
0.1607452942214339 -0.02804167487452034
0.17256963302735745 -0.02880501763784737
0.18472366645773874 -0.029533441391574607
0.19719515643116664 -0.03022309148064562
0.20997154521440087 -0.030870576731423197
0.22303996806694482 -0.03147417891804326
0.2363872661947488 -0.032033432374505094
0.25000000000000006 -0.03254852750033828
0.2638644626136587 -0.03301912679943218
0.2779666936971131 -0.033440223525025674
0.29229249349905695 -0.033805392930305316
0.3068274371534359 -0.034108264606436435
0.32155688920406433 -0.034347033797057835
0.33646601834128953 -0.03452558481829653
0.35153981233586296 -0.03464880593528443
0.36676309315498296 -0.034715667242467996
0.38212053224528686 -0.03470485077084328
0.3975966659674052 -0.03459032444025638
0.41317591116653546 -0.03434975748800297
0.42884258086335814 -0.033989756228261406
0.44458090004949524 -0.03352956349707807
0.46037502157160654 -0.03298845847661047
0.4762090420881297 -0.03237475068903811
0.4920670180825969 -0.03168931161471397
0.5079329819174049 -0.030933301280403044
0.5237909579118721 -0.0301114101284708
0.5396249784283953 -0.02923181871052504
0.5554190999505066 -0.02830298759132013
0.5711574191366438 -0.02733178929770501
0.5868240888334664 -0.026322660331666164
0.6024033340325966 -0.025279918765300734
0.6178794677547149 -0.02420798724553896
0.6332369068450188 -0.02311142681377556
0.6484601876641387 -0.02199480865676711
0.6635339816587122 -0.020862825290438987
0.6784431107959373 -0.019720917064856458
0.6931725628465657 -0.018574630753751997
0.7077075065009447 -0.017429295472254264
0.7220333063028884 -0.016289893904930016
0.7361355373863427 -0.015161056366409475
0.7500000000000012 -0.014047132333379116
0.7636127338052524 -0.012952353581127254
0.7769600319330563 -0.011881291716283262
0.7900284547856001 -0.010838245298955359
0.8028048435688343 -0.00982705451997484
0.8152763335422621 -0.008851803748233677
0.8274303669726433 -0.00791739667692563
0.8392547057785669 -0.007028100894002559
0.8507374438531613 -0.0061873667247214666
0.8618670190525357 -0.005397589154295134
0.872632224837878 -0.004659663793020659
0.8830222215594895 -0.003973800143691138
0.8930265473713942 -0.0033397287553165837
0.9026351287655296 -0.0027567629429686804
0.9118382907149167 -0.0022259946504585115
0.9206267664155909 -0.0017511471236616796
0.9289917066174888 -0.0013344492984230759
0.9369246885348927 -0.0009763828047867928
0.9444177243274618 -0.0006758784284394806
0.9514632691433107 -0.0004305210376865411
0.958054228716035 -0.00023676015482069362
0.9641839665080364 -9.012333591093687e-05
0.9698463103929542 1.4570462196944608e-05
0.9750355588704727 8.300030482585337e-05
0.9797464868072487 0.00012113819676289205
0.9839743506981782 0.00013505209771370123
0.9877148934427036 0.00013071951241394204
0.9909643486313533 0.00011385397925142239
0.9937194443381971 8.974660489559316e-05
0.9959774064153977 6.312459421021084e-05
0.9977359612865423 3.8028506695576e-05
0.9989933382359422 1.7709735112813218e-05
0.9997482711915926 4.54945119470591e-06
1.0 0.0
