1.0 0.0
0.9997482711915926 2.7328203063043556e-05
0.9989933382359422 0.00010950058636756029
0.9977359612865423 0.0002470758635281775
0.9959774064153977 0.00044096991607576953
0.9937194443381971 0.0006924330223091607
0.9909643486313533 0.0010030183569055314
0.9877148934427036 0.001374542135938872
0.9839743506981782 0.0018090358825202867
0.9797464868072487 0.0023086913840639632
0.9750355588704727 0.0028757990022308007
0.9698463103929542 0.003512680079992464
0.9641839665080364 0.004221614266143309
0.958054228716035 0.00500476264518427
0.9514632691433107 0.005864087619112021
0.9444177243274618 0.00680127053665096
0.9369246885348927 0.00781762810434121
0.9289917066174888 0.008914028642212989
0.9206267664155909 0.010090809264209239
0.9118382907149167 0.011347695069839932
0.9026351287655296 0.012683721428642358
0.8930265473713942 0.014097238779185804
0.8830222215594895 0.015586510367057905
0.872632224837878 0.017149496816753595
0.8618670190525357 0.01878351049396861
0.8507374438531613 0.0204851780377158
0.8392547057785669 0.022250542874968728
0.8274303669726433 0.024075539018131205
0.8152763335422621 0.02595565039104718
0.8028048435688343 0.027885759360063222
0.7900284547856001 0.029860038255385364
0.7769600319330563 0.03187126134469215
0.7636127338052524 0.0339111482861372
0.7500000000000012 0.03597068908834181
0.7361355373863427 0.03804088135757925
0.7220333063028884 0.04011475093174472
0.7077075065009447 0.042185641639559616
0.6931725628465657 0.04424667292736928
0.6784431107959373 0.046290177542997135
0.6635339816587122 0.04830767603350534
0.6484601876641387 0.05029047704564156
0.6332369068450188 0.052229947897752246
0.6178794677547149 0.05411792484898817
0.6024033340325966 0.055946345736571056
0.5868240888334664 0.0577072275682614
0.5711574191366438 0.059392796020979174
0.5554190999505066 0.060995483680826995
0.5396249784283953 0.06250777422328563
0.5237909579118721 0.0639203882730504
0.5079329819174049 0.06522303606841422
0.4920670180825969 0.06640588145069531
0.4762090420881297 0.06746189067147126
0.46037502157160654 0.06838689238757528
0.44458090004949524 0.06917719366521628
0.42884258086335814 0.06981906840298546
0.41317591116653546 0.07028328122434963
0.3975966659674052 0.07054074399623274
0.38212053224528686 0.0705796023920967
0.36676309315498296 0.07043087972714904
0.35153981233586296 0.07013199749087487
0.33646601834128953 0.06971493135578175
0.32155688920406433 0.06918454906882106
0.3068274371534359 0.06853646808871575
0.29229249349905695 0.0677675563545512
0.2779666936971131 0.06688019830417277
0.2638644626136587 0.06588208024835289
0.25000000000000006 0.0647814079203562
0.2363872661947488 0.06358605454955436
0.22303996806694482 0.062301386642510274
0.20997154521440087 0.060932514145049896
0.19719515643116664 0.05948519849190065
0.18472366645773874 0.057964588211220976
0.17256963302735745 0.056373380000656004
0.1607452942214339 0.054714989406433386
0.14926255614683936 0.05299410518277455
0.1381329809474649 0.05121568512756699
0.12736777516212267 0.04938186577258634
0.116977778440511 0.047495704627285855
0.10697345262860625 0.04556241369348596
0.09736487123447068 0.043589190097301424
0.0881617092850836 0.04158292630118878
0.0793732335844094 0.03954740258430248
0.07100829338251147 0.03748881761818041
0.06307531146510753 0.03540964678232429
0.05558227567253826 0.03330711695578825
0.04853673085668936 0.031185319877902143
0.041945771283965205 0.02905209538147626
0.03581603349196366 0.02691167328137859
0.030153689607045786 0.0247761479157601
0.02496444112952728 0.02266659076799311
0.020253513192751316 0.02060007834465759
0.016025649301821876 0.018529070009806803
0.012285106557296477 0.016429273841096784
0.009035651368646647 0.014322028543269335
0.006280555661802856 0.01218942929770438
0.00402259358460233 0.010091578760197093
0.0022640387134577056 0.00818115854058574
0.0010066617640577813 0.006642409339063046
0.0002517288084074587 0.005642358400362772
0.0 0.005295491415640912
0.0 0.0
0.0002517288084074587 -0.0006450871583874298
0.0010066617640577813 -0.0024161761314824537
0.0022640387134577056 -0.004869633489960533
0.00402259358460233 -0.007428336470757752
0.006280555661802856 -0.009622697345353306
0.009035651368646647 -0.011421363849797122
0.012285106557296477 -0.01318357717729793
0.016025649301821876 -0.014903996549339563
0.020253513192751316 -0.016534904325461005
0.02496444112952728 -0.018087300128589452
0.030153689607045786 -0.019633059885231695
0.03581603349196366 -0.021195160462313612
0.041945771283965205 -0.022754457305270207
0.04853673085668936 -0.02429620554715782
0.05558227567253826 -0.025811608923435876
0.06307531146510753 -0.027295568326898625
0.07100829338251147 -0.028747223147364886
0.0793732335844094 -0.03017290477827566
0.0881617092850836 -0.031576720846436354
0.09736487123447068 -0.03295231405602311
0.10697345262860625 -0.034294017587070603
0.116977778440511 -0.035597059585241245
0.12736777516212267 -0.03685765665120413
0.1381329809474649 -0.03807390830434568
0.14926255614683936 -0.039245963911657356
0.1607452942214339 -0.040375222835203325
0.17256963302735745 -0.041458543158851044
0.18472366645773874 -0.04249089514952189
0.19719515643116664 -0.04346783334072717
0.20997154521440087 -0.04438552052930816
0.22303996806694482 -0.04524055059209038
0.2363872661947488 -0.0460300256015075
0.25000000000000006 -0.04675169462692175
0.2638644626136587 -0.04740302384125795
0.2779666936971131 -0.04797725886460902
0.29229249349905695 -0.04846623473824621
0.3068274371534359 -0.04886191266103342
0.32155688920406433 -0.04916110381439385
0.33646601834128953 -0.04936720064277774
0.35153981233586296 -0.049484880786179464
0.36676309315498296 -0.0495114721935389
0.38212053224528686 -0.049417048659608075
0.3975966659674052 -0.04916492937148261
0.41317591116653546 -0.048723534398792116
0.42884258086335814 -0.048103175913555014
0.44458090004949524 -0.0473333199338945
0.46037502157160654 -0.04644367300157485
0.4762090420881297 -0.04544902754651409
0.4920670180825969 -0.04435384472374543
0.5079329819174049 -0.043162900838558525
0.5237909579118721 -0.04188346074130895
0.5396249784283953 -0.04052521558067546
0.5554190999505066 -0.039098179815028916
0.5711574191366438 -0.0376116993045472
0.5868240888334664 -0.036074006669382666
0.6024033340325966 -0.034493297990149954
0.6178794677547149 -0.03287738502085072
0.6332369068450188 -0.031233120934615426
0.6484601876641387 -0.029567174617347862
0.6635339816587122 -0.02788643790328462
0.6784431107959373 -0.02619919129587676
0.6931725628465657 -0.024513891227596937
0.7077075065009447 -0.0228386066049246
0.7220333063028884 -0.0211808964256655
0.7361355373863427 -0.019547786772638853
0.7500000000000012 -0.017945802513393273
0.7636127338052524 -0.01638113538806394
0.7769600319330563 -0.014860089901324309
0.7900284547856001 -0.01338843973008003
0.8028048435688343 -0.011971253928277545
0.8152763335422621 -0.010614237197990302
0.8274303669726433 -0.009324661072598708
0.8392547057785669 -0.008108749493651033
0.8507374438531613 -0.0069713823971926684
0.8618670190525357 -0.005915179106193594
0.872632224837878 -0.004938980407473453
0.8830222215594895 -0.0040406546253394324
0.8930265473713942 -0.003217708922811227
0.9026351287655296 -0.0024673916481057203
0.9118382907149167 -0.0017911088241635697
0.9206267664155909 -0.0011957751324310048
0.9289917066174888 -0.0006857451885608695
0.9369246885348927 -0.0002623341506893509
0.9444177243274618 7.584432772319216e-05
0.9514632691433107 0.0003325253401121334
0.958054228716035 0.0005134300499823289
0.9641839665080364 0.0006258980072254134
0.9698463103929542 0.0006785193447207767
0.9750355588704727 0.0006807716664941006
0.9797464868072487 0.0006426663130396022
0.9839743506981782 0.0005744085154345735
0.9877148934427036 0.0004860757295408498
0.9909643486313533 0.00038731817729287596
0.9937194443381971 0.0002870853166302107
0.9959774064153977 0.00019338161824981797
0.9977359612865423 0.00011305464959670589
0.9989933382359422 5.161805827431975e-05
0.9997482711915926 1.3111612521153014e-05
1.0 0.0
