1.0 0.0
0.9997482711915926 1.8128232644793986e-05
0.9989933382359422 7.3754976437109e-05
0.9977359612865423 0.00017057391715480017
0.9959774064153977 0.00031463342002480956
0.9937194443381971 0.0005141762413287367
0.9909643486313533 0.0007794178667119275
0.9877148934427036 0.0011222661848931102
0.9839743506981782 0.001555985932077241
0.9797464868072487 0.0020948120341173233
0.9750355588704727 0.002753516623285253
0.9698463103929542 0.0035469351077267635
0.9641839665080364 0.0044894572180864045
0.958054228716035 0.00559448944170701
0.9514632691433107 0.006873895675126232
0.9444177243274618 0.008337423275822941
0.9369246885348927 0.0099921219704932
0.9289917066174888 0.011841763276445072
0.9206267664155909 0.013886268212619499
0.9118382907149167 0.016121151115655378
0.9026351287655296 0.018536987333477258
0.8930265473713942 0.021120134747968426
0.8830222215594895 0.023863799614134637
0.872632224837878 0.026765532674432567
0.8618670190525357 0.02982147744595667
0.8507374438531613 0.033026215056425355
0.8392547057785669 0.03637226967035124
0.8274303669726433 0.03984826017908499
0.8152763335422621 0.043439939087036125
0.8028048435688343 0.04713072343090456
0.7900284547856001 0.05090198965283593
0.7769600319330563 0.05473531716657257
0.7636127338052524 0.05861159177386692
0.7500000000000012 0.06250999999999966
0.7361355373863427 0.06640786090589589
0.7220333063028884 0.07027996847060632
0.7077075065009447 0.074099321902753
0.6931725628465657 0.07783747394896183
0.6784431107959373 0.0814643875030457
0.6635339816587122 0.08494855557123668
0.6484601876641387 0.08825749435173236
0.6332369068450188 0.09134854823966294
0.6178794677547149 0.09414978468794928
0.6024033340325966 0.09658194415155896
0.5868240888334664 0.09858016684151157
0.5711574191366438 0.10018299427121383
0.5554190999505066 0.10147335931384305
0.5396249784283953 0.10253387945682979
0.5237909579118721 0.1033996631403185
0.5079329819174049 0.10407379755193945
0.4920670180825969 0.10455971899159297
0.4762090420881297 0.10486453410990425
0.46037502157160654 0.10499894396248917
0.44458090004949524 0.10497427320712852
0.42884258086335814 0.10479729550581941
0.41317591116653546 0.10446774818868762
0.3975966659674052 0.10398542233542131
0.38212053224528686 0.10335140281164537
0.36676309315498296 0.10256894320981426
0.35153981233586296 0.1016421440253371
0.33646601834128953 0.10057567951369112
0.32155688920406433 0.09937469764963827
0.3068274371534359 0.09804487495874155
0.29229249349905695 0.09659228725263687
0.2779666936971131 0.09502075051418218
0.2638644626136587 0.09333233257991175
0.25000000000000006 0.09153
0.2363872661947488 0.08961746649167503
0.22303996806694482 0.08759849278092247
0.20997154521440087 0.08547771825755257
0.19719515643116664 0.08326089053868138
0.18472366645773874 0.08095313401776086
0.17256963302735745 0.07855741479376856
0.1607452942214339 0.07607806684779
0.14926255614683936 0.07352121075052637
0.1381329809474649 0.07089250684967734
0.12736777516212267 0.06819285732930201
0.116977778440511 0.0654250790928038
0.10697345262860625 0.06259529589144901
0.09736487123447068 0.05971271522456721
0.0881617092850836 0.05679124854541496
0.0793732335844094 0.05385001511799523
0.07100829338251147 0.05090845185845471
0.06307531146510753 0.04796786344930022
0.05558227567253826 0.04501794903663955
0.04853673085668936 0.042059277628078234
0.041945771283965205 0.03910130152573442
0.03581603349196366 0.03615990770110414
0.030153689607045786 0.033259204514368104
0.02496444112952728 0.030430024150620745
0.020253513192751316 0.027681653596933406
0.016025649301821876 0.02495364462349184
0.012285106557296477 0.022234458070984175
0.009035651368646647 0.019518896367690403
0.006280555661802856 0.01674495308926225
0.00402259358460233 0.014003989175949161
0.0022640387134577056 0.011503387656576616
0.0010066617640577813 0.00948801953208292
0.0002517288084074587 0.008178002337329364
0.0 0.007723616282053387
0.0 0.0
0.0002517288084074587 -0.0012903742937473914
0.0010066617640577813 -0.0047528310688443555
0.0022640387134577056 -0.009305174268105215
0.00402259358460233 -0.013621078772341389
0.006280555661802856 -0.016839093372352704
0.009035651368646647 -0.019450090497774332
0.012285106557296477 -0.022227832370179987
0.016025649301821876 -0.025015784213125405
0.020253513192751316 -0.027734434223934203
0.02496444112952728 -0.030430398185908227
0.030153689607045786 -0.03322274932445435
0.03581603349196366 -0.03611589808110757
0.041945771283965205 -0.03907242465234867
0.04853673085668936 -0.042054779090839295
0.05558227567253826 -0.045028179414453515
0.06307531146510753 -0.04797875684730122
0.07100829338251147 -0.05091213424521153
0.0793732335844094 -0.053847549050545354
0.0881617092850836 -0.056788089176158706
0.09736487123447068 -0.05971195602708766
0.10697345262860625 -0.06259674595960235
0.116977778440511 -0.06542734660637983
0.12736777516212267 -0.06819485531383333
0.1381329809474649 -0.07089358266972015
0.14926255614683936 -0.0735212652547384
0.1607452942214339 -0.07607755422316463
0.17256963302735745 -0.07855681697180215
0.18472366645773874 -0.08095275792635304
0.19719515643116664 -0.08326083154393298
0.20997154521440087 -0.0854778499839073
0.22303996806694482 -0.08759865184817352
0.2363872661947488 -0.08961755593079794
0.25000000000000006 -0.09153
0.2638644626136587 -0.09333229123385312
0.2779666936971131 -0.09502071283493577
0.29229249349905695 -0.09659227439973991
0.3068274371534359 -0.09804488231932425
0.32155688920406433 -0.09937470929221094
0.33646601834128953 -0.10057568589601124
0.35153981233586296 -0.10164214348310215
0.36676309315498296 -0.10256894008436375
0.38212053224528686 -0.10335140055000495
0.3975966659674052 -0.1039854220776311
0.41317591116653546 -0.10446774896874288
0.42884258086335814 -0.10479729620808392
0.44458090004949524 -0.10497427337426017
0.46037502157160654 -0.10499894377638885
0.4762090420881297 -0.10486453390479808
0.4920670180825969 -0.1045597189231765
0.5079329819174049 -0.10407379759412398
0.5237909579118721 -0.10339966319843372
0.5396249784283953 -0.1025338794815156
0.5554190999505066 -0.10147335930531946
0.5711574191366438 -0.10018299425507247
0.5868240888334664 -0.09858016683294263
0.6024033340325966 -0.09658194415269222
0.6178794677547149 -0.09414978469230266
0.6332369068450188 -0.09134854824260001
0.6484601876641387 -0.08825749435195494
0.6635339816587122 -0.08494855557014783
0.6784431107959373 -0.08146438750206121
0.6931725628465657 -0.07783747394866344
0.7077075065009447 -0.0740993219029662
0.7220333063028884 -0.07027996847091406
0.7361355373863427 -0.06640786090606983
0.7500000000000012 -0.06250999999999966
0.7636127338052524 -0.05861159177378858
0.7769600319330563 -0.054735317166498286
0.7900284547856001 -0.050901989652803285
0.8028048435688343 -0.04713072343091128
0.8152763335422621 -0.04343993908705794
0.8274303669726433 -0.03984826017910463
0.8392547057785669 -0.036372269670360766
0.8507374438531613 -0.03302621505642485
0.8618670190525357 -0.029821477445951317
0.872632224837878 -0.026765532674426596
0.8830222215594895 -0.023863799614130415
0.8930265473713942 -0.021120134747966778
0.9026351287655296 -0.018536987333477757
0.9118382907149167 -0.016121151115657
0.9206267664155909 -0.013886268212621459
0.9289917066174888 -0.011841763276446834
0.9369246885348927 -0.00999212197049444
0.9444177243274618 -0.008337423275823501
0.9514632691433107 -0.006873895675126083
0.958054228716035 -0.00559448944170621
0.9641839665080364 -0.0044894572180850766
0.9698463103929542 -0.0035469351077250604
0.9750355588704727 -0.0027535166232833426
0.9797464868072487 -0.0020948120341153665
0.9839743506981782 -0.0015559859320753789
0.9877148934427036 -0.0011222661848914548
0.9909643486313533 -0.0007794178667105561
0.9937194443381971 -0.0005141762413276885
0.9959774064153977 -0.00031463342002408656
0.9977359612865423 -0.00017057391715436993
0.9989933382359422 -7.375497643691014e-05
0.9997482711915926 -1.8128232644743107e-05
1.0 0.0
