1.0 0.0
0.9997482711915926 2.660236565540841e-05
0.9989933382359422 0.00010747463176582655
0.9977359612865423 0.0002457855544005081
0.9959774064153977 0.0004467275455322576
0.9937194443381971 0.0007173845282989659
0.9909643486313533 0.001066549177604524
0.9877148934427036 0.0015044917620688058
0.9839743506981782 0.002042683397878813
0.9797464868072487 0.0026934770911870164
0.9750355588704727 0.0034697504775820596
0.9698463103929542 0.004384514659376386
0.9641839665080364 0.00545049398895153
0.958054228716035 0.00667968204453037
0.9514632691433107 0.008082879389337161
0.9444177243274618 0.009669218992495242
0.9369246885348927 0.011445685417083223
0.9289917066174888 0.013416634044977494
0.9206267664155909 0.015583316707511199
0.9118382907149167 0.017943420124254168
0.9026351287655296 0.020490623518670283
0.8930265473713942 0.02321557321939641
0.8830222215594895 0.026114489711014197
0.872632224837878 0.02918565039789757
0.8618670190525357 0.032425847734658265
0.8507374438531613 0.0358302824983091
0.8392547057785669 0.03939219507024593
0.8274303669726433 0.04310212733634654
0.8152763335422621 0.0469484438922899
0.8028048435688343 0.05091744609228566
0.7900284547856001 0.05499387921156492
0.7769600319330563 0.0591627334967556
0.7636127338052524 0.06340793012962488
0.7500000000000012 0.06771184728599877
0.7361355373863427 0.0720566842062873
0.7220333063028884 0.0764259942052622
0.7077075065009447 0.08080270448682561
0.6931725628465657 0.0851686034821154
0.6784431107959373 0.08950189275637455
0.6635339816587122 0.0937783853763629
0.6484601876641387 0.09797310461171714
0.6332369068450188 0.10206352230731315
0.6178794677547149 0.10603105889797726
0.6024033340325966 0.109857457061091
0.5868240888334664 0.11352003931338714
0.5711574191366438 0.11698318229652369
0.5554190999505066 0.12020884237238041
0.5396249784283953 0.12316052488975764
0.5237909579118721 0.1258102410069997
0.5079329819174049 0.1281337101973793
0.4920670180825969 0.13010878960149855
0.4762090420881297 0.1317277180151891
0.46037502157160654 0.1329933504453648
0.44458090004949524 0.13391018321999548
0.42884258086335814 0.1344873875055433
0.41317591116653546 0.13474012147278444
0.3975966659674052 0.13468487492001235
0.38212053224528686 0.13433906453434674
0.36676309315498296 0.13372113364580107
0.35153981233586296 0.13285010587608817
0.33646601834128953 0.13174465806266175
0.32155688920406433 0.1304173354247233
0.3068274371534359 0.12887791106118898
0.29229249349905695 0.12713689553156435
0.2779666936971131 0.12520473520302566
0.2638644626136587 0.12309125131332209
0.25000000000000006 0.12080696931633177
0.2363872661947488 0.11836279698570938
0.22303996806694482 0.11576552422152908
0.20997154521440087 0.1130201901327184
0.19719515643116664 0.11013350740240542
0.18472366645773874 0.10711366895660152
0.17256963302735745 0.10396899513241427
0.1607452942214339 0.10070895685303954
0.14926255614683936 0.09734487240683107
0.1381329809474649 0.09388932369574828
0.12736777516212267 0.0903473258388396
0.116977778440511 0.08671912610081584
0.10697345262860625 0.08300960999774515
0.09736487123447068 0.07922831583494837
0.0881617092850836 0.0753886436708493
0.0793732335844094 0.07150254637807314
0.07100829338251147 0.06758316016965663
0.06307531146510753 0.06364705621311524
0.05558227567253826 0.059699738982360744
0.04853673085668936 0.05574850212512381
0.041945771283965205 0.05181168717910842
0.03581603349196366 0.0479055517268358
0.030153689607045786 0.04404322841202193
0.02496444112952728 0.04025364365006846
0.020253513192751316 0.036579222354696204
0.016025649301821876 0.03305746857461977
0.012285106557296477 0.029680579381926375
0.009035651368646647 0.026476291193492322
0.006280555661802856 0.023481141053946247
0.00402259358460233 0.02050771669327272
0.0022640387134577056 0.017586791293314065
0.0010066617640577813 0.015054826464055496
0.0002517288084074587 0.013322996208243024
0.0 0.01270682226426537
0.0 0.0
0.0002517288084074587 -0.0005807206556919799
0.0010066617640577813 -0.00224291243660639
0.0022640387134577056 -0.004760206858187942
0.00402259358460233 -0.007800276503613625
0.006280555661802856 -0.010991613078610575
0.009035651368646647 -0.014015719675098463
0.012285106557296477 -0.0167225837939903
0.016025649301821876 -0.019161477119776005
0.020253513192751316 -0.021474972505385645
0.02496444112952728 -0.02373535399597313
0.030153689607045786 -0.025980818017697197
0.03581603349196366 -0.02828891048992698
0.041945771283965205 -0.030654186580441573
0.04853673085668936 -0.03304303529911772
0.05558227567253826 -0.03542003621795887
0.06307531146510753 -0.03775322041592554
0.07100829338251147 -0.04003584667071643
0.0793732335844094 -0.04227817491926499
0.0881617092850836 -0.04449908774197193
0.09736487123447068 -0.04669255282634355
0.10697345262860625 -0.04883767398120505
0.116977778440511 -0.05091637575557183
0.12736777516212267 -0.052922671431818225
0.1381329809474649 -0.05485625726571414
0.14926255614683936 -0.056720791313350366
0.1607452942214339 -0.05852387902232463
0.17256963302735745 -0.06026805602135558
0.18472366645773874 -0.06194615747046903
0.19719515643116664 -0.06355103097674458
0.20997154521440087 -0.06507630479176543
0.22303996806694482 -0.06651629575019348
0.2363872661947488 -0.06786595457357553
0.25000000000000006 -0.06912105917830866
0.2638644626136587 -0.07027802821409398
0.2779666936971131 -0.07133145945829936
0.29229249349905695 -0.07227477382372695
0.3068274371534359 -0.0731018161375282
0.32155688920406433 -0.07380720977979163
0.33646601834128953 -0.07438675003068196
0.35153981233586296 -0.07483690293453675
0.36676309315498296 -0.07515179977933695
0.38212053224528686 -0.07531173347860295
0.3975966659674052 -0.07529245039441343
0.41317591116653546 -0.07507057994736445
0.42884258086335814 -0.07463200730067447
0.44458090004949524 -0.07396764710782791
0.46037502157160654 -0.07307059035324123
0.4762090420881297 -0.07195102950519391
0.4920670180825969 -0.07063055734766553
0.5079329819174049 -0.06913140750675562
0.5237909579118721 -0.06746971184242172
0.5396249784283953 -0.0656573724503577
0.5554190999505066 -0.06370697249255211
0.5711574191366438 -0.06163578233213763
0.5868240888334664 -0.05946478147876149
0.6024033340325966 -0.057214872822299465
0.6178794677547149 -0.05490237628020792
0.6332369068450188 -0.05253817357937387
0.6484601876641387 -0.05013276703936305
0.6635339816587122 -0.04769649404328104
0.6784431107959373 -0.04523940784328061
0.6931725628465657 -0.04277130673881806
0.7077075065009447 -0.040302084402003654
0.7220333063028884 -0.03784404230505349
0.7361355373863427 -0.035410000106070955
0.7500000000000012 -0.03301190443425139
0.7636127338052524 -0.030658969123431877
0.7769600319330563 -0.028356200311520068
0.7900284547856001 -0.02610783704601868
0.8028048435688343 -0.02391790947845683
0.8152763335422621 -0.02179429138093335
0.8274303669726433 -0.01974873789118037
0.8392547057785669 -0.017791530582982735
0.8507374438531613 -0.01593115956210391
0.8618670190525357 -0.01417288161967995
0.872632224837878 -0.012517593742416361
0.8830222215594895 -0.010965077021973389
0.8930265473713942 -0.009514465806540648
0.9026351287655296 -0.00816442164301242
0.9118382907149167 -0.006918050367119184
0.9206267664155909 -0.005783000413106644
0.9289917066174888 -0.004763958885797142
0.9369246885348927 -0.0038624317306399625
0.9444177243274618 -0.0030770968468983237
0.9514632691433107 -0.0024041725814049147
0.958054228716035 -0.0018377965096441093
0.9641839665080364 -0.0013704093837964516
0.9698463103929542 -0.000993139153740835
0.9750355588704727 -0.000696180046298535
0.9797464868072487 -0.00046916181916278356
0.9839743506981782 -0.0003015044874340474
0.9877148934427036 -0.0001827540504388232
0.9909643486313533 -0.00010289502205391995
0.9937194443381971 -5.263588615668843e-05
0.9959774064153977 -2.3663956735847773e-05
0.9977359612865423 -8.866515911780303e-06
0.9989933382359422 -2.5155285747855455e-06
0.9997482711915926 -4.1368519778024555e-07
1.0 0.0
