1.0 0.0
0.9997482711915926 3.101049321470046e-05
0.9989933382359422 0.00012428803397962048
0.9977359612865423 0.0002805628657376422
0.9959774064153977 0.0005010256930135955
0.9937194443381971 0.0007872884734052178
0.9909643486313533 0.0011413302103913192
0.9877148934427036 0.0015654284226098917
0.9839743506981782 0.002062077146437449
0.9797464868072487 0.002633892501135898
0.9750355588704727 0.003283507007753557
0.9698463103929542 0.004013454002698692
0.9641839665080364 0.00482604362289365
0.958054228716035 0.005723231960238014
0.9514632691433107 0.006706485087481888
0.9444177243274618 0.007776639744410555
0.9369246885348927 0.00893376254151522
0.9289917066174888 0.010177009587291804
0.9206267664155909 0.01150448847437877
0.9118382907149167 0.012913124568513505
0.9026351287655296 0.014398533532545343
0.8930265473713942 0.01595510909801155
0.8830222215594895 0.017577628035394685
0.872632224837878 0.019260736958851086
0.8618670190525357 0.020998133598501438
0.8507374438531613 0.022782522665319653
0.8392547057785669 0.024605923542967402
0.8274303669726433 0.026460898028777834
0.8152763335422621 0.028339714457971447
0.8028048435688343 0.030233993909045687
0.7900284547856001 0.03213482105673017
0.7769600319330563 0.03403339294376657
0.7636127338052524 0.0359207388782295
0.7500000000000012 0.03778747656544536
0.7361355373863427 0.03962347821772006
0.7220333063028884 0.04141688759570936
0.7077075065009447 0.04315507521937309
0.6931725628465657 0.04482497947207156
0.6784431107959373 0.04641313499069087
0.6635339816587122 0.04790574567982318
0.6484601876641387 0.0492888073941402
0.6332369068450188 0.050547801297620744
0.6178794677547149 0.05166705556478537
0.6024033340325966 0.05263071288112116
0.5868240888334664 0.05342767459215142
0.5711574191366438 0.05407564119180826
0.5554190999505066 0.05460435083964163
0.5396249784283953 0.05504314877685087
0.5237909579118721 0.05540145948811396
0.5079329819174049 0.05567561404835819
0.4920670180825969 0.05586216054267153
0.4762090420881297 0.05596100292975553
0.46037502157160654 0.05597540030731926
0.44458090004949524 0.05590901912757446
0.42884258086335814 0.0557638087241305
0.41317591116653546 0.05553895376876038
0.3975966659674052 0.05523375211910635
0.38212053224528686 0.05484883580991974
0.36676309315498296 0.05438769040429832
0.35153981233586296 0.053854448238975484
0.33646601834128953 0.05325291520922383
0.32155688920406433 0.05258405611457795
0.3068274371534359 0.051848131326636855
0.29229249349905695 0.05104589331778325
0.2779666936971131 0.05017895577566941
0.2638644626136587 0.04924975961109524
0.25000000000000006 0.048261174196362146
0.2363872661947488 0.04721619002931407
0.22303996806694482 0.04611695298553098
0.20997154521440087 0.04496581392809728
0.19719515643116664 0.043765715375352954
0.18472366645773874 0.0425192894418145
0.17256963302735745 0.04122771738772145
0.1607452942214339 0.03989285885174825
0.14926255614683936 0.03851758355298517
0.1381329809474649 0.03710505795933681
0.12736777516212267 0.03565684819930057
0.116977778440511 0.03417536634367173
0.10697345262860625 0.03266455645787067
0.09736487123447068 0.031129779786027725
0.0881617092850836 0.029578662142555646
0.0793732335844094 0.028021868335315833
0.07100829338251147 0.0264702416193517
0.06307531146510753 0.024923412362186054
0.05558227567253826 0.023370170804194512
0.04853673085668936 0.02180622523215013
0.041945771283965205 0.020238453124703546
0.03581603349196366 0.018689321968110777
0.030153689607045786 0.01718206087456835
0.02496444112952728 0.015737775162075314
0.020253513192751316 0.014360743991299775
0.016025649301821876 0.01298113579864411
0.012285106557296477 0.011557048233345569
0.009035651368646647 0.010091284186054955
0.006280555661802856 0.008574228790189894
0.00402259358460233 0.007063817344143873
0.0022640387134577056 0.005680166278469822
0.0010066617640577813 0.004562555537818489
0.0002517288084074587 0.003835276953066298
0.0 0.003582897085384021
0.0 0.0
0.0002517288084074587 -0.0004708306746656305
0.0010066617640577813 -0.0017546847387505803
0.0022640387134577056 -0.003505362892183409
0.00402259358460233 -0.005277695034727635
0.006280555661802856 -0.006723352997065052
0.009035651368646647 -0.007856318295853041
0.012285106557296477 -0.00893921887417945
0.016025649301821876 -0.009942445030213614
0.020253513192751316 -0.010837489610185344
0.02496444112952728 -0.011662066960611537
0.030153689607045786 -0.01251078837547115
0.03581603349196366 -0.013412220274983771
0.041945771283965205 -0.014349241335860439
0.04853673085668936 -0.015299202089194159
0.05558227567253826 -0.01623503887226591
0.06307531146510753 -0.0171465088652014
0.07100829338251147 -0.018041548902669284
0.0793732335844094 -0.0189358346450872
0.0881617092850836 -0.019837303138325834
0.09736487123447068 -0.020736174285655974
0.10697345262860625 -0.021620505703618193
0.116977778440511 -0.022483310713070075
0.12736777516212267 -0.023322536206922106
0.1381329809474649 -0.024137495834726807
0.14926255614683936 -0.02492887401458809
0.1607452942214339 -0.025698090794578278
0.17256963302735745 -0.026443342554596797
0.18472366645773874 -0.027161629281102096
0.19719515643116664 -0.027850306125984152
0.20997154521440087 -0.028507192476932848
0.22303996806694482 -0.029131374542991428
0.2363872661947488 -0.029722974090201616
0.25000000000000006 -0.03028272304359579
0.2638644626136587 -0.030811267174647307
0.2779666936971131 -0.031306484942851355
0.29229249349905695 -0.03176546583044685
0.3068274371534359 -0.03218543467543162
0.32155688920406433 -0.03256471013588384
0.33646601834128953 -0.032903008115253984
0.35153981233586296 -0.03320041024356063
0.36676309315498296 -0.033456610018780454
0.38212053224528686 -0.03366933233801994
0.3975966659674052 -0.03383598368217568
0.41317591116653546 -0.03395430993718744
0.42884258086335814 -0.03402367980172769
0.44458090004949524 -0.034044285764161145
0.46037502157160654 -0.03401636840503324
0.4762090420881297 -0.03393818213094131
0.4920670180825969 -0.033806668524310954
0.5079329819174049 -0.033619045545781226
0.5237909579118721 -0.033375426726995665
0.5396249784283953 -0.03307882173901815
0.5554190999505066 -0.032732289913298296
0.5711574191366438 -0.03232565039875406
0.5868240888334664 -0.031829593697533416
0.6024033340325966 -0.031214481815119738
0.6178794677547149 -0.030463295134095802
0.6332369068450188 -0.029586782624243642
0.6484601876641387 -0.028599724973067193
0.6635339816587122 -0.027516663733630868
0.6784431107959373 -0.026351324754218298
0.6931725628465657 -0.02511696934716035
0.7077075065009447 -0.023826627338434762
0.7220333063028884 -0.022495023966051804
0.7361355373863427 -0.021137937201781934
0.7500000000000012 -0.019770223815808754
0.7636127338052524 -0.018403635722913415
0.7769600319330563 -0.01704191583474478
0.7900284547856001 -0.015687179952854208
0.8028048435688343 -0.014341676484529792
0.8152763335422621 -0.013011789563346497
0.8274303669726433 -0.011711210222196481
0.8392547057785669 -0.010452781220232094
0.8507374438531613 -0.009247453826370428
0.8618670190525357 -0.008102855379549948
0.872632224837878 -0.0070209942436079845
0.8830222215594895 -0.00600249921358011
0.8930265473713942 -0.005047508460013358
0.9026351287655296 -0.004155784952375882
0.9118382907149167 -0.0033319272807879772
0.9206267664155909 -0.00258677678494555
0.9289917066174888 -0.001928054946353037
0.9369246885348927 -0.0013598309767285295
0.9444177243274618 -0.0008829090576097866
0.9514632691433107 -0.0004952334902170481
0.958054228716035 -0.00019230602807118215
0.9641839665080364 3.2390368176688986e-05
0.9698463103929542 0.00018696708676556296
0.9750355588704727 0.00028071037736687255
0.9797464868072487 0.0003236723197151039
0.9839743506981782 0.0003262775448250921
0.9877148934427036 0.00029895074756342753
0.9909643486313533 0.00025176971976851735
0.9937194443381971 0.00019414827501520546
0.9959774064153977 0.00013455303327409868
0.9977359612865423 8.025759032771965e-05
0.9989933382359422 3.713711746629714e-05
0.9997482711915926 9.505926628058147e-06
1.0 0.0
