1.0 0.0
0.9997482711915926 0.00011380981932334888
0.9989933382359422 0.0004540540518415573
0.9977359612865423 0.0010172077451258595
0.9959774064153977 0.00179749801331528
0.9937194443381971 0.002787055769416022
0.9909643486313533 0.003976125524374363
0.9877148934427036 0.005353330658878035
0.9839743506981782 0.006905990878201502
0.9797464868072487 0.008620487898311593
0.9750355588704727 0.010482674789692243
0.9698463103929542 0.012478323830338707
0.9641839665080364 0.014593607197089518
0.958054228716035 0.01681560436036734
0.9514632691433107 0.019132829646406786
0.9444177243274618 0.021535773097461783
0.9369246885348927 0.024017447497978163
0.9289917066174888 0.026573934246269377
0.9206267664155909 0.029204920639126143
0.9118382907149167 0.03191422110256675
0.9026351287655296 0.034710274946385705
0.8930265473713942 0.03760360220611021
0.8830222215594895 0.04059170917536925
0.872632224837878 0.04366639611759916
0.8618670190525357 0.04681881748844371
0.8507374438531613 0.05003948275487711
0.8392547057785669 0.053318257402591794
0.8274303669726433 0.05664436960236437
0.8152763335422621 0.06000642282628453
0.8028048435688343 0.06339241465040382
0.7900284547856001 0.06679062549912934
0.7769600319330563 0.07019290739537801
0.7636127338052524 0.0735924067751256
0.7500000000000012 0.0769825818013506
0.7361355373863427 0.08035722325567077
0.7220333063028884 0.08371047264780594
0.7077075065009447 0.08703683742178225
0.6931725628465657 0.09033102221105413
0.6784431107959373 0.09358570069278133
0.6635339816587122 0.09679203186646805
0.6484601876641387 0.09994124197889993
0.6332369068450188 0.1030246963036648
0.6178794677547149 0.10603393839752008
0.6024033340325966 0.10896072983003814
0.5868240888334664 0.11179717352928144
0.5711574191366438 0.1145360346608684
0.5554190999505066 0.1171705263916232
0.5396249784283953 0.11969424909448612
0.5237909579118721 0.12210122292984743
0.5079329819174049 0.12438591913470963
0.4920670180825969 0.12654303845020856
0.4762090420881297 0.12856362481615694
0.46037502157160654 0.13043586943431032
0.44458090004949524 0.1321485418651625
0.42884258086335814 0.1336911921855204
0.41317591116653546 0.13505424642924255
0.3975966659674052 0.13622909573622416
0.38212053224528686 0.13720779103873332
0.36676309315498296 0.1379825493821097
0.35153981233586296 0.13854670287791046
0.33646601834128953 0.13889493037103998
0.32155688920406433 0.139023321350035
0.3068274371534359 0.13892942913013395
0.29229249349905695 0.13861228043078452
0.2779666936971131 0.1380704314880957
0.2638644626136587 0.13730107261700691
0.25000000000000006 0.1363031857846037
0.2363872661947488 0.13507772622901093
0.22303996806694482 0.13362630434335096
0.20997154521440087 0.13195192157836869
0.19719515643116664 0.13005994114237057
0.18472366645773874 0.12795707182836646
0.17256963302735745 0.1256446639690174
0.1607452942214339 0.12312394929667725
0.14926255614683936 0.12040015131008408
0.1381329809474649 0.11748198269865699
0.12736777516212267 0.11437264268319178
0.116977778440511 0.11107123232596969
0.10697345262860625 0.10758341049247089
0.09736487123447068 0.10392144575496194
0.0881617092850836 0.10010252991983036
0.0793732335844094 0.09612853007284691
0.07100829338251147 0.09199416990945294
0.06307531146510753 0.08770827370568217
0.05558227567253826 0.08329092404752032
0.04853673085668936 0.07877313494508888
0.041945771283965205 0.07419573229448202
0.03581603349196366 0.06954335150265752
0.030153689607045786 0.06473425026017854
0.02496444112952728 0.05975201962112184
0.020253513192751316 0.054643860843530886
0.016025649301821876 0.04950515984895329
0.012285106557296477 0.044464817563536305
0.009035651368646647 0.039671538284704363
0.006280555661802856 0.035281263056596845
0.00402259358460233 0.03144591791795945
0.0022640387134577056 0.028303627991703856
0.0010066617640577813 0.02597052791655796
0.0002517288084074587 0.024534277293915243
0.0 0.02404936686594663
0.0 0.0
0.0002517288084074587 -0.0008491906872065288
0.0010066617640577813 -0.0033321652563675546
0.0022640387134577056 -0.00726063130808576
0.00402259358460233 -0.0123390274507981
0.006280555661802856 -0.018191652871373767
0.009035651368646647 -0.02440013284074301
0.012285106557296477 -0.03055071073920924
0.016025649301821876 -0.036290720823073684
0.020253513192751316 -0.04139346635785714
0.02496444112952728 -0.04583060628378315
0.030153689607045786 -0.049851022890527716
0.03581603349196366 -0.053874832990053786
0.041945771283965205 -0.05793482921227567
0.04853673085668936 -0.06194758618737545
0.05558227567253826 -0.0658212730235853
0.06307531146510753 -0.06946839931442349
0.07100829338251147 -0.07287051119759955
0.0793732335844094 -0.07605628900138954
0.0881617092850836 -0.07907979076584977
0.09736487123447068 -0.0819497694890853
0.10697345262860625 -0.08464296911817103
0.116977778440511 -0.08714082583929919
0.12736777516212267 -0.0894326050930117
0.1381329809474649 -0.09151454363080491
0.14926255614683936 -0.09338976051540715
0.1607452942214339 -0.09506847177027822
0.17256963302735745 -0.09655783286186342
0.18472366645773874 -0.09785462162570437
0.19719515643116664 -0.09895774056768625
0.20997154521440087 -0.09986943042291718
0.22303996806694482 -0.10059228170992679
0.2363872661947488 -0.10112695073140723
0.25000000000000006 -0.10147610666111218
0.2638644626136587 -0.1016447421953917
0.2779666936971131 -0.1016392230079087
0.29229249349905695 -0.10146750548053977
0.3068274371534359 -0.10113962387484299
0.32155688920406433 -0.10066434021671354
0.33646601834128953 -0.10004577491260162
0.35153981233586296 -0.09928849908163342
0.36676309315498296 -0.09839814743945068
0.38212053224528686 -0.09738136280722545
0.3975966659674052 -0.09624573219146448
0.41317591116653546 -0.0949989918806433
0.42884258086335814 -0.09364497867436
0.44458090004949524 -0.09218622971174494
0.46037502157160654 -0.0906257478116094
0.4762090420881297 -0.088966983664128
0.4920670180825969 -0.0872138113562018
0.5079329819174049 -0.0853705918006928
0.5237909579118721 -0.08344354532495507
0.5396249784283953 -0.08144044332742784
0.5554190999505066 -0.07936935764214365
0.5711574191366438 -0.07723856363045263
0.5868240888334664 -0.0750564797614552
0.6024033340325966 -0.07283159650916676
0.6178794677547149 -0.07057146859707242
0.6332369068450188 -0.06828198609370613
0.6484601876641387 -0.06596891622059153
0.6635339816587122 -0.0636380503743666
0.6784431107959373 -0.06129517584624201
0.6931725628465657 -0.05894604860607934
0.7077075065009447 -0.05659618365663629
0.7220333063028884 -0.05424917222296129
0.7361355373863427 -0.05190761471104772
0.7500000000000012 -0.04957427298588422
0.7636127338052524 -0.047252081972150625
0.7769600319330563 -0.0449441447304318
0.7900284547856001 -0.04265372586425042
0.8028048435688343 -0.04038430009822881
0.8152763335422621 -0.03814154867821347
0.8274303669726433 -0.035933525785463535
0.8392547057785669 -0.03376785242103725
0.8507374438531613 -0.03165152091805605
0.8618670190525357 -0.029590893092486182
0.872632224837878 -0.02759170453568396
0.8830222215594895 -0.025659074750135676
0.8930265473713942 -0.023797522776534796
0.9026351287655296 -0.022010666129230104
0.9118382907149167 -0.02029262471916396
0.9206267664155909 -0.018629735116904363
0.9289917066174888 -0.01701220538050863
0.9369246885348927 -0.015434364393189372
0.9444177243274618 -0.013894235023019985
0.9514632691433107 -0.012393086426584234
0.958054228716035 -0.010934971960564217
0.9641839665080364 -0.009526259205511926
0.9698463103929542 -0.008175158577550442
0.9750355588704727 -0.006891256907190503
0.9797464868072487 -0.005685062201171214
0.9839743506981782 -0.004567565575229312
0.9877148934427036 -0.0035498260555731883
0.9909643486313533 -0.0026425835977908737
0.9937194443381971 -0.0018559052677165552
0.9959774064153977 -0.0011988690737143324
0.9977359612865423 -0.0006792894386832491
0.9989933382359422 -0.00030348775806592683
0.9997482711915926 -7.611091285691662e-05
1.0 0.0
