1.0 0.0018
0.9997482711915926 0.0019053065493101586
0.9989933382359422 0.0022206533049896676
0.9977359612865423 0.0027443255227179797
0.9959774064153977 0.0034734783725674837
0.9937194443381971 0.004404156447248794
0.9909643486313533 0.005531320859260424
0.9877148934427036 0.006848883714721947
0.9839743506981782 0.008349749694117694
0.9797464868072487 0.010025864414900455
0.9750355588704727 0.011868269198368414
0.9698463103929542 0.013867161813868765
0.9641839665080364 0.016011962727618217
0.958054228716035 0.01829138634163784
0.9514632691433107 0.020693516670830532
0.9444177243274618 0.02320588687338725
0.9369246885348927 0.025815562021765565
0.9289917066174888 0.028509224478662984
0.9206267664155909 0.031273261224891484
0.9118382907149167 0.03409385247398418
0.9026351287655296 0.03695706090181107
0.8930265473713942 0.039848923253784765
0.8830222215594895 0.04275556175834424
0.872632224837878 0.04566326702867767
0.8618670190525357 0.04855857236163034
0.8507374438531613 0.051428336420544465
0.8392547057785669 0.054259822702311944
0.8274303669726433 0.05704077508358186
0.8152763335422621 0.05975948890855544
0.8028048435688343 0.062404877121180105
0.7900284547856001 0.0649665294579281
0.7769600319330563 0.06743475612778199
0.7636127338052524 0.06980064127940039
0.7500000000000012 0.07205609067845273
0.7361355373863427 0.07419386740240938
0.7220333063028884 0.0762076206313417
0.7077075065009447 0.07809190743956862
0.6931725628465657 0.07984220719799826
0.6784431107959373 0.08145492074674775
0.6635339816587122 0.08292736940898271
0.6484601876641387 0.08425779727215262
0.6332369068450188 0.08544535873077325
0.6178794677547149 0.08649009903521543
0.6024033340325966 0.08739292857387804
0.5868240888334664 0.08815560393318052
0.5711574191366438 0.08878076051384186
0.5554190999505066 0.08927182283326757
0.5396249784283953 0.08963292467779439
0.5237909579118721 0.08986885629464546
0.5079329819174049 0.08998500788019201
0.4920670180825969 0.08998717940482023
0.4762090420881297 0.08987865233170003
0.46037502157160654 0.08966015657538924
0.44458090004949524 0.08933273300284914
0.42884258086335814 0.08889785873334267
0.41317591116653546 0.08835744027411964
0.3975966659674052 0.08771380466961935
0.38212053224528686 0.0869695732200544
0.36676309315498296 0.08612747950922632
0.35153981233586296 0.0851906183305954
0.33646601834128953 0.08416248176096693
0.32155688920406433 0.08304694648551962
0.3068274371534359 0.08184825943083728
0.29229249349905695 0.08057088598236516
0.2779666936971131 0.07921699944445501
0.2638644626136587 0.07778697150554999
0.25000000000000006 0.07628188375589524
0.2363872661947488 0.07470362773311558
0.22303996806694482 0.0730549032823105
0.20997154521440087 0.07133920958634153
0.19719515643116664 0.06956082159965783
0.18472366645773874 0.06772362109736461
0.17256963302735745 0.06583005987999062
0.1607452942214339 0.06388353612969658
0.14926255614683936 0.06188867458034262
0.1381329809474649 0.05984910651728448
0.12736777516212267 0.05776320491300119
0.116977778440511 0.05563078942078543
0.10697345262860625 0.053454557830798485
0.09736487123447068 0.05123979793138235
0.0881617092850836 0.0489866984841341
0.0793732335844094 0.04668694324489423
0.07100829338251147 0.04433840869775902
0.06307531146510753 0.04195001416550047
0.05558227567253826 0.039539390988434175
0.04853673085668936 0.03712675944811304
0.041945771283965205 0.03470626518557978
0.03581603349196366 0.032230440854329266
0.030153689607045786 0.029678817936253613
0.02496444112952728 0.02706103624770508
0.020253513192751316 0.024410515078762293
0.016025649301821876 0.021778341663647786
0.012285106557296477 0.019227461529233252
0.009035651368646647 0.016827250139370475
0.006280555661802856 0.014648539291126125
0.00402259358460233 0.012759164989510782
0.0022640387134577056 0.011220096101984873
0.0010066617640577813 0.010082195051575933
0.0002517288084074587 0.009383653232454147
0.0 0.009148134813974399
0.0 0.0
0.0002517288084074587 -0.0005804717878983513
0.0010066617640577813 -0.0022658443492473185
0.0022640387134577056 -0.0048938960040149845
0.00402259358460233 -0.008213865911991781
0.006280555661802856 -0.0119155862328478
0.009035651368646647 -0.015669708615913037
0.012285106557296477 -0.019178473514406037
0.016025649301821876 -0.022236323211502946
0.020253513192751316 -0.024799519180561565
0.02496444112952728 -0.02706379296547344
0.030153689607045786 -0.02941013548526495
0.03581603349196366 -0.031906080410065256
0.041945771283965205 -0.034493436069512246
0.04853673085668936 -0.037093604097825694
0.05558227567253826 -0.03961479209384572
0.06307531146510753 -0.042030303196275286
0.07100829338251147 -0.044365550440261574
0.0793732335844094 -0.046668764581058494
0.0881617092850836 -0.04896340404291694
0.09736487123447068 -0.05123419755138989
0.10697345262860625 -0.05346526723889943
0.116977778440511 -0.055647565514769716
0.12736777516212267 -0.05777802733013296
0.1381329809474649 -0.05985712605144029
0.14926255614683936 -0.06188908519390306
0.1607452942214339 -0.06387958994209267
0.17256963302735745 -0.06582530482764883
0.18472366645773874 -0.06772046007560244
0.19719515643116664 -0.06956026660137589
0.20997154521440087 -0.0713407888087294
0.22303996806694482 -0.0730577006100103
0.2363872661947488 -0.07470685019967152
0.25000000000000006 -0.0762848914360546
0.2638644626136587 -0.07778930344145113
0.2779666936971131 -0.07921839875142288
0.29229249349905695 -0.08057132385065124
0.3068274371534359 -0.081847952139312
0.32155688920406433 -0.08304622234217851
0.33646601834128953 -0.08416161818539956
0.35153981233586296 -0.08518982750514562
0.36676309315498296 -0.08612690264816866
0.38212053224528686 -0.08696927545564555
0.3975966659674052 -0.08771377061371645
0.41317591116653546 -0.08835758110417391
0.42884258086335814 -0.08889807931893506
0.44458090004949524 -0.08933295976128872
0.46037502157160654 -0.08966033846294515
0.4762090420881297 -0.08987876154436139
0.4920670180825969 -0.08998721184704414
0.5079329819174049 -0.0899849827653338
0.5237909579118721 -0.08986880163279658
0.5396249784283953 -0.08963286267562277
0.5554190999505066 -0.08927176923126143
0.5711574191366438 -0.08878072461909015
0.5868240888334664 -0.08815558871537489
0.6024033340325966 -0.0873929308277185
0.6178794677547149 -0.08649011151590348
0.6332369068450188 -0.08544537515161564
0.6484601876641387 -0.08425781303113772
0.6635339816587122 -0.08292738152543444
0.6784431107959373 -0.08145492778417308
0.6931725628465657 -0.07984220917417428
0.7077075065009447 -0.07809190568338681
0.7220333063028884 -0.07620761686488643
0.7361355373863427 -0.0741938629702368
0.7500000000000012 -0.07205608654560469
0.7636127338052524 -0.06980063806059797
0.7769600319330563 -0.06743475411849188
0.7900284547856001 -0.06496652866692168
0.8028048435688343 -0.06240487730474744
0.8152763335422621 -0.059759489691105915
0.8274303669726433 -0.0570407761538421
0.8392547057785669 -0.054259823828997786
0.8507374438531613 -0.05142833744337479
0.8618670190525357 -0.04855857318236811
0.872632224837878 -0.045663267602293514
0.8830222215594895 -0.04275556208439321
0.8930265473713942 -0.03984892336808114
0.9026351287655296 -0.0369570608683285
0.9118382907149167 -0.034093852364246696
0.9206267664155909 -0.03127326109239171
0.9289917066174888 -0.028509224359502622
0.9369246885348927 -0.02581556193786083
0.9444177243274618 -0.023205886835415374
0.9514632691433107 -0.020693516680901018
0.958054228716035 -0.01829138639567645
0.9641839665080364 -0.016011962817456187
0.9698463103929542 -0.013867161929034129
0.9750355588704727 -0.011868269327580888
0.9797464868072487 -0.0100258645472754
0.9839743506981782 -0.008349749820089
0.9877148934427036 -0.00684888382669753
0.9909643486313533 -0.005531320952027723
0.9937194443381971 -0.004404156518151137
0.9959774064153977 -0.0034734784214752483
0.9977359612865423 -0.00274432555182127
0.9989933382359422 -0.0022206533184416025
0.9997482711915926 -0.0019053065527518702
1.0 -0.0018
