1.0 0.0
0.9997482711915926 4.937246077641255e-05
0.9989933382359422 0.00019758832832058535
0.9977359612865423 0.0004449427467882527
0.9959774064153977 0.0007919265824964288
0.9937194443381971 0.001239224854959055
0.9909643486313533 0.0017877145243956677
0.9877148934427036 0.00243846162014208
0.9839743506981782 0.0031927176904673928
0.9797464868072487 0.004051915550761762
0.9750355588704727 0.005017664303982195
0.9698463103929542 0.006091743604697684
0.9641839665080364 0.007276097136129412
0.958054228716035 0.008572825268291118
0.9514632691433107 0.00998417686475362
0.9444177243274618 0.011512540205725683
0.9369246885348927 0.013160432996097532
0.9289917066174888 0.014930491428856127
0.9206267664155909 0.01682545827686986
0.9118382907149167 0.018848169989460754
0.9026351287655296 0.02100154277442657
0.8930265473713942 0.02328818629306366
0.8830222215594895 0.02570778304325238
0.872632224837878 0.028257896822147917
0.8618670190525357 0.030934949081656327
0.8507374438531613 0.03373415780995751
0.8392547057785669 0.03665006157211709
0.8274303669726433 0.039678196913446526
0.8152763335422621 0.04281377303460981
0.8028048435688343 0.04605122373375151
0.7900284547856001 0.049383843563965434
0.7769600319330563 0.05280200737236747
0.7636127338052524 0.05629423086685711
0.7500000000000012 0.059847855965280486
0.7361355373863427 0.06344915117308668
0.7220333063028884 0.06708349098832223
0.7077075065009447 0.07073528896315759
0.6931725628465657 0.0743881590585533
0.6784431107959373 0.07802695306953847
0.6635339816587122 0.08163771529560125
0.6484601876641387 0.08520618735443354
0.6332369068450188 0.0887179109299139
0.6178794677547149 0.09215841823372346
0.6024033340325966 0.09551318286938941
0.5868240888334664 0.09876721821012474
0.5711574191366438 0.10190311465774662
0.5554190999505066 0.10490274826437863
0.5396249784283953 0.10774868972605788
0.5237909579118721 0.11042887276885599
0.5079329819174049 0.11293481969056018
0.4920670180825969 0.1152582803958217
0.4762090420881297 0.11738061457272222
0.46037502157160654 0.11927295808441132
0.44458090004949524 0.12090736074350161
0.42884258086335814 0.12227452539799595
0.41317591116653546 0.12339510775641756
0.3975966659674052 0.12429292726071942
0.38212053224528686 0.124983306237446
0.36676309315498296 0.12543214197207234
0.35153981233586296 0.125590288489243
0.33646601834128953 0.12541843286596488
0.32155688920406433 0.12492984063633272
0.3068274371534359 0.12416252407800796
0.29229249349905695 0.12315352720514634
0.2779666936971131 0.12192576956434467
0.2638644626136587 0.12048260847546698
0.25000000000000006 0.11882735591737313
0.2363872661947488 0.11696494105199792
0.22303996806694482 0.11490126581012622
0.20997154521440087 0.11264361961268213
0.19719515643116664 0.11020104851631418
0.18472366645773874 0.10758442816181349
0.17256963302735745 0.10480691205454744
0.1607452942214339 0.10188329886153566
0.14926255614683936 0.09882968088076784
0.1381329809474649 0.0956620514658093
0.12736777516212267 0.09238275216862743
0.116977778440511 0.08898879359222973
0.10697345262860625 0.08548294089242939
0.09736487123447068 0.08187351424876879
0.0881617092850836 0.07817315507353266
0.0793732335844094 0.07439305894080418
0.07100829338251147 0.07054743614748704
0.06307531146510753 0.06665186184269788
0.05558227567253826 0.0627041487889403
0.04853673085668936 0.05870821729712106
0.041945771283965205 0.05468199954703245
0.03581603349196366 0.05064224848920037
0.030153689607045786 0.04660984801525688
0.02496444112952728 0.04262309988336307
0.020253513192751316 0.03873385428380832
0.016025649301821876 0.034928811475943754
0.012285106557296477 0.03108035957418906
0.009035651368646647 0.027190220266474923
0.006280555661802856 0.023353849721053047
0.00402259358460233 0.019682717049182327
0.0022640387134577056 0.01640038226579488
0.0010066617640577813 0.0137868626527334
0.0002517288084074587 0.012099587324994419
0.0 0.011516140471615538
0.0 0.0
0.0002517288084074587 -0.0007178390988693947
0.0010066617640577813 -0.0027499999152002814
0.0022640387134577056 -0.005760494933675119
0.00402259358460233 -0.009282561711768365
0.006280555661802856 -0.012857128264600559
0.009035651368646647 -0.016223959847882333
0.012285106557296477 -0.01953341321623873
0.016025649301821876 -0.022928635889178792
0.020253513192751316 -0.02622020448319936
0.02496444112952728 -0.02934804226562611
0.030153689607045786 -0.03238103020352489
0.03581603349196366 -0.035428360362527354
0.041945771283965205 -0.03847470645980288
0.04853673085668936 -0.041490187114185416
0.05558227567253826 -0.044456051142684326
0.06307531146510753 -0.04736236491344161
0.07100829338251147 -0.050198671773846765
0.0793732335844094 -0.05296316082877257
0.0881617092850836 -0.05566081732006667
0.09736487123447068 -0.058280619610538695
0.10697345262860625 -0.060807986653494135
0.116977778440511 -0.06323243615101262
0.12736777516212267 -0.06554855378524783
0.1381329809474649 -0.06775583557088698
0.14926255614683936 -0.06985893683682563
0.1607452942214339 -0.07186714836634077
0.17256963302735745 -0.07377796253817051
0.18472366645773874 -0.07557475749784251
0.19719515643116664 -0.07724029957405855
0.20997154521440087 -0.07875755582597621
0.22303996806694482 -0.08011498893896052
0.2363872661947488 -0.08130823977309846
0.25000000000000006 -0.08233503507310339
0.2638644626136587 -0.08319427521724712
0.2779666936971131 -0.08388091680493968
0.29229249349905695 -0.08438804952055685
0.3068274371534359 -0.08470956867719462
0.32155688920406433 -0.08483383837789762
0.33646601834128953 -0.08473776823038259
0.35153981233586296 -0.084396675849118
0.36676309315498296 -0.08379203406796566
0.38212053224528686 -0.08293435859028064
0.3975966659674052 -0.08184407413517174
0.41317591116653546 -0.08054222767506042
0.42884258086335814 -0.0790394420565222
0.44458090004949524 -0.07734138821683129
0.46037502157160654 -0.07545492123040556
0.4762090420881297 -0.0733917726283949
0.4920670180825969 -0.07116748187930894
0.5079329819174049 -0.06879832657511387
0.5237909579118721 -0.06629891806847416
0.5396249784283953 -0.06368207604149337
0.5554190999505066 -0.06096096712038561
0.5711574191366438 -0.058151340150307367
0.5868240888334664 -0.055272206395645083
0.6024033340325966 -0.05234269687947861
0.6178794677547149 -0.04937987544078516
0.6332369068450188 -0.046396667330151735
0.6484601876641387 -0.043405252495816414
0.6635339816587122 -0.040418075682526616
0.6784431107959373 -0.037449586151556344
0.6931725628465657 -0.03451418260147203
0.7077075065009447 -0.03162563244067294
0.7220333063028884 -0.02879924612522163
0.7361355373863427 -0.026050824016387416
0.7500000000000012 -0.02339473623428542
0.7636127338052524 -0.02084289754772157
0.7769600319330563 -0.01840313616873694
0.7900284547856001 -0.016081601329918385
0.8028048435688343 -0.013883306212629945
0.8152763335422621 -0.011814632265594508
0.8274303669726433 -0.009884271687435239
0.8392547057785669 -0.00809910939591392
0.8507374438531613 -0.006463880365925316
0.8618670190525357 -0.0049794699304783795
0.872632224837878 -0.00364093496284874
0.8830222215594895 -0.002441991618973089
0.8930265473713942 -0.0013758138639046705
0.9026351287655296 -0.0004352644322356055
0.9118382907149167 0.0003797594115847172
0.9206267664155909 0.0010615956923797285
0.9289917066174888 0.0016066583087187944
0.9369246885348927 0.0020158947849356276
0.9444177243274618 0.0022942602788997447
0.9514632691433107 0.002450169607000665
0.958054228716035 0.0024949347461610933
0.9641839665080364 0.0024421953103908795
0.9698463103929542 0.0023073494590636016
0.9750355588704727 0.0021069925765538344
0.9797464868072487 0.0018583708696642413
0.9839743506981782 0.001578856762669694
0.9877148934427036 0.0012854526327823934
0.9909643486313533 0.0009943290250405122
0.9937194443381971 0.0007204030193204294
0.9959774064153977 0.0004769618982424336
0.9977359612865423 0.00027533668859986023
0.9989933382359422 0.00012462952650850226
0.9997482711915926 3.149813409970559e-05
1.0 0.0
