1.0 0.001
0.9997482711915926 0.0010393031915366085
0.9989933382359422 0.0011571026254064884
0.9977359612865423 0.001353067537069964
0.9959774064153977 0.0016266455200758573
0.9937194443381971 0.00197706085859588
0.9909643486313533 0.002403312254325019
0.9877148934427036 0.0029041700082359304
0.9839743506981782 0.0034781727337326956
0.9797464868072487 0.0041236236929045895
0.9750355588704727 0.00483858686165293
0.9698463103929542 0.0056208828422803295
0.9641839665080364 0.006468084753536085
0.958054228716035 0.007377514237957013
0.9514632691433107 0.008346237734503428
0.9444177243274618 0.009371063170851486
0.9369246885348927 0.010448537234173936
0.9289917066174888 0.01157494338174525
0.9206267664155909 0.012746300753191116
0.9118382907149167 0.013958364144632324
0.9026351287655296 0.015206625201333963
0.8930265473713942 0.016486374715566774
0.8830222215594895 0.017793270074685417
0.872632224837878 0.019123238928779603
0.8618670190525357 0.02047222331411783
0.8507374438531613 0.021836196267882028
0.8392547057785669 0.02321118111778235
0.8274303669726433 0.024593270101860805
0.8152763335422621 0.02597864220345199
0.8028048435688343 0.02736358009350346
0.7900284547856001 0.028744378543462065
0.7769600319330563 0.03011657044946912
0.7636127338052524 0.031475272408110544
0.7500000000000012 0.032815576706085085
0.7361355373863427 0.034132571862353855
0.7220333063028884 0.035421361566550534
0.7077075065009447 0.036677084334700016
0.6931725628465657 0.03789494897671654
0.6784431107959373 0.03907065725540936
0.6635339816587122 0.04020050082330306
0.6484601876641387 0.04128097476583334
0.6332369068450188 0.04230876963079263
0.6178794677547149 0.04328078463728627
0.6024033340325966 0.04419414016802755
0.5868240888334664 0.045046229995212524
0.5711574191366438 0.0458349545475234
0.5554190999505066 0.046558580484296015
0.5396249784283953 0.04721564575825565
0.5237909579118721 0.04780496330627339
0.5079329819174049 0.04832562385530175
0.4920670180825969 0.04877698335061897
0.4762090420881297 0.04915835054764591
0.46037502157160654 0.049468989852140544
0.44458090004949524 0.049708439386492595
0.42884258086335814 0.04987652915295557
0.41317591116653546 0.04997338370878826
0.3975966659674052 0.0499994207312588
0.38212053224528686 0.04995420153268016
0.36676309315498296 0.049834744563390994
0.35153981233586296 0.04963812108253189
0.33646601834128953 0.04936195593985713
0.32155688920406433 0.04900445828466927
0.3068274371534359 0.04856444760502846
0.29229249349905695 0.04804139906045203
0.2779666936971131 0.04743590433463271
0.2638644626136587 0.0467495912832524
0.25000000000000006 0.04598467714649607
0.2363872661947488 0.04514394632421529
0.22303996806694482 0.04423074046334902
0.20997154521440087 0.043248944044739765
0.19719515643116664 0.042202943498730695
0.18472366645773874 0.04109415367607909
0.17256963302735745 0.03991795922281657
0.1607452942214339 0.03867095265571546
0.14926255614683936 0.03735187656795225
0.1381329809474649 0.03596436622918918
0.12736777516212267 0.03452232002025339
0.116977778440511 0.03304094792906909
0.10697345262860625 0.03153465830128549
0.09736487123447068 0.03001690151811952
0.0881617092850836 0.028488028579044034
0.0793732335844094 0.02693015420429406
0.07100829338251147 0.02533173388536491
0.06307531146510753 0.023701251557965024
0.05558227567253826 0.022061901535236905
0.04853673085668936 0.020435536187018023
0.041945771283965205 0.018827595284832355
0.03581603349196366 0.017219424710909526
0.030153689607045786 0.015604109057420391
0.02496444112952728 0.013988434706599167
0.020253513192751316 0.012389966187071751
0.016025649301821876 0.010834223312150714
0.012285106557296477 0.009351998060855475
0.009035651368646647 0.007976847797954201
0.006280555661802856 0.0067427986814824065
0.00402259358460233 0.005682290004740147
0.0022640387134577056 0.0048243867978689636
0.0010066617640577813 0.0041932843079972885
0.0002517288084074587 0.003807124025581625
0.0 0.0036771367692638537
0.0 0.0
0.0002517288084074587 -0.0002686429215614653
0.0010066617640577813 -0.0010514645651258955
0.0022640387134577056 -0.0022815402545024468
0.00402259358460233 -0.0038552851884452563
0.006280555661802856 -0.005644275060698407
0.009035651368646647 -0.007511568417576788
0.012285106557296477 -0.009332307092779752
0.016025649301821876 -0.011018311197113892
0.020253513192751316 -0.012546328255975188
0.02496444112952728 -0.013989542782559424
0.030153689607045786 -0.015496110854521463
0.03581603349196366 -0.017089046470934753
0.041945771283965205 -0.018742047598426778
0.04853673085668936 -0.02042220923457159
0.05558227567253826 -0.022092209372057196
0.06307531146510753 -0.02373352411988439
0.07100829338251147 -0.025342643639251088
0.0793732335844094 -0.026922847202969113
0.0881617092850836 -0.028478665266405898
0.09736487123447068 -0.030014650418457026
0.10697345262860625 -0.031538962999358475
0.116977778440511 -0.033047691160699215
0.12736777516212267 -0.0345282779620801
0.1381329809474649 -0.035967589719498004
0.14926255614683936 -0.03735204161604694
0.1607452942214339 -0.03866936646663628
0.17256963302735745 -0.039916047906667286
0.18472366645773874 -0.041092883088184776
0.19719515643116664 -0.042202720414503056
0.20997154521440087 -0.043249578820770865
0.22303996806694482 -0.04423186486266644
0.2363872661947488 -0.04514524161013985
0.25000000000000006 -0.04598588609799591
0.2638644626136587 -0.046750528616098935
0.2779666936971131 -0.04743646679279579
0.29229249349905695 -0.048041575063714724
0.3068274371534359 -0.04856432408772254
0.32155688920406433 -0.04900416721177191
0.33646601834128953 -0.04936160882150608
0.35153981233586296 -0.049637803206440366
0.36676309315498296 -0.04983451269131554
0.38212053224528686 -0.04995408184484449
0.3975966659674052 -0.049999407042324896
0.41317591116653546 -0.04997344031610562
0.42884258086335814 -0.049876617818394926
0.44458090004949524 -0.04970853053313756
0.46037502157160654 -0.049469062962718094
0.4762090420881297 -0.049158394446200196
0.4920670180825969 -0.04877699639092684
0.5079329819174049 -0.04832561376026375
0.5237909579118721 -0.04780494133468044
0.5396249784283953 -0.04721562083618469
0.5554190999505066 -0.046558558938711955
0.5711574191366438 -0.04583494011945538
0.5868240888334664 -0.04504622387834238
0.6024033340325966 -0.04419414107396956
0.6178794677547149 -0.04328078965395884
0.6332369068450188 -0.04230877623122917
0.6484601876641387 -0.04128098110023316
0.6635339816587122 -0.04020050569356908
0.6784431107959373 -0.039070660084136316
0.6931725628465657 -0.03789494977105
0.7077075065009447 -0.03667708362879431
0.7220333063028884 -0.03542136005260574
0.7361355373863427 -0.03413257008082078
0.7500000000000012 -0.03281557504486695
0.7636127338052524 -0.031475271114297446
0.7769600319330563 -0.03011656964182531
0.7900284547856001 -0.028744378225513238
0.8028048435688343 -0.027363580167289243
0.8152763335422621 -0.025978642518001926
0.8274303669726433 -0.024593270532057055
0.8392547057785669 -0.023211181570659146
0.8507374438531613 -0.021836196679013594
0.8618670190525357 -0.020472223644017323
0.872632224837878 -0.019123239159347247
0.8830222215594895 -0.017793270205742368
0.8930265473713942 -0.01648637476150875
0.9026351287655296 -0.015206625187875484
0.9118382907149167 -0.013958364100522811
0.9206267664155909 -0.012746300699932189
0.9289917066174888 -0.011574943333848167
0.9369246885348927 -0.010448537200448022
0.9444177243274618 -0.009371063155588505
0.9514632691433107 -0.008346237738551305
0.958054228716035 -0.00737751425967809
0.9641839665080364 -0.006468084789646885
0.9698463103929542 -0.0056208828885716
0.9750355588704727 -0.004838586913590503
0.9797464868072487 -0.0041236237461133324
0.9839743506981782 -0.0034781727843674667
0.9877148934427036 -0.0029041700532450535
0.9909643486313533 -0.00240331229161328
0.9937194443381971 -0.0019770608870954168
0.9959774064153977 -0.0016266455397345682
0.9977359612865423 -0.0013530675487681712
0.9989933382359422 -0.0011571026308135584
0.9997482711915926 -0.001039303192920021
1.0 -0.001
