1.0 0.0
0.9997482711915926 5.118231937392767e-05
0.9989933382359422 0.0002049162047086757
0.9977359612865423 0.0004617584834114302
0.9959774064153977 0.0008226240649447527
0.9937194443381971 0.0012887663920091099
0.9909643486313533 0.0018617503816381407
0.9877148934427036 0.0025434181619888026
0.9839743506981782 0.0033358479927882148
0.9797464868072487 0.004241306835755504
0.9750355588704727 0.005262197115075799
0.9698463103929542 0.006400998276428978
0.9641839665080364 0.007660203815489264
0.958054228716035 0.00904225450258287
0.9514632691433107 0.010549468578760046
0.9444177243274618 0.012183969739405186
0.9369246885348927 0.013947613754254056
0.9289917066174888 0.01584191459696038
0.9206267664155909 0.017867970972890397
0.9118382907149167 0.020026394140438594
0.9026351287655296 0.02231723791874689
0.8930265473713942 0.024739833171075625
0.8830222215594895 0.027292056125852757
0.872632224837878 0.02997049186659165
0.8618670190525357 0.032770630893774334
0.8507374438531613 0.03568681182855318
0.8392547057785669 0.03871281336367774
0.8274303669726433 0.04184364899503504
0.8152763335422621 0.04507413764495782
0.8028048435688343 0.048398443281967844
0.7900284547856001 0.05180942176491922
0.7769600319330563 0.05529546552437751
0.7636127338052524 0.05884242031853398
0.7500000000000012 0.06243477041861319
0.7361355373863427 0.06605727591084855
0.7220333063028884 0.0696982856128836
0.7077075065009447 0.07334645403651278
0.6931725628465657 0.07698990889038414
0.6784431107959373 0.0806144658771228
0.6635339816587122 0.08420384214439187
0.6484601876641387 0.08774121916528962
0.6332369068450188 0.09121074603074371
0.6178794677547149 0.09459953895354978
0.6024033340325966 0.09789521347782351
0.5868240888334664 0.1010852425782528
0.5711574191366438 0.10415578416456288
0.5554190999505066 0.1070927368997181
0.5396249784283953 0.10988207013261378
0.5237909579118721 0.11250744854258006
0.5079329819174049 0.11495138268952056
0.4920670180825969 0.11719719998813513
0.4762090420881297 0.11923413145372214
0.46037502157160654 0.12105739959211187
0.44458090004949524 0.12266301345114378
0.42884258086335814 0.12402416122012344
0.41317591116653546 0.1250759524468691
0.3975966659674052 0.12575276737912572
0.38212053224528686 0.12601798675885265
0.36676309315498296 0.12591968177505422
0.35153981233586296 0.12552185253170492
0.33646601834128953 0.12488213373845114
0.32155688920406433 0.12401824662611582
0.3068274371534359 0.12292959989290188
0.29229249349905695 0.12161705305957425
0.2779666936971131 0.12008645880661138
0.2638644626136587 0.11835002004696585
0.25000000000000006 0.11642108835460838
0.2363872661947488 0.11431333895420268
0.22303996806694482 0.11203844290281126
0.20997154521440087 0.10960762742082734
0.19719515643116664 0.10703307724048458
0.18472366645773874 0.10432636953470902
0.17256963302735745 0.10149236207653063
0.1607452942214339 0.09853564926486964
0.14926255614683936 0.09546336221459104
0.1381329809474649 0.09228459728475658
0.12736777516212267 0.08900579906575655
0.116977778440511 0.08563356735764305
0.10697345262860625 0.0821780862508288
0.09736487123447068 0.07865289643530252
0.0881617092850836 0.07507288060922498
0.0793732335844094 0.0714434645818785
0.07100829338251147 0.06777069201896341
0.06307531146510753 0.06406413812501563
0.05558227567253826 0.060323701325818734
0.04853673085668936 0.0565562078637446
0.041945771283965205 0.05277912309367063
0.03581603349196366 0.048996903716666734
0.030153689607045786 0.04521363443572871
0.02496444112952728 0.04145603524342523
0.020253513192751316 0.03776895434803636
0.016025649301821876 0.034163191771696036
0.012285106557296477 0.030588518120975298
0.009035651368646647 0.02707649476749321
0.006280555661802856 0.023669783014850572
0.00402259358460233 0.02032708684590402
0.0022640387134577056 0.01721857384787713
0.0010066617640577813 0.014657234400618415
0.0002517288084074587 0.012964356225757234
0.0 0.012372074715539484
0.0 0.0
0.0002517288084074587 -0.000750740732676385
0.0010066617640577813 -0.0028751682965573815
0.0022640387134577056 -0.006017656504850661
0.00402259358460233 -0.009677635982767172
0.006280555661802856 -0.013346462882556108
0.009035651368646647 -0.016696364239924353
0.012285106557296477 -0.019797278656540226
0.016025649301821876 -0.02283194863053978
0.020253513192751316 -0.02579528970423674
0.02496444112952728 -0.028668005031227937
0.030153689607045786 -0.03148246117102325
0.03581603349196366 -0.03429850035782912
0.041945771283965205 -0.03709682010330392
0.04853673085668936 -0.03985468670178888
0.05558227567253826 -0.04256337195723043
0.06307531146510753 -0.04522301803272579
0.07100829338251147 -0.047827498781342244
0.0793732335844094 -0.05037799431454725
0.0881617092850836 -0.052882163058662696
0.09736487123447068 -0.05533424629151513
0.10697345262860625 -0.057726711836744216
0.116977778440511 -0.060053537555981404
0.12736777516212267 -0.06230663206141409
0.1381329809474649 -0.06448012971425306
0.14926255614683936 -0.06657125080170992
0.1607452942214339 -0.06858013308694368
0.17256963302735745 -0.07050298236661606
0.18472366645773874 -0.07233143751578724
0.19719515643116664 -0.07405811028838812
0.20997154521440087 -0.07567680462057846
0.22303996806694482 -0.07718102166127902
0.2363872661947488 -0.07856357511835117
0.25000000000000006 -0.07981811424211173
0.2638644626136587 -0.08093854523510634
0.2779666936971131 -0.0819134992673554
0.29229249349905695 -0.08272867474168422
0.3068274371534359 -0.08336985895608418
0.32155688920406433 -0.08382743254867178
0.33646601834128953 -0.08410048652097397
0.35153981233586296 -0.08419015293681863
0.36676309315498296 -0.08408879025303631
0.38212053224528686 -0.08374455516839052
0.3975966659674052 -0.08309152451147615
0.41317591116653546 -0.08207203757641009
0.42884258086335814 -0.08071193266467162
0.44458090004949524 -0.07908199908417153
0.46037502157160654 -0.07725365369682238
0.4762090420881297 -0.075261369156606
0.4920670180825969 -0.07311176011925136
0.5079329819174049 -0.0708116450055091
0.5237909579118721 -0.06837323342772915
0.5396249784283953 -0.0658140242979201
0.5554190999505066 -0.06315206851245507
0.5711574191366438 -0.060404815152812034
0.5868240888334664 -0.05758868303334194
0.6024033340325966 -0.054719969002583
0.6178794677547149 -0.05181299271976547
0.6332369068450188 -0.04887806074048656
0.6484601876641387 -0.04592488796504454
0.6635339816587122 -0.04296442557976761
0.6784431107959373 -0.04001303418471394
0.6931725628465657 -0.03708778425809323
0.7077075065009447 -0.03420466455363955
0.7220333063028884 -0.03137715113267906
0.7361355373863427 -0.028616705732349618
0.7500000000000012 -0.025933778243868208
0.7636127338052524 -0.023338187912136873
0.7769600319330563 -0.020839769368226117
0.7900284547856001 -0.018447259279909686
0.8028048435688343 -0.016168086792021658
0.8152763335422621 -0.014010301220525424
0.8274303669726433 -0.011983235523173324
0.8392547057785669 -0.010094378839230858
0.8507374438531613 -0.008349128149099343
0.8618670190525357 -0.00674898686769287
0.872632224837878 -0.005289585441938893
0.8830222215594895 -0.0039652998346166955
0.8930265473713942 -0.0027700395190058914
0.9026351287655296 -0.0016975070070860167
0.9118382907149167 -0.0007496673184579812
0.9206267664155909 6.27149361197934e-05
0.9289917066174888 0.0007334907334875632
0.9369246885348927 0.001261622677536761
0.9444177243274618 0.0016506078820372081
0.9514632691433107 0.0019078759705755367
0.958054228716035 0.0020441704826291464
0.9641839665080364 0.002072922018505904
0.9698463103929542 0.002009621412612731
0.9750355588704727 0.0018712010951755559
0.9797464868072487 0.0016754325888405019
0.9839743506981782 0.0014403477910705934
0.9877148934427036 0.0011836913192233994
0.9909643486313533 0.000922410746711736
0.9937194443381971 0.0006721910404786487
0.9959774064153977 0.00044703892759091155
0.9977359612865423 0.00025892227811230334
0.9989933382359422 0.0001174688991547785
0.9997482711915926 2.9728398205697776e-05
1.0 0.0
