1.0 0.0026
0.9997482711915926 0.0026304847432247285
0.9989933382359422 0.0027219369755798607
0.9977359612865423 0.0028743529885303975
0.9959774064153977 0.0030877341793992185
0.9937194443381971 0.003362098302867809
0.9909643486313533 0.0036974949927077467
0.9877148934427036 0.004094025326329893
0.9839743506981782 0.0045518651439544035
0.9797464868072487 0.005071291776508339
0.9750355588704727 0.005652713782374245
0.9698463103929542 0.006296703243429545
0.9641839665080364 0.007004030125982039
0.958054228716035 0.00777569817271902
0.9514632691433107 0.008612981758096168
0.9444177243274618 0.009517463112087366
0.9369246885348927 0.010491069296230407
0.9289917066174888 0.01153610830170228
0.9206267664155909 0.012655303631943587
0.9118382907149167 0.013851826732257311
0.9026351287655296 0.015129326635893042
0.8930265473713942 0.016491598353106977
0.8830222215594895 0.01793923014002021
0.872632224837878 0.019470232555467128
0.8618670190525357 0.021081628792695133
0.8507374438531613 0.022769418264315104
0.8392547057785669 0.024528529937384882
0.8274303669726433 0.026352785525075046
0.8152763335422621 0.028234873243285375
0.8028048435688343 0.030166332744068478
0.7900284547856001 0.03213821189615741
0.7769600319330563 0.03414591813330529
0.7636127338052524 0.03618720216893345
0.7500000000000012 0.03825986171658092
0.7361355373863427 0.040361730103116555
0.7220333063028884 0.04249067893724668
0.7077075065009447 0.04464462013489052
0.6931725628465657 0.046821409265854846
0.6784431107959373 0.04901625067096147
0.6635339816587122 0.05122120884368965
0.6484601876641387 0.05342784387962519
0.6332369068450188 0.05562740286108948
0.6178794677547149 0.05781087445710515
0.6024033340325966 0.05996904736600352
0.5868240888334664 0.062092266408264464
0.5711574191366438 0.06416881887009557
0.5554190999505066 0.06618613681158748
0.5396249784283953 0.06813165076140293
0.5237909579118721 0.06999289279212918
0.5079329819174049 0.07175759906677376
0.4920670180825969 0.07341388404865148
0.4762090420881297 0.07495190821219934
0.46037502157160654 0.07636396195551304
0.44458090004949524 0.07764296495991184
0.42884258086335814 0.07878245679318112
0.41317591116653546 0.07977665543682438
0.3975966659674052 0.08062051143748425
0.38212053224528686 0.08130954882333177
0.36676309315498296 0.08183960358099548
0.35153981233586296 0.08220733693032659
0.33646601834128953 0.08241036155893519
0.32155688920406433 0.08244727636145494
0.3068274371534359 0.08231769411660339
0.29229249349905695 0.08202203080191212
0.2779666936971131 0.08155727726787615
0.2638644626136587 0.08091787091063352
0.25000000000000006 0.0801
0.2363872661947488 0.07910402146846142
0.22303996806694482 0.07794062817816269
0.20997154521440087 0.07662325924751215
0.19719515643116664 0.07516566618295843
0.18472366645773874 0.0735779331713263
0.17256963302735745 0.0718629731610104
0.1607452942214339 0.070024719923691
0.14926255614683936 0.06806917405458021
0.1381329809474649 0.06599838929354507
0.12736777516212267 0.0637988694237165
0.116977778440511 0.06146002791758657
0.10697345262860625 0.05897821156633176
0.09736487123447068 0.05635648306047738
0.0881617092850836 0.05362310480725926
0.0793732335844094 0.05083902421819135
0.07100829338251147 0.048058071563174036
0.06307531146510753 0.045288245818106296
0.05558227567253826 0.0425057102544301
0.04853673085668936 0.03970028415798191
0.041945771283965205 0.03686232859119198
0.03581603349196366 0.03397353258597378
0.030153689607045786 0.031037386066975998
0.02496444112952728 0.028078767589258122
0.020253513192751316 0.02513912091197456
0.016025649301821876 0.0222718004265409
0.012285106557296477 0.019537649072282805
0.009035651368646647 0.017000868504953106
0.006280555661802856 0.014725236791361711
0.00402259358460233 0.012770723835204495
0.0022640387134577056 0.01119054914903689
0.0010066617640577813 0.010028720534250237
0.0002517288084074587 0.009318085778346481
0.0 0.009078922694052274
0.0 0.0
0.0002517288084074587 -0.0005758506578340097
0.0010066617640577813 -0.002237810474580898
0.0022640387134577056 -0.00479627611166224
0.00402259358460233 -0.007959054611134908
0.006280555661802856 -0.011366740915906412
0.009035651368646647 -0.014641567298735628
0.012285106557296477 -0.01744905414983796
0.016025649301821876 -0.019571612107901315
0.020253513192751316 -0.020993074984366457
0.02496444112952728 -0.021992983133857162
0.030153689607045786 -0.02307483825579757
0.03581603349196366 -0.024335439368436997
0.041945771283965205 -0.025696766204410193
0.04853673085668936 -0.0270341412610111
0.05558227567253826 -0.02818955823684417
0.06307531146510753 -0.029132901407980683
0.07100829338251147 -0.029933222629596464
0.0793732335844094 -0.0306963099357946
0.0881617092850836 -0.0314684959770753
0.09736487123447068 -0.03220755178429972
0.10697345262860625 -0.032861128598625465
0.116977778440511 -0.033415381825042126
0.12736777516212267 -0.033885935543495366
0.1381329809474649 -0.03429579002145091
0.14926255614683936 -0.03467544372527586
0.1607452942214339 -0.03505556204765316
0.17256963302735745 -0.035434593736842296
0.18472366645773874 -0.03579870613621437
0.19719515643116664 -0.036132056358074545
0.20997154521440087 -0.0364194040919598
0.22303996806694482 -0.03666524333346014
0.2363872661947488 -0.036885816880451956
0.25000000000000006 -0.0371
0.2638644626136587 -0.03732399156982172
0.2779666936971131 -0.03755460030591187
0.29229249349905695 -0.037782858893878085
0.3068274371534359 -0.03799917568553154
0.32155688920406433 -0.03819859310179637
0.33646601834128953 -0.03838183838583072
0.35153981233586296 -0.03855012898924839
0.36676309315498296 -0.03870487728020749
0.38212053224528686 -0.038847675666762935
0.3975966659674052 -0.038980279955197136
0.41317591116653546 -0.039103824633891976
0.42884258086335814 -0.03921459558467133
0.44458090004949524 -0.03930685503526521
0.46037502157160654 -0.03937478694321213
0.4762090420881297 -0.0394125566606937
0.4920670180825969 -0.039414367015642486
0.5079329819174049 -0.03937459816457296
0.5237909579118721 -0.03928969258446761
0.5396249784283953 -0.039158191235023884
0.5554190999505066 -0.0389789205597988
0.5711574191366438 -0.03875092363502569
0.5868240888334664 -0.03847347344784104
0.6024033340325966 -0.03814608452536527
0.6178794677547149 -0.03776834529873285
0.6332369068450188 -0.03733966589858097
0.6484601876641387 -0.03685968902836312
0.6635339816587122 -0.03632837434794337
0.6784431107959373 -0.03574600839228935
0.6931725628465657 -0.03511321216546015
0.7077075065009447 -0.03443079049292092
0.7220333063028884 -0.03369687370717835
0.7361355373863427 -0.03290750255675264
0.7500000000000012 -0.03205953159271703
0.7636127338052524 -0.031150764024431732
0.7769600319330563 -0.03017996872930429
0.7900284547856001 -0.02914688762032685
0.8028048435688343 -0.028052261889372036
0.8152763335422621 -0.02690228636227717
0.8274303669726433 -0.025712511978756628
0.8392547057785669 -0.02449840569522185
0.8507374438531613 -0.023274047054399918
0.8618670190525357 -0.022052121873776618
0.872632224837878 -0.020843930681651676
0.8830222215594895 -0.019659411197186148
0.8930265473713942 -0.01850717402162219
0.9026351287655296 -0.01739437802082022
0.9118382907149167 -0.01631200564891609
0.9206267664155909 -0.015228674499030266
0.9289917066174888 -0.014119986970851617
0.9369246885348927 -0.012970841666583044
0.9444177243274618 -0.011774485964959133
0.9514632691433107 -0.010531522059471218
0.958054228716035 -0.009248880842830062
0.9641839665080364 -0.007938778109378783
0.9698463103929542 -0.006617667483864145
0.9750355588704727 -0.005305204270217653
0.9797464868072487 -0.004023234050783283
0.9839743506981782 -0.002794819359177814
0.9877148934427036 -0.0016433171044811011
0.9909643486313533 -0.0005915186478545882
0.9937194443381971 0.0003391364666488416
0.9959774064153977 0.0011292631378366474
0.9977359612865423 0.0017621408155147652
0.9989933382359422 0.002224223422849807
0.9997482711915926 0.0025055427092764222
1.0 0.0026
