1.0 -0.0104
0.9997482711915926 -0.010317043570717872
0.9989933382359422 -0.010068033352265592
0.9977359612865423 -0.009652706122778463
0.9959774064153977 -0.009071152840737345
0.9937194443381971 -0.008324605327084197
0.9909643486313533 -0.007416522084454987
0.9877148934427036 -0.006353957914850907
0.9839743506981782 -0.005149197893956813
0.9797464868072487 -0.003821631287090969
0.9750355588704727 -0.002391766292879434
0.9698463103929542 -0.0008547624960666244
0.9641839665080364 0.0008056204021804844
0.958054228716035 0.002587557285388302
0.9514632691433107 0.004482566964766039
0.9444177243274618 0.006480316747810996
0.9369246885348927 0.008567178180362485
0.9289917066174888 0.010726200300553596
0.9206267664155909 0.012937308521588899
0.9118382907149167 0.015181221691902043
0.9026351287655296 0.01745852376867074
0.8930265473713942 0.01977877244135455
0.8830222215594895 0.022135660394503997
0.872632224837878 0.024511028714764526
0.8618670190525357 0.026885488307434504
0.8507374438531613 0.029246805670575894
0.8392547057785669 0.031587176650261096
0.8274303669726433 0.03389813951336273
0.8152763335422621 0.03617152264568013
0.8028048435688343 0.03840810628819111
0.7900284547856001 0.040618714508502615
0.7769600319330563 0.042788845601700334
0.7636127338052524 0.044889357005773706
0.7500000000000012 0.04689999999999982
0.7361355373863427 0.048815300496363484
0.7220333063028884 0.05064478067977508
0.7077075065009447 0.05239980496718477
0.6931725628465657 0.05407054949293139
0.6784431107959373 0.05566513384139451
0.6635339816587122 0.05720208019772909
0.6484601876641387 0.058640158219319866
0.6332369068450188 0.05994799901942084
0.6178794677547149 0.061163753721394605
0.6024033340325966 0.06232523822643941
0.5868240888334664 0.06342583008520597
0.5711574191366438 0.06443090700872453
0.5554190999505066 0.06531460031349227
0.5396249784283953 0.06613254284473721
0.5237909579118721 0.06688185874624045
0.5079329819174049 0.06752330645949949
0.4920670180825969 0.06804847059390644
0.4762090420881297 0.06851029355645236
0.46037502157160654 0.06895539546475044
0.44458090004949524 0.06930283204035162
0.42884258086335814 0.06951144652596487
0.41317591116653546 0.0696266045215484
0.3975966659674052 0.06971443970709812
0.38212053224528686 0.06979472626388934
0.36676309315498296 0.06977830964978234
0.35153981233586296 0.06962403331330588
0.33646601834128953 0.06933732748759419
0.32155688920406433 0.0690277471228884
0.3068274371534359 0.06869558335943184
0.29229249349905695 0.06823240227642213
0.2779666936971131 0.06764520085007707
0.2638644626136587 0.06703642144976989
0.25000000000000006 0.06640000000000001
0.2363872661947488 0.06564378105072316
0.22303996806694482 0.06480050269483321
0.20997154521440087 0.06392111254419833
0.19719515643116664 0.06298529877064844
0.18472366645773874 0.06196027858645483
0.17256963302735745 0.060849257521312615
0.1607452942214339 0.059661666253632305
0.14926255614683936 0.05841770993023024
0.1381329809474649 0.057131705896919266
0.12736777516212267 0.05578924358977715
0.116977778440511 0.05437535851113664
0.10697345262860625 0.052894313741013776
0.09736487123447068 0.05137428723641416
0.0881617092850836 0.04981540949373531
0.0793732335844094 0.048176164526595865
0.07100829338251147 0.04642590847819911
0.06307531146510753 0.04455817223753707
0.05558227567253826 0.04262566582320356
0.04853673085668936 0.04068951931722777
0.041945771283965205 0.038731666822556514
0.03581603349196366 0.036627240343128635
0.030153689607045786 0.03436589667766412
0.02496444112952728 0.03198150075831881
0.020253513192751316 0.029448598388496224
0.016025649301821876 0.026762648839298676
0.012285106557296477 0.023917050727161125
0.009035651368646647 0.020970204588617085
0.006280555661802856 0.017751143001909928
0.00402259358460233 0.014043184340311952
0.0022640387134577056 0.010170965737061074
0.0010066617640577813 0.00674132672160819
0.0002517288084074587 0.004379420620851647
0.0 0.0035375545705432494
0.0 0.0
0.0002517288084074587 -0.001488585535970829
0.0010066617640577813 -0.0053655769792918355
0.0022640387134577056 -0.010156401710250703
0.00402259358460233 -0.01437176715459022
0.006280555661802856 -0.017846855218272152
0.009035651368646647 -0.02112133015235874
0.012285106557296477 -0.024186814103880325
0.016025649301821876 -0.02703045240937862
0.020253513192751316 -0.02964454075292515
0.02496444112952728 -0.03212517001200625
0.030153689607045786 -0.03446417835229804
0.03581603349196366 -0.03665306185929833
0.041945771283965205 -0.03873957269630371
0.04853673085668936 -0.04077443004923137
0.05558227567253826 -0.04274229049288371
0.06307531146510753 -0.04462622887674241
0.07100829338251147 -0.04641714521377989
0.0793732335844094 -0.048114795087212475
0.0881617092850836 -0.04972791822344255
0.09736487123447068 -0.05127633149891945
0.10697345262860625 -0.05278876977609519
0.116977778440511 -0.05427069174320056
0.12736777516212267 -0.055711114796512286
0.1381329809474649 -0.057097587771930775
0.14926255614683936 -0.05841672069309811
0.1607452942214339 -0.059660934215235634
0.17256963302735745 -0.06085382598953345
0.18472366645773874 -0.0620079250195368
0.19719515643116664 -0.06307940343328475
0.20997154521440087 -0.06402426677870397
0.22303996806694482 -0.06490270378170619
0.2363872661947488 -0.0657787585405104
0.25000000000000006 -0.06660000000000002
0.2638644626136587 -0.06731004301536106
0.2779666936971131 -0.06791939704544714
0.29229249349905695 -0.06845225729423265
0.3068274371534359 -0.06889303885507639
0.32155688920406433 -0.06923107799640382
0.33646601834128953 -0.06947340281588771
0.35153981233586296 -0.06960836772847367
0.36676309315498296 -0.06961702777619888
0.38212053224528686 -0.06947905409324473
0.3975966659674052 -0.06924069083548233
0.41317591116653546 -0.06895840164303203
0.42884258086335814 -0.06853681843144738
0.44458090004949524 -0.06788399075556285
0.46037502157160654 -0.06697694666530533
0.4762090420881297 -0.06594172149596483
0.4920670180825969 -0.06495060937044694
0.5079329819174049 -0.06374261044763944
0.5237909579118721 -0.06212490152822324
0.5396249784283953 -0.06019481326295277
0.5554190999505066 -0.05803728400987574
0.5711574191366438 -0.05569638541189191
0.5868240888334664 -0.053181751912651995
0.6024033340325966 -0.05046346005575731
0.6178794677547149 -0.04751840247398402
0.6332369068450188 -0.04444495757250093
0.6484601876641387 -0.041320511277293304
0.6635339816587122 -0.03814642474062367
0.6784431107959373 -0.034938241589979026
0.6931725628465657 -0.03171471282728836
0.7077075065009447 -0.028474104730057404
0.7220333063028884 -0.02526173352257425
0.7361355373863427 -0.022165607373791044
0.7500000000000012 -0.019199999999999738
0.7636127338052524 -0.016323980927173704
0.7769600319330563 -0.013588707936127448
0.7900284547856001 -0.011068166906806632
0.8028048435688343 -0.008832105535357066
0.8152763335422621 -0.006891313443790913
0.8274303669726433 -0.005155378354004605
0.8392547057785669 -0.0035679041434525135
0.8507374438531613 -0.0023364658531180985
0.8618670190525357 -0.001627858274597831
0.872632224837878 -0.0012079448339458892
0.8830222215594895 -0.0009099146338421814
0.8930265473713942 -0.0007827051146391038
0.9026351287655296 -0.0008647813669718367
0.9118382907149167 -0.0011544491101679161
0.9206267664155909 -0.0016419589036757805
0.9289917066174888 -0.0023104348720826644
0.9369246885348927 -0.0031320249320048307
0.9444177243274618 -0.004078188781673081
0.9514632691433107 -0.005133420534906882
0.958054228716035 -0.006255246411017627
0.9641839665080364 -0.0073561471962948054
0.9698463103929542 -0.008467592937890294
0.9750355588704727 -0.009639260737835085
0.9797464868072487 -0.010832532021897183
0.9839743506981782 -0.01199217709446003
0.9877148934427036 -0.013052636728108595
0.9909643486313533 -0.01397054408190026
0.9937194443381971 -0.014727651113564538
0.9959774064153977 -0.015322804640951818
0.9977359612865423 -0.0157649552359542
0.9989933382359422 -0.01606729906509174
0.9997482711915926 -0.016242634750420953
1.0 -0.0163
