1.0 0.0
0.9997482711915926 2.5114126912735116e-05
0.9989933382359422 0.00010196999274768163
0.9977359612865423 0.00023493184999829898
0.9959774064153977 0.0004306885167619427
0.9937194443381971 0.0006973843705251374
0.9909643486313533 0.0010434194446690345
0.9877148934427036 0.0014759351225276194
0.9839743506981782 0.001999006338377476
0.9797464868072487 0.002611565389537204
0.9750355588704727 0.003305086394319413
0.9698463103929542 0.0040634215218325895
0.9641839665080364 0.004878806238793603
0.958054228716035 0.005750109347019665
0.9514632691433107 0.0066773684942897735
0.9444177243274618 0.007662017427721863
0.9369246885348927 0.008707173588163707
0.9289917066174888 0.009818669237015472
0.9206267664155909 0.01100569294056473
0.9118382907149167 0.012280494086303842
0.9026351287655296 0.01365752287568427
0.8930265473713942 0.015144053250642203
0.8830222215594895 0.01674236447279639
0.872632224837878 0.018453640128660784
0.8618670190525357 0.020262737979195183
0.8507374438531613 0.02213031252021746
0.8392547057785669 0.024020695072125422
0.8274303669726433 0.025934233554007508
0.8152763335422621 0.027880107394131597
0.8028048435688343 0.029866807890795752
0.7900284547856001 0.031900239978753
0.7769600319330563 0.033947613970555096
0.7636127338052524 0.035945791038263564
0.7500000000000012 0.03782293481809613
0.7361355373863427 0.03949929817736656
0.7220333063028884 0.04093477722910429
0.7077075065009447 0.04217787157644263
0.6931725628465657 0.04328847298831437
0.6784431107959373 0.044321086120792344
0.6635339816587122 0.04532213490887242
0.6484601876641387 0.046285238473151934
0.6332369068450188 0.04719252432357036
0.6178794677547149 0.04804814082256189
0.6024033340325966 0.048865848598682184
0.5868240888334664 0.04963547322988821
0.5711574191366438 0.050342726425043526
0.5554190999505066 0.05101108364182202
0.5396249784283953 0.051627243825046076
0.5237909579118721 0.05219474191665122
0.5079329819174049 0.052715929257124795
0.4920670180825969 0.05317852886498089
0.4762090420881297 0.0535989351409674
0.46037502157160654 0.053961472806578925
0.44458090004949524 0.054282744526514014
0.42884258086335814 0.05455688994764003
0.41317591116653546 0.054769406771036054
0.3975966659674052 0.054948091459298624
0.38212053224528686 0.05506940850769497
0.36676309315498296 0.05513530812587622
0.35153981233586296 0.05516142498656479
0.33646601834128953 0.05512987431212662
0.32155688920406433 0.05504378889296427
0.3068274371534359 0.054912907345987416
0.29229249349905695 0.05473010668443005
0.2779666936971131 0.054496984261198686
0.2638644626136587 0.054209388112613575
0.25000000000000006 0.053866439512920625
0.2363872661947488 0.05346981075477081
0.22303996806694482 0.05301437588084139
0.20997154521440087 0.05250755822652383
0.19719515643116664 0.05194851426631869
0.18472366645773874 0.051329943856858934
0.17256963302735745 0.050655269741688276
0.1607452942214339 0.04991593804321517
0.14926255614683936 0.04913819611511567
0.1381329809474649 0.04830738789486857
0.12736777516212267 0.04739458486119774
0.116977778440511 0.046448261020059334
0.10697345262860625 0.04540893607770132
0.09736487123447068 0.04423832800587161
0.0881617092850836 0.04279115202646485
0.0793732335844094 0.041119233402771654
0.07100829338251147 0.039304359772051184
0.06307531146510753 0.03736990431377049
0.05558227567253826 0.03534138770285376
0.04853673085668936 0.033227061081974235
0.041945771283965205 0.031026855327980142
0.03581603349196366 0.028758036814342133
0.030153689607045786 0.02643187663107454
0.02496444112952728 0.02404855726900126
0.020253513192751316 0.021621406999770283
0.016025649301821876 0.019178912343418727
0.012285106557296477 0.01679163802260431
0.009035651368646647 0.014553094376271704
0.006280555661802856 0.012376397515983316
0.00402259358460233 0.010070675926861812
0.0022640387134577056 0.007761479327135107
0.0010066617640577813 0.005756183031111221
0.0002517288084074587 0.004387801532059676
0.0 0.0039018457350026028
0.0 0.0
0.0002517288084074587 -0.001438001231988265
0.0010066617640577813 -0.0034168937640242187
0.0022640387134577056 -0.004835018523415454
0.00402259358460233 -0.006156438784174171
0.006280555661802856 -0.007235379089108577
0.009035651368646647 -0.008296330148603455
0.012285106557296477 -0.009338022364992534
0.016025649301821876 -0.010356580795563241
0.020253513192751316 -0.011361499748416756
0.02496444112952728 -0.012342936393603444
0.030153689607045786 -0.013302893601507425
0.03581603349196366 -0.014237603921933451
0.041945771283965205 -0.015132396083883523
0.04853673085668936 -0.016011755008639814
0.05558227567253826 -0.016876698838723007
0.06307531146510753 -0.01770488839090681
0.07100829338251147 -0.01852237565193699
0.0793732335844094 -0.019321826378695027
0.0881617092850836 -0.020113307300950657
0.09736487123447068 -0.020889120246661723
0.10697345262860625 -0.021646792526472072
0.116977778440511 -0.022377647226993355
0.12736777516212267 -0.023103313388405655
0.1381329809474649 -0.023810620076566626
0.14926255614683936 -0.024483652995226396
0.1607452942214339 -0.025147096332550738
0.17256963302735745 -0.025772074603417714
0.18472366645773874 -0.026375294115734416
0.19719515643116664 -0.026941358476594086
0.20997154521440087 -0.027477412724951657
0.22303996806694482 -0.027982052401237134
0.2363872661947488 -0.02845234339772598
0.25000000000000006 -0.02888730887919547
0.2638644626136587 -0.029284370280335113
0.2779666936971131 -0.029645613168083954
0.29229249349905695 -0.029970234953126333
0.3068274371534359 -0.030257608660907806
0.32155688920406433 -0.030500073443715598
0.33646601834128953 -0.030695748527134626
0.35153981233586296 -0.03085401169041741
0.36676309315498296 -0.03098178782352365
0.38212053224528686 -0.03107567486779843
0.3975966659674052 -0.031131776839659293
0.41317591116653546 -0.031149997773350133
0.42884258086335814 -0.031130832860586943
0.44458090004949524 -0.03107357615485524
0.46037502157160654 -0.030976772190509545
0.4762090420881297 -0.030835366875994984
0.4920670180825969 -0.030643491722772927
0.5079329819174049 -0.03040223685565587
0.5237909579118721 -0.030116132275454614
0.5396249784283953 -0.029776724800582362
0.5554190999505066 -0.029367767496707064
0.5711574191366438 -0.028902497134811782
0.5868240888334664 -0.028420936760040833
0.6024033340325966 -0.027939437948482575
0.6178794677547149 -0.027442790749990325
0.6332369068450188 -0.02691638437735365
0.6484601876641387 -0.026350969791099615
0.6635339816587122 -0.025743291079226478
0.6784431107959373 -0.02510635284989772
0.6931725628465657 -0.024457985716104653
0.7077075065009447 -0.0238225802314562
0.7220333063028884 -0.023215925377370567
0.7361355373863427 -0.022605072185475392
0.7500000000000012 -0.02194834708437374
0.7636127338052524 -0.021262857026228068
0.7769600319330563 -0.020597347371823886
0.7900284547856001 -0.019950812127066616
0.8028048435688343 -0.019286170573556277
0.8152763335422621 -0.018597034826169354
0.8274303669726433 -0.01792529417256458
0.8392547057785669 -0.017289777052923717
0.8507374438531613 -0.01665819034269107
0.8618670190525357 -0.01600028603000019
0.872632224837878 -0.015312219912188601
0.8830222215594895 -0.01459954472715759
0.8930265473713942 -0.013855374309741689
0.9026351287655296 -0.01306727082267022
0.9118382907149167 -0.012227321708867008
0.9206267664155909 -0.011331190886535768
0.9289917066174888 -0.010377544149204197
0.9369246885348927 -0.009369113944160248
0.9444177243274618 -0.008313019905206288
0.9514632691433107 -0.007233377072718539
0.958054228716035 -0.006164207438266362
0.9641839665080364 -0.005132634323897928
0.9698463103929542 -0.004159095275166766
0.9750355588704727 -0.0032584414114563997
0.9797464868072487 -0.0024522035639784096
0.9839743506981782 -0.001768063856057931
0.9877148934427036 -0.00121656854075999
0.9909643486313533 -0.000793766367465263
0.9937194443381971 -0.0004859648534999599
0.9959774064153977 -0.0002739942921289903
0.9977359612865423 -0.00013692011345408517
0.9989933382359422 -5.5152254973125854e-05
0.9997482711915926 -1.2908778607677837e-05
1.0 0.0
