1.0 0.0012598
0.9997482711915926 0.001300080269597033
0.9989933382359422 0.0014204167906636963
0.9977359612865423 0.0016194289133266392
0.9959774064153977 0.001895254426169298
0.9937194443381971 0.0022462014456299836
0.9909643486313533 0.0026716482943866518
0.9877148934427036 0.003172670230513986
0.9839743506981782 0.0037491190547450427
0.9797464868072487 0.004399304329689385
0.9750355588704727 0.005120762879443955
0.9698463103929542 0.005910990370625709
0.9641839665080364 0.006767429124886254
0.958054228716035 0.007687185579431115
0.9514632691433107 0.008668090693804921
0.9444177243274618 0.009708896103575778
0.9369246885348927 0.010808736109263164
0.9289917066174888 0.011965480634591118
0.9206267664155909 0.013175309159933559
0.9118382907149167 0.01443386079753307
0.9026351287655296 0.015737876628961985
0.8930265473713942 0.017085929004238488
0.8830222215594895 0.01847704608239843
0.872632224837878 0.019908938533187693
0.8618670190525357 0.021376810704992904
0.8507374438531613 0.02287522920050691
0.8392547057785669 0.02440005749387839
0.8274303669726433 0.025950328229022643
0.8152763335422621 0.027525850879249938
0.8028048435688343 0.029125434989022345
0.7900284547856001 0.030744630215295117
0.7769600319330563 0.03237826054801438
0.7636127338052524 0.03402142771840225
0.7500000000000012 0.03567072239664063
0.7361355373863427 0.03732307215756733
0.7220333063028884 0.03897564031200752
0.7077075065009447 0.040626357385411156
0.6931725628465657 0.04227347907942306
0.6784431107959373 0.04391490176929174
0.6635339816587122 0.045545903381242994
0.6484601876641387 0.047160821568235214
0.6332369068450188 0.04875430838910443
0.6178794677547149 0.050323716685839924
0.6024033340325966 0.051867664345686626
0.5868240888334664 0.05338455432963267
0.5711574191366438 0.054869315625883694
0.5554190999505066 0.056315003171678445
0.5396249784283953 0.057715059874949085
0.5237909579118721 0.05906750392207042
0.5079329819174049 0.06037356407349966
0.4920670180825969 0.061634023479859766
0.4762090420881297 0.06283725957107893
0.46037502157160654 0.06396121166099134
0.44458090004949524 0.06498456343586606
0.42884258086335814 0.06590194645364875
0.41317591116653546 0.06672480782266937
0.3975966659674052 0.06746510198926521
0.38212053224528686 0.0681196079099361
0.36676309315498296 0.06866521632965045
0.35153981233586296 0.06907905415247743
0.33646601834128953 0.06935293664583109
0.32155688920406433 0.06950183706907237
0.3068274371534359 0.06954256498249929
0.29229249349905695 0.06948317529758515
0.2779666936971131 0.06931388151761061
0.2638644626136587 0.06902414113316299
0.25000000000000006 0.06860948913626137
0.2363872661947488 0.06807872942562271
0.22303996806694482 0.06744290646355461
0.20997154521440087 0.06670717410547977
0.19719515643116664 0.0658561275785172
0.18472366645773874 0.06487304325193531
0.17256963302735745 0.06374898624048406
0.1607452942214339 0.06249573081892908
0.14926255614683936 0.0611307758447454
0.1381329809474649 0.059668577673636945
0.12736777516212267 0.0581067024253399
0.116977778440511 0.05643969042623036
0.10697345262860625 0.054666826862825695
0.09736487123447068 0.052792589316457604
0.0881617092850836 0.05082566307809794
0.0793732335844094 0.04878059814728777
0.07100829338251147 0.04670291175321596
0.06307531146510753 0.04464926784708028
0.05558227567253826 0.04265771389550849
0.04853673085668936 0.040641981116625474
0.041945771283965205 0.03846150921705169
0.03581603349196366 0.036040489985558616
0.030153689607045786 0.03341583039634815
0.02496444112952728 0.030697039886509295
0.020253513192751316 0.027977926129780513
0.016025649301821876 0.02518368495478114
0.012285106557296477 0.022175436558072196
0.009035651368646647 0.019100859976879204
0.006280555661802856 0.01593389203555549
0.00402259358460233 0.012614352161039752
0.0022640387134577056 0.009523416784788885
0.0010066617640577813 0.006326660506858646
0.0002517288084074587 0.003012045068692712
0.0 0.0012351467640627787
0.0 0.0
0.0002517288084074587 -0.0031200378449424367
0.0010066617640577813 -0.005653806685252561
0.0022640387134577056 -0.008133456216991682
0.00402259358460233 -0.01021575591003919
0.006280555661802856 -0.012453769577149788
0.009035651368646647 -0.0145133805163203
0.012285106557296477 -0.016566169812994923
0.016025649301821876 -0.01870458422350909
0.020253513192751316 -0.0205292020032197
0.02496444112952728 -0.022302192353702215
0.030153689607045786 -0.024151537500610245
0.03581603349196366 -0.026051119980152398
0.041945771283965205 -0.02797417499786482
0.04853673085668936 -0.02989829229886524
0.05558227567253826 -0.03180644841800628
0.06307531146510753 -0.03368598841793393
0.07100829338251147 -0.035520651701472186
0.0793732335844094 -0.03728992605303143
0.0881617092850836 -0.0389749129247183
0.09736487123447068 -0.04056342602528136
0.10697345262860625 -0.042051884444563294
0.116977778440511 -0.04344214061511885
0.12736777516212267 -0.04473535839143634
0.1381329809474649 -0.045928828736692434
0.14926255614683936 -0.04702249384167669
0.1607452942214339 -0.048016227240474024
0.17256963302735745 -0.048906988833505916
0.18472366645773874 -0.04969316705348283
0.19719515643116664 -0.050374334259155974
0.20997154521440087 -0.05095025657554507
0.22303996806694482 -0.051422176563692655
0.2363872661947488 -0.05179142128777369
0.25000000000000006 -0.05205624304176888
0.2638644626136587 -0.052215061071323406
0.2779666936971131 -0.052268004611313326
0.29229249349905695 -0.05221925572029027
0.3068274371534359 -0.0520749579132045
0.32155688920406433 -0.05184071470793833
0.33646601834128953 -0.051514204279975905
0.35153981233586296 -0.05109068937284046
0.36676309315498296 -0.050569478101785616
0.38212053224528686 -0.04997600170655214
0.3975966659674052 -0.04934793435713426
0.41317591116653546 -0.04872083098418357
0.42884258086335814 -0.04809462980256007
0.44458090004949524 -0.047449435117676166
0.46037502157160654 -0.04676599436244516
0.4762090420881297 -0.04604170799280977
0.4920670180825969 -0.0452857776978089
0.5079329819174049 -0.044507224527234115
0.5237909579118721 -0.04370366484596659
0.5396249784283953 -0.04286262268716176
0.5554190999505066 -0.041971866384216086
0.5711574191366438 -0.0410290479103585
0.5868240888334664 -0.04004285710396178
0.6024033340325966 -0.039022488052106674
0.6178794677547149 -0.03797348777817264
0.6332369068450188 -0.03689622526142434
0.6484601876641387 -0.035790874944867754
0.6635339816587122 -0.034659418165515224
0.6784431107959373 -0.033506931612673284
0.6931725628465657 -0.032338741570105765
0.7077075065009447 -0.031158984139728983
0.7220333063028884 -0.02996913429438196
0.7361355373863427 -0.028770426551568914
0.7500000000000012 -0.027564478716822504
0.7636127338052524 -0.026353712188444907
0.7769600319330563 -0.025140761607476334
0.7900284547856001 -0.023928670752821363
0.8028048435688343 -0.022721972007852774
0.8152763335422621 -0.021525384173168464
0.8274303669726433 -0.02034280442234893
0.8392547057785669 -0.01917483943890271
0.8507374438531613 -0.018021324362869254
0.8618670190525357 -0.01688295426362453
0.872632224837878 -0.015763664467337287
0.8830222215594895 -0.014668485902205248
0.8930265473713942 -0.013601778935322498
0.9026351287655296 -0.012565347664673496
0.9118382907149167 -0.01155985558281634
0.9206267664155909 -0.010586466333451106
0.9289917066174888 -0.00964826807302342
0.9369246885348927 -0.008749355717892532
0.9444177243274618 -0.007893259571560163
0.9514632691433107 -0.00708168431519594
0.958054228716035 -0.006315120521857614
0.9641839665080364 -0.005594528706790307
0.9698463103929542 -0.004922090835353465
0.9750355588704727 -0.004300872596041947
0.9797464868072487 -0.003733438843351913
0.9839743506981782 -0.0032217385036629378
0.9877148934427036 -0.002767199382194636
0.9909643486313533 -0.0023710140035588232
0.9937194443381971 -0.0020340324960921785
0.9959774064153977 -0.0017568195663009534
0.9977359612865423 -0.001540095176991945
0.9989933382359422 -0.0013846192660172023
0.9997482711915926 -0.001291042819654834
1.0 -0.0012598
