1.0 0.0
0.9997482711915926 3.110674039188564e-05
0.9989933382359422 0.0001243939319367288
0.9977359612865423 0.00027979190292148264
0.9959774064153977 0.000497282177107008
0.9937194443381971 0.0007770424940874991
0.9909643486313533 0.0011196469643686975
0.9877148934427036 0.001526318522227797
0.9839743506981782 0.0019992300805949798
0.9797464868072487 0.0025418500714840288
0.9750355588704727 0.003159327380611518
0.9698463103929542 0.003858910063049686
0.9641839665080364 0.004650391664817591
0.958054228716035 0.005546578479404932
0.9514632691433107 0.00656377064388526
0.9444177243274618 0.007720825436665657
0.9369246885348927 0.009030864427265764
0.9289917066174888 0.010503694897570246
0.9206267664155909 0.012148341032525833
0.9118382907149167 0.013972844618121106
0.9026351287655296 0.015982123575460264
0.8930265473713942 0.018173744213073054
0.8830222215594895 0.020540795225565747
0.872632224837878 0.02307230446393046
0.8618670190525357 0.025752833023328106
0.8507374438531613 0.028557640476636146
0.8392547057785669 0.03145032784312205
0.8274303669726433 0.03438713286074599
0.8152763335422621 0.03731710554412519
0.8028048435688343 0.04018565983398016
0.7900284547856001 0.042968259600114855
0.7769600319330563 0.04566056038433275
0.7636127338052524 0.048260080153362105
0.7500000000000012 0.05076599999999979
0.7361355373863427 0.05318066865509674
0.7220333063028884 0.055514397309906184
0.7077075065009447 0.05778145814534215
0.6931725628465657 0.0599985625922188
0.6784431107959373 0.062184648679291216
0.6635339816587122 0.06435353221629017
0.6484601876641387 0.0665074851365374
0.6332369068450188 0.06864794931449306
0.6178794677547149 0.07077676063289214
0.6024033340325966 0.07289584122871265
0.5868240888334664 0.07500281515206549
0.5711574191366438 0.07709155758915313
0.5554190999505066 0.07915581453446835
0.5396249784283953 0.08118935610190525
0.5237909579118721 0.0831836065546417
0.5079329819174049 0.08511516481760635
0.4920670180825969 0.08695502026669547
0.4762090420881297 0.0886744420797316
0.46037502157160654 0.09024525982169367
0.44458090004949524 0.09163867710220688
0.42884258086335814 0.09282321712978228
0.41317591116653546 0.09376828239191709
0.3975966659674052 0.0944450821177572
0.38212053224528686 0.09482743392313335
0.36676309315498296 0.09490826414072544
0.35153981233586296 0.09470217434082479
0.33646601834128953 0.09422563796993925
0.32155688920406433 0.09349565653097557
0.3068274371534359 0.09253211020134168
0.29229249349905695 0.09137869592741062
0.2779666936971131 0.0900902826950023
0.2638644626136587 0.08871844973700599
0.25000000000000006 0.087311
0.2363872661947488 0.08589549470078806
0.22303996806694482 0.08443421372688253
0.20997154521440087 0.08287927033234788
0.19719515643116664 0.08118989325633179
0.18472366645773874 0.07933284491650996
0.17256963302735745 0.07730865301144037
0.1607452942214339 0.0751657004858601
0.14926255614683936 0.07295213050775233
0.1381329809474649 0.07071069733316677
0.12736777516212267 0.06847539415236642
0.116977778440511 0.06622113068047492
0.10697345262860625 0.06388733789958016
0.09736487123447068 0.0614287277517967
0.0881617092850836 0.05881579613799978
0.0793732335844094 0.05604119902497057
0.07100829338251147 0.053151988364984366
0.06307531146510753 0.050207811029093725
0.05558227567253826 0.0472610286413732
0.04853673085668936 0.044357053527617624
0.041945771283965205 0.04148751293784277
0.03581603349196366 0.03854537724269633
0.030153689607045786 0.0354654765101924
0.02496444112952728 0.03223781421736765
0.020253513192751316 0.028896472066795735
0.016025649301821876 0.025508890850923897
0.012285106557296477 0.022165676820546546
0.009035651368646647 0.018971073957780277
0.006280555661802856 0.01603423202328205
0.00402259358460233 0.013461388356622521
0.0022640387134577056 0.011349068285228258
0.0010066617640577813 0.009778394780503444
0.0002517288084074587 0.00881058283949776
0.0 0.00848367812568582
0.0 0.0
0.0002517288084074587 -0.0007555495589321554
0.0010066617640577813 -0.0029266435544649614
0.0022640387134577056 -0.006238494025349239
0.00402259358460233 -0.010272545362842474
0.006280555661802856 -0.014525043352966711
0.009035651368646647 -0.01848790306245335
0.012285106557296477 -0.021750761020580114
0.016025649301821876 -0.024122798875312258
0.020253513192751316 -0.02577264228750474
0.02496444112952728 -0.027340614414132148
0.030153689607045786 -0.02927483438414321
0.03581603349196366 -0.03154548411133414
0.041945771283965205 -0.03405271780945003
0.04853673085668936 -0.03663086961362651
0.05558227567253826 -0.03906865924649198
0.06307531146510753 -0.04129499709507469
0.07100829338251147 -0.04332349933664724
0.0793732335844094 -0.04519440990401908
0.0881617092850836 -0.04697782739823698
0.09736487123447068 -0.04874200521067057
0.10697345262860625 -0.05048380083045514
0.116977778440511 -0.05218635857739033
0.12736777516212267 -0.053832098730361155
0.1381329809474649 -0.0554031151695556
0.14926255614683936 -0.0568934266668163
0.1607452942214339 -0.05831477404869519
0.17256963302735745 -0.05968490060023668
0.18472366645773874 -0.06102689498453072
0.19719515643116664 -0.062365332250916235
0.20997154521440087 -0.06368938240406687
0.22303996806694482 -0.06496371958743828
0.2363872661947488 -0.06614875358422236
0.25000000000000006 -0.067201
0.2638644626136587 -0.06808392163604096
0.2779666936971131 -0.06880236716081141
0.29229249349905695 -0.06937452995441565
0.3068274371534359 -0.0698217283387697
0.32155688920406433 -0.07016808529699356
0.33646601834128953 -0.07042587016805862
0.35153981233586296 -0.07058271999176398
0.36676309315498296 -0.07062336289785663
0.38212053224528686 -0.07053226262113392
0.3975966659674052 -0.0702936657431036
0.41317591116653546 -0.0698905204543727
0.42884258086335814 -0.06930477511263651
0.44458090004949524 -0.06851853696915189
0.46037502157160654 -0.06751426865790386
0.4762090420881297 -0.06627763745495004
0.4920670180825969 -0.06481161326370749
0.5079329819174049 -0.0631264285499607
0.5237909579118721 -0.06123323661943109
0.5396249784283953 -0.05914401595596847
0.5554190999505066 -0.056878328826175176
0.5711574191366438 -0.0544741421833734
0.5868240888334664 -0.05197216001996238
0.6024033340325966 -0.049412508711880236
0.6178794677547149 -0.04683423584324993
0.6332369068450188 -0.044270503849305726
0.6484601876641387 -0.04174762357698658
0.6635339816587122 -0.03929025099722763
0.6784431107959373 -0.036921526024199076
0.6931725628465657 -0.03466083347120064
0.7077075065009447 -0.03250605299686077
0.7220333063028884 -0.03044389093002537
0.7361355373863427 -0.028461759025342127
0.7500000000000012 -0.026547999999999836
0.7636127338052524 -0.024691550850879845
0.7769600319330563 -0.022880858693487664
0.7900284547856001 -0.021105350886602998
0.8028048435688343 -0.01935591963250115
0.8152763335422621 -0.01762509441942518
0.8274303669726433 -0.015918925843545186
0.8392547057785669 -0.014263387789320252
0.8507374438531613 -0.012682629084252932
0.8618670190525357 -0.01119669550728338
0.872632224837878 -0.009821342669697005
0.8830222215594895 -0.008564014691225879
0.8930265473713942 -0.007425948581969153
0.9026351287655296 -0.0064065468650119275
0.9118382907149167 -0.0055036355142115325
0.9206267664155909 -0.00471270185798022
0.9289917066174888 -0.004023012599865501
0.9369246885348927 -0.003422652780326082
0.9444177243274618 -0.002900920159816782
0.9514632691433107 -0.002448267059597844
0.958054228716035 -0.0020556596733303494
0.9641839665080364 -0.0017139561851204695
0.9698463103929542 -0.0014155295681599791
0.9750355588704727 -0.0011543472880678977
0.9797464868072487 -0.0009257551448957247
0.9839743506981782 -0.0007262672880584057
0.9877148934427036 -0.0005533656034421105
0.9909643486313533 -0.00040531148069618397
0.9937194443381971 -0.00028097274517678697
0.9959774064153977 -0.00017966828567417877
0.9977359612865423 -0.00010103262871142417
0.9989933382359422 -4.490240589971976e-05
0.9997482711915926 -1.1226335854717034e-05
1.0 0.0
