0.99839 0.01595
0.9981386764749741 0.015943375053333916
0.9973849589613824 0.015924418566978182
0.9961296063888709 0.015895869722183244
0.9943738827910689 0.015862241067173277
0.9921195560328127 0.015829740008986962
0.9893688960300568 0.015806160141000072
0.9861246724642608 0.015800743630398142
0.9823901519935541 0.0158240162188465
0.978169094963489 0.015887596703243315
0.9734657516206912 0.01600398305862756
0.9682848578332216 0.016186317639106856
0.9626316303219584 0.01644813414233384
0.9565117614078021 0.016803089246080143
0.94993141327999 0.01726467958392138
0.9428972117912946 0.01784578768861451
0.9354162397863516 0.018558200836957577
0.9274960299698346 0.019412454655680096
0.9191445573216618 0.020417533033526253
0.9103702310668658 0.02158055556564623
0.9011818862082172 0.02290647496533713
0.8915887746301262 0.024397734144164313
0.8816005557827787 0.02605299922188372
0.8712272869558889 0.027866744776648397
0.8604794131518612 0.029829714846288158
0.8493677565685577 0.03192873125381445
0.8379035057022634 0.034146511641275704
0.8260982040818173 0.0364615266650921
0.8139637386452591 0.03884924956603685
0.8015123277706885 0.04129090895778812
0.7887565089733953 0.04377526931695722
0.7757091262816441 0.04630227162049134
0.7623833173038259 0.04887049242986082
0.7487925000000012 0.051469932238516626
0.7349503591711507 0.05409080437185707
0.7208708326797407 0.05673022619017807
0.7065680974154782 0.05938560771977802
0.6920565550203828 0.06204935108119969
0.6773508173875559 0.06471299553308778
0.6624656919482417 0.06737085224386397
0.6474161667619994 0.0700172268642665
0.6322173954249983 0.07264132641843246
0.6168846818116298 0.07523042400286432
0.6014334646648041 0.07777254017046963
0.5858793020504445 0.08025562199343221
0.5702378556918337 0.08266422615394206
0.5545248751995864 0.0849810115122277
0.5387561822131256 0.08718746480704996
0.522947654469634 0.08926458024883448
0.5071152098165178 0.09119494549630307
0.4912747901834839 0.09296265067982455
0.4754423455303678 0.09455373921309743
0.45963381778687623 0.09595626746171274
0.44386512480041557 0.09716214001426281
0.4281521443081681 0.09816707539379765
0.41251069794955736 0.09896299193403936
0.3969565353351977 0.09953712458255415
0.38150531818837197 0.09988537373482202
0.36617260457500345 0.10001582350958775
0.35097383323800224 0.09993070252169112
0.33592430805176005 0.09962053717381764
0.3210391826124458 0.09908211738210128
0.3063334449796189 0.09832556516524975
0.29182190258452345 0.09736231511025821
0.2775191673202607 0.09620237461057987
0.2634396408288507 0.09485740748824208
0.24959750000000006 0.0933433391297574
0.23600668269617528 0.09167330237713647
0.22268087371835704 0.08984806969655429
0.2096334910266057 0.08786934815150654
0.19687767222931246 0.08574901339155618
0.18442626135474177 0.08349963254243987
0.17229179591818342 0.08112263278601821
0.1604864942977374 0.07861943506500789
0.14902224343144296 0.07600256817454366
0.13791058684813948 0.0732870884188172
0.12716271304411164 0.07047416839962412
0.11678944421722177 0.06756176256908308
0.10680122536987419 0.06455112279156854
0.0972081137917832 0.06144806714157712
0.08801976893313461 0.05826822647601911
0.0792454426783385 0.05503333124673084
0.07089397003016562 0.051764606862219606
0.06297376021364871 0.04847927894718571
0.05549278820870548 0.04511227473218921
0.04845858672001009 0.04156077792985766
0.04187823859219802 0.03792309484295844
0.0357583696780416 0.03443599853579888
0.030105142166778443 0.031148038300015255
0.024924248379308744 0.027951685895862822
0.020220905036510986 0.02466156097227254
0.01599984800644594 0.02104253178016974
0.01226532753573923 0.017209094893471177
0.009021103969943125 0.013564278425037069
0.006270443967187353 0.010317131886917736
0.00401611720893112 0.007501549986984461
0.0022603936111290387 0.005180215032114293
0.0010050410386176483 0.003438008022177389
0.0002513235250259227 0.002355102636428498
0.0 0.0019874753879006997
0.0 0.0
0.0002513235250259227 -0.0015132795879496917
0.0010050410386176483 -0.004970253841555756
0.0022603936111290387 -0.00790137613742864
0.00401611720893112 -0.00877663560745026
0.006270443967187353 -0.009677209589545363
0.009021103969943125 -0.011642935081685757
0.01226532753573923 -0.01346467277143638
0.01599984800644594 -0.014719373252627248
0.020220905036510986 -0.016003187986720714
0.024924248379308744 -0.017513113106337644
0.030105142166778443 -0.018971480470852245
0.0357583696780416 -0.02020906071407288
0.04187823859219802 -0.021202321078630352
0.04845858672001009 -0.02201801240415233
0.05549278820870548 -0.022822325134087953
0.06297376021364871 -0.023659215652707587
0.07089397003016562 -0.02439749288299821
0.0792454426783385 -0.02496903888272413
0.08801976893313461 -0.025418156248585014
0.0972081137917832 -0.025783919499978002
0.10680122536987419 -0.026077613831144802
0.11678944421722177 -0.026304100835095344
0.12716271304411164 -0.02645666845819392
0.13791058684813948 -0.026529568002539514
0.14902224343144296 -0.026520751533961738
0.1604864942977374 -0.026433528357424022
0.17229179591818342 -0.02628121044393157
0.18442626135474177 -0.02607490235873796
0.19687767222931246 -0.025810849167014212
0.2096334910266057 -0.025485688750423428
0.22268087371835704 -0.02510557856566055
0.23600668269617528 -0.0246779668721568
0.24959750000000006 -0.02420457106831808
0.2634396408288507 -0.0236872345166155
0.2775191673202607 -0.02313375121929693
0.29182190258452345 -0.022552332948455416
0.3063334449796189 -0.02194053758415145
0.3210391826124458 -0.021294033493059635
0.33592430805176005 -0.020622268942952666
0.35097383323800224 -0.019939224616919365
0.36617260457500345 -0.019244219537378385
0.38150531818837197 -0.018530053728690824
0.3969565353351977 -0.017800184501677405
0.41251069794955736 -0.017064304599595896
0.4281521443081681 -0.016328266060673644
0.44386512480041557 -0.015594958442398107
0.45963381778687623 -0.014864300097628014
0.4754423455303678 -0.014134005305480635
0.4912747901834839 -0.013406675721981181
0.5071152098165178 -0.012689611146387949
0.522947654469634 -0.011986633690881068
0.5387561822131256 -0.011297367822820755
0.5545248751995864 -0.010622139407562922
0.5702378556918337 -0.009962533090221423
0.5858793020504445 -0.009319963284176091
0.6014334646648041 -0.008695461854195525
0.6168846818116298 -0.008089874642658137
0.6322173954249983 -0.007503819892448098
0.6474161667619994 -0.006938796547704907
0.6624656919482417 -0.006398411205323204
0.6773508173875559 -0.005884935454282421
0.6920565550203828 -0.0053966092670650195
0.7065680974154782 -0.004931357125066851
0.7208708326797407 -0.004488196857340846
0.7349503591711507 -0.004067384173545537
0.7487925000000012 -0.0036732696556847984
0.7623833173038259 -0.003308449601976915
0.7757091262816441 -0.002963510847567779
0.7887565089733953 -0.00263075055446126
0.8015123277706885 -0.002330798807937725
0.8139637386452591 -0.002077451613395582
0.8260982040818173 -0.0017725595305314189
0.8379035057022634 -0.0013484327182337202
0.8493677565685577 -0.0008138940568198967
0.8604794131518612 -0.00018099337278284204
0.8712272869558889 0.0005382116748934232
0.8816005557827787 0.0013317082352880746
0.8915887746301262 0.002187579858217801
0.9011818862082172 0.0030938954237785363
0.9103702310668658 0.004036642649656583
0.9191445573216618 0.005000998564065382
0.9274960299698346 0.005973433772817743
0.9354162397863516 0.006941718744080028
0.9428972117912946 0.007894867214945936
0.94993141327999 0.008823072837267359
0.9565117614078021 0.009717693445870779
0.9626316303219584 0.010571566539806596
0.9682848578332216 0.011378509562869378
0.9734657516206912 0.01213294527629449
0.978169094963489 0.012829876308287275
0.9823901519935541 0.013464863106925436
0.9861246724642608 0.014034002214907821
0.9893688960300568 0.014533905367037447
0.9921195560328127 0.014961679875398927
0.9943738827910689 0.015314910725890137
0.9961296063888709 0.0155916447635987
0.9973849589613824 0.015790377294018887
0.9981386764749741 0.015910041372877066
0.99839 0.01595
