1.0 0.00328
0.9997482762261688 0.0033294973806363677
0.9989933583691775 0.0034777071195289744
0.9977360065673165 0.0037238467316183
0.9959774868672694 0.004066826922030485
0.9937195699493104 0.004505570716793263
0.9909645293443806 0.005039454000611567
0.9877151391448348 0.0056688576395682805
0.9839746712111642 0.006394785451584009
0.9797468918775126 0.007216902415668608
0.9750360581592953 0.008134247755679376
0.9698469134667463 0.009145478890909177
0.9641846828287063 0.01024995747878341
0.9580550676314606 0.011447712707891558
0.9514642398779278 0.012739115307427256
0.9444188359729753 0.014124310100981644
0.936925950041122 0.015602717733905999
0.9289931267833564 0.017173589643821287
0.9206283538802627 0.01883633716335221
0.9118400539491024 0.020591635590705204
0.9026370760629543 0.02244087036138052
0.8930286868404468 0.024385471835464533
0.8830245611150583 0.026419958529344374
0.8726347721933811 0.02853128156380946
0.8618697817121547 0.030703448420291067
0.8507404291042843 0.032923972648001835
0.8392579206844513 0.03519000114868409
0.8274338183653038 0.03750012645005893
0.8152800280155913 0.03985254677186217
0.8028087874719629 0.04224254217978026
0.7900326542165044 0.04466454913244488
0.7769644927324176 0.04711255842866384
0.7636174615505763 0.04957855767460576
0.7500050000000013 0.052053340399035614
0.736140814675595 0.05452734059678671
0.7220388656367623 0.05699222976086353
0.7077133523508147 0.05944067017219201
0.6931786993953087 0.06186519888695882
0.6784495419337214 0.06425627160867403
0.6635407109790791 0.06660195915008524
0.6484672184603855 0.06888990344807651
0.6332442421068819 0.0711051082332658
0.6178871101653598 0.07322873533680037
0.602411285965916 0.07524136937895352
0.5868323523516897 0.0771269895726774
0.571165995988261 0.07887610955830905
0.5554279915685076 0.08048033168794404
0.5396341859288267 0.08193454483123025
0.5238004820927139 0.08323989449192977
0.5079428232577665 0.08439886595287312
0.4920771767422353 0.0854125317460991
0.47621951790728795 0.08627806808768049
0.4603858140711751 0.0869926606635676
0.44459200843149427 0.08755501156957549
0.4288540040117409 0.08796654024195039
0.4131876476483121 0.08822954897286217
0.3976087140340859 0.08834726231302549
0.38213288983464194 0.08832433617719905
0.3667757578931199 0.08816602413925159
0.3515527815396163 0.08787639440059987
0.3364792890209227 0.08745568028432661
0.32157045806628026 0.08690412202116389
0.30684130060469283 0.08622343988694647
0.29230664764918696 0.08541812998470615
0.2779811343632391 0.08449362294614246
0.26387918532440646 0.0834540050556565
0.25001500000000004 0.08229817399931329
0.2364025384494249 0.08102514688269763
0.22305550726758347 0.07963514485714542
0.20998734578349657 0.0781291365729353
0.197211212528038 0.07650945170112072
0.18473997198440958 0.07477870605752043
0.17258618163469688 0.07293686885142792
0.16076207931554948 0.0709852249013814
0.14927957089571642 0.06892606194206352
0.13815021828784593 0.0667593944878321
0.1273852278066194 0.0644874407642813
0.11699543888494218 0.06211323203025203
0.10699131315955368 0.059635040911576676
0.09738292393704599 0.05705461516164855
0.0881799460508979 0.054378972688735726
0.07939164611973772 0.05161996734831595
0.07102687321664382 0.04879368084356084
0.06309404995887824 0.0459071801706547
0.05560116402702481 0.04294191557283775
0.048555760122072224 0.03989132441365224
0.04196493236853952 0.03678150108327806
0.03583531717129382 0.03367958255111921
0.030173086533253644 0.030647608205272004
0.02498394184070469 0.027641229805964215
0.02027310812248746 0.02450105374688893
0.016045328788835838 0.02117605125203948
0.01230486085516533 0.01788191288155654
0.009055470655619272 0.014983681541399866
0.006300430050689619 0.012628749719693303
0.004042513132730637 0.010183718126356225
0.0022839934326834366 0.007149987890947535
0.0010266416308225002 0.004020633721386253
0.0002717237738312905 0.0016557456547384112
2e-05 0.0007759646775023472
2e-05 -0.0004
0.0002717237738312905 -0.0014801561582347676
0.0010266416308225002 -0.002565614077746358
0.0022839934326834366 -0.003530730983812701
0.004042513132730637 -0.004595469936341201
0.006300430050689619 -0.005554676011660281
0.009055470655619272 -0.006588656657725362
0.01230486085516533 -0.00763934913441124
0.016045328788835838 -0.008654412895967129
0.02027310812248746 -0.00959501026733595
0.02498394184070469 -0.010439062458705661
0.030173086533253644 -0.011192853798087057
0.03583531717129382 -0.011890696140320196
0.04196493236853952 -0.012536612863715837
0.048555760122072224 -0.013119339448904133
0.05560116402702481 -0.01363271907490493
0.06309404995887824 -0.01407261796057305
0.07102687321664382 -0.01443566834026748
0.07939164611973772 -0.014723279139976597
0.0881799460508979 -0.01494047053389056
0.09738292393704599 -0.015091258822831315
0.10699131315955368 -0.015182733272865338
0.11699543888494218 -0.015225297321436236
0.1273852278066194 -0.015221376977936548
0.13815021828784593 -0.015167693328582154
0.14927957089571642 -0.015061344298367052
0.16076207931554948 -0.014901185949258518
0.17258618163469688 -0.014689029625701676
0.18473997198440958 -0.014428080505461351
0.197211212528038 -0.014122809007784664
0.20998734578349657 -0.013779057365205344
0.22305550726758347 -0.013403993925186625
0.2364025384494249 -0.01300582256327971
0.25001500000000004 -0.012587448099478532
0.26387918532440646 -0.012145185125836136
0.2779811343632391 -0.011674690234036868
0.29230664764918696 -0.011173800688330376
0.30684130060469283 -0.01064905087485366
0.32157045806628026 -0.010109562374651685
0.3364792890209227 -0.009564721128915534
0.3515527815396163 -0.00901727344342252
0.3667757578931199 -0.008464619172662871
0.38213288983464194 -0.007903843357165156
0.3976087140340859 -0.007333049038675448
0.4131876476483121 -0.006753154942794693
0.4288540040117409 -0.006165557191566813
0.44459200843149427 -0.0055714470877154115
0.4603858140711751 -0.004969575466914771
0.47621951790728795 -0.004357292514083002
0.4920771767422353 -0.0037319607150950135
0.5079428232577665 -0.0030949709769424734
0.5238004820927139 -0.0024551924924211435
0.5396341859288267 -0.0018222867667081987
0.5554279915685076 -0.0012045714079659247
0.571165995988261 -0.000601219383520469
0.5868323523516897 -7.4377167520232965e-06
0.602411285965916 0.0005813961505857167
0.6178871101653598 0.001165087584282322
0.6332442421068819 0.0017361583673968489
0.6484672184603855 0.002286850712474552
0.6635407109790791 0.002810390095124703
0.6784495419337214 0.0033040356982215044
0.6931786993953087 0.0037667833374624544
0.7077133523508147 0.004197812207944467
0.7220388656367623 0.004595441223202265
0.736140814675595 0.004956556182544025
0.7500050000000013 0.005278359550918654
0.7636174615505763 0.0055586651222397825
0.7769644927324176 0.005796628579767488
0.7900326542165044 0.005992226398817648
0.8028087874719629 0.006145796963961448
0.8152800280155913 0.006257417770635042
0.8274338183653038 0.006326239055055299
0.8392579206844513 0.006351864100221298
0.8507404291042843 0.006334525067054159
0.8618697817121547 0.006274799969970757
0.8726347721933811 0.0061737079686993886
0.8830245611150583 0.006032915210191382
0.8930286868404468 0.005854598866316682
0.9026370760629543 0.005641130595509035
0.9118400539491024 0.005395400904923122
0.9206283538802627 0.005120854326339146
0.9289931267833564 0.004820643724508119
0.936925950041122 0.004497493942494112
0.9444188359729753 0.0041549395777002104
0.9514642398779278 0.0037972623764652522
0.9580550676314606 0.0034291322435206183
0.9641846828287063 0.0030556689630436007
0.9698469134667463 0.002682458309619362
0.9750360581592953 0.0023148128612955413
0.9797468918775126 0.001956757063741821
0.9839746712111642 0.0016131499948246913
0.9877151391448348 0.0012896820315448799
0.9909645293443806 0.0009897238420616297
0.9937195699493104 0.0007159889702312459
0.9959774868672694 0.000474959207326465
0.9977360065673165 0.00027508407927069335
0.9989933583691775 0.00012491774904106384
0.9997482762261688 3.164261643800715e-05
1.0 0.0
