1.0 0.0
0.9997482711915926 2.4100484411877337e-05
0.9989933382359422 9.635726776058486e-05
0.9977359612865423 0.00021664090129730509
0.9959774064153977 0.00038475077721793075
0.9937194443381971 0.0006004376192374913
0.9909643486313533 0.0008634345325880916
0.9877148934427036 0.0011734961821558945
0.9839743506981782 0.001530445552077103
0.9797464868072487 0.001934227581474034
0.9750355588704727 0.002384601215225417
0.9698463103929542 0.0028802673215408505
0.9641839665080364 0.003420680312166468
0.958054228716035 0.004005768340530523
0.9514632691433107 0.004635239640150746
0.9444177243274618 0.005308120947338876
0.9369246885348927 0.006023696456710758
0.9289917066174888 0.006781502523652694
0.9206267664155909 0.00758108790482178
0.9118382907149167 0.008420730866200475
0.9026351287655296 0.00929941593289333
0.8930265473713942 0.01021688809042659
0.8830222215594895 0.011172356070386247
0.872632224837878 0.012164641892418405
0.8618670190525357 0.013192702294487622
0.8507374438531613 0.014255573870421409
0.8392547057785669 0.015352175537473239
0.8274303669726433 0.016481399948591442
0.8152763335422621 0.017642109754482653
0.8028048435688343 0.018833136810933234
0.7900284547856001 0.020053286117283214
0.7769600319330563 0.02130130932241049
0.7636127338052524 0.022575423010640416
0.7500000000000012 0.02387299999999988
0.7361355373863427 0.025192258636753333
0.7220333063028884 0.026528048903513967
0.7077075065009447 0.027876507672255208
0.6931725628465657 0.02923453851855077
0.6784431107959373 0.03059723895920093
0.6635339816587122 0.031958845773206186
0.6484601876641387 0.033316626786364975
0.6332369068450188 0.03466318726822271
0.6178794677547149 0.03599517596068622
0.6024033340325966 0.03730639038868585
0.5868240888334664 0.038591349862908825
0.5711574191366438 0.039843600333619805
0.5554190999505066 0.04105770095491618
0.5396249784283953 0.04222819476734785
0.5237909579118721 0.0433482664906554
0.5079329819174049 0.04441175732886638
0.4920670180825969 0.04541123777351218
0.4762090420881297 0.04633894441295272
0.46037502157160654 0.04718787781814759
0.44458090004949524 0.04795034978232489
0.42884258086335814 0.0486146201761312
0.41317591116653546 0.04916994157534284
0.3975966659674052 0.04958772166692941
0.38212053224528686 0.04984432523599198
0.36676309315498296 0.04997461085486652
0.35153981233586296 0.04999568301061973
0.33646601834128953 0.04991554680264635
0.32155688920406433 0.049741631817286684
0.3068274371534359 0.0494766832425168
0.29229249349905695 0.04912639982724813
0.2779666936971131 0.0486942774758287
0.2638644626136587 0.04818224007730858
0.25000000000000006 0.047595
0.2363872661947488 0.046932990669017446
0.22303996806694482 0.04619997615248301
0.20997154521440087 0.04539784631162833
0.19719515643116664 0.04452884132874241
0.18472366645773874 0.04359550656375783
0.17256963302735745 0.04260010094307535
0.1607452942214339 0.04154456025997409
0.14926255614683936 0.04043067441446211
0.1381329809474649 0.03926014767537304
0.12736777516212267 0.038036318574674106
0.116977778440511 0.03676093999233879
0.10697345262860625 0.035435902398356346
0.09736487123447068 0.034063161834649525
0.0881617092850836 0.03264494646855625
0.0793732335844094 0.031182978217780502
0.07100829338251147 0.02968029263876791
0.06307531146510753 0.028138442325861632
0.05558227567253826 0.026559703956998207
0.04853673085668936 0.024946623456975778
0.041945771283965205 0.023301352205198907
0.03581603349196366 0.021625452824947683
0.030153689607045786 0.019921695518249828
0.02496444112952728 0.018192502065566864
0.020253513192751316 0.0164403442967123
0.016025649301821876 0.014666492809760925
0.012285106557296477 0.012874801836568408
0.009035651368646647 0.011065574138100293
0.006280555661802856 0.009243057000993987
0.00402259358460233 0.007408743910107404
0.0022640387134577056 0.005566823763006163
0.0010066617640577813 0.0037128231626208617
0.0002517288084074587 0.0022006258869306295
0.0 0.0016105655951914536
0.0 0.0
0.0002517288084074587 -0.0012592506953119603
0.0010066617640577813 -0.003715884780798122
0.0022640387134577056 -0.005547294772614848
0.00402259358460233 -0.007408549685284898
0.006280555661802856 -0.009242959458377904
0.009035651368646647 -0.011065574037212032
0.012285106557296477 -0.012874801826895557
0.016025649301821876 -0.014666492809857273
0.020253513192751316 -0.016440344296803387
0.02496444112952728 -0.01819250206557066
0.030153689607045786 -0.019921695518253946
0.03581603349196366 -0.021625452824942958
0.041945771283965205 -0.023301352205202543
0.04853673085668936 -0.02494662345697704
0.05558227567253826 -0.026559703956997156
0.06307531146510753 -0.02813844232586193
0.07100829338251147 -0.029680292638767883
0.0793732335844094 -0.031182978217780512
0.0881617092850836 -0.03264494646855625
0.09736487123447068 -0.03406316183464953
0.10697345262860625 -0.035435902398356346
0.116977778440511 -0.03676093999233879
0.12736777516212267 -0.038036318574674106
0.1381329809474649 -0.03926014767537304
0.14926255614683936 -0.04043067441446211
0.1607452942214339 -0.04154456025997409
0.17256963302735745 -0.04260010094307535
0.18472366645773874 -0.04359550656375783
0.19719515643116664 -0.04452884132874241
0.20997154521440087 -0.04539784631162833
0.22303996806694482 -0.04619997615248301
0.2363872661947488 -0.046932990669017446
0.25000000000000006 -0.047595
0.2638644626136587 -0.04818224007730858
0.2779666936971131 -0.0486942774758287
0.29229249349905695 -0.04912639982724813
0.3068274371534359 -0.0494766832425168
0.32155688920406433 -0.049741631817286684
0.33646601834128953 -0.04991554680264635
0.35153981233586296 -0.04999568301061973
0.36676309315498296 -0.04997461085486652
0.38212053224528686 -0.04984432523599198
0.3975966659674052 -0.04958772166692941
0.41317591116653546 -0.04916994157534284
0.42884258086335814 -0.0486146201761312
0.44458090004949524 -0.04795034978232489
0.46037502157160654 -0.04718787781814759
0.4762090420881297 -0.04633894441295272
0.4920670180825969 -0.04541123777351218
0.5079329819174049 -0.04441175732886638
0.5237909579118721 -0.0433482664906554
0.5396249784283953 -0.04222819476734785
0.5554190999505066 -0.04105770095491618
0.5711574191366438 -0.039843600333619805
0.5868240888334664 -0.038591349862908825
0.6024033340325966 -0.03730639038868585
0.6178794677547149 -0.03599517596068622
0.6332369068450188 -0.03466318726822271
0.6484601876641387 -0.033316626786364975
0.6635339816587122 -0.031958845773206186
0.6784431107959373 -0.03059723895920093
0.6931725628465657 -0.02923453851855077
0.7077075065009447 -0.027876507672255208
0.7220333063028884 -0.026528048903513967
0.7361355373863427 -0.025192258636753333
0.7500000000000012 -0.02387299999999988
0.7636127338052524 -0.022575423010640416
0.7769600319330563 -0.02130130932241049
0.7900284547856001 -0.020053286117283214
0.8028048435688343 -0.018833136810933234
0.8152763335422621 -0.017642109754482653
0.8274303669726433 -0.016481399948591442
0.8392547057785669 -0.015352175537473239
0.8507374438531613 -0.014255573870421409
0.8618670190525357 -0.013192702294487622
0.872632224837878 -0.012164641892418405
0.8830222215594895 -0.011172356070386247
0.8930265473713942 -0.01021688809042659
0.9026351287655296 -0.00929941593289333
0.9118382907149167 -0.008420730866200475
0.9206267664155909 -0.00758108790482178
0.9289917066174888 -0.006781502523652694
0.9369246885348927 -0.006023696456710758
0.9444177243274618 -0.005308120947338876
0.9514632691433107 -0.004635239640150746
0.958054228716035 -0.004005768340530523
0.9641839665080364 -0.003420680312166468
0.9698463103929542 -0.0028802673215408505
0.9750355588704727 -0.002384601215225417
0.9797464868072487 -0.001934227581474034
0.9839743506981782 -0.001530445552077103
0.9877148934427036 -0.0011734961821558945
0.9909643486313533 -0.0008634345325880916
0.9937194443381971 -0.0006004376192374913
0.9959774064153977 -0.00038475077721793075
0.9977359612865423 -0.00021664090129730509
0.9989933382359422 -9.635726776058486e-05
0.9997482711915926 -2.4100484411877337e-05
1.0 0.0
