1.0 0.0
0.9997482711915926 7.12509944164498e-05
0.9989933382359422 0.0002835594362943385
0.9977359612865423 0.0006326353233909865
0.9959774064153977 0.0011114735126781722
0.9937194443381971 0.0017105691076248026
0.9909643486313533 0.002418215212843354
0.9877148934427036 0.0032208793150549126
0.9839743506981782 0.0041036535463948535
0.9797464868072487 0.005050773131736071
0.9750355588704727 0.006046196425796756
0.9698463103929542 0.00707423911761052
0.9641839665080364 0.008120254428115993
0.958054228716035 0.009171350459080567
0.9514632691433107 0.010217135275421951
0.9444177243274618 0.011250479824464144
0.9369246885348927 0.012268288420064777
0.9289917066174888 0.013272266251191423
0.9206267664155909 0.014269673216693174
0.9118382907149167 0.015274053342932747
0.9026351287655296 0.016305929109750834
0.8930265473713942 0.01739136657340708
0.8830222215594895 0.018540110824050864
0.872632224837878 0.019748721256548394
0.8618670190525357 0.02101245822740713
0.8507374438531613 0.022325414806843323
0.8392547057785669 0.023680471159904636
0.8274303669726433 0.025069260401007546
0.8152763335422621 0.026482146708203015
0.8028048435688343 0.027908216371105115
0.7900284547856001 0.02933581642191048
0.7769600319330563 0.030757207861470518
0.7636127338052524 0.03216701502368929
0.7500000000000012 0.03355979851419534
0.7361355373863427 0.03493005020163442
0.7220333063028884 0.036272214738694845
0.7077075065009447 0.03758071252708632
0.6931725628465657 0.038850042101954564
0.6784431107959373 0.040077592623677154
0.6635339816587122 0.041264673921634194
0.6484601876641387 0.04241336159642552
0.6332369068450188 0.04352624858005917
0.6178794677547149 0.04460640944751825
0.6024033340325966 0.04565736013048748
0.5868240888334664 0.04668098735158619
0.5711574191366438 0.047663604908544856
0.5554190999505066 0.04858384693815961
0.5396249784283953 0.04942002747396049
0.5237909579118721 0.05015038204189572
0.5079329819174049 0.050753271840042365
0.4920670180825969 0.05120805132077463
0.4762090420881297 0.05151581898242756
0.46037502157160654 0.05170339228627411
0.44458090004949524 0.05179928573993117
0.42884258086335814 0.05183195709076309
0.41317591116653546 0.05182952743756193
0.3975966659674052 0.05181950132609363
0.38212053224528686 0.05181625128981325
0.36676309315498296 0.05179618879644159
0.35153981233586296 0.05172978872836017
0.33646601834128953 0.051589278449329236
0.32155688920406433 0.05134888803161586
0.3068274371534359 0.050985078119121875
0.29229249349905695 0.05047737001236243
0.2779666936971131 0.04982494677052712
0.2638644626136587 0.04904665628305579
0.25000000000000006 0.04816165149464184
0.2363872661947488 0.04718825558589235
0.22303996806694482 0.04614386922677026
0.20997154521440087 0.04504489103979632
0.19719515643116664 0.04390664815243712
0.18472366645773874 0.042741893550245554
0.17256963302735745 0.041558848138887355
0.1607452942214339 0.040364781436769505
0.14926255614683936 0.03916662771740986
0.1381329809474649 0.03795866333874617
0.12736777516212267 0.036689544807015265
0.116977778440511 0.035307894276506525
0.10697345262860625 0.03377569888221453
0.09736487123447068 0.032067987222829504
0.0881617092850836 0.03023841191390063
0.0793732335844094 0.028469827257889657
0.07100829338251147 0.02691473562266239
0.06307531146510753 0.025563244399272794
0.05558227567253826 0.024267968176104937
0.04853673085668936 0.022917819690709686
0.041945771283965205 0.021450179972642373
0.03581603349196366 0.019851732838680296
0.030153689607045786 0.018132864728570775
0.02496444112952728 0.01632027353725836
0.020253513192751316 0.0144531495548939
0.016025649301821876 0.012579491529884685
0.012285106557296477 0.010752607881795512
0.009035651368646647 0.009027850046958132
0.006280555661802856 0.0074596214056348985
0.00402259358460233 0.0060987012535847355
0.0022640387134577056 0.004989918885304425
0.0010066617640577813 0.004170208097391796
0.0002517288084074587 0.0036670673482089547
0.0 0.0034974454771066806
0.0 0.0
0.0002517288084074587 -0.00022197459094654978
0.0010066617640577813 -0.0008670786535970593
0.0022640387134577056 -0.001874951430489648
0.00402259358460233 -0.003151957696044479
0.006280555661802856 -0.004581537220015301
0.009035651368646647 -0.0060384959051950045
0.012285106557296477 -0.0074070429803575165
0.016025649301821876 -0.008602326271532953
0.020253513192751316 -0.009595167820001915
0.02496444112952728 -0.010439655490892187
0.030153689607045786 -0.011260663530534768
0.03581603349196366 -0.012078604875915928
0.041945771283965205 -0.012867605323205359
0.04853673085668936 -0.013598056373694078
0.05558227567253826 -0.014239073214217687
0.06307531146510753 -0.01478305443427413
0.07100829338251147 -0.01524398275371404
0.0793732335844094 -0.01564810993829856
0.0881617092850836 -0.016013780481353573
0.09736487123447068 -0.016343351675285188
0.10697345262860625 -0.01664018148134836
0.116977778440511 -0.01690211265433143
0.12736777516212267 -0.017122596897119133
0.1381329809474649 -0.017294833809286127
0.14926255614683936 -0.017411857422312667
0.1607452942214339 -0.017468027744924917
0.17256963302735745 -0.017466074092459313
0.18472366645773874 -0.01741319467352584
0.19719515643116664 -0.017318716869067198
0.20997154521440087 -0.017192909875169568
0.22303996806694482 -0.017037160704439135
0.2363872661947488 -0.016847623508526605
0.25000000000000006 -0.016620209060753992
0.2638644626136587 -0.016350645999921146
0.2779666936971131 -0.016034502317612602
0.29229249349905695 -0.01566720969483528
0.3068274371534359 -0.015244281028924441
0.32155688920406433 -0.014767007444707502
0.33646601834128953 -0.014243936190049536
0.35153981233586296 -0.013684869520305249
0.36676309315498296 -0.01310042817791987
0.38212053224528686 -0.012501963331085568
0.3975966659674052 -0.011901460184170603
0.41317591116653546 -0.011310154495269563
0.42884258086335814 -0.010730987724276353
0.44458090004949524 -0.010163322644496878
0.46037502157160654 -0.009606417645559933
0.4762090420881297 -0.009059450748643649
0.4920670180825969 -0.008521533301671274
0.5079329819174049 -0.007991770170290359
0.5237909579118721 -0.007470340799390648
0.5396249784283953 -0.006958533687084715
0.5554190999505066 -0.006457645740448347
0.5711574191366438 -0.00596892131499856
0.5868240888334664 -0.005493543916017042
0.6024033340325966 -0.00503262936449739
0.6178794677547149 -0.00458770773100169
0.6332369068450188 -0.004161456501171422
0.6484601876641387 -0.0037565718384411717
0.6635339816587122 -0.0033755400193890713
0.6784431107959373 -0.003020616844927872
0.6931725628465657 -0.0026938092246958437
0.7077075065009447 -0.0023967463114980907
0.7220333063028884 -0.0021285613204319884
0.7361355373863427 -0.0018862922947101715
0.7500000000000012 -0.0016670273568935516
0.7636127338052524 -0.0014680042491589803
0.7769600319330563 -0.0012866258592784516
0.7900284547856001 -0.001120473367308544
0.8028048435688343 -0.0009673324257179442
0.8152763335422621 -0.0008276662966742848
0.8274303669726433 -0.0007068088738437148
0.8392547057785669 -0.000609755933700066
0.8507374438531613 -0.0005404617805191697
0.8618670190525357 -0.0005018607954143752
0.872632224837878 -0.000495899301716991
0.8830222215594895 -0.0005235771546114093
0.8930265473713942 -0.0005849983738421367
0.9026351287655296 -0.0006793520379023132
0.9118382907149167 -0.0007982317747050099
0.9206267664155909 -0.0009228204848185217
0.9289917066174888 -0.0010373603187455811
0.9369246885348927 -0.001130259945410797
0.9444177243274618 -0.0011937060319286079
0.9514632691433107 -0.001223253763787038
0.958054228716035 -0.0012174025593385783
0.9641839665080364 -0.0011771631749685155
0.9698463103929542 -0.001105622373709169
0.9750355588704727 -0.0010075112410378251
0.9797464868072487 -0.0008887830784197079
0.9839743506981782 -0.0007562065897360589
0.9877148934427036 -0.0006169798005707257
0.9909643486313533 -0.00047836981848969635
0.9937194443381971 -0.00034738315755292225
0.9959774064153977 -0.0002304709164715569
0.9977359612865423 -0.00013327262165853648
0.9989933382359422 -6.0402028933647906e-05
0.9997482711915926 -1.5277626227630952e-05
1.0 0.0
