1.0 0.0
0.9997482711915926 7.094682913774355e-05
0.9989933382359422 0.00028267737593753843
0.9977359612865423 0.0006318989499317754
0.9959774064153977 0.0011132470342384755
0.9937194443381971 0.0017194685938599298
0.9909643486313533 0.002441675439546015
0.9877148934427036 0.003269664419757805
0.9839743506981782 0.004192300348260665
0.9797464868072487 0.005197956751963321
0.9750355588704727 0.006275008751330851
0.9698463103929542 0.007412371672076885
0.9641839665080364 0.008600078339373183
0.958054228716035 0.0098298874313512
0.9514632691433107 0.011095914773368111
0.9444177243274618 0.012395279043761753
0.9369246885348927 0.013728753040212913
0.9289917066174888 0.015101411427096239
0.9206267664155909 0.01652326575117148
0.9118382907149167 0.0180098774775591
0.9026351287655296 0.019582939861129398
0.8930265473713942 0.02126835420113383
0.8830222215594895 0.023073470899367194
0.872632224837878 0.024991736792325525
0.8618670190525357 0.027013934875839953
0.8507374438531613 0.029128182408312706
0.8392547057785669 0.03131982036670395
0.8274303669726433 0.03357132935989912
0.8152763335422621 0.03586227383424435
0.8028048435688343 0.038169276146555006
0.7900284547856001 0.04046811456504909
0.7769600319330563 0.04274911222746121
0.7636127338052524 0.04501074883967707
0.7500000000000012 0.0472523782821405
0.7361355373863427 0.049474182922844896
0.7220333063028884 0.05167716588627954
0.7077075065009447 0.053863134720273945
0.6931725628465657 0.05603443065211494
0.6784431107959373 0.05818738468442565
0.6635339816587122 0.06031105044271169
0.6484601876641387 0.062393767072497414
0.6332369068450188 0.06442358571057435
0.6178794677547149 0.06638834740504468
0.6024033340325966 0.0682757656885284
0.5868240888334664 0.0700732386384507
0.5711574191366438 0.07176643172670226
0.5554190999505066 0.07334038972086945
0.5396249784283953 0.07478033577908268
0.5237909579118721 0.07607179649209195
0.5079329819174049 0.07720072613189609
0.4920670180825969 0.07815445580905235
0.4762090420881297 0.0789399464382175
0.46037502157160654 0.07958370999312439
0.44458090004949524 0.0801133997799355
0.42884258086335814 0.08055670669903596
0.41317591116653546 0.080941084027188
0.3975966659674052 0.08129342684537486
0.38212053224528686 0.08161897082609267
0.36676309315498296 0.08187049056596296
0.35153981233586296 0.08199516607127882
0.33646601834128953 0.0819435111661834
0.32155688920406433 0.08166982183843732
0.3068274371534359 0.08113258344411066
0.29229249349905695 0.08029910641582376
0.2779666936971131 0.079224301165575
0.2638644626136587 0.07803490455806875
0.25000000000000006 0.07685
0.2363872661947488 0.0757405807967593
0.22303996806694482 0.0746272241428705
0.20997154521440087 0.07340520383285078
0.19719515643116664 0.07198395202240988
0.18472366645773874 0.07032343973528596
0.17256963302735745 0.06846601190048227
0.1607452942214339 0.06646017932122289
0.14926255614683936 0.06435017062793216
0.1381329809474649 0.06217044212212815
0.12736777516212267 0.059935090156101704
0.116977778440511 0.05765508445631881
0.10697345262860625 0.055342227550440305
0.09736487123447068 0.05300888555901767
0.0881617092850836 0.05065417475673081
0.0793732335844094 0.04825804191310321
0.07100829338251147 0.045808344188309764
0.06307531146510753 0.04330464738570319
0.05558227567253826 0.040756425602701346
0.04853673085668936 0.03817931928665405
0.041945771283965205 0.03555793211386382
0.03581603349196366 0.03282540073107736
0.030153689607045786 0.029951843148532227
0.02496444112952728 0.02694805479903048
0.020253513192751316 0.02385699836236437
0.016025649301821876 0.02074558549082709
0.012285106557296477 0.017696864206632263
0.009035651368646647 0.014802718840658159
0.006280555661802856 0.01215718136012194
0.00402259358460233 0.00985044387756249
0.0022640387134577056 0.007963652141781944
0.0010066617640577813 0.006564548989058396
0.0002517288084074587 0.005704025193859888
0.0 0.005413623023173444
0.0 0.0
0.0002517288084074587 -0.0005486247128860298
0.0010066617640577813 -0.002135156162836455
0.0022640387134577056 -0.004588117011592976
0.00402259358460233 -0.007643458082613374
0.006280555661802856 -0.010976866075012956
0.009035651368646647 -0.014248373990750424
0.012285106557296477 -0.017158661713231473
0.016025649301821876 -0.01951627023139688
0.020253513192751316 -0.021314797217782865
0.02496444112952728 -0.02281899569370722
0.030153689607045786 -0.024494505611876327
0.03581603349196366 -0.02641177628193166
0.041945771283965205 -0.028460995712502494
0.04853673085668936 -0.030469374767715225
0.05558227567253826 -0.032219692934493435
0.06307531146510753 -0.03367169199968997
0.07100829338251147 -0.0349229451313425
0.0793732335844094 -0.03612393990691219
0.0881617092850836 -0.037356486640437156
0.09736487123447068 -0.0385974114400702
0.10697345262860625 -0.03981405104164019
0.116977778440511 -0.04098070086120655
0.12736777516212267 -0.04207596808470079
0.1381329809474649 -0.04307660348816372
0.14926255614683936 -0.043957412162146256
0.1607452942214339 -0.04469701366835111
0.17256963302735745 -0.04530243462182573
0.18472366645773874 -0.045794252680129745
0.19719515643116664 -0.04619897658322379
0.20997154521440087 -0.046544854991772404
0.22303996806694482 -0.04683065990536937
0.2363872661947488 -0.0470387578170959
0.25000000000000006 -0.04714999999999999
0.2638644626136587 -0.047147435137668954
0.2779666936971131 -0.047027756350845586
0.29229249349905695 -0.046792027316637695
0.3068274371534359 -0.04644242491910931
0.32155688920406433 -0.04598495585974393
0.33646601834128953 -0.04542994265522878
0.35153981233586296 -0.044789206003311
0.36676309315498296 -0.0440758157051868
0.38212053224528686 -0.04330397748381738
0.3975966659674052 -0.042488907932158745
0.41317591116653546 -0.04164440134645892
0.42884258086335814 -0.04077007279565464
0.44458090004949524 -0.039859734547175424
0.46037502157160654 -0.03890713242358097
0.4762090420881297 -0.03790602715978642
0.4920670180825969 -0.036850262995654214
0.5079329819174049 -0.03573419955052079
0.5237909579118721 -0.034560751017324975
0.5396249784283953 -0.03334136701401761
0.5554190999505066 -0.0320879552583719
0.5711574191366438 -0.030812412059257534
0.5868240888334664 -0.029526516912976728
0.6024033340325966 -0.0282418224518343
0.6178794677547149 -0.026966720825894647
0.6332369068450188 -0.025702193723279337
0.6484601876641387 -0.024448126615692525
0.6635339816587122 -0.023204468040074894
0.6784431107959373 -0.021971239973376647
0.6931725628465657 -0.020748547220765735
0.7077075065009447 -0.019536805962180638
0.7220333063028884 -0.018340794675680252
0.7361355373863427 -0.01716883348496842
0.7500000000000012 -0.016028681559151933
0.7636127338052524 -0.014927342582217564
0.7769600319330563 -0.013871031732452467
0.7900284547856001 -0.012865151253164694
0.8028048435688343 -0.011914265376954619
0.8152763335422621 -0.01102063505221087
0.8274303669726433 -0.010182938351851646
0.8392547057785669 -0.009399352509848326
0.8507374438531613 -0.008667984693635894
0.8618670190525357 -0.007986884366044139
0.872632224837878 -0.007354055681763625
0.8830222215594895 -0.006767469867360974
0.8930265473713942 -0.006225077534493657
0.9026351287655296 -0.005724788074964135
0.9118382907149167 -0.005261671575956502
0.9206267664155909 -0.004826781183594899
0.9289917066174888 -0.00441272863569174
0.9369246885348927 -0.004014118617955193
0.9444177243274618 -0.003627362167912352
0.9514632691433107 -0.003250479943904036
0.958054228716035 -0.002882898323825123
0.9641839665080364 -0.002525241318975251
0.9698463103929542 -0.0021791212772074514
0.9750355588704727 -0.0018469313068297157
0.9797464868072487 -0.0015316422790447063
0.9839743506981782 -0.0012366071630227787
0.9877148934427036 -0.0009653753151973543
0.9909643486313533 -0.0007215191845321581
0.9937194443381971 -0.0005084757100798115
0.9959774064153977 -0.00032940447812106546
0.9977359612865423 -0.00018706447575726884
0.9989933382359422 -8.371102844637347e-05
0.9997482711915926 -2.101424322466198e-05
1.0 0.0
