1.0 0.0
0.9997482711915926 8.739594423652034e-05
0.9989933382359422 0.000349226988713634
0.9977359612865423 0.0007844260067855743
0.9959774064153977 0.0013912252164272978
0.9937194443381971 0.00216717221517643
0.9909643486313533 0.003109152212827292
0.9877148934427036 0.004213416248079496
0.9839743506981782 0.005475615117700928
0.9797464868072487 0.006890838691660071
0.9750355588704727 0.008453660235634002
0.9698463103929542 0.010158185313788997
0.9641839665080364 0.011998104800222661
0.958054228716035 0.01396675148736195
0.9514632691433107 0.016057159744314393
0.9444177243274618 0.01826212764799932
0.9369246885348927 0.020574280985133163
0.9289917066174888 0.022986138504040233
0.9206267664155909 0.025490177781997237
0.9118382907149167 0.02807890106652587
0.9026351287655296 0.03074490044779505
0.8930265473713942 0.033480921724112295
0.8830222215594895 0.036279926333326745
0.872632224837878 0.03913515073975009
0.8618670190525357 0.0420401626887783
0.8507374438531613 0.04498891376956401
0.8392547057785669 0.04797578775960081
0.8274303669726433 0.05099564426362926
0.8152763335422621 0.05404385720251684
0.8028048435688343 0.05711634775530811
0.7900284547856001 0.060208737301983783
0.7769600319330563 0.06330995624153594
0.7636127338052524 0.06640495606286127
0.7500000000000012 0.06947780215495206
0.7361355373863427 0.07251175118770879
0.7220333063028884 0.0754893196778369
0.7077075065009447 0.07839236294579344
0.6931725628465657 0.08120245895240455
0.6784431107959373 0.08390881328958519
0.6635339816587122 0.08650983664532114
0.6484601876641387 0.08900533305743281
0.6332369068450188 0.09139604458612677
0.6178794677547149 0.09368361242942763
0.6024033340325966 0.0958705307095579
0.5868240888334664 0.097957750720983
0.5711574191366438 0.09993176104250362
0.5554190999505066 0.10177322107730173
0.5396249784283953 0.10346290441283809
0.5237909579118721 0.1049818767580847
0.5079329819174049 0.10631166130315345
0.4920670180825969 0.10743488865098016
0.4762090420881297 0.10834610437438379
0.46037502157160654 0.10905181366188595
0.44458090004949524 0.10955976265275473
0.42884258086335814 0.10987837620242834
0.41317591116653546 0.1100166782403468
0.3975966659674052 0.10998419912716939
0.38212053224528686 0.10978605678690626
0.36676309315498296 0.10941578381448301
0.35153981233586296 0.1088661818173857
0.33646601834128953 0.10813136712177913
0.32155688920406433 0.1072068461600597
0.3068274371534359 0.10608957963826877
0.29229249349905695 0.10477833563334629
0.2779666936971131 0.1032792526184489
0.2638644626136587 0.10160473745281667
0.25000000000000006 0.09976786926552565
0.2363872661947488 0.09778212953553568
0.22303996806694482 0.0956613410797868
0.20997154521440087 0.09341960712596309
0.19719515643116664 0.09107120722156845
0.18472366645773874 0.08862372788453446
0.17256963302735745 0.08607202110390492
0.1607452942214339 0.08341249235988323
0.14926255614683936 0.08064497099114902
0.1381329809474649 0.07777259149792635
0.12736777516212267 0.07480164183772309
0.116977778440511 0.07174138079723581
0.10697345262860625 0.06860382680693775
0.09736487123447068 0.06540340888714156
0.0881617092850836 0.062147116927102716
0.0793732335844094 0.05883016245520178
0.07100829338251147 0.0554546687072804
0.06307531146510753 0.05203080404393525
0.05558227567253826 0.04857578761428661
0.04853673085668936 0.04511285537293417
0.041945771283965205 0.04167020028960138
0.03581603349196366 0.038279900657061716
0.030153689607045786 0.03497685032486124
0.02496444112952728 0.031797704465607396
0.020253513192751316 0.028779854120061926
0.016025649301821876 0.025960442271154627
0.012285106557296477 0.023375433570827928
0.009035651368646647 0.021058749094058613
0.006280555661802856 0.019041476629394812
0.00402259358460233 0.01735116604389194
0.0022640387134577056 0.016011218192447982
0.0010066617640577813 0.015040374688148457
0.0002517288084074587 0.014452314623078796
0.0 0.014255363040574016
0.0 0.0
0.0002517288084074587 -0.0002897784928753291
0.0010066617640577813 -0.001143679612272706
0.0022640387134577056 -0.002516217390865833
0.00402259358460233 -0.004334294826962379
0.006280555661802856 -0.00650123576115059
0.009035651368646647 -0.008902354825937531
0.012285106557296477 -0.011411991721538237
0.016025649301821876 -0.013901916320182974
0.020253513192751316 -0.016250992322915346
0.02496444112952728 -0.018355969583783185
0.030153689607045786 -0.020143258962312244
0.03581603349196366 -0.02158152883892397
0.041945771283965205 -0.022694949387574777
0.04853673085668936 -0.023576899487211922
0.05558227567253826 -0.02438150796208107
0.06307531146510753 -0.02516157635331836
0.07100829338251147 -0.0259038255966632
0.0793732335844094 -0.026594361326697232
0.0881617092850836 -0.027219182996267542
0.09736487123447068 -0.027764289508949477
0.10697345262860625 -0.028216085725316302
0.116977778440511 -0.02856432668661799
0.12736777516212267 -0.028801705642199433
0.1381329809474649 -0.02892262628042269
0.14926255614683936 -0.028923335700973496
0.1607452942214339 -0.028802056822393736
0.17256963302735745 -0.028559102292988362
0.18472366645773874 -0.028196968388321125
0.19719515643116664 -0.027720407561243512
0.20997154521440087 -0.027136219887014767
0.22303996806694482 -0.026451382596386387
0.2363872661947488 -0.025673850746254466
0.25000000000000006 -0.0248134478866417
0.2638644626136587 -0.023881841693323858
0.2779666936971131 -0.022892494133289656
0.29229249349905695 -0.021860592073345536
0.3068274371534359 -0.020802664611485708
0.32155688920406433 -0.019728690030894724
0.33646601834128953 -0.01864050454245244
0.35153981233586296 -0.01753956662377182
0.36676309315498296 -0.016427375962376627
0.38212053224528686 -0.015305468983366757
0.3975966659674052 -0.014175414058880296
0.41317591116653546 -0.013038707646829163
0.42884258086335814 -0.011896226671597971
0.44458090004949524 -0.010748589778282665
0.46037502157160654 -0.009596405189377672
0.4762090420881297 -0.008440275502394994
0.4920670180825969 -0.007280802022124145
0.5079329819174049 -0.006118837170348595
0.5237909579118721 -0.004960938022791248
0.5396249784283953 -0.0038193109205040495
0.5554190999505066 -0.0027062476532886824
0.5711574191366438 -0.001633764258604861
0.5868240888334664 -0.0006134903633997819
0.6024033340325966 0.00034344546799677
0.6178794677547149 0.0012295885516644435
0.6332369068450188 0.00204575611278709
0.6484601876641387 0.0027941885557204427
0.6635339816587122 0.003477284930103831
0.6784431107959373 0.004097582274024609
0.6931725628465657 0.0046577351610891105
0.7077075065009447 0.005160276571957326
0.7220333063028884 0.005603576819210456
0.7361355373863427 0.005982646528788783
0.7500000000000012 0.006293202882993889
0.7636127338052524 0.006531848864615558
0.7769600319330563 0.006696091434053444
0.7900284547856001 0.0067843507734266124
0.8028048435688343 0.006795977564158967
0.8152763335422621 0.006733903049727123
0.8274303669726433 0.006606957445133061
0.8392547057785669 0.006424242718730105
0.8507374438531613 0.006194346024760806
0.8618670190525357 0.0059253224723391324
0.872632224837878 0.005624684020316523
0.8830222215594895 0.005299394263092032
0.8930265473713942 0.004955868817823372
0.9026351287655296 0.004599980972954731
0.9118382907149167 0.004237072211952986
0.9206267664155909 0.003871967185044115
0.9289917066174888 0.0035089926659227057
0.9369246885348927 0.0031520000001734124
0.9444177243274618 0.002804390527740826
0.9514632691433107 0.0024691434434021844
0.958054228716035 0.002148845546965205
0.9641839665080364 0.0018457223288976894
0.9698463103929542 0.0015616698373041424
0.9750355588704727 0.0012982867785419263
0.9797464868072487 0.0010569063162000519
0.9839743506981782 0.0008386270514733874
0.9877148934427036 0.0006443426919212485
0.9909643486313533 0.00047476994491538167
0.9937194443381971 0.00033047420641830745
0.9959774064153977 0.00021189265470149428
0.9977359612865423 0.00011935440177985487
0.9989933382359422 5.3097402231709444e-05
0.9997482711915926 1.3281869180956445e-05
1.0 0.0
