1.0 0.0
0.9997482711915926 3.451827074159707e-05
0.9989933382359422 0.00013784539918017586
0.9977359612865423 0.0003093075766798967
0.9959774064153977 0.0005478124777312777
0.9937194443381971 0.000851894873844857
0.9909643486313533 0.0012197796586022234
0.9877148934427036 0.0016494614598346294
0.9839743506981782 0.002138799794165659
0.9797464868072487 0.0026856285092542315
0.9750355588704727 0.0032878780622028307
0.9698463103929542 0.003943709000820969
0.9641839665080364 0.004651654849682878
0.958054228716035 0.0054107724569505255
0.9514632691433107 0.00622079773233176
0.9444177243274618 0.007082304602692515
0.9369246885348927 0.007996864930919558
0.9289917066174888 0.008967207086590165
0.9206267664155909 0.009997370824573849
0.9118382907149167 0.011092856120355763
0.9026351287655296 0.012260763628874334
0.8930265473713942 0.0135093434212347
0.8830222215594895 0.014842631902338135
0.872632224837878 0.016261546379826353
0.8618670190525357 0.017766531704204804
0.8507374438531613 0.01935755571248298
0.8392547057785669 0.0210340772027122
0.8274303669726433 0.022795018190036008
0.8152763335422621 0.024638740803602684
0.8028048435688343 0.026563029141808126
0.7900284547856001 0.02856491810022482
0.7769600319330563 0.030639525004603565
0.7636127338052524 0.032780536186945555
0.7500000000000012 0.0349807694376122
0.7361355373863427 0.03723219754123898
0.7220333063028884 0.03952597726800463
0.7077075065009447 0.041852487251572
0.6931725628465657 0.044201454753153784
0.6784431107959373 0.046564133489520404
0.6635339816587122 0.04893376647284484
0.6484601876641387 0.051303501053863776
0.6332369068450188 0.05366630949331902
0.6178794677547149 0.05601502753127606
0.6024033340325966 0.058342395322755154
0.5868240888334664 0.06064030420208441
0.5711574191366438 0.06289547039323094
0.5554190999505066 0.06509243757720731
0.5396249784283953 0.06721566785432694
0.5237909579118721 0.06924967527656713
0.5079329819174049 0.07117915657663886
0.4920670180825969 0.0729892927399307
0.4762090420881297 0.07466961493516865
0.46037502157160654 0.07621409335676492
0.44458090004949524 0.07761744818029219
0.42884258086335814 0.0788750224882082
0.41317591116653546 0.07998282208169905
0.3975966659674052 0.08093755025380246
0.38212053224528686 0.08173599835817351
0.36676309315498296 0.08237413308115554
0.35153981233586296 0.08284857134968036
0.33646601834128953 0.08315688139205003
0.32155688920406433 0.08329761707551711
0.3068274371534359 0.08327034521230343
0.29229249349905695 0.08307548892926328
0.2779666936971131 0.08271109774656492
0.2638644626136587 0.0821735148430442
0.25000000000000006 0.08146066677758079
0.2363872661947488 0.08057221067010961
0.22303996806694482 0.07950954277235336
0.20997154521440087 0.07827579108735346
0.19719515643116664 0.07687575675484726
0.18472366645773874 0.07531034071007046
0.17256963302735745 0.07357162724268308
0.1607452942214339 0.0716544751524556
0.14926255614683936 0.06955800381822151
0.1381329809474649 0.06729690713817403
0.12736777516212267 0.06492351806170327
0.116977778440511 0.06249156187481179
0.10697345262860625 0.060047808980583886
0.09736487123447068 0.057631507237512584
0.0881617092850836 0.055205681574791596
0.0793732335844094 0.052628280461072686
0.07100829338251147 0.04979338069355954
0.06307531146510753 0.0467327861496592
0.05558227567253826 0.04357733020690143
0.04853673085668936 0.04043646451914333
0.041945771283965205 0.0373548373558582
0.03581603349196366 0.03429320236469393
0.030153689607045786 0.031231752556467193
0.02496444112952728 0.02817816255695572
0.020253513192751316 0.025161832551663266
0.016025649301821876 0.022228329576407132
0.012285106557296477 0.019434103127092445
0.009035651368646647 0.016841547393078197
0.006280555661802856 0.014514476991474843
0.00402259358460233 0.0125140769533977
0.0022640387134577056 0.010895380953210977
0.0010066617640577813 0.009704324449784363
0.0002517288084074587 0.008975411601792344
0.0 0.00873002660879348
0.0 0.0
0.0002517288084074587 -0.0005081100322277305
0.0010066617640577813 -0.0019787060100903532
0.0022640387134577056 -0.004256359895894263
0.00402259358460233 -0.007101193979517247
0.006280555661802856 -0.0102173597473065
0.009035651368646647 -0.013292361937928206
0.012285106557296477 -0.016046688301578432
0.016025649301821876 -0.018293061190882042
0.020253513192751316 -0.020004489907185
0.02496444112952728 -0.021390174159110067
0.030153689607045786 -0.022840182542757718
0.03581603349196366 -0.024428072126105135
0.041945771283965205 -0.02609594539811209
0.04853673085668936 -0.027757509753798537
0.05558227567253826 -0.02930504113509677
0.06307531146510753 -0.03069715486097964
0.07100829338251147 -0.03194280379411401
0.0793732335844094 -0.03306834999836084
0.0881617092850836 -0.034097621543096424
0.09736487123447068 -0.03504676339798385
0.10697345262860625 -0.03593914047423675
0.116977778440511 -0.03678427508496961
0.12736777516212267 -0.03758276359003012
0.1381329809474649 -0.038337592562497746
0.14926255614683936 -0.039054431067396936
0.1607452942214339 -0.039738686503556185
0.17256963302735745 -0.04038246767929796
0.18472366645773874 -0.04097263606062623
0.19719515643116664 -0.04149496598908324
0.20997154521440087 -0.041935827989942935
0.22303996806694482 -0.042294370748120105
0.2363872661947488 -0.042577465471464224
0.25000000000000006 -0.04279392975713184
0.2638644626136587 -0.04295446182715451
0.2779666936971131 -0.043071591352675555
0.29229249349905695 -0.043159610182137396
0.3068274371534359 -0.043234051726323955
0.32155688920406433 -0.04330015564010964
0.33646601834128953 -0.04335058947768236
0.35153981233586296 -0.0433769089710132
0.36676309315498296 -0.04337024455662679
0.38212053224528686 -0.04332137293669484
0.3975966659674052 -0.0432207940391886
0.41317591116653546 -0.04305987761424931
0.42884258086335814 -0.04283679477337489
0.44458090004949524 -0.04255265325357266
0.46037502157160654 -0.04220885579444604
0.4762090420881297 -0.041807078983187904
0.4920670180825969 -0.0413492571309336
0.5079329819174049 -0.0408375618785128
0.5237909579118721 -0.040274317854296506
0.5396249784283953 -0.03966198394733539
0.5554190999505066 -0.039003200363041494
0.5711574191366438 -0.03830077223120849
0.5868240888334664 -0.03755764977214278
0.6024033340325966 -0.036776906216771287
0.6178794677547149 -0.03596091846913998
0.6332369068450188 -0.03511017544469962
0.6484601876641387 -0.03422506424991983
0.6635339816587122 -0.03330620142354438
0.6784431107959373 -0.03235443885725553
0.6931725628465657 -0.03137086804764518
0.7077075065009447 -0.030356901418408237
0.7220333063028884 -0.02931572005047221
0.7361355373863427 -0.028251976785577428
0.7500000000000012 -0.027170323524895644
0.7636127338052524 -0.02607533558152975
0.7769600319330563 -0.02497149244489441
0.7900284547856001 -0.023863160263597902
0.8028048435688343 -0.022754570662451724
0.8152763335422621 -0.0216489537414572
0.8274303669726433 -0.02054777654825967
0.8392547057785669 -0.019452530246456313
0.8507374438531613 -0.018364963259437983
0.8618670190525357 -0.017287066870456603
0.872632224837878 -0.01622105827437943
0.8830222215594895 -0.015169361261013469
0.8930265473713942 -0.014134584731685206
0.9026351287655296 -0.013119472109788484
0.9118382907149167 -0.012124549351734206
0.9206267664155909 -0.011147113458422515
0.9289917066174888 -0.01018581182797344
0.9369246885348927 -0.009240963917303628
0.9444177243274618 -0.008314368404837846
0.9514632691433107 -0.0074091019531865865
0.958054228716035 -0.006529312352575306
0.9641839665080364 -0.005680008840875168
0.9698463103929542 -0.004866852381913485
0.9750355588704727 -0.004095948640632913
0.9797464868072487 -0.0033736463221996724
0.9839743506981782 -0.0027063434431830505
0.9877148934427036 -0.002100303977551668
0.9909643486313533 -0.001561487169821922
0.9937194443381971 -0.0010953916338511099
0.9959774064153977 -0.0007069161603199568
0.9977359612865423 -0.00040023894092480907
0.9989933382359422 -0.0001787166849187361
0.9997482711915926 -4.4804856282890324e-05
1.0 0.0
