1.0 0.0
0.9997482711915926 3.96615840187443e-05
0.9989933382359422 0.00015828112219914455
0.9977359612865423 0.0003547734322063782
0.9959774064153977 0.0006273646104292087
0.9937194443381971 0.0009736436763002767
0.9909643486313533 0.0013906339669407502
0.9877148934427036 0.001874883385869152
0.9839743506981782 0.002422572369240064
0.9797464868072487 0.003029638204446986
0.9750355588704727 0.0036919141212951906
0.9698463103929542 0.004405281377548677
0.9641839665080364 0.005165832380554075
0.958054228716035 0.00597004272673726
0.9514632691433107 0.006814949902761401
0.9444177243274618 0.007698336277520087
0.9369246885348927 0.008618913924188095
0.9289917066174888 0.00957650874729726
0.9206267664155909 0.010572241352034335
0.9118382907149167 0.011608702082204082
0.9026351287655296 0.012690117669834688
0.8930265473713942 0.013821964757463783
0.8830222215594895 0.015005998524349782
0.872632224837878 0.016241305744836617
0.8618670190525357 0.01752680417747307
0.8507374438531613 0.018861265580216294
0.8392547057785669 0.02024331043763487
0.8274303669726433 0.021671403746001877
0.8152763335422621 0.02314385193514375
0.8028048435688343 0.024658800995865964
0.7900284547856001 0.02621403446891515
0.7769600319330563 0.027805496752941326
0.7636127338052524 0.029427916705880384
0.7500000000000012 0.03107552185680482
0.7361355373863427 0.03274206075551548
0.7220333063028884 0.03442082621784082
0.7077075065009447 0.036104683871259424
0.6931725628465657 0.03778617317490603
0.6784431107959373 0.0394593281039697
0.6635339816587122 0.04112005614077127
0.6484601876641387 0.04276437654751128
0.6332369068450188 0.04438834030812511
0.6178794677547149 0.04598804736298768
0.6024033340325966 0.04755966419865756
0.5868240888334664 0.04909888631596454
0.5711574191366438 0.05059790744312049
0.5554190999505066 0.05204749959717397
0.5396249784283953 0.0534384564777833
0.5237909579118721 0.054761670877697115
0.5079329819174049 0.05600820958753551
0.4920670180825969 0.05716946823358496
0.4762090420881297 0.05823899767306767
0.46037502157160654 0.0592125583030548
0.44458090004949524 0.060086401795317816
0.42884258086335814 0.060857222929948544
0.41317591116653546 0.061522188945485445
0.3975966659674052 0.062078969233676104
0.38212053224528686 0.06252691149932552
0.36676309315498296 0.06286875174943633
0.35153981233586296 0.06310802824235295
0.33646601834128953 0.06324859005511634
0.32155688920406433 0.06329457174699755
0.3068274371534359 0.06325036755647742
0.29229249349905695 0.06312015847459229
0.2779666936971131 0.06289968193896797
0.2638644626136587 0.06257788253986515
0.25000000000000006 0.06214521871018818
0.2363872661947488 0.06159403825984736
0.22303996806694482 0.06091862387524566
0.20997154521440087 0.060115218905010634
0.19719515643116664 0.05918205456590325
0.18472366645773874 0.05812265429835161
0.17256963302735745 0.05694871577705506
0.1607452942214339 0.05567306854424796
0.14926255614683936 0.05430866397184353
0.1381329809474649 0.05286503205980076
0.12736777516212267 0.051341456160199715
0.116977778440511 0.04973787426549929
0.10697345262860625 0.04805728381796121
0.09736487123447068 0.04630541949586894
0.0881617092850836 0.0444813518093639
0.0793732335844094 0.042573346200433376
0.07100829338251147 0.0405767178066982
0.06307531146510753 0.038494912343206664
0.05558227567253826 0.03633855191157226
0.04853673085668936 0.03412436032739668
0.041945771283965205 0.03186113562789305
0.03581603349196366 0.02954172263988948
0.030153689607045786 0.027174252299589835
0.02496444112952728 0.024782824757330683
0.020253513192751316 0.022403807700893404
0.016025649301821876 0.02008226520773139
0.012285106557296477 0.017868565725120078
0.009035651368646647 0.015815214821237576
0.006280555661802856 0.013973954917809887
0.00402259358460233 0.012393170343215276
0.0022640387134577056 0.01111563177505799
0.0010066617640577813 0.010176609518224253
0.0002517288084074587 0.009602380136741105
0.0 0.00940914577668976
0.0 0.0
0.0002517288084074587 -0.0005476933795642901
0.0010066617640577813 -0.0021360218692493653
0.0022640387134577056 -0.004606611987591161
0.00402259358460233 -0.007715032646875119
0.006280555661802856 -0.011159802468228225
0.009035651368646647 -0.01462244352337946
0.012285106557296477 -0.017818032008363127
0.016025649301821876 -0.02055554928697602
0.020253513192751316 -0.022807196991110282
0.02496444112952728 -0.024785708912482093
0.030153689607045786 -0.026887618856114785
0.03581603349196366 -0.029185020999266006
0.041945771283965205 -0.03161431790147151
0.04853673085668936 -0.03408121300923363
0.05558227567253826 -0.03646714012254451
0.06307531146510753 -0.03871539989863044
0.07100829338251147 -0.04081494192040733
0.0793732335844094 -0.04276844229025829
0.0881617092850836 -0.044594016158685613
0.09736487123447068 -0.04632705391422438
0.10697345262860625 -0.0480164143575454
0.116977778440511 -0.04967385299536377
0.12736777516212267 -0.05128489055129556
0.1381329809474649 -0.0528344277508936
0.14926255614683936 -0.05430709698004565
0.1607452942214339 -0.055688128065423295
0.17256963302735745 -0.05696686210424946
0.18472366645773874 -0.05813471745371608
0.19719515643116664 -0.059184172561603965
0.20997154521440087 -0.060109192244502424
0.22303996806694482 -0.06090794865653902
0.2363872661947488 -0.061581740617614775
0.25000000000000006 -0.062133740740158726
0.2638644626136587 -0.0625689833587801
0.2779666936971131 -0.06289434187533478
0.29229249349905695 -0.06311848747275757
0.3068274371534359 -0.06325154024862899
0.32155688920406433 -0.06329733523750376
0.33646601834128953 -0.06325188564971258
0.35153981233586296 -0.06311104620647481
0.36676309315498296 -0.06287095317830514
0.38212053224528686 -0.06252804783390217
0.3975966659674052 -0.062079099198503525
0.41317591116653546 -0.0615216515069759
0.42884258086335814 -0.06085638112673669
0.44458090004949524 -0.060085536435161235
0.46037502157160654 -0.059211864180074694
0.4762090420881297 -0.05823858089349418
0.4920670180825969 -0.05716934442691201
0.5079329819174049 -0.05600830543136672
0.5237909579118721 -0.0547618794793535
0.5396249784283953 -0.05343869309172813
0.5554190999505066 -0.052047704154236964
0.5711574191366438 -0.050598044425400106
0.5868240888334664 -0.0490989443904631
0.6024033340325966 -0.047559655597505884
0.6178794677547149 -0.04598799973393273
0.6332369068450188 -0.04438827764257329
0.6484601876641387 -0.042764316407752655
0.6635339816587122 -0.04112000990172243
0.6784431107959373 -0.039459301247604314
0.6931725628465657 -0.03778616563338295
0.7077075065009447 -0.036104690573235954
0.7220333063028884 -0.0344208405914638
0.7361355373863427 -0.032742077669662306
0.7500000000000012 -0.03107553762866333
0.7636127338052524 -0.029427928989539446
0.7769600319330563 -0.02780550442083497
0.7900284547856001 -0.026214037487569865
0.8028048435688343 -0.024658800295332527
0.8152763335422621 -0.02314384894875876
0.8274303669726433 -0.02167139966165306
0.8392547057785669 -0.020243306137953523
0.8507374438531613 -0.018861261676870477
0.8618670190525357 -0.01752680104535697
0.872632224837878 -0.0162413035557922
0.8830222215594895 -0.015005997280075076
0.8930265473713942 -0.013821964321283624
0.9026351287655296 -0.012690117797611518
0.9118382907149167 -0.011608702500986494
0.9206267664155909 -0.010572241857682685
0.9289917066174888 -0.009576509202039443
0.9369246885348927 -0.008618914244387042
0.9444177243274618 -0.00769833642242914
0.9514632691433107 -0.006814949864330221
0.958054228716035 -0.005970042520514016
0.9641839665080364 -0.005165832037712603
0.9698463103929542 -0.0044052809380522775
0.9750355588704727 -0.0036919136281919314
0.9797464868072487 -0.0030296376992750445
0.9839743506981782 -0.002422571888505811
0.9877148934427036 -0.0018748829585456632
0.9909643486313533 -0.0013906336129203031
0.9937194443381971 -0.0009736434057213185
0.9959774064153977 -0.0006273644237864056
0.9977359612865423 -0.0003547733211418125
0.9989933382359422 -0.00015828107086359833
0.9997482711915926 -3.9661570884414915e-05
1.0 0.0
