1.0 0.0
0.9997482711915926 5.498956495118861e-05
0.9989933382359422 0.00021955023669623382
0.9977359612865423 0.000492473026933221
0.9959774064153977 0.0008717930309858061
0.9937194443381971 0.0013548638636627901
0.9909643486313533 0.0019384605208934249
0.9877148934427036 0.0026189093352837023
0.9839743506981782 0.0033922433369057976
0.9797464868072487 0.004254380991260182
0.9750355588704727 0.005201325967976073
0.9698463103929542 0.006229385299774011
0.9641839665080364 0.007335403024611565
0.958054228716035 0.00851700616760596
0.9514632691433107 0.009772859715829293
0.9444177243274618 0.011102927070635107
0.9369246885348927 0.012508732330699705
0.9289917066174888 0.013993620665988351
0.9206267664155909 0.01556301298955796
0.9118382907149167 0.017224651121273186
0.9026351287655296 0.018988829665535525
0.8930265473713942 0.020867478589471765
0.8830222215594895 0.0228636786493034
0.872632224837878 0.024973766071437985
0.8618670190525357 0.027192467631254977
0.8507374438531613 0.029512875822337317
0.8392547057785669 0.03192637753250166
0.8274303669726433 0.03442259859072728
0.8152763335422621 0.03698936530864845
0.8028048435688343 0.03961268398482729
0.7900284547856001 0.0422779458885626
0.7769600319330563 0.04497879682819685
0.7636127338052524 0.047713450541214016
0.7500000000000012 0.05048048745128361
0.7361355373863427 0.053278827143577116
0.7220333063028884 0.05610772367866105
0.7077075065009447 0.05896675690689541
0.6931725628465657 0.06185552409466953
0.6784431107959373 0.06476579317481412
0.6635339816587122 0.06768000817036479
0.6484601876641387 0.0705792173307215
0.6332369068450188 0.07344362663617596
0.6178794677547149 0.07625273923091201
0.6024033340325966 0.07898550518316838
0.5868240888334664 0.08162139540077964
0.5711574191366438 0.08414559151210461
0.5554190999505066 0.08654576146155529
0.5396249784283953 0.08880988886048116
0.5237909579118721 0.09092635598694376
0.5079329819174049 0.09288403215071579
0.4920670180825969 0.09467272514484826
0.4762090420881297 0.09629126565146859
0.46037502157160654 0.09774750269800975
0.44458090004949524 0.099050210220258
0.42884258086335814 0.10020862674826662
0.41317591116653546 0.10123235845814725
0.3975966659674052 0.10213125998127913
0.38212053224528686 0.1029062106329405
0.36676309315498296 0.10353563901994664
0.35153981233586296 0.10399606358476342
0.33646601834128953 0.10426601301605734
0.32155688920406433 0.10432622909413211
0.3068274371534359 0.10415984813042538
0.29229249349905695 0.10375312601212432
0.2779666936971131 0.10310597612746938
0.2638644626136587 0.10222995109258956
0.25000000000000006 0.10113775732817812
0.2363872661947488 0.09984280060607058
0.22303996806694482 0.09835912293103923
0.20997154521440087 0.09670133717758862
0.19719515643116664 0.09488452522544182
0.18472366645773874 0.09291876328958615
0.17256963302735745 0.09080430241619372
0.1607452942214339 0.08854288585470056
0.14926255614683936 0.08613920625658299
0.1381329809474649 0.08359853059954823
0.12736777516212267 0.08092217707063844
0.116977778440511 0.07811441646703354
0.10697345262860625 0.07518386089090584
0.09736487123447068 0.07214287956984129
0.0881617092850836 0.06898511017853166
0.0793732335844094 0.06567569924450505
0.07100829338251147 0.06219620681992553
0.06307531146510753 0.05858032553753339
0.05558227567253826 0.0548994527099977
0.04853673085668936 0.05121857382621134
0.041945771283965205 0.04756018235190351
0.03581603349196366 0.043886211267141234
0.030153689607045786 0.040184407172581954
0.02496444112952728 0.03647341250112641
0.020253513192751316 0.032796112358708975
0.016025649301821876 0.029213211318139542
0.012285106557296477 0.025797128674633584
0.009035651368646647 0.02262629529884883
0.006280555661802856 0.01977992897987706
0.00402259358460233 0.017333358104315834
0.0022640387134577056 0.015353955743578111
0.0010066617640577813 0.013897737802269829
0.0002517288084074587 0.013006669904251705
0.0 0.012706718253691003
0.0 0.0
0.0002517288084074587 -0.00048328452583606935
0.0010066617640577813 -0.0018889892760874068
0.0022640387134577056 -0.004089113616851159
0.00402259358460233 -0.006885082184206543
0.006280555661802856 -0.010029672421588802
0.009035651368646647 -0.013257293401446114
0.012285106557296477 -0.016322201480420476
0.016025649301821876 -0.019044127408538624
0.020253513192751316 -0.02136068409936103
0.02496444112952728 -0.023385825486316316
0.030153689607045786 -0.025373868862182854
0.03581603349196366 -0.027364547579474388
0.041945771283965205 -0.029321127434693502
0.04853673085668936 -0.031209462641483204
0.05558227567253826 -0.03299955981071995
0.06307531146510753 -0.0346694545001927
0.07100829338251147 -0.03620613858384991
0.0793732335844094 -0.03760578128865987
0.0881617092850836 -0.03886990584291962
0.09736487123447068 -0.04000497764776855
0.10697345262860625 -0.041025407058484835
0.116977778440511 -0.04193731023830618
0.12736777516212267 -0.04274247542636442
0.1381329809474649 -0.04344719178806773
0.14926255614683936 -0.04406264157133075
0.1607452942214339 -0.04460167971016003
0.17256963302735745 -0.04506423631020521
0.18472366645773874 -0.04544643096693395
0.19719515643116664 -0.04574528670337719
0.20997154521440087 -0.04595909206820891
0.22303996806694482 -0.04608978620118312
0.2363872661947488 -0.04614199040617425
0.25000000000000006 -0.04612188799516652
0.2638644626136587 -0.04603719894202966
0.2779666936971131 -0.045897145495346625
0.29229249349905695 -0.045712401710730065
0.3068274371534359 -0.04549470124752755
0.32155688920406433 -0.04524812669713006
0.33646601834128953 -0.044967388248580535
0.35153981233586296 -0.0446464759460128
0.36676309315498296 -0.0442791754765529
0.38212053224528686 -0.04385911874622714
0.3975966659674052 -0.04337983773859658
0.41317591116653546 -0.04283624394390125
0.42884258086335814 -0.04223249765953137
0.44458090004949524 -0.04157678631574741
0.46037502157160654 -0.040877734848649504
0.4762090420881297 -0.040144315592204716
0.4920670180825969 -0.03938576386633995
0.5079329819174049 -0.038611159972062575
0.5237909579118721 -0.0378220588987558
0.5396249784283953 -0.03701248173965421
0.5554190999505066 -0.03617626888770665
0.5711574191366438 -0.035307481159586575
0.5868240888334664 -0.034400467684529736
0.6024033340325966 -0.03344993875673215
0.6178794677547149 -0.03245404021782358
0.6332369068450188 -0.03141882772688656
0.6484601876641387 -0.030351513487344176
0.6635339816587122 -0.029259193542672403
0.6784431107959373 -0.02814879794453238
0.6931725628465657 -0.027027043964297212
0.7077075065009447 -0.02590026910118224
0.7220333063028884 -0.02477212191201087
0.7361355373863427 -0.023643990251042996
0.7500000000000012 -0.022517274973555153
0.7636127338052524 -0.021393473988929632
0.7769600319330563 -0.020274179495607485
0.7900284547856001 -0.019161074316586122
0.8028048435688343 -0.018055948231596154
0.8152763335422621 -0.016963961873421137
0.8274303669726433 -0.01589651269336576
0.8392547057785669 -0.01486433992319297
0.8507374438531613 -0.01387659134883808
0.8618670190525357 -0.01294084502016125
0.872632224837878 -0.012063146879998578
0.8830222215594895 -0.011248063442428471
0.8930265473713942 -0.010498748512274681
0.9026351287655296 -0.00981691091034102
0.9118382907149167 -0.009193319249541192
0.9206267664155909 -0.008603845786076201
0.9289917066174888 -0.008028557971233682
0.9369246885348927 -0.007453279657088611
0.9444177243274618 -0.006869040957978068
0.9514632691433107 -0.006271499068303703
0.958054228716035 -0.0056603386635566775
0.9641839665080364 -0.005038660569770455
0.9698463103929542 -0.004412367352468974
0.9750355588704727 -0.0037895543505064083
0.9797464868072487 -0.0031799144647874315
0.9839743506981782 -0.002594164709376759
0.9877148934427036 -0.002043502146450993
0.9909643486313533 -0.0015390963612163572
0.9937194443381971 -0.0010916250933711673
0.9959774064153977 -0.0007108590337046193
0.9977359612865423 -0.0004053011244162466
0.9989933382359422 -0.00018188497673362936
0.9997482711915926 -4.573624694049998e-05
1.0 0.0
