1.0 0.0
0.9997482711915926 7.264690612927744e-05
0.9989933382359422 0.00029048410167080283
0.9977359612865423 0.0006532015316328548
0.9959774064153977 0.0011602841447562232
0.9937194443381971 0.0018110144374744784
0.9909643486313533 0.002604475982361636
0.9877148934427036 0.0035395579083496278
0.9839743506981782 0.004614960291187727
0.9797464868072487 0.005829200404201819
0.9750355588704727 0.007180619771475601
0.9698463103929542 0.008667391958190303
0.9641839665080364 0.0102875310261007
0.958054228716035 0.012038900576052815
0.9514632691433107 0.013919223294126159
0.9444177243274618 0.015926090913458417
0.9369246885348927 0.018056974500130923
0.9289917066174888 0.0203092349686918
0.9206267664155909 0.022680133731001736
0.9118382907149167 0.025166843381124276
0.9026351287655296 0.027766458318954815
0.8930265473713942 0.03047600521620073
0.8830222215594895 0.03329245323017393
0.872632224837878 0.03621272387362683
0.8618670190525357 0.039233700452528525
0.8507374438531613 0.04235223698820363
0.8392547057785669 0.04556516654560768
0.8274303669726433 0.04886930889563494
0.8152763335422621 0.05226147744619596
0.8028048435688343 0.055738485384300415
0.7900284547856001 0.0592968529330447
0.7769600319330563 0.06293062544329728
0.7636127338052524 0.06663229671942396
0.7500000000000012 0.07039386347859353
0.7361355373863427 0.07420685296851388
0.7220333063028884 0.0780623489292902
0.7077075065009447 0.08195102244926286
0.6931725628465657 0.08586294557569722
0.6784431107959373 0.08978175356732718
0.6635339816587122 0.09368358267231729
0.6484601876641387 0.09754308799164828
0.6332369068450188 0.1013339317059461
0.6178794677547149 0.10502896620957353
0.6024033340325966 0.10860043013754331
0.5868240888334664 0.11202173614548985
0.5711574191366438 0.11527636383089968
0.5554190999505066 0.11835221640981797
0.5396249784283953 0.12123779478756834
0.5237909579118721 0.12392226212076127
0.5079329819174049 0.12639551637209562
0.4920670180825969 0.12864852721688366
0.4762090420881297 0.13067926027662266
0.46037502157160654 0.1324926770463772
0.44458090004949524 0.13409481053525496
0.42884258086335814 0.1354924282915807
0.41317591116653546 0.1366929598752376
0.3975966659674052 0.13770441000265693
0.38212053224528686 0.13853005254131068
0.36676309315498296 0.13916068665968787
0.35153981233586296 0.13958638588377387
0.33646601834128953 0.1397987213754318
0.32155688920406433 0.13979085386113657
0.3068274371534359 0.1395576125729556
0.29229249349905695 0.13909531869861855
0.2779666936971131 0.1383973977793449
0.2638644626136587 0.13745532274379166
0.25000000000000006 0.1362631423721612
0.2363872661947488 0.13481770326515577
0.22303996806694482 0.13311867729694016
0.20997154521440087 0.1311685623808606
0.19719515643116664 0.1289726353834555
0.18472366645773874 0.1265355772756612
0.17256963302735745 0.12385847607829496
0.1607452942214339 0.12094572428126044
0.14926255614683936 0.11780583240435498
0.1381329809474649 0.11445124855810448
0.12736777516212267 0.11089813983750958
0.116977778440511 0.10716613812617994
0.10697345262860625 0.10327805321305701
0.09736487123447068 0.09925927182710707
0.0881617092850836 0.09511303431041199
0.0793732335844094 0.09080975001402385
0.07100829338251147 0.08633488783887465
0.06307531146510753 0.08169224950899653
0.05558227567253826 0.07690184815024985
0.04853673085668936 0.07199769630306022
0.041945771283965205 0.0670255337124716
0.03581603349196366 0.062040525397850224
0.030153689607045786 0.05710496034537265
0.02496444112952728 0.0522859806922892
0.020253513192751316 0.04765337048917944
0.016025649301821876 0.04327743204425443
0.012285106557296477 0.03922697648433393
0.009035651368646647 0.035567453525274136
0.006280555661802856 0.032359243547798726
0.00402259358460233 0.029656132942753582
0.0022640387134577056 0.02750399134487677
0.0010066617640577813 0.025939666840369233
0.0002517288084074587 0.024990112536802004
0.0 0.024671755051652984
0.0 0.0
0.0002517288084074587 -0.0007378583916941514
0.0010066617640577813 -0.002914514031469594
0.0022640387134577056 -0.006421186834155379
0.00402259358460233 -0.011083145655726882
0.006280555661802856 -0.01666947081136068
0.009035651368646647 -0.022906540614167855
0.012285106557296477 -0.029495063204588234
0.016025649301821876 -0.03613042707402756
0.020253513192751316 -0.0425260981772179
0.02496444112952728 -0.04843974885336174
0.030153689607045786 -0.05370176438663802
0.03581603349196366 -0.05824573735081258
0.041945771283965205 -0.062140528283666806
0.04853673085668936 -0.06562344406860991
0.05558227567253826 -0.06907840065550629
0.06307531146510753 -0.07263292554599843
0.07100829338251147 -0.07624475832262996
0.0793732335844094 -0.07986344539393324
0.0881617092850836 -0.08343079661470046
0.09736487123447068 -0.0868803818403806
0.10697345262860625 -0.0901407872956153
0.116977778440511 -0.09317019199352014
0.12736777516212267 -0.09594971546616311
0.1381329809474649 -0.09846683314952308
0.14926255614683936 -0.10071567482749949
0.1607452942214339 -0.10269746138407311
0.17256963302735745 -0.10442087385704815
0.18472366645773874 -0.10590234945033511
0.19719515643116664 -0.10716629983035782
0.20997154521440087 -0.10824155026594329
0.22303996806694482 -0.109134268330938
0.2363872661947488 -0.10983933938577638
0.25000000000000006 -0.11035329164972313
0.2638644626136587 -0.11067440478350475
0.2779666936971131 -0.11080272036881154
0.29229249349905695 -0.11074003649316017
0.3068274371534359 -0.11048994439156685
0.32155688920406433 -0.11005932426525125
0.33646601834128953 -0.1094585817222642
0.35153981233586296 -0.10870002433203636
0.36676309315498296 -0.10779766685329567
0.38212053224528686 -0.10676710347171149
0.3975966659674052 -0.10562536489498117
0.41317591116653546 -0.10438596180415775
0.42884258086335814 -0.10303236660348289
0.44458090004949524 -0.10153565521703146
0.46037502157160654 -0.09986663823237998
0.4762090420881297 -0.0979961810571613
0.4920670180825969 -0.09589549999735553
0.5079329819174049 -0.09353821381355044
0.5237909579118721 -0.09093916223627703
0.5396249784283953 -0.08815427812833584
0.5554190999505066 -0.08524151444523342
0.5711574191366438 -0.08225854159763331
0.5868240888334664 -0.07926220599537705
0.6024033340325966 -0.07630795508244843
0.6178794677547149 -0.07343042453825244
0.6332369068450188 -0.07061523979641063
0.6484601876641387 -0.0678412773718934
0.6635339816587122 -0.06508853352926935
0.6784431107959373 -0.0623383206730588
0.6931725628465657 -0.0595734473802021
0.7077075065009447 -0.056779332657961396
0.7220333063028884 -0.053961630562548706
0.7361355373863427 -0.05114277935198484
0.7500000000000012 -0.04834434660959657
0.7636127338052524 -0.045586253062439616
0.7769600319330563 -0.04288667787974375
0.7900284547856001 -0.040261984125159515
0.8028048435688343 -0.037726632178183436
0.8152763335422621 -0.03528806822707391
0.8274303669726433 -0.03294224982673088
0.8392547057785669 -0.030684350737578872
0.8507374438531613 -0.02851022427756761
0.8618670190525357 -0.02641640111067773
0.872632224837878 -0.024400079128821375
0.8830222215594895 -0.022459105821743035
0.8930265473713942 -0.020591953599299686
0.9026351287655296 -0.018797688594706933
0.9118382907149167 -0.01707593353540139
0.9206267664155909 -0.01542682531957358
0.9289917066174888 -0.01385096798071508
0.9369246885348927 -0.012349381759320436
0.9444177243274618 -0.010923449029877744
0.9514632691433107 -0.009574857852239237
0.958054228716035 -0.00830554392923338
0.9641839665080364 -0.007117631756882259
0.9698463103929542 -0.006013375749832087
0.9750355588704727 -0.004995102112671718
0.9797464868072487 -0.004065152207866003
0.9839743506981782 -0.0032258281433092542
0.9877148934427036 -0.002479341267320213
0.9909643486313533 -0.0018277642166410482
0.9937194443381971 -0.0012729871141188827
0.9959774064153977 -0.0008166784577581648
0.9977359612865423 -0.00046025118230602364
0.9989933382359422 -0.0002048343091010076
0.9997482711915926 -5.125053024864041e-05
1.0 0.0
