1.0 0.000791
0.9997482711915926 0.0008105112505910468
0.9989933382359422 0.0008691471542030543
0.9977359612865423 0.0009672144508059688
0.9959774064153977 0.0011052253120660228
0.9937194443381971 0.0012838987147577182
0.9909643486313533 0.0015041622956470297
0.9877148934427036 0.0017671546209541257
0.9839743506981782 0.0020742277858118116
0.9797464868072487 0.0024269502424887498
0.9750355588704727 0.002827109740755282
0.9698463103929542 0.003276716249830847
0.9641839665080364 0.0037780047190499673
0.958054228716035 0.004333437523883254
0.9514632691433107 0.00494570643539998
0.9444177243274618 0.005617674098519517
0.9369246885348927 0.006351954579279388
0.9289917066174888 0.007150983854042426
0.9206267664155909 0.008017131520637103
0.9118382907149167 0.008952691893337401
0.9026351287655296 0.009959855859847077
0.8930265473713942 0.01104066479160552
0.8830222215594895 0.012196989210101207
0.872632224837878 0.013430501285365028
0.8618670190525357 0.014743020608097908
0.8507374438531613 0.016136865883742545
0.8392547057785669 0.01761452311945031
0.8274303669726433 0.019179065256784703
0.8152763335422621 0.02083384040219727
0.8028048435688343 0.022582656953183726
0.7900284547856001 0.024429017373684334
0.7769600319330563 0.026373618693445035
0.7636127338052524 0.0284149403417991
0.7500000000000012 0.030547318207876
0.7361355373863427 0.03276124142551336
0.7220333063028884 0.035041251602667335
0.7077075065009447 0.03736864081387107
0.6931725628465657 0.03972196481999439
0.6784431107959373 0.04207973003416509
0.6635339816587122 0.04442111371420806
0.6484601876641387 0.04672842147994555
0.6332369068450188 0.048985825521079385
0.6178794677547149 0.0511798277108689
0.6024033340325966 0.05330131037308864
0.5868240888334664 0.05534383029529442
0.5711574191366438 0.05730118074717049
0.5554190999505066 0.05916714517783116
0.5396249784283953 0.060934720078909745
0.5237909579118721 0.0625929515305955
0.5079329819174049 0.06412694858895132
0.4920670180825969 0.0655179388265478
0.4762090420881297 0.06674867020182881
0.46037502157160654 0.06780616921308852
0.44458090004949524 0.06868524688613498
0.42884258086335814 0.06938892730095869
0.41317591116653546 0.06992684362078139
0.3975966659674052 0.07031330906954761
0.38212053224528686 0.07056473916490497
0.36676309315498296 0.07069856372945281
0.35153981233586296 0.0707310232520717
0.33646601834128953 0.07067652152510093
0.32155688920406433 0.07054642746746125
0.3068274371534359 0.07035139069202304
0.29229249349905695 0.07010121068494185
0.2779666936971131 0.06980136171564594
0.2638644626136587 0.06945542073769215
0.25000000000000006 0.06906702006530029
0.2363872661947488 0.06863818061040318
0.22303996806694482 0.06816796624356522
0.20997154521440087 0.06765480690523831
0.19719515643116664 0.06709662437298579
0.18472366645773874 0.06648858230928684
0.17256963302735745 0.06582322664773152
0.1607452942214339 0.06508820548554542
0.14926255614683936 0.06426639465282545
0.1381329809474649 0.0633397576584581
0.12736777516212267 0.062286834107027504
0.116977778440511 0.06108967123235999
0.10697345262860625 0.05972541095964579
0.09736487123447068 0.058177302693640666
0.0881617092850836 0.056436559641124415
0.0793732335844094 0.05450122968096601
0.07100829338251147 0.052378251361348174
0.06307531146510753 0.05006178111816183
0.05558227567253826 0.04753254639863137
0.04853673085668936 0.04479126886440413
0.041945771283965205 0.041858331870006815
0.03581603349196366 0.038771223851075995
0.030153689607045786 0.03558044254475632
0.02496444112952728 0.03234592105856093
0.020253513192751316 0.02911126146403705
0.016025649301821876 0.02576989480825028
0.012285106557296477 0.02225870100048326
0.009035651368646647 0.018644074110011254
0.006280555661802856 0.01507875628578054
0.00402259358460233 0.011762301640586132
0.0022640387134577056 0.008906656816784793
0.0010066617640577813 0.0067073334188372915
0.0002517288084074587 0.005320568085864006
0.0 0.004846782412139655
0.0 0.0
0.0002517288084074587 -0.0007733764898522501
0.0010066617640577813 -0.0029260951567902757
0.0022640387134577056 -0.005991793741552907
0.00402259358460233 -0.00931227185551118
0.006280555661802856 -0.012214361360956187
0.009035651368646647 -0.01425409431074742
0.012285106557296477 -0.015524761483734568
0.016025649301821876 -0.016947602417439735
0.020253513192751316 -0.018598631752052605
0.02496444112952728 -0.02008238089001112
0.030153689607045786 -0.021484659915776024
0.03581603349196366 -0.022790651496407535
0.041945771283965205 -0.023951973866194874
0.04853673085668936 -0.02494054444427724
0.05558227567253826 -0.025743737534155358
0.06307531146510753 -0.026364385238414553
0.07100829338251147 -0.026813106461144
0.0793732335844094 -0.027091232994312257
0.0881617092850836 -0.027206921165262857
0.09736487123447068 -0.027178201857550783
0.10697345262860625 -0.027033249942567224
0.116977778440511 -0.02681007080748111
0.12736777516212267 -0.026544893999839843
0.1381329809474649 -0.026277941349750682
0.14926255614683936 -0.02604390791129172
0.1607452942214339 -0.025871134840968226
0.17256963302735745 -0.02577830800587564
0.18472366645773874 -0.02576821844791423
0.19719515643116664 -0.025836106364993068
0.20997154521440087 -0.025967151787720466
0.22303996806694482 -0.026146887883734198
0.2363872661947488 -0.02636390044914433
0.25000000000000006 -0.02660981959246721
0.2638644626136587 -0.026879470989410258
0.2779666936971131 -0.027168119657838573
0.29229249349905695 -0.027471011309017534
0.3068274371534359 -0.02778287396606628
0.32155688920406433 -0.028097908479383406
0.33646601834128953 -0.028409788065061812
0.35153981233586296 -0.02871176432410533
0.36676309315498296 -0.028996410477806375
0.38212053224528686 -0.029254342492210483
0.3975966659674052 -0.029474612464616214
0.41317591116653546 -0.029644812471258858
0.42884258086335814 -0.029752717232824074
0.44458090004949524 -0.029788517594457567
0.46037502157160654 -0.02974855041192368
0.4762090420881297 -0.029631033900320264
0.4920670180825969 -0.029435882692768364
0.5079329819174049 -0.029166445071233633
0.5237909579118721 -0.0288208558165727
0.5396249784283953 -0.02839389448274986
0.5554190999505066 -0.027898962533395653
0.5711574191366438 -0.02735230525081535
0.5868240888334664 -0.026764557643815357
0.6024033340325966 -0.026148751658134073
0.6178794677547149 -0.025517710298933596
0.6332369068450188 -0.024879907983819262
0.6484601876641387 -0.024241280814498806
0.6635339816587122 -0.023605993973187293
0.6784431107959373 -0.022977513380284805
0.6931725628465657 -0.022357189232877432
0.7077075065009447 -0.02174291227924842
0.7220333063028884 -0.021132085665262448
0.7361355373863427 -0.020521802188431845
0.7500000000000012 -0.01990722135290036
0.7636127338052524 -0.01928323836248577
0.7769600319330563 -0.018645751954528042
0.7900284547856001 -0.01799135285472332
0.8028048435688343 -0.01731712175700822
0.8152763335422621 -0.016620145425743006
0.8274303669726433 -0.015896894244423358
0.8392547057785669 -0.015147346462862515
0.8507374438531613 -0.014377823265611229
0.8618670190525357 -0.013594861927487227
0.872632224837878 -0.012803716978564543
0.8830222215594895 -0.012009676219061554
0.8930265473713942 -0.011221273529811667
0.9026351287655296 -0.010447700553770799
0.9118382907149167 -0.009694401944830159
0.9206267664155909 -0.008961792385585313
0.9289917066174888 -0.008250354009153464
0.9369246885348927 -0.007562528872867147
0.9444177243274618 -0.006902250038374981
0.9514632691433107 -0.0062730149603345
0.958054228716035 -0.005673961382691247
0.9641839665080364 -0.005097239496136341
0.9698463103929542 -0.004538308114991739
0.9750355588704727 -0.003996661883707268
0.9797464868072487 -0.003475015679953897
0.9839743506981782 -0.0029785166571251877
0.9877148934427036 -0.0025139949134688837
0.9909643486313533 -0.0020892631093620486
0.9937194443381971 -0.0017124745801138164
0.9959774064153977 -0.0013915486175471604
0.9977359612865423 -0.0011336706288495113
0.9989933382359422 -0.0009448738360403888
0.9997482711915926 -0.0008297080648980637
1.0 -0.000791
