1.0 0.0
0.9997482711915926 4.349769801898404e-05
0.9989933382359422 0.000175815321531353
0.9977359612865423 0.00040211531499531605
0.9959774064153977 0.0007299688979124882
0.9937194443381971 0.0011678217590178782
0.9909643486313533 0.0017228758184156152
0.9877148934427036 0.0023984164717573125
0.9839743506981782 0.0031915742413498632
0.9797464868072487 0.004096168178783054
0.9750355588704727 0.005100182466025421
0.9698463103929542 0.006182723401619337
0.9641839665080364 0.007325559192442836
0.958054228716035 0.00852067488516857
0.9514632691433107 0.009761698273032315
0.9444177243274618 0.011044372622051902
0.9369246885348927 0.012368275975216888
0.9289917066174888 0.013736448017940491
0.9206267664155909 0.015154364241541448
0.9118382907149167 0.016622262446888303
0.9026351287655296 0.018138099157413757
0.8930265473713942 0.01970034648233164
0.8830222215594895 0.02130636811504022
0.872632224837878 0.022952114487882688
0.8618670190525357 0.02463341126275946
0.8507374438531613 0.026346490556485035
0.8392547057785669 0.028088628144838063
0.8274303669726433 0.029857474942117247
0.8152763335422621 0.03165047027249259
0.8028048435688343 0.03346280324275029
0.7900284547856001 0.03528876142589648
0.7769600319330563 0.03712253885317442
0.7636127338052524 0.038959845217094356
0.7500000000000012 0.0407975611157924
0.7361355373863427 0.042632723402080186
0.7220333063028884 0.04446103357447085
0.7077075065009447 0.04627624165508516
0.6931725628465657 0.04807183723862375
0.6784431107959373 0.04984167726514107
0.6635339816587122 0.05158079946823482
0.6484601876641387 0.05328450625523171
0.6332369068450188 0.05494806599166904
0.6178794677547149 0.05656615508297964
0.6024033340325966 0.05813333086683628
0.5868240888334664 0.05964423483844361
0.5711574191366438 0.061093262772960226
0.5554190999505066 0.06247475112363535
0.5396249784283953 0.06378326565170377
0.5237909579118721 0.06501430221276548
0.5079329819174049 0.06616432019844141
0.4920670180825969 0.06723012504955247
0.4762090420881297 0.06820903557260162
0.46037502157160654 0.0690990100060469
0.44458090004949524 0.06989839557480249
0.42884258086335814 0.07060487650613742
0.41317591116653546 0.07121384032290229
0.3975966659674052 0.07172075371461212
0.38212053224528686 0.07212190640403118
0.36676309315498296 0.07241524628386901
0.35153981233586296 0.07259958253310379
0.33646601834128953 0.0726739284294679
0.32155688920406433 0.07263537690732248
0.3068274371534359 0.07248081256069609
0.29229249349905695 0.0722080691874372
0.2779666936971131 0.07181617957500412
0.2638644626136587 0.07130527434715497
0.25000000000000006 0.07067626947840806
0.2363872661947488 0.06992827116870987
0.22303996806694482 0.06905942737934032
0.20997154521440087 0.06806933534190224
0.19719515643116664 0.0669581467664481
0.18472366645773874 0.06572661601203474
0.17256963302735745 0.06437719969697869
0.1607452942214339 0.06291207614470724
0.14926255614683936 0.061332661712716285
0.1381329809474649 0.059642583068210304
0.12736777516212267 0.05784535213275287
0.116977778440511 0.05594295092251962
0.10697345262860625 0.05394035889213942
0.09736487123447068 0.05184124538807366
0.0881617092850836 0.049643804012236864
0.0793732335844094 0.04735121655779152
0.07100829338251147 0.0449726261178692
0.06307531146510753 0.042522513262243794
0.05558227567253826 0.04001986320602528
0.04853673085668936 0.037470299176231354
0.041945771283965205 0.034840416511843844
0.03581603349196366 0.032114954439729976
0.030153689607045786 0.02931500256709958
0.02496444112952728 0.026510807802033486
0.020253513192751316 0.023774115724743018
0.016025649301821876 0.021109633422729795
0.012285106557296477 0.018360143398927702
0.009035651368646647 0.015482116506448972
0.006280555661802856 0.012564761347000663
0.00402259358460233 0.00977732222017601
0.0022640387134577056 0.007323187709703926
0.0010066617640577813 0.00540144820966033
0.0002517288084074587 0.00417643404052618
0.0 0.003755653561838649
0.0 0.0
0.0002517288084074587 -0.0005205469885719727
0.0010066617640577813 -0.0019802985831359034
0.0022640387134577056 -0.004095210998539419
0.00402259358460233 -0.006463659378461725
0.006280555661802856 -0.008673064378752801
0.009035651368646647 -0.010447089511562684
0.012285106557296477 -0.011831355674469149
0.016025649301821876 -0.013321697053932331
0.020253513192751316 -0.015133057150465978
0.02496444112952728 -0.01707253132714629
0.030153689607045786 -0.018864295806186995
0.03581603349196366 -0.02045509075322553
0.041945771283965205 -0.021917550826119105
0.04853673085668936 -0.023353664306263736
0.05558227567253826 -0.024761560436708335
0.06307531146510753 -0.026110289779163215
0.07100829338251147 -0.027374569214172
0.0793732335844094 -0.02855142736304447
0.0881617092850836 -0.029648953120311367
0.09736487123447068 -0.030676012541060338
0.10697345262860625 -0.03163052970656029
0.116977778440511 -0.03251178645312397
0.12736777516212267 -0.033320256772136604
0.1381329809474649 -0.034055269901666047
0.14926255614683936 -0.034718215531915834
0.1607452942214339 -0.0353108679478603
0.17256963302735745 -0.03583348232466745
0.18472366645773874 -0.036287653895224294
0.19719515643116664 -0.036674997107982166
0.20997154521440087 -0.03699578122990832
0.22303996806694482 -0.03725112421754205
0.2363872661947488 -0.03744275773528726
0.25000000000000006 -0.03757262101374122
0.2638644626136587 -0.03764349532486554
0.2779666936971131 -0.03765747712251701
0.29229249349905695 -0.037614386283685484
0.3068274371534359 -0.0375141564339861
0.32155688920406433 -0.03735749961510613
0.33646601834128953 -0.037146372129647796
0.35153981233586296 -0.03688331044818982
0.36676309315498296 -0.036570181601189425
0.38212053224528686 -0.03620610175331958
0.3975966659674052 -0.03578984610112138
0.41317591116653546 -0.035320926652131414
0.42884258086335814 -0.034801176349979646
0.44458090004949524 -0.034233193491251916
0.46037502157160654 -0.03361908877002394
0.4762090420881297 -0.03295705305327765
0.4920670180825969 -0.032244011395931624
0.5079329819174049 -0.03147657368577746
0.5237909579118721 -0.03064720261256888
0.5396249784283953 -0.029746340833131317
0.5554190999505066 -0.02876520281428428
0.5711574191366438 -0.027702740076955654
0.5868240888334664 -0.02656453594408771
0.6024033340325966 -0.025356685056212025
0.6178794677547149 -0.024090239926931045
0.6332369068450188 -0.022783290685825158
0.6484601876641387 -0.021453978430323695
0.6635339816587122 -0.020117802993089184
0.6784431107959373 -0.018784383131800052
0.6931725628465657 -0.017462014144067495
0.7077075065009447 -0.016158499506401275
0.7220333063028884 -0.014881028225554892
0.7361355373863427 -0.01363620126848717
0.7500000000000012 -0.012429932324151927
0.7636127338052524 -0.011266527797844426
0.7769600319330563 -0.010149173973113216
0.7900284547856001 -0.009080612096819901
0.8028048435688343 -0.00806406266678144
0.8152763335422621 -0.007103226132516439
0.8274303669726433 -0.006201095647479385
0.8392547057785669 -0.00535946874834077
0.8507374438531613 -0.0045784678647091655
0.8618670190525357 -0.0038575925987353694
0.872632224837878 -0.003196281104807753
0.8830222215594895 -0.002595463343613343
0.8930265473713942 -0.00205585460517071
0.9026351287655296 -0.0015771580460023137
0.9118382907149167 -0.0011573162035120855
0.9206267664155909 -0.0007930490847903836
0.9289917066174888 -0.0004807632638915189
0.9369246885348927 -0.00021734584166420608
0.9444177243274618 -4.925867556494469e-07
0.9514632691433107 0.00017272552936490335
0.958054228716035 0.0003056862367290531
0.9641839665080364 0.00040151112568266145
0.9698463103929542 0.0004639082014254685
0.9750355588704727 0.0004969423294221906
0.9797464868072487 0.0005011845827086936
0.9839743506981782 0.0004773080742264998
0.9877148934427036 0.00042946534924260865
0.9909643486313533 0.0003630424503319238
0.9937194443381971 0.00028361381457997134
0.9959774064153977 0.00019958271531406548
0.9977359612865423 0.0001207256909529784
0.9989933382359422 5.647449462707896e-05
0.9997482711915926 1.4554745854952391e-05
1.0 0.0
