1.0 0.0
0.9997482711915926 5.692110401907533e-05
0.9989933382359422 0.00022731213949512055
0.9977359612865423 0.0005100684895493736
0.9959774064153977 0.0009033896799140693
0.9937194443381971 0.00140483966642635
0.9909643486313533 0.002011430156665845
0.9877148934427036 0.0027197258982389508
0.9839743506981782 0.003525970580151838
0.9797464868072487 0.004426231721607523
0.9750355588704727 0.005416562667238402
0.9698463103929542 0.006493179571908195
0.9641839665080364 0.007652651044270918
0.958054228716035 0.008892097928526388
0.9514632691433107 0.010209400540304347
0.9444177243274618 0.01160341053712743
0.9369246885348927 0.013074164497967687
0.9289917066174888 0.01462309621125482
0.9206267664155909 0.01625324462725683
0.9118382907149167 0.017969454419668088
0.9026351287655296 0.01977856612282296
0.8930265473713942 0.021688631373257643
0.8830222215594895 0.023700005433331173
0.872632224837878 0.025807131178331614
0.8618670190525357 0.028002897826804776
0.8507374438531613 0.03027861978062558
0.8392547057785669 0.03262397773242246
0.8274303669726433 0.0350269751015702
0.8152763335422621 0.03747391084123725
0.8028048435688343 0.039949369509013434
0.7900284547856001 0.042437226730168885
0.7769600319330563 0.044927992270133374
0.7636127338052524 0.04741577748776793
0.7500000000000012 0.049894839970437734
0.7361355373863427 0.052359580424263814
0.7220333063028884 0.05480456089738432
0.7077075065009447 0.05722452206874633
0.6931725628465657 0.0596144350169587
0.6784431107959373 0.06197045580175552
0.6635339816587122 0.06429011646088476
0.6484601876641387 0.0665713840438242
0.6332369068450188 0.06881260273813847
0.6178794677547149 0.07101248406989902
0.6024033340325966 0.07317009427167724
0.5868240888334664 0.07528334787347997
0.5711574191366438 0.07734080428795977
0.5554190999505066 0.0793271843277272
0.5396249784283953 0.08122717560278142
0.5237909579118721 0.08302556923168684
0.5079329819174049 0.08470738929882962
0.4920670180825969 0.08625852022660933
0.4762090420881297 0.08767676256266699
0.46037502157160654 0.08897184096870601
0.44458090004949524 0.09015436435057089
0.42884258086335814 0.09123521422288917
0.41317591116653546 0.09222543068963644
0.3975966659674052 0.09313609380473237
0.38212053224528686 0.09397577275657895
0.36676309315498296 0.0947468411518596
0.35153981233586296 0.09545089064729964
0.33646601834128953 0.09608970512160714
0.32155688920406433 0.09666524575634342
0.3068274371534359 0.09717963584125353
0.29229249349905695 0.09763360372972738
0.2779666936971131 0.09799816032252893
0.2638644626136587 0.09822036992661894
0.25000000000000006 0.0982520865137932
0.2363872661947488 0.09805132375943333
0.22303996806694482 0.09758248531878493
0.20997154521440087 0.09681652575327458
0.19719515643116664 0.09573119205072475
0.18472366645773874 0.09433459731187488
0.17256963302735745 0.09268586490714112
0.1607452942214339 0.09084539229699766
0.14926255614683936 0.08886800322916982
0.1381329809474649 0.08679868825856094
0.12736777516212267 0.08466441851105948
0.116977778440511 0.0824875463482368
0.10697345262860625 0.08028893920779247
0.09736487123447068 0.07808721317367667
0.0881617092850836 0.07583306297850895
0.0793732335844094 0.073381485062325
0.07100829338251147 0.07062758831623472
0.06307531146510753 0.06764049504582215
0.05558227567253826 0.06461190561475248
0.04853673085668936 0.06169311976649655
0.041945771283965205 0.058934541160041896
0.03581603349196366 0.05625969834004699
0.030153689607045786 0.053614703206059225
0.02496444112952728 0.0509811417544485
0.020253513192751316 0.0483691584912749
0.016025649301821876 0.045810772794962706
0.012285106557296477 0.04335352099247513
0.009035651368646647 0.041054512236827774
0.006280555661802856 0.038974979671219
0.00402259358460233 0.03717540090770551
0.0022640387134577056 0.03571125361634896
0.0010066617640577813 0.03462946310167677
0.0002517288084074587 0.03396558923131055
0.0 0.03374179007656575
0.0 0.0241
0.0002517288084074587 0.02393880993687464
0.0010066617640577813 0.02344267258015036
0.0022640387134577056 0.022577103765170557
0.00402259358460233 0.021295309640504766
0.006280555661802856 0.019554050317324323
0.009035651368646647 0.01733553869788002
0.012285106557296477 0.014675068128240232
0.016025649301821876 0.011693980556351888
0.020253513192751316 0.008637509012926963
0.02496444112952728 0.005916955299672117
0.030153689607045786 0.004028536336422611
0.03581603349196366 0.0030631377162236993
0.041945771283965205 0.0028427171686998156
0.04853673085668936 0.0029800406545742813
0.05558227567253826 0.002916461807104532
0.06307531146510753 0.0024942297135826684
0.07100829338251147 0.0018422353935921365
0.0793732335844094 0.0011508946574255053
0.0881617092850836 0.0005544665758100947
0.09736487123447068 9.676822106607734e-05
0.10697345262860625 -0.00018168732436352075
0.116977778440511 -0.00028460990565895545
0.12736777516212267 -0.00025146537361217617
0.1381329809474649 -0.00013605305631059702
0.14926255614683936 -6.966144014652418e-06
0.1607452942214339 6.694788922351166e-05
0.17256963302735745 8.067044686743205e-05
0.18472366645773874 5.362738825648413e-05
0.19719515643116664 9.415660690425154e-06
0.20997154521440087 -2.679183457386213e-05
0.22303996806694482 -4.7457243234302216e-05
0.2363872661947488 -5.466981189589019e-05
0.25000000000000006 -5.102591623578438e-05
0.2638644626136587 -3.9561775074110324e-05
0.2779666936971131 -2.3739532246734358e-05
0.29229249349905695 -7.428526074697467e-06
0.3068274371534359 5.213264309105611e-06
0.32155688920406433 1.2285241617281819e-05
0.33646601834128953 1.4650738186579789e-05
0.35153981233586296 1.3416517388499336e-05
0.36676309315498296 9.78656720393531e-06
0.38212053224528686 5.051634807875751e-06
0.3975966659674052 5.77765439402395e-07
0.41317591116653546 -2.3892110103381587e-06
0.42884258086335814 -3.7422802172452993e-06
0.44458090004949524 -3.847003847369097e-06
0.46037502157160654 -3.0857600211321743e-06
0.4762090420881297 -1.8528153977661893e-06
0.4920670180825969 -5.503890415353508e-07
0.5079329819174049 4.260787657212907e-07
0.5237909579118721 9.273495764625302e-07
0.5396249784283953 1.0518796702069663e-06
0.5554190999505066 9.093691249723353e-07
0.5711574191366438 6.089618903646864e-07
0.5868240888334664 2.581732215195086e-07
0.6024033340325966 -3.823686970910248e-08
0.6178794677547149 -2.117374554526728e-07
0.6332369068450188 -2.7858298893042343e-07
0.6484601876641387 -2.673544431384586e-07
0.6635339816587122 -2.055581105794277e-07
0.6784431107959373 -1.1939137729494034e-07
0.6931725628465657 -3.3526235412233436e-08
0.7077075065009447 2.979398730404725e-08
0.7220333063028884 6.389869296217175e-08
0.7361355373863427 7.519272456010812e-08
0.7500000000000012 7.011462210344726e-08
0.7636127338052524 5.4607648967998565e-08
0.7769600319330563 3.408802231411462e-08
0.7900284547856001 1.3419587481536655e-08
0.8028048435688343 -3.1142580371057516e-09
0.8152763335422621 -1.327613070775578e-08
0.8274303669726433 -1.8157186337689535e-08
0.8392547057785669 -1.9114458342589482e-08
0.8507374438531613 -1.735252802971842e-08
0.8618670190525357 -1.3923985984055637e-08
0.872632224837878 -9.731511459213584e-09
0.8830222215594895 -5.531488290033063e-09
0.8930265473713942 -1.939061697273991e-09
0.9026351287655296 5.680385828531609e-10
0.9118382907149167 1.8617191238347984e-09
0.9206267664155909 2.2478862014959663e-09
0.9289917066174888 2.021580167947192e-09
0.9369246885348927 1.4234611740163382e-09
0.9444177243274618 6.442007803164508e-10
0.9514632691433107 -1.7084782149372553e-10
0.958054228716035 -9.167762221770682e-10
0.9641839665080364 -1.524119697174037e-09
0.9698463103929542 -1.95380423934365e-09
0.9750355588704727 -2.1921163378537384e-09
0.9797464868072487 -2.2457682949157216e-09
0.9839743506981782 -2.1371292736058986e-09
0.9877148934427036 -1.899688928016755e-09
0.9909643486313533 -1.5738164195487027e-09
0.9937194443381971 -1.2028729151920257e-09
0.9959774064153977 -8.297303464238474e-10
0.9977359612865423 -4.9374333797359e-10
0.9989933382359422 -2.282148566156729e-10
0.9997482711915926 -5.838934844970237e-11
1.0 0.0
