1.0 0.0
0.999748283778033 6.549722888895713e-05
0.9989933885690304 0.00026600329065898484
0.997736074488478 0.0006120850991540099
0.9959776075450769 0.0011164540702894863
0.9937197583659803 0.001786687836273239
0.9909648004139218 0.002617214603429981
0.9877155076980314 0.0035987809303921754
0.9839751519806432 0.004719044432369098
0.9797474994829084 0.00596163174005687
0.9750368070925292 0.007315350829040436
0.9698478180774346 0.008768912637292894
0.964185757309711 0.0103107921756236
0.9580563260045991 0.01192911531280204
0.9514656959798535 0.013607712600453813
0.9444205034412455 0.015323888511844836
0.936927842300466 0.017055146193312255
0.9289952570321579 0.018789147480415606
0.9206307350772701 0.020518217474061285
0.9118426988003809 0.022243550906236982
0.9026399970090914 0.02397419651705607
0.8930318960440257 0.02571757201416251
0.8830280704484116 0.02747567895661069
0.8726385932266361 0.029251207457046197
0.861873925701583 0.031044237609925546
0.8507449069809686 0.032854903071035474
0.839262743043278 0.034680375782367004
0.8274389954542947 0.03651557650010728
0.8152855697255851 0.03835742857845269
0.8028147033266558 0.040206876335745684
0.7900389533628609 0.04206532096344037
0.7769711839314596 0.04392965864649095
0.7636245531685621 0.04579510844328579
0.7500125000000012 0.04765784980621697
0.7361487306094734 0.04951517231403314
0.7220472046375733 0.051364063421459674
0.7077221211256197 0.05319999290943929
0.6931879042184234 0.05501825624602027
0.6784591886403976 0.05681501198118489
0.6635508049596293 0.05858697732519104
0.6484777646547555 0.06033055619651734
0.6332552449996766 0.06204160145151539
0.6178985737813272 0.06371476769645605
0.6024232138658949 0.0653397834606057
0.5868447476290247 0.06690553084292779
0.571178861265687 0.06840686459100359
0.5554413289955091 0.06984266528834766
0.5396479971794739 0.07120155172509439
0.5238147683639766 0.07245544194503942
0.507957585268309 0.07357895187538259
0.49209241473169274 0.07456295111677448
0.47623523163602527 0.07540419664082304
0.46040200282052796 0.07611506378245705
0.44460867100449275 0.07671653040235706
0.428871138734315 0.07721702249459513
0.4132052523709771 0.07760929844770777
0.39762678613410685 0.07788876161509295
0.3821514262186746 0.07805990353649156
0.3667947550003252 0.07812816840181301
0.3515722353452462 0.07809350236387301
0.33649919504037246 0.07795399461571936
0.3215908113596041 0.07770913886904403
0.30686209578157825 0.07735974677463822
0.292327878874382 0.07690535728920772
0.2780027953624282 0.07634246682889881
0.263901269390528 0.07566835431649489
0.2500375000000001 0.07488199442332069
0.23642544683143907 0.07398329968693405
0.22307881606854146 0.0729694114919575
0.21001104663714015 0.07183676658704617
0.19723529667334508 0.07058632821307839
0.18476443027441586 0.06922386527132632
0.17261100454570608 0.06775500211591079
0.16078725695672283 0.06618303222462879
0.14930509301903203 0.06451194192076862
0.13817607429841752 0.06274488323722235
0.12741140677336454 0.060886173171657176
0.11702192955158897 0.05893991062789828
0.10701810395597482 0.05691114035592517
0.09741000299090896 0.05480303116546908
0.08820730119961934 0.05261690145938238
0.07941926492273017 0.050356636198485204
0.07105474296784234 0.04802681889081285
0.06312215769953428 0.0456328747304684
0.05562949655875463 0.043169268161658496
0.048584304020146525 0.04063641211364026
0.04199367399540101 0.038037924649399237
0.035864242690289067 0.03538304557227088
0.030202181922565435 0.03264473169212993
0.025013192907470807 0.02979448945692536
0.02030250051709168 0.026790161470554866
0.016074848019356786 0.023609121871067628
0.012334492301968612 0.020339043089452148
0.009085199586078214 0.01712058492084785
0.006330241634019765 0.013907052102934192
0.004072392454923099 0.010672660039156068
0.0023139255115220327 0.007636548148634618
0.0010566114309695782 0.005128615104444833
0.00030171622196703833 0.0034707659915038346
5e-05 0.0028908901709436665
5e-05 0.00107
0.00030171622196703833 -0.0025765715213467654
0.0010566114309695782 -0.009088679315604774
0.0023139255115220327 -0.009467076335400419
0.004072392454923099 -0.0027890584589705053
0.006330241634019765 -8.037166444422676e-05
0.009085199586078214 -0.003095792583244959
0.012334492301968612 -0.006882827755408468
0.016074848019356786 -0.007130747302779788
0.02030250051709168 -0.005088755279066816
0.025013192907470807 -0.0037091416441175245
0.030202181922565435 -0.0036069811438952746
0.035864242690289067 -0.0037700275351774254
0.04199367399540101 -0.003244948112255248
0.048584304020146525 -0.0021848772102705943
0.05562949655875463 -0.0010213478964963343
0.06312215769953428 8.187654863035671e-05
0.07105474296784234 0.0012262407265774037
0.07941926492273017 0.002519320641610468
0.08820730119961934 0.0039530021256552385
0.09741000299090896 0.0054805048142382426
0.10701810395597482 0.00706759210816297
0.11702192955158897 0.00870855877230976
0.12741140677336454 0.010399248148078508
0.13817607429841752 0.012132941989921283
0.14930509301903203 0.013900802511572994
0.16078725695672283 0.015693354424044823
0.17261100454570608 0.017502017427498868
0.18476443027441586 0.019318031261127192
0.19723529667334508 0.021132914206456195
0.21001104663714015 0.022939481651094072
0.22307881606854146 0.024730562696204297
0.23642544683143907 0.026498265490684177
0.2500375000000001 0.028233871712294772
0.263901269390528 0.029928645220833293
0.2780027953624282 0.0315763405268921
0.292327878874382 0.033172565708447184
0.30686209578157825 0.03471256113450105
0.3215908113596041 0.036187190230919646
0.33649919504037246 0.03758540477813702
0.3515722353452462 0.038897445673720915
0.3667947550003252 0.04011943704652249
0.3821514262186746 0.04124940603587688
0.39762678613410685 0.04228307481972742
0.4132052523709771 0.04320859412688317
0.428871138734315 0.04401283818199092
0.44460867100449275 0.04468618334402557
0.46040200282052796 0.04522652464631428
0.47623523163602527 0.04563310796512019
0.49209241473169274 0.045895824085375896
0.507957585268309 0.045987685721836584
0.5238147683639766 0.04588062094429844
0.5396479971794739 0.04555112752118513
0.5554413289955091 0.04498251177025055
0.571178861265687 0.04416022688382594
0.5868447476290247 0.04309130418311761
0.6024232138658949 0.041812227087811155
0.6178985737813272 0.04036150964331023
0.6332552449996766 0.03877990276770359
0.6484777646547555 0.03711060178695179
0.6635508049596293 0.03539593840391653
0.6784591886403976 0.03368481420822238
0.6931879042184234 0.032029959862302365
0.7077221211256197 0.03047155888956927
0.7220472046375733 0.02899642626545604
0.7361487306094734 0.02757490847389271
0.7500125000000012 0.02618718939094679
0.7636245531685621 0.02483082656183305
0.7769711839314596 0.023505723015950986
0.7900389533628609 0.022212996467732532
0.8028147033266558 0.020954649347563494
0.8152855697255851 0.019731611468591988
0.8274389954542947 0.0185401857640304
0.839262743043278 0.017375951909003647
0.8507449069809686 0.016236944087494796
0.861873925701583 0.01512445598412675
0.8726385932266361 0.014039958004065373
0.8830280704484116 0.012982959440880053
0.8930318960440257 0.011952160952850678
0.9026399970090914 0.010947045824619568
0.9118426988003809 0.009967997113136198
0.9206307350772701 0.00901599336629392
0.9289952570321579 0.008091580389960683
0.936927842300466 0.007194856817505579
0.9444205034412455 0.006327383410303355
0.9514656959798535 0.005495640172313368
0.9580563260045991 0.004707094041738147
0.964185757309711 0.00396876652518095
0.9698478180774346 0.003288516167920451
0.9750368070925292 0.0026718047441277306
0.9797474994829084 0.0021233051529658785
0.9839751519806432 0.0016459957837388277
0.9877155076980314 0.001239967649071639
0.9909648004139218 0.0009040871162245322
0.9937197583659803 0.0006345454785379164
0.9959776075450769 0.0004189396952329592
0.997736074488478 0.000244747024186842
0.9989933885690304 0.00011249622344134239
0.999748283778033 2.8765630397025393e-05
1.0 0.0
