1.0 0.0
0.9997482711915926 3.8310756225720754e-05
0.9989933382359422 0.0001539818875869233
0.9977359612865423 0.00034913239217279835
0.9959774064153977 0.0006269699705209945
0.9937194443381971 0.0009913097464421495
0.9909643486313533 0.001445909756319952
0.9877148934427036 0.0019936323700731682
0.9839743506981782 0.002635656058273057
0.9797464868072487 0.0033714637967254273
0.9750355588704727 0.0041977480657396276
0.9698463103929542 0.005107478317810715
0.9641839665080364 0.006094763967587242
0.958054228716035 0.007157325022808862
0.9514632691433107 0.008293030536560653
0.9444177243274618 0.009497743394472258
0.9369246885348927 0.010760829681744258
0.9289917066174888 0.012067663860366009
0.9206267664155909 0.013403297177174214
0.9118382907149167 0.014776329050243633
0.9026351287655296 0.016212727732133173
0.8930265473713942 0.01774663283900661
0.8830222215594895 0.019390480510007094
0.872632224837878 0.021112686076661398
0.8618670190525357 0.022869908824796437
0.8507374438531613 0.024627600139446648
0.8392547057785669 0.026390317098409475
0.8274303669726433 0.028171751516286567
0.8152763335422621 0.029985382743563976
0.8028048435688343 0.031826663889530926
0.7900284547856001 0.03368353909088906
0.7769600319330563 0.03554317579529191
0.7636127338052524 0.03739751028239001
0.7500000000000012 0.03924218524271638
0.7361355373863427 0.04107301874758501
0.7220333063028884 0.04288492260283842
0.7077075065009447 0.04467156608187288
0.6931725628465657 0.04642649560837939
0.6784431107959373 0.048143034427984004
0.6635339816587122 0.04981407496999982
0.6484601876641387 0.05143245403107616
0.6332369068450188 0.052991518348344896
0.6178794677547149 0.054486401138896745
0.6024033340325966 0.05591282622705907
0.5868240888334664 0.05726661094618182
0.5711574191366438 0.05854289372807276
0.5554190999505066 0.05973673199125471
0.5396249784283953 0.06084372807038147
0.5237909579118721 0.06186232884690442
0.5079329819174049 0.06279274686035927
0.4920670180825969 0.06363553841367786
0.4762090420881297 0.06439086495436812
0.46037502157160654 0.06505862067610459
0.44458090004949524 0.06563902745936631
0.42884258086335814 0.06613266115467156
0.41317591116653546 0.06654044695423403
0.3975966659674052 0.06686362213543806
0.38212053224528686 0.06710266935344056
0.36676309315498296 0.06725655864225792
0.35153981233586296 0.06732451213889394
0.33646601834128953 0.06730545154058802
0.32155688920406433 0.06719686258501151
0.3068274371534359 0.06699659536407353
0.29229249349905695 0.06670284197875695
0.2779666936971131 0.06631314283418005
0.2638644626136587 0.06582562698030081
0.25000000000000006 0.06523852114356794
0.2363872661947488 0.06454648039765375
0.22303996806694482 0.06374424388497955
0.20997154521440087 0.06282836847042113
0.19719515643116664 0.06179725129452011
0.18472366645773874 0.06065110481208528
0.17256963302735745 0.05939161497129307
0.1607452942214339 0.05801944879178651
0.14926255614683936 0.05653595810053821
0.1381329809474649 0.05494468347086341
0.12736777516212267 0.05324973089422856
0.116977778440511 0.05145660668846406
0.10697345262860625 0.049573279344353106
0.09736487123447068 0.047609392927950654
0.0881617092850836 0.04557638360951562
0.0793732335844094 0.04348692499411477
0.07100829338251147 0.041339885167999864
0.06307531146510753 0.039127351016772866
0.05558227567253826 0.03685128697537201
0.04853673085668936 0.03453348315592613
0.041945771283965205 0.03220963567773958
0.03581603349196366 0.029911051368551624
0.030153689607045786 0.02757775817979243
0.02496444112952728 0.02509492791152941
0.020253513192751316 0.02242706282877944
0.016025649301821876 0.01971263113641177
0.012285106557296477 0.01718652232739194
0.009035651368646647 0.014971112051921379
0.006280555661802856 0.01264405188528079
0.00402259358460233 0.009753520256731324
0.0022640387134577056 0.006525965694862842
0.0010066617640577813 0.0035423981045935994
0.0002517288084074587 0.001436865122753243
0.0 0.000678025415327378
0.0 0.0
0.0002517288084074587 -0.000857164932152768
0.0010066617640577813 -0.0031373090127660534
0.0022640387134577056 -0.006058951928125811
0.00402259358460233 -0.008626909388097867
0.006280555661802856 -0.010088716484737612
0.009035651368646647 -0.010564667204921592
0.012285106557296477 -0.011342632084721655
0.016025649301821876 -0.012853248167960265
0.020253513192751316 -0.01480199132967641
0.02496444112952728 -0.016567611602727787
0.030153689607045786 -0.01785940026864159
0.03581603349196366 -0.018791185147383028
0.041945771283965205 -0.019622056557086893
0.04853673085668936 -0.020510643151724843
0.05558227567253826 -0.021403698713133322
0.06307531146510753 -0.02221396037167653
0.07100829338251147 -0.02287513710426075
0.0793732335844094 -0.023401871599531256
0.0881617092850836 -0.023834111649462322
0.09736487123447068 -0.024217315048594725
0.10697345262860625 -0.024556405562913042
0.116977778440511 -0.024845144000536945
0.12736777516212267 -0.02507799553573584
0.1381329809474649 -0.025253306157396942
0.14926255614683936 -0.02537277596983933
0.1607452942214339 -0.025439877178755357
0.17256963302735745 -0.025457845085987967
0.18472366645773874 -0.02542851180990703
0.19719515643116664 -0.025354607136159453
0.20997154521440087 -0.025238571754290128
0.22303996806694482 -0.02507890952658006
0.2363872661947488 -0.024873345467354806
0.25000000000000006 -0.02461980754356708
0.2638644626136587 -0.024316876352359924
0.2779666936971131 -0.02396363279803081
0.29229249349905695 -0.023559374023296872
0.3068274371534359 -0.023101672095780474
0.32155688920406433 -0.022585611093421706
0.33646601834128953 -0.022006022823500167
0.35153981233586296 -0.021358784363146196
0.36676309315498296 -0.020643260829913967
0.38212053224528686 -0.019859757762698327
0.3975966659674052 -0.01900915414238795
0.41317591116653546 -0.0180948170101308
0.42884258086335814 -0.017121563750920027
0.44458090004949524 -0.01609460297535234
0.46037502157160654 -0.015019520194699838
0.4762090420881297 -0.013902237585023654
0.4920670180825969 -0.012748920293337124
0.5079329819174049 -0.011566375246225846
0.5237909579118721 -0.010362980794932815
0.5396249784283953 -0.009147462726636822
0.5554190999505066 -0.007928452573429057
0.5711574191366438 -0.006713608812939853
0.5868240888334664 -0.00550990709631026
0.6024033340325966 -0.0043241302627466385
0.6178794677547149 -0.0031628614002396963
0.6332369068450188 -0.002032468017971195
0.6484601876641387 -0.0009389768011421682
0.6635339816587122 0.00011193723463999775
0.6784431107959373 0.0011146545036816937
0.6931725628465657 0.0020638747269827997
0.7077075065009447 0.0029548580607785613
0.7220333063028884 0.0037829765791793477
0.7361355373863427 0.0045432829940853766
0.7500000000000012 0.005231503721916905
0.7636127338052524 0.005843988399609003
0.7769600319330563 0.0063753847029519575
0.7900284547856001 0.006819814052986758
0.8028048435688343 0.0071727878874398
0.8152763335422621 0.007431927438991765
0.8274303669726433 0.00759871835306754
0.8392547057785669 0.007676128584540545
0.8507374438531613 0.007667895693534295
0.8618670190525357 0.007579433602529416
0.872632224837878 0.007418039335997552
0.8830222215594895 0.0071912627610251755
0.8930265473713942 0.006906742327045393
0.9026351287655296 0.006572310210944247
0.9118382907149167 0.006195848053884701
0.9206267664155909 0.005785121793290483
0.9289917066174888 0.00534794301003271
0.9369246885348927 0.004892639556421073
0.9444177243274618 0.004427203925670364
0.9514632691433107 0.003959050187203518
0.958054228716035 0.0034950466898537257
0.9641839665080364 0.0030415255917357943
0.9698463103929542 0.0026042512114179315
0.9750355588704727 0.0021884568510809853
0.9797464868072487 0.0017990119553757428
0.9839743506981782 0.0014402423459011925
0.9877148934427036 0.001115839421905401
0.9909643486313533 0.0008287249281482668
0.9937194443381971 0.0005810571379881702
0.9959774064153977 0.0003749208683188188
0.9977359612865423 0.00021227283953566945
0.9989933382359422 9.479301112388373e-05
0.9997482711915926 2.3766833825539155e-05
1.0 0.0
