1.00001 -1.0606123774831478e-06
0.9997582988817616 2.575167129067139e-05
0.9990034489687363 0.00010759610644060392
0.9977462103308008 0.0002485290714332976
0.995987848900692 0.00045475888992707917
0.99373013519932 0.0007338253032166423
0.9909753425530039 0.0010934665114807848
0.987726244804425 0.0015401893651682708
0.9839861135196014 0.0020780018041544027
0.9797587146937 0.0027102793429440936
0.975048304958997 0.003438849282678274
0.969859627298811 0.0042620133417276265
0.9641979062717205 0.005175989596348002
0.9580688427508762 0.006177379263182517
0.951478608183705 0.007260249779243226
0.9444338383777859 0.008416075252919415
0.9369416268191539 0.009637507687282616
0.9290095175297609 0.010916686395281356
0.9206454974712853 0.012243948597848433
0.9118579885029382 0.013610084391188841
0.9026558389013655 0.015006774477962477
0.8930483144511834 0.01642489562845313
0.883045089115118 0.017857515353671232
0.8726562352931458 0.019303908340456827
0.86189221368044 0.020765411195466515
0.8507638627343375 0.022244063533290247
0.8392823877609313 0.02373952444144717
0.8274593496322763 0.025251155032463113
0.8153066531455726 0.02677869439476889
0.8028365350360418 0.0283197137807789
0.7900615516555738 0.029870281963361434
0.7769945663295437 0.0314263980995373
0.7636487364045339 0.0329834763510803
0.7500375000000012 0.034536176009299924
0.7361745624772303 0.036078975100294106
0.7220738826391951 0.03760595098826301
0.7077496586752297 0.0391104233998642
0.6932163138646527 0.04058546608762842
0.6784884820537498 0.042023942724109024
0.6635809929207298 0.043418285740523706
0.6485088570434957 0.04476075453846288
0.6332872507852658 0.046043777162373234
0.617931501013262 0.04726147167159399
0.6024570696658531 0.04840888905380923
0.5868795381836948 0.049481368029528364
0.5712145918205388 0.05047553333834098
0.5554780038495122 0.051389103242718094
0.5396856196807682 0.05222019507903138
0.5238533409065018 0.0529687741499532
0.507997109289394 0.05363696262801849
0.49213289071060784 0.05422733754040199
0.47627665909350003 0.05474205933281964
0.4604443803192337 0.05518219485544864
0.44465199615048984 0.055548943662175616
0.4289154081794632 0.05584354027392716
0.41325046181630715 0.05606675368341233
0.39767293033414886 0.056219487563416985
0.3821984989867399 0.0563028402295539
0.3668427492147359 0.05631777576680718
0.35162114295650604 0.05626540933541994
0.336549007079272 0.05614686137022631
0.3216415179462519 0.055961004931097666
0.3069136861353491 0.05570582871998743
0.2923803413247721 0.05537994537288882
0.27805611736080643 0.05498344852314883
0.26395543752277123 0.05451770976233981
0.25009250000000005 0.0539845337949951
0.23648126359546742 0.05338373647829073
0.22313543367045746 0.052712685863829385
0.2100684483444273 0.051969649525482664
0.19729346496395922 0.05115304449655813
0.18482334685442842 0.05026060827484889
0.17267065036772447 0.04929139738774301
0.16084761223906957 0.04824214502323738
0.14936613726566322 0.04710066344672443
0.13823778631956068 0.04585684941998753
0.12747376470685484 0.04450493120428609
0.11708491088488254 0.04304342726822012
0.1070816855488171 0.04147470967514761
0.0974741610986349 0.039804700912470646
0.08827201149706224 0.03804265535255947
0.07948450252871511 0.03620074199691467
0.07112048247023939 0.03429305368642691
0.06318837318084637 0.03233260256167811
0.05569616162221429 0.030334256653336073
0.04865139181629513 0.028311444238260763
0.04206115724912397 0.026251887413889313
0.035932093728279546 0.02414596895408231
0.03027037270118901 0.022002343746765768
0.025081695041003035 0.019851686979607423
0.020371285306300113 0.0177347675196248
0.016143886480398675 0.01567987793029623
0.012403755195575175 0.013586475466795037
0.009154657446996096 0.011383440337467266
0.006399864800680058 0.009124135081471186
0.004142151099308024 0.0069400411967998855
0.0023837896691992254 0.0049985069489073015
0.001126551031263735 0.0034673517284265305
0.00037170111823853387 0.002486817445729981
0.00012 0.0021492539001131536
0.00012 -0.00101
0.00037170111823853387 -0.0013654776598675943
0.001126551031263735 -0.0023647501074709094
0.0023837896691992254 -0.0038198455267945634
0.004142151099308024 -0.005462323129518263
0.006399864800680058 -0.007009888880779033
0.009154657446996096 -0.008258359314009674
0.012403755195575175 -0.009197691643261658
0.016143886480398675 -0.01011601794704419
0.020371285306300113 -0.01120788795641741
0.025081695041003035 -0.012404838025172603
0.03027037270118901 -0.013570881681552257
0.035932093728279546 -0.0145855249357171
0.04206115724912397 -0.01545205483899422
0.04865139181629513 -0.016221010390057484
0.05569616162221429 -0.016961351779588466
0.06318837318084637 -0.01767889427788025
0.07112048247023939 -0.01836134827925356
0.07948450252871511 -0.018997048411986357
0.08827201149706224 -0.01958185020699512
0.0974741610986349 -0.020118614550711268
0.1070816855488171 -0.020614248836271554
0.11708491088488254 -0.02107404205159848
0.12747376470685484 -0.021497808628148093
0.13823778631956068 -0.02188625143496699
0.14936613726566322 -0.022240615894277452
0.16084761223906957 -0.02255997018585883
0.17267065036772447 -0.022843364430669442
0.18482334685442842 -0.02309059202923349
0.19729346496395922 -0.023302686980052237
0.2100684483444273 -0.02348181832561701
0.22313543367045746 -0.02363099292544211
0.23648126359546742 -0.023751651212555316
0.25009250000000005 -0.023842205208469143
0.26395543752277123 -0.023900931369969656
0.27805611736080643 -0.023926819174124134
0.2923803413247721 -0.023921303111095082
0.3069136861353491 -0.02388675545184905
0.3216415179462519 -0.023825803156694136
0.336549007079272 -0.023739491574517897
0.35162114295650604 -0.023627848454940318
0.3668427492147359 -0.02349102285521869
0.3821984989867399 -0.02332918210612914
0.39767293033414886 -0.02314243613171162
0.41325046181630715 -0.02293099581539435
0.4289154081794632 -0.022695207321440394
0.44465199615048984 -0.0224356164044997
0.4604443803192337 -0.02215290047119048
0.47627665909350003 -0.021847799318448085
0.49213289071060784 -0.021520642646526603
0.507997109289394 -0.02117151060401118
0.5238533409065018 -0.020800564118283762
0.5396856196807682 -0.020408019353298418
0.5554780038495122 -0.019994128522888288
0.5712145918205388 -0.019559231660173662
0.5868795381836948 -0.019103400333092203
0.6024570696658531 -0.018625282503765658
0.617931501013262 -0.018123291249273636
0.6332872507852658 -0.01759597106726786
0.6485088570434957 -0.017041212230178772
0.6635809929207298 -0.01645660955274582
0.6784884820537498 -0.015840124551805074
0.6932163138646527 -0.015191608661592797
0.7077496586752297 -0.014513585907526824
0.7220738826391951 -0.013808887043120178
0.7361745624772303 -0.013080759878396252
0.7500375000000012 -0.01233389485184709
0.7636487364045339 -0.011573195246820083
0.7769945663295437 -0.010803384169184688
0.7900615516555738 -0.010029289123444826
0.8028365350360418 -0.009255668695069368
0.8153066531455726 -0.00848695403821054
0.8274593496322763 -0.007727568604005424
0.8392823877609313 -0.006982113909461486
0.8507638627343375 -0.0062547414330956334
0.86189221368044 -0.005549526402485764
0.8726562352931458 -0.004872345363305398
0.883045089115118 -0.004228824698856419
0.8930483144511834 -0.00362340218288569
0.9026558389013655 -0.0030592538130473214
0.9118579885029382 -0.0025383848913340104
0.9206454974712853 -0.0020618800530428855
0.9290095175297609 -0.0016306019253208852
0.9369416268191539 -0.001246922256454752
0.9444338383777859 -0.0009122318680141649
0.951478608183705 -0.0006263419839230585
0.9580688427508762 -0.00038802987617585243
0.9641979062717205 -0.0001951365559598752
0.969859627298811 -4.43422397004399e-05
0.975048304958997 6.781829306978183e-05
0.9797587146937 0.00014213255021824895
0.9839861135196014 0.00018107495217033415
0.987726244804425 0.0001897711683893558
0.9909753425530039 0.00017485368593277002
0.99373013519932 0.00014372019067224092
0.995987848900692 0.00010430372313626323
0.9977462103308008 6.42906458965461e-05
0.9990034489687363 3.041238269054274e-05
0.9997582988817616 7.88439957013517e-06
1.00001 0.0
