1.00001 -1.0420984375015548e-06
0.9997584146770134 2.5235145345805444e-05
0.9990039120331478 0.00010478041900503735
0.997747251788609 0.00023969984373126347
0.9959896992937409 0.00043338905217832715
0.9937330242549245 0.0006903629040855259
0.9909794989526335 0.0010160202106901943
0.9877318959534414 0.0014163465516705582
0.9839934853182802 0.0018974996889059433
0.9797680313097686 0.002464903838211659
0.9750597886019166 0.003122636338405517
0.9698734979960303 0.003872892787914256
0.9642143816471269 0.004717173058508891
0.9580881378056669 0.005658711452743467
0.9515009350798991 0.006700335845556623
0.9444594062245952 0.007843963926745927
0.9369706414624279 0.009090595117632362
0.9290421813447168 0.010440083307243483
0.9206820091587341 0.011890860305905216
0.9118985428892092 0.013440846656290896
0.9027006267421334 0.015088717531485999
0.8930975222393925 0.01683241254036461
0.8830988988932007 0.01866889157171833
0.8727148244697204 0.02059429124176903
0.8619557548516759 0.022603767646189293
0.850832523510165 0.02469138491653103
0.8393563305962731 0.026850973258091663
0.8275387316634689 0.02907642636680685
0.8153916260321431 0.03136084741939359
0.8029272448080002 0.03369689243762911
0.7901581385663724 0.03607757592286027
0.7770971647148545 0.03849550202734811
0.7637574745469835 0.04094271877845771
0.7501525000000012 0.04341081746229362
0.7362959401300326 0.04589091718793464
0.7222017473182958 0.048373731509746914
0.7078841132222392 0.050850554878849735
0.6933574544857433 0.053313179155320044
0.6786363982227837 0.05575322048620977
0.6637357672891668 0.05816162402778677
0.6486705653571702 0.06052850183334593
0.6334559618081171 0.06284379720772146
0.6181072764580948 0.06509841352399338
0.6026399641321981 0.06728541945356918
0.5870695991028313 0.06939833059158332
0.5714118594077359 0.07143053099378287
0.555682511063535 0.07337455759266952
0.5398973921906911 0.07522300662194267
0.5240723970658624 0.0769689165203752
0.508223460117712 0.07860623758183527
0.49236653988228984 0.08012947519277887
0.47651760293413953 0.08153354319111084
0.46069260780931076 0.08281361137140325
0.4449074889364671 0.0839652975172432
0.42917814059226606 0.08498474467715976
0.41352040089717057 0.0858684391708579
0.39795003586780386 0.08661339892443719
0.3824827235419071 0.08721706105176989
0.36713403819188467 0.08767560844483144
0.35191943464283154 0.08798513112696722
0.33685423271083503 0.08814269960058757
0.32195360177721805 0.08814692170848716
0.3072325455142585 0.08799765012232641
0.29270588677776255 0.08769539608363514
0.27838825268170575 0.08723900057051562
0.26429405986996896 0.08662710481591444
0.2504375000000001 0.08585959386603866
0.2368325254530178 0.08493668320285935
0.22349283528514666 0.08385953254860411
0.21043186143362866 0.08263034699849775
0.19766275519200088 0.08124830835802987
0.18519837396785785 0.07971243952791292
0.17305126833653187 0.07802400882328472
0.1612336694037277 0.07618459744523037
0.14975747648983567 0.07419755311104284
0.13863424514832484 0.07206813458287968
0.12787517553028024 0.06979803114251748
0.1174911011067999 0.06739031333933107
0.10749247776060794 0.06485174713016624
0.09788937325786704 0.062189779731913634
0.0886914571107911 0.0594153194820726
0.07990799084126629 0.056540317195763586
0.07154781865528344 0.05356673056153209
0.06361935853757242 0.05050118711924012
0.05613059377540491 0.04735934377481252
0.049089064920101046 0.04416498523248417
0.04250186219433334 0.04094805752202157
0.03637561835287324 0.03771623023970229
0.030716502003969772 0.034422911547666614
0.025530211398083452 0.031054593404506385
0.020821968690231448 0.027665389081548322
0.01659651468171984 0.02437870067112123
0.01285810404655882 0.021298498762987828
0.00961050104736652 0.018303911724695324
0.006856975745075628 0.015110229224242388
0.004600300706259107 0.011774460712777305
0.002842748211391035 0.008589938969114783
0.0015860879668522683 0.005940256258925702
0.0008315853229866664 0.004183498075366672
0.00058 0.0035683866507066377
0.00058 -0.00312
0.0008315853229866664 -0.003468205060972116
0.0015860879668522683 -0.0044589168629973145
0.002842748211391035 -0.0059392508526127374
0.004600300706259107 -0.007683696384293149
0.006856975745075628 -0.009437637509323714
0.00961050104736652 -0.0109774374172443
0.01285810404655882 -0.012186252531964984
0.01659651468171984 -0.0131445191001349
0.020821968690231448 -0.01411699295203344
0.025530211398083452 -0.01513869829465728
0.030716502003969772 -0.016131484036057277
0.03637561835287324 -0.016987816717698685
0.04250186219433334 -0.017656651313861738
0.049089064920101046 -0.018159009197041606
0.05613059377540491 -0.01855034969709394
0.06361935853757242 -0.018880828876845737
0.07154781865528344 -0.019146306600761324
0.07990799084126629 -0.01933756745692953
0.0886914571107911 -0.019447786159888517
0.09788937325786704 -0.01947795015341401
0.10749247776060794 -0.019434857618130724
0.1174911011067999 -0.019329616493480643
0.12787517553028024 -0.019169852629929394
0.13863424514832484 -0.018957831232682996
0.14975747648983567 -0.018697101236855584
0.1612336694037277 -0.01839154729926796
0.17305126833653187 -0.01804215569674202
0.18519837396785785 -0.017649789777887406
0.19766275519200088 -0.017215956547127646
0.21043186143362866 -0.016742778324494202
0.22349283528514666 -0.016233007415268393
0.2368325254530178 -0.01569005212504609
0.2504375000000001 -0.015117404658008106
0.26429405986996896 -0.014517820470283825
0.27838825268170575 -0.013894290471065086
0.29270588677776255 -0.013250073998586298
0.3072325455142585 -0.012587717687384762
0.32195360177721805 -0.011909441274317596
0.33685423271083503 -0.011217643623785765
0.35191943464283154 -0.010514696331240223
0.36713403819188467 -0.009802749583798134
0.3824827235419071 -0.009084021218815701
0.39795003586780386 -0.008360880150645131
0.41352040089717057 -0.007636226793591253
0.42917814059226606 -0.006913243690583639
0.4449074889364671 -0.006195169608836672
0.46069260780931076 -0.005484824831201767
0.47651760293413953 -0.0047842878798537
0.49236653988228984 -0.004095543018220742
0.508223460117712 -0.0034207455682311034
0.5240723970658624 -0.0027634773915378935
0.5398973921906911 -0.0021278745917091392
0.555682511063535 -0.0015179449290663464
0.5714118594077359 -0.0009364470626506244
0.5870695991028313 -0.00038415133268088794
0.6026399641321981 0.00013846746466186376
0.6181072764580948 0.0006309252734365091
0.6334559618081171 0.0010918627147708285
0.6486705653571702 0.001519628397826203
0.6637357672891668 0.0019127847161792115
0.6786363982227837 0.002270526976858475
0.6933574544857433 0.0025930468007690074
0.7078841132222392 0.002880779639824043
0.7222017473182958 0.0031342581563453707
0.7362959401300326 0.0033536889211543946
0.7501525000000012 0.00353919634370259
0.7637574745469835 0.0036911157501194974
0.7770971647148545 0.0038101607320486616
0.7901581385663724 0.00389764285403532
0.8029272448080002 0.003955065023435034
0.8153916260321431 0.003983987395376169
0.8275387316634689 0.0039852860494670765
0.8393563305962731 0.003959475038101088
0.850832523510165 0.003907366287168777
0.8619557548516759 0.003830255738709388
0.8727148244697204 0.0037303057613550894
0.8830988988932007 0.0036099126058315484
0.8930975222393925 0.003471509578026982
0.9027006267421334 0.003317021045324307
0.9118985428892092 0.0031479883102255458
0.9206820091587341 0.0029662125773294986
0.9290421813447168 0.00277356999964555
0.9369706414624279 0.0025713480949520885
0.9444594062245952 0.002361069055048997
0.9515009350798991 0.0021447558531840585
0.9580881378056669 0.0019250917071205289
0.9642143816471269 0.0017053184911137893
0.9698734979960303 0.0014887009517971378
0.9750597886019166 0.0012781731947049948
0.9797680313097686 0.0010748214062678645
0.9839934853182802 0.0008799654734993081
0.9877318959534414 0.0006960888477367945
0.9909794989526335 0.0005264878077495851
0.9937330242549245 0.0003748929706820659
0.9959896992937409 0.00024497277540190136
0.997747251788609 0.0001400674832017363
0.9990039120331478 6.29884346743856e-05
0.9997584146770134 1.585909620651401e-05
1.00001 0.0
