1.0 0.0
0.999748283778033 2.011407183812051e-05
0.9989933885690304 8.118627158655934e-05
0.997736074488478 0.00018535570800182663
0.9959776075450769 0.0003360187619283484
0.9937197583659803 0.000537578256506703
0.9909648004139218 0.0007950970117269379
0.9877155076980314 0.0011138604405605836
0.9839751519806432 0.0014989065674658802
0.9797474994829084 0.0019548621983531142
0.9750368070925292 0.002485409496148433
0.9698478180774346 0.003092613547727706
0.964185757309711 0.003777902912024231
0.9580563260045991 0.004544125428741231
0.9514656959798535 0.0053937174443982735
0.9444205034412455 0.006328289548230346
0.936927842300466 0.007348924920945782
0.9289952570321579 0.008455965079479112
0.9206307350772701 0.009648640923649568
0.9118426988003809 0.010925608566426867
0.9026399970090914 0.012285818035546554
0.8930318960440257 0.013727499768605362
0.8830280704484116 0.015248066491845864
0.8726385932266361 0.016844988391585138
0.861873925701583 0.018515440308488892
0.8507449069809686 0.02025586193189314
0.839262743043278 0.022062168617595256
0.8274389954542947 0.023929887389596238
0.8152855697255851 0.02585386905796981
0.8028147033266558 0.027828406455908443
0.7900389533628609 0.029847724136312412
0.7769711839314596 0.03190561285912756
0.7636245531685621 0.03399536096624805
0.7500125000000012 0.036110398246003386
0.7361487306094734 0.038244163046625
0.7220472046375733 0.04038975102621191
0.7077221211256197 0.042540481623483145
0.6931879042184234 0.04469020817337056
0.6784591886403976 0.04683268856689274
0.6635508049596293 0.048961211203960055
0.6484777646547555 0.0510679508719382
0.6332552449996766 0.05314476469439784
0.6178985737813272 0.05518367616796166
0.6024232138658949 0.057178190246946405
0.5868447476290247 0.05912241748718626
0.571178861265687 0.06101052656269498
0.5554413289955091 0.06283606579123813
0.5396479971794739 0.0645922869371382
0.5238147683639766 0.06627268148728764
0.507957585268309 0.06787176854559618
0.49209241473169274 0.06938510577168906
0.47623523163602527 0.07080859455624824
0.46040200282052796 0.07213734549796098
0.44460867100449275 0.07336526449079592
0.428871138734315 0.07448661378788897
0.4132052523709771 0.07549631140297336
0.39762678613410685 0.07639009560673003
0.3821514262186746 0.0771643345749107
0.3667947550003252 0.0778149609680154
0.3515722353452462 0.07833586455096724
0.33649919504037246 0.07872141307075728
0.3215908113596041 0.07896669628235882
0.30686209578157825 0.07906698064615736
0.292327878874382 0.07901853504759757
0.2780027953624282 0.07881933415677098
0.263901269390528 0.07847034495991283
0.2500375000000001 0.07797402084601615
0.23642544683143907 0.07733249663879634
0.22307881606854146 0.07654345572054734
0.21001104663714015 0.07560494553747693
0.19723529667334508 0.07451715022261983
0.18476443027441586 0.07328279222744015
0.17261100454570608 0.07190659213315599
0.16078725695672283 0.07039302372950026
0.14930509301903203 0.06873977516113451
0.13817607429841752 0.06694560555758178
0.12741140677336454 0.06501265386126716
0.11702192955158897 0.06294507513999033
0.10701810395597482 0.06075036960834841
0.09741000299090896 0.058436392541722504
0.08820730119961934 0.05600311535231799
0.07941926492273017 0.053454465289173185
0.07105474296784234 0.05079846432760461
0.06312215769953428 0.048041550246723394
0.05562949655875463 0.04519705850872906
0.048584304020146525 0.042273869468936465
0.04199367399540101 0.03926124068935821
0.035864242690289067 0.03616488387670799
0.030202181922565435 0.03300844294027896
0.025013192907470807 0.029828886403849914
0.02030250051709168 0.02667483517635359
0.016074848019356786 0.023513397607629705
0.012334492301968612 0.02025081547092677
0.009085199586078214 0.01691474510734819
0.006330241634019765 0.013627670298700446
0.004072392454923099 0.010565993682032366
0.0023139255115220327 0.007924419361157927
0.0010566114309695782 0.005886119918296884
0.00030171622196703833 0.004599098611664369
5e-05 0.004159070813407086
5e-05 0.001
0.00030171622196703833 -0.00012081996718108304
0.0010566114309695782 -0.003066227916057208
0.0023139255115220327 -0.006719502676205577
0.004072392454923099 -0.009665684436428495
0.006330241634019765 -0.01085440049287069
0.009085199586078214 -0.01051481724430894
0.012334492301968612 -0.01061602459873866
0.016074848019356786 -0.011906768002609213
0.02030250051709168 -0.014038729224944835
0.025013192907470807 -0.01611609163980842
0.030202181922565435 -0.017531832293363223
0.035864242690289067 -0.018410160853978577
0.04199367399540101 -0.01910052078334272
0.048584304020146525 -0.019955817036589066
0.05562949655875463 -0.020946972336471865
0.06312215769953428 -0.021946361923815508
0.07105474296784234 -0.02280438327933387
0.07941926492273017 -0.023497620830156943
0.08820730119961934 -0.024066406661666144
0.09741000299090896 -0.02456891099371202
0.10701810395597482 -0.025028078605548676
0.11702192955158897 -0.02542953908513068
0.12741140677336454 -0.025756359056549414
0.13817607429841752 -0.02599804690239031
0.14930509301903203 -0.026158973288052927
0.16078725695672283 -0.026248066793055545
0.17261100454570608 -0.026275275273493652
0.18476443027441586 -0.026242557914624327
0.19723529667334508 -0.02615003603192542
0.21001104663714015 -0.025998755288094293
0.22307881606854146 -0.02579112081719266
0.23642544683143907 -0.025530851122600635
0.2500375000000001 -0.02522267393789189
0.263901269390528 -0.02487031511521868
0.2780027953624282 -0.024474473704021588
0.292327878874382 -0.024035799193093847
0.30686209578157825 -0.023555587390811997
0.3215908113596041 -0.023037251224696194
0.33649919504037246 -0.02248527662001174
0.3515722353452462 -0.021904499634178877
0.3667947550003252 -0.02129741396186911
0.3821514262186746 -0.020664085453073675
0.39762678613410685 -0.020004561290166898
0.4132052523709771 -0.0193199873890957
0.428871138734315 -0.01861443991370689
0.44460867100449275 -0.017892672624580806
0.46040200282052796 -0.017159355051657936
0.47623523163602527 -0.01641682089772515
0.49209241473169274 -0.01566609165930707
0.507957585268309 -0.014908217416440158
0.5238147683639766 -0.014145079993041161
0.5396479971794739 -0.013379919724538867
0.5554413289955091 -0.012616093226129107
0.571178861265687 -0.0118567673093663
0.5868447476290247 -0.01110416714461821
0.6024232138658949 -0.010360143937801094
0.6178985737813272 -0.009626499627000814
0.6332552449996766 -0.00890532238213602
0.6484777646547555 -0.00819902490231195
0.6635508049596293 -0.007509908121615119
0.6784591886403976 -0.006840093154162482
0.6931879042184234 -0.0061914225722166935
0.7077221211256197 -0.005565539257528859
0.7220472046375733 -0.004963905817491902
0.7361487306094734 -0.004387723347170405
0.7500125000000012 -0.003837934193197593
0.7636245531685621 -0.0033152980917984134
0.7769711839314596 -0.0028206732664686944
0.7900389533628609 -0.002355755634203492
0.8028147033266558 -0.0019221371819492436
0.8152855697255851 -0.0015210044346153505
0.8274389954542947 -0.001152733072436555
0.839262743043278 -0.000816986888760583
0.8507449069809686 -0.000513185586651611
0.861873925701583 -0.00024077953349649318
0.8726385932266361 6.795389719281347e-08
0.8830280704484116 0.00020938062316309004
0.8930318960440257 0.00038761809759894
0.9026399970090914 0.0005354037493982756
0.9118426988003809 0.0006535376443182379
0.9206307350772701 0.0007432716498171611
0.9289952570321579 0.0008062724894571166
0.936927842300466 0.0008445594730006489
0.9444205034412455 0.0008604582005007113
0.9514656959798535 0.0008565156315313591
0.9580563260045991 0.0008340282164318645
0.964185757309711 0.0007930762473319503
0.9698478180774346 0.0007349812208286661
0.9750368070925292 0.0006623731019250212
0.9797474994829084 0.0005796784231378481
0.9839751519806432 0.000491720276356289
0.9877155076980314 0.0004029540446796197
0.9909648004139218 0.000316382270734074
0.9937197583659803 0.00023354828471707176
0.9959776075450769 0.0001575485419224433
0.997736074488478 9.244794125582708e-05
0.9989933885690304 4.237296204023363e-05
0.999748283778033 1.0793024942914726e-05
1.0 0.0
