1.00001 -1.096281037496018e-06
0.9997582888126092 2.661291794357828e-05
0.9990034087022657 0.00011112452056832617
0.9977461197692523 0.00025643914265155183
0.9959876879969487 0.0004687218699342342
0.9937298839770935 0.0007555555477360514
0.9909749811269492 0.0011249097100394902
0.9877257534001627 0.0015838392913022014
0.9839854724936293 0.002137170013318845
0.9797579045531722 0.0027882863261978444
0.9750473063813518 0.003538236408484053
0.9698584211512268 0.004383738816091374
0.9641964736303809 0.005318802667066573
0.9580671649200249 0.006339004098028316
0.9514766667144707 0.00743773710719696
0.944431615086759 0.008605771132432417
0.9369391038066953 0.009836240513999901
0.9290066771980255 0.011123535129941487
0.9206423225419419 0.012461212378665956
0.9118544620345668 0.013844750174838038
0.9026519443065161 0.015273542678551078
0.8930440355130782 0.016748274555997957
0.8830404100039804 0.01827024624320048
0.8726511405821393 0.01983976475333729
0.8618866883612021 0.021457352263301855
0.8507578922320916 0.023123916087615534
0.8392759579491624 0.024837876198069313
0.8274524468469552 0.026595719471416156
0.8152992641989142 0.028393652075158617
0.8028286472297845 0.030228527489814302
0.7900531527937652 0.032098480003450267
0.776985644730821 0.03400184534917503
0.7636392809138861 0.035936460459058676
0.7500275000000013 0.03789797620205643
0.7361640078987257 0.03988131413124687
0.7220627639714473 0.041881189694808016
0.7077379669754897 0.04389257054663755
0.6932040407671665 0.04591051181537311
0.6784756197781816 0.04792990668111835
0.6635675342799962 0.04994460766042691
0.6484947954510023 0.05194734674026805
0.6332725802615397 0.05393062996018379
0.6179162161919721 0.05588619292463154
0.6024411657992144 0.057804449655621544
0.586863011147248 0.05967556716810508
0.5711974381173042 0.06148971311714374
0.5554602206135101 0.06323724208420575
0.5396672046799054 0.06490864378256696
0.5238342925448183 0.06649455816707642
0.5079774266086707 0.0679857404170899
0.4921125733913312 0.06937322624097274
0.4762557074551836 0.07064863981826283
0.4604227953200966 0.07180548802514161
0.44462977938649184 0.07283843251917257
0.42889256188269775 0.0737428302570501
0.4132269888527539 0.07451595813999513
0.39764883420078756 0.07515645567937808
0.38217378380802974 0.07566338527801308
0.36681741973846216 0.07603403661351801
0.3515952045489995 0.07626476671797613
0.3365224657200057 0.07635285052893079
0.3216143802218201 0.0762978853366409
0.30688595923283524 0.07610145484177105
0.29235203302451207 0.075765905232936
0.27802723602855434 0.07529379237550259
0.2639259921012758 0.07468797293434745
0.2500625000000001 0.07395198299208894
0.2364507190861152 0.07308704089670935
0.22310435526918015 0.07209241444578897
0.2100368472062359 0.07096869407948994
0.19726135277021647 0.06971585273458877
0.1847907358010867 0.06833341493953764
0.17263755315304555 0.06682286478526789
0.16081404205083843 0.06518605765190527
0.1493321077679091 0.06342531776810258
0.1382033116387986 0.06154530677030438
0.12743885941786132 0.05954998781789317
0.11704958999602016 0.057442969552383795
0.10704596448692225 0.05523087945042952
0.09743805569348428 0.05291735864381774
0.08823553796543365 0.050504402672600465
0.07944767745805849 0.04799914105930542
0.0710833228019747 0.045408875007828566
0.06315089619330498 0.04274251190187934
0.05565838491324119 0.04001421621673177
0.04861333328552939 0.03722425185965275
0.042022835079975326 0.034369975124812054
0.035893526369619226 0.0314642419159432
0.030231578848773297 0.028528336299840584
0.025042693618648217 0.025593508803220116
0.020332095446827826 0.022691673781311164
0.01610452750637075 0.019773047825993477
0.012364246599837467 0.0168100416975155
0.009115018873050842 0.013855799995476452
0.006360116022906531 0.011017080554240883
0.004102312003051408 0.008429045526234432
0.002343880230747764 0.0062333157334168695
0.0010865912977342973 0.004559590889800916
0.0003317111873908702 0.003511087725966722
8e-05 0.0031539948307075395
8e-05 0.00099
0.0003317111873908702 0.00010933089666245647
0.0010865912977342973 -0.0022209035003435034
0.002343880230747764 -0.005160939954248464
0.004102312003051408 -0.007628360505092278
0.006360116022906531 -0.008769229470344099
0.009115018873050842 -0.00860844728091258
0.012364246599837467 -0.00857927882124881
0.01610452750637075 -0.009510169106437327
0.020332095446827826 -0.01118167624384393
0.025042693618648217 -0.012935709792240577
0.030231578848773297 -0.014173354053740627
0.035893526369619226 -0.014942578130511251
0.042022835079975326 -0.015491510565442207
0.04861333328552939 -0.01613631210108294
0.05565838491324119 -0.016895006867955344
0.06315089619330498 -0.017675797503989767
0.0710833228019747 -0.018358878969708135
0.07944767745805849 -0.018903464934545828
0.08823553796543365 -0.01933662946431611
0.09743805569348428 -0.019701661233298196
0.10704596448692225 -0.02002794863388129
0.11704958999602016 -0.020309257642855374
0.12743885941786132 -0.020535940790773814
0.1382033116387986 -0.020700043715281616
0.1493321077679091 -0.020802211945042472
0.16081404205083843 -0.02084684710971942
0.17263755315304555 -0.02084010596537143
0.1847907358010867 -0.02078563013751886
0.19726135277021647 -0.020685426212610776
0.2100368472062359 -0.020542424775311756
0.22310435526918015 -0.020359519269469314
0.2364507190861152 -0.020138674873852715
0.2500625000000001 -0.01988230834660003
0.2639259921012758 -0.019593400893792242
0.27802723602855434 -0.019275329851035163
0.29235203302451207 -0.018931958373236326
0.30688595923283524 -0.018567582361495215
0.3216143802218201 -0.018185166031790732
0.3365224657200057 -0.01778623993195939
0.3515952045489995 -0.017372431992217833
0.36681741973846216 -0.016945425196713795
0.38217378380802974 -0.01650675837895941
0.39764883420078756 -0.016058026186669044
0.4132269888527539 -0.01560094964097984
0.42889256188269775 -0.015137699888329777
0.44462977938649184 -0.014670747344418368
0.4604227953200966 -0.01420262201022212
0.4762557074551836 -0.013735100667156623
0.4921125733913312 -0.013268514453610443
0.5079774266086707 -0.012803031702476552
0.5238342925448183 -0.01233891462964836
0.5396672046799054 -0.011877064486172512
0.5554602206135101 -0.01141862571341244
0.5711974381173042 -0.010964724160651886
0.586863011147248 -0.010516508004950029
0.6024411657992144 -0.010075152039449444
0.6179162161919721 -0.009641789255476926
0.6332725802615397 -0.009217366618781834
0.6484947954510023 -0.008802208854072773
0.6635675342799962 -0.00839646198477037
0.6784756197781816 -0.00800024563134882
0.6932040407671665 -0.007613484170679479
0.7077379669754897 -0.007235939933520991
0.7220627639714473 -0.006867385741145003
0.7361640078987257 -0.006507807645855088
0.7500275000000013 -0.006157772231565465
0.7636392809138861 -0.005817898867958487
0.776985644730821 -0.0054886822423660065
0.7900531527937652 -0.005169858055608265
0.8028286472297845 -0.0048607306671927565
0.8152992641989142 -0.004560690639860484
0.8274524468469552 -0.00426952862355046
0.8392759579491624 -0.003987734598466929
0.8507578922320916 -0.003715823423386685
0.8618866883612021 -0.00345396316603144
0.8726511405821393 -0.00320005302259556
0.8830404100039804 -0.002951334124289399
0.8930440355130782 -0.002705677595905027
0.9026519443065161 -0.0024609793587592405
0.9118544620345668 -0.002214925872398934
0.9206423225419419 -0.001966030891711253
0.9290066771980255 -0.0017141796023140852
0.9369391038066953 -0.0014628150836045674
0.944431615086759 -0.0012160327903974737
0.9514766667144707 -0.0009773078719138224
0.9580671649200249 -0.0007522071400394128
0.9641964736303809 -0.0005478831590616588
0.9698584211512268 -0.0003688688796666769
0.9750473063813518 -0.0002178926667983676
0.9797579045531722 -9.853112184634467e-05
0.9839854724936293 -1.1736501834218983e-05
0.9877257534001627 4.475305131471372e-05
0.9909749811269492 7.378031959176367e-05
0.9937298839770935 7.876364856509953e-05
0.9959876879969487 6.636009937476698e-05
0.9977461197692523 4.484783273743387e-05
0.9990034087022657 2.2449367358202053e-05
0.9997582888126092 6.002899919051483e-06
1.00001 0.0
