1.0 0.0
0.9997482711915926 3.738277683727154e-05
0.9989933382359422 0.00015160893024640014
0.9977359612865423 0.0003485869569383794
0.9959774064153977 0.000637085585744591
0.9937194443381971 0.001027131241972529
0.9909643486313533 0.001527795554579171
0.9877148934427036 0.002144403571263173
0.9839743506981782 0.0028760454917250936
0.9797464868072487 0.0037201735127992642
0.9750355588704727 0.004671629045030016
0.9698463103929542 0.0057186975272144995
0.9641839665080364 0.0068469131219170715
0.958054228716035 0.008044919081671221
0.9514632691433107 0.009298886194248285
0.9444177243274618 0.010594224100524349
0.9369246885348927 0.011927363514835386
0.9289917066174888 0.013301051358618364
0.9206267664155909 0.014721354031293786
0.9118382907149167 0.01619046207039022
0.9026351287655296 0.01770678716070762
0.8930265473713942 0.01926938978704894
0.8830222215594895 0.02087762287362219
0.872632224837878 0.022530687572835193
0.8618670190525357 0.024228322825483543
0.8507374438531613 0.02597017167594086
0.8392547057785669 0.027753331921990237
0.8274303669726433 0.029574097690086648
0.8152763335422621 0.031428670893247516
0.8028048435688343 0.03331363239693451
0.7900284547856001 0.03522582360706417
0.7769600319330563 0.03716208102868759
0.7636127338052524 0.039118580491273765
0.7500000000000012 0.0410906091340282
0.7361355373863427 0.04307326145351897
0.7220333063028884 0.045061431790574744
0.7077075065009447 0.04704973059733235
0.6931725628465657 0.049032628848249146
0.6784431107959373 0.05100398945483009
0.6635339816587122 0.05295521624022218
0.6484601876641387 0.054876801483361895
0.6332369068450188 0.05675894190513872
0.6178794677547149 0.058591125858918944
0.6024033340325966 0.06036244712410574
0.5868240888334664 0.06206189528528369
0.5711574191366438 0.063677991196005
0.5554190999505066 0.06519898123946624
0.5396249784283953 0.06661337639542321
0.5237909579118721 0.06791254352960084
0.5079329819174049 0.06909083097824746
0.4920670180825969 0.0701431979548159
0.4762090420881297 0.07106655599339098
0.46037502157160654 0.07186018798908343
0.44458090004949524 0.07252401061509643
0.42884258086335814 0.07305816742989552
0.41317591116653546 0.07346287082876828
0.3975966659674052 0.0737388180562285
0.38212053224528686 0.07388670405832358
0.36676309315498296 0.07390677439222326
0.35153981233586296 0.07379976123959126
0.33646601834128953 0.0735670228197139
0.32155688920406433 0.07321056745873428
0.3068274371534359 0.07273301353843466
0.29229249349905695 0.07213734617373616
0.2779666936971131 0.07142653489089067
0.2638644626136587 0.07060410001949871
0.25000000000000006 0.069673001882382
0.2363872661947488 0.06863306738810122
0.22303996806694482 0.06748453705586456
0.20997154521440087 0.0662288916453132
0.19719515643116664 0.06486872230520425
0.18472366645773874 0.06340785692174931
0.17256963302735745 0.06185070419503177
0.1607452942214339 0.060199995546915186
0.14926255614683936 0.05845937241029974
0.1381329809474649 0.05663309158042854
0.12736777516212267 0.05472120461970928
0.116977778440511 0.05272484821541023
0.10697345262860625 0.05064831380880326
0.09736487123447068 0.048498288192668895
0.0881617092850836 0.046284176915482346
0.0793732335844094 0.04401546503340268
0.07100829338251147 0.04168778717706828
0.06307531146510753 0.039297843143489546
0.05558227567253826 0.036851784157902696
0.04853673085668936 0.03436754779037762
0.041945771283965205 0.031869616101885316
0.03581603349196366 0.0293749203742094
0.030153689607045786 0.026831639679629354
0.02496444112952728 0.024196302682360955
0.020253513192751316 0.021483480856262987
0.016025649301821876 0.018808291441834726
0.012285106557296477 0.01629235599814216
0.009035651368646647 0.013948752467953063
0.006280555661802856 0.011419103477201065
0.00402259358460233 0.008600462209538605
0.0022640387134577056 0.005748371499630813
0.0010066617640577813 0.003276289114369515
0.0002517288084074587 0.001595692632449126
0.0 0.001000253607362396
0.0 0.0
0.0002517288084074587 -0.0007721111318485421
0.0010066617640577813 -0.0027923355699993307
0.0022640387134577056 -0.005272026602924474
0.00402259358460233 -0.007227650451923364
0.006280555661802856 -0.007972252744027608
0.009035651368646647 -0.007793479003706286
0.012285106557296477 -0.008004309670816327
0.016025649301821876 -0.00892920051451556
0.020253513192751316 -0.010369002875370818
0.02496444112952728 -0.011800861050201146
0.030153689607045786 -0.012826696268355645
0.03581603349196366 -0.013511101276632064
0.041945771283965205 -0.014062088402189135
0.04853673085668936 -0.014663705656277818
0.05558227567253826 -0.015295913297977267
0.06307531146510753 -0.015900642826023482
0.07100829338251147 -0.016414498435887732
0.0793732335844094 -0.016830958967963928
0.0881617092850836 -0.017170088640204775
0.09736487123447068 -0.017461730086784852
0.10697345262860625 -0.017719383205274226
0.116977778440511 -0.017939165283064794
0.12736777516212267 -0.01811710543803248
0.1381329809474649 -0.01825105462204659
0.14926255614683936 -0.01834261637718056
0.1607452942214339 -0.018395205200159616
0.17256963302735745 -0.018412822464294872
0.18472366645773874 -0.018394505312422302
0.19719515643116664 -0.01833713758186415
0.20997154521440087 -0.018237718175637827
0.22303996806694482 -0.0180952673996398
0.2363872661947488 -0.01791131597631922
0.25000000000000006 -0.017688127895549535
0.2638644626136587 -0.017428458291777756
0.2779666936971131 -0.01713522939937499
0.29229249349905695 -0.0168118218879898
0.3068274371534359 -0.016462022120385406
0.32155688920406433 -0.016088954377749348
0.33646601834128953 -0.015695423040817946
0.35153981233586296 -0.015284503823786875
0.36676309315498296 -0.01485879896601091
0.38212053224528686 -0.014419845918151349
0.3975966659674052 -0.01396917301741197
0.41317591116653546 -0.013508371787541088
0.42884258086335814 -0.013038931653720628
0.44458090004949524 -0.01256234305523163
0.46037502157160654 -0.01208014526970777
0.4762090420881297 -0.011593829856057024
0.4920670180825969 -0.011104822140491582
0.5079329819174049 -0.010614560046254946
0.5237909579118721 -0.010124251921693896
0.5396249784283953 -0.009634296269459162
0.5554190999505066 -0.00914492113094956
0.5711574191366438 -0.008656504124079464
0.5868240888334664 -0.00817139419135949
0.6024033340325966 -0.00769330030363812
0.6178794677547149 -0.007225831071362777
0.6332369068450188 -0.00677145669080533
0.6484601876641387 -0.006330242746238475
0.6635339816587122 -0.005901904810694222
0.6784431107959373 -0.005486297301697968
0.6931725628465657 -0.005084589294059469
0.7077075065009447 -0.004698538415617857
0.7220333063028884 -0.0043297302845423736
0.7361355373863427 -0.003979355840262232
0.7500000000000012 -0.0036480658195864016
0.7636127338052524 -0.003336332582003084
0.7769600319330563 -0.0030443999112052316
0.7900284547856001 -0.0027717634491333356
0.8028048435688343 -0.002517613399220311
0.8152763335422621 -0.0022811378421919663
0.8274303669726433 -0.002061801490819258
0.8392547057785669 -0.0018594325768842344
0.8507374438531613 -0.0016737863896541777
0.8618670190525357 -0.0015044143081632511
0.872632224837878 -0.0013502238957524902
0.8830222215594895 -0.001209963239250145
0.8930265473713942 -0.0010824521631153364
0.9026351287655296 -0.0009661085705368027
0.9118382907149167 -0.0008589348540380812
0.9206267664155909 -0.0007592471114840589
0.9289917066174888 -0.0006649162114638113
0.9369246885348927 -0.0005704729581056276
0.9444177243274618 -0.00047098113609001283
0.9514632691433107 -0.0003635672075621962
0.958054228716035 -0.00025110374670946924
0.9641839665080364 -0.00014075298581450786
0.9698463103929542 -3.7819743070240835e-05
0.9750355588704727 5.286705625422166e-05
0.9797464868072487 0.00012251973458410052
0.9839743506981782 0.00016598656908136465
0.9877148934427036 0.00018318650070775266
0.9909643486313533 0.0001765606960562496
0.9937194443381971 0.00015050776156298054
0.9959774064153977 0.00011235404151843211
0.9977359612865423 7.071274510189819e-05
0.9989933382359422 3.393302669837046e-05
0.9997482711915926 8.871058827070546e-06
1.0 0.0
