1.00001 -1.0123680195708424e-06
0.9997583844695564 2.4524505187885093e-05
0.9990037912337361 0.00010190563077594548
0.9977469801039635 0.00023340363753389875
0.9959892165825108 0.00042267711850310673
0.993732270588245 0.0006745787239301004
0.9909784146744692 0.000994890023222422
0.9877304217406544 0.0013899866237958077
0.9839915622403641 0.001866415664006176
0.9797656008881855 0.0024302524872239412
0.9750567928689811 0.003086530180377494
0.9698698795532774 0.00383867090241681
0.9642100837231078 0.004689250833866938
0.9580831043131128 0.005641644122758272
0.9514951106721963 0.006698281935514676
0.9444527363515145 0.007860262798201435
0.9369630724250521 0.009128353440845284
0.929033660349511 0.010502595061002228
0.920672484370704 0.011981575664200954
0.9118879634840951 0.013563509475918235
0.9026889429575852 0.015247627745190236
0.8930846854250771 0.01703251539533225
0.8830848615597878 0.018915676384851424
0.8726995403367009 0.020892632992835277
0.8619391788939621 0.022957210332564305
0.8508146120034275 0.025101846916225544
0.8393370411609665 0.027319564383541935
0.8275180233075057 0.029604432444460354
0.8153694591921682 0.03194982291441738
0.8029035813892283 0.034348130566162476
0.7901329419809466 0.036790481833118706
0.7770703999186864 0.039267067253028996
0.7637291080750401 0.041767542163774436
0.7501225000000012 0.04428243300635382
0.736264276394519 0.04680223702964752
0.7221683913150522 0.04931707242251168
0.7078490381230194 0.051817497979913744
0.6933206351932848 0.05429427745597749
0.6785978113960792 0.056737935128921134
0.6636953913669659 0.059138009880950165
0.6486283805796899 0.061483129288042906
0.6334119502369385 0.06376179709399178
0.6180614219942253 0.06596437835536148
0.602592252532282 0.06808379127244943
0.5870200179934913 0.07011335211009934
0.5713603982980323 0.0720457705823017
0.555629161355529 0.07387257124901528
0.5398421471881025 0.075585455272688
0.5240152519808118 0.07717711164895107
0.5081644120755421 0.07864191383229964
0.4923055879244598 0.07997487164038333
0.4764547480191901 0.08117118543610177
0.46062785281189933 0.08222583892183388
0.444840838644473 0.08313430956211394
0.42910960170196966 0.08389324581712951
0.41344998200651056 0.08450132040399184
0.3978777474677199 0.08495807291943908
0.3824085780057765 0.08526306370582842
0.3670580497630632 0.08541479930965958
0.35184161942031184 0.08541227650131297
0.336774608633036 0.0852550625356357
0.3218721886039225 0.08494285980848051
0.3071493648067169 0.08447616494576422
0.2926209618769824 0.08385682464919299
0.2783016086849494 0.08308877997709833
0.26420572360548256 0.08217699510402318
0.25034750000000006 0.08112701376598587
0.23674089192496117 0.07994457998112796
0.22339960008131468 0.07863614414126592
0.2103370580190544 0.07720691255002929
0.19756641861077262 0.07565710273506113
0.18510054080783275 0.0739876484061858
0.17295197669249512 0.07220060017188805
0.16113295883903425 0.0702975930821549
0.14965538799657327 0.06828216517395569
0.13853082110603854 0.06615810034813671
0.1277704596632997 0.06392582459727042
0.11738513844021277 0.061588343194529445
0.10738531457492338 0.05915019573045443
0.09778105704241517 0.05661412953877156
0.08858203651590532 0.05398682392473522
0.07979751562929642 0.0512762925767412
0.07143633965048934 0.04848754517763753
0.06350692757494823 0.04563118770947445
0.056017263648485624 0.04271588488485423
0.048974889327803854 0.039740873169921344
0.04238689568688742 0.0367163824476546
0.03625991627689228 0.03366166909209665
0.030600120446722615 0.030601515395974756
0.025413207131018994 0.027570509253834096
0.020704399111814577 0.02456107418939347
0.016478437759636054 0.021520385718588792
0.012739578259345694 0.018462449410390176
0.009491585325530757 0.015458537611495385
0.0067377294117550455 0.012616044365022396
0.00448078341748926 0.010059534098676473
0.0027230198960366495 0.007914245880358066
0.0014662087662639552 0.006292279582673419
0.0007116155304436754 0.005281652466486528
0.00046 0.004938374887373739
0.00046 0.00283
0.0007116155304436754 -0.0018563667027010856
0.0014662087662639552 -0.012643872829691203
0.0027230198960366495 -0.02136657488182556
0.00448078341748926 -0.019887625734457327
0.0067377294117550455 -0.008228362973233988
0.009491585325530757 0.00024404206151308616
0.012739578259345694 -0.00027535287566729256
0.016478437759636054 -0.00795717436429172
0.020704399111814577 -0.01579636553261983
0.025413207131018994 -0.018631255841691792
0.030600120446722615 -0.01741902883067783
0.03625991627689228 -0.015047200297791843
0.04238689568688742 -0.014538402832624012
0.048974889327803854 -0.015757284837638733
0.056017263648485624 -0.017650181348060838
0.06350692757494823 -0.018888096813490053
0.07143633965048934 -0.019268850899579356
0.07979751562929642 -0.019148664934305056
0.08858203651590532 -0.019017600737832086
0.09778105704241517 -0.019083174018690346
0.10738531457492338 -0.019237409818109407
0.11738513844021277 -0.019327709116336696
0.1277704596632997 -0.01924258710417166
0.13853082110603854 -0.019007896830995446
0.14965538799657327 -0.0186780107113977
0.16113295883903425 -0.018310579451817282
0.17295197669249512 -0.01791423000098343
0.18510054080783275 -0.017477614627267164
0.19756641861077262 -0.016988201846594234
0.2103370580190544 -0.016442781575411188
0.22339960008131468 -0.015849413076730982
0.23674089192496117 -0.015218200329056786
0.25034750000000006 -0.014558698706383108
0.26420572360548256 -0.013874870742584557
0.2783016086849494 -0.013169804448992656
0.2926209618769824 -0.012446919818423921
0.3071493648067169 -0.011709701284939467
0.3218721886039225 -0.010961732055708742
0.336774608633036 -0.010206842572057838
0.35184161942031184 -0.009448838339808315
0.3670580497630632 -0.008691098551760488
0.3824085780057765 -0.00793703569228234
0.3978777474677199 -0.007190070141261121
0.41344998200651056 -0.0064527687515624575
0.42910960170196966 -0.0057271562933863245
0.444840838644473 -0.005015226626928013
0.46062785281189933 -0.004319015245586649
0.4764547480191901 -0.0036406824139308255
0.4923055879244598 -0.0029823539328973354
0.5081644120755421 -0.0023460723691267013
0.5240152519808118 -0.0017336737465400208
0.5398421471881025 -0.0011468245317148868
0.555629161355529 -0.0005870795163674473
0.5713603982980323 -5.571208447791492e-05
0.5870200179934913 0.00044649931364469555
0.602592252532282 0.0009189514785322322
0.6180614219942253 0.001361115321891354
0.6334119502369385 0.0017719959458700884
0.6486283805796899 0.0021503815129066393
0.6636953913669659 0.002495246455229138
0.6785978113960792 0.0028062103573952596
0.6933206351932848 0.003084233360413356
0.7078490381230194 0.0033305552300971174
0.7221683913150522 0.0035463878305099306
0.736264276394519 0.0037316073472750616
0.7501225000000012 0.0038852416550519
0.7637291080750401 0.004006601734602942
0.7770703999186864 0.004095757169595975
0.7901329419809466 0.004154465561598663
0.8029035813892283 0.004184843976466622
0.8153694591921682 0.004188985648844947
0.8275180233075057 0.004168005299263715
0.8393370411609665 0.004122272186496234
0.8508146120034275 0.004052432630508994
0.8619391788939621 0.00395962521591733
0.8726995403367009 0.0038460227274199747
0.8830848615597878 0.003714076043608471
0.8930846854250771 0.0035662199805767555
0.9026889429575852 0.0034037887086142437
0.9118879634840951 0.003227097533852778
0.920672484370704 0.0030369547942500595
0.929033660349511 0.002834796318361384
0.9369630724250521 0.002623043565946004
0.9444527363515145 0.002404506550483844
0.9514951106721963 0.002182080373524426
0.9580831043131128 0.001958373341407357
0.9642100837231078 0.0017356300686800572
0.9698698795532774 0.0015163493547924593
0.9750567928689811 0.0013030061692880302
0.9797656008881855 0.0010964063671405268
0.9839915622403641 0.000897701053868057
0.9877304217406544 0.0007094159299681767
0.9909784146744692 0.0005353175153668107
0.993732270588245 0.0003800129311266835
0.9959892165825108 0.0002475231907763444
0.9977469801039635 0.00014111505013484553
0.9990037912337361 6.331457268224487e-05
0.9997583844695564 1.5918049723640243e-05
1.00001 0.0
