1.000709986856786 0.01943556186961812
1.0004580850106308 0.019432832623928517
0.9997026331159716 0.019428935638537644
0.9984443918488296 0.01943606019846226
0.996684628151504 0.01947225462197162
0.9944251139568693 0.019558058361487968
0.9916681244041887 0.019711852262053506
0.9884164355482419 0.01994399147001569
0.9846733215640726 0.020252219428257855
0.980442551450173 0.02063298430271422
0.9757283852334206 0.021078246264117934
0.9705355696795931 0.02156828079253189
0.964869333513777 0.022086226069784862
0.9587353821554849 0.022632820199510288
0.9521398919737818 0.023213208742073263
0.945089504068205 0.023834405712186004
0.9375913175817399 0.02449867563675839
0.9296528825525837 0.02520703446415111
0.9212821923118989 0.025960762573525357
0.9124876754352046 0.02676033152501016
0.9032781872555165 0.027605315645683744
0.8936630009467768 0.02849503931347557
0.8836517981865535 0.029428747582803335
0.8732546594074133 0.030405845196456612
0.8624820536467789 0.03142563392396599
0.8513448280054964 0.032487218156816405
0.8398541967257247 0.03358922612916667
0.828021729899143 0.03472992444811896
0.815859341816851 0.03590733043374928
0.8033792789726856 0.03711951608280388
0.7905941077320414 0.03836469454462127
0.7775167016786052 0.0396409336987048
0.7641602286517484 0.04094603577119849
0.7505381374876294 0.04227732313758935
0.7366641444773555 0.043631862367497616
0.7225522195558395 0.045006554358018126
0.7082165722352612 0.04639836992876802
0.6936716372972912 0.047804254676793556
0.6789320602584911 0.04922102016876417
0.6640126826235183 0.05064507942604465
0.6489285269409897 0.05207240997659872
0.6336947816770486 0.05349885463887605
0.6183267859218666 0.054920035787145716
0.6028400139444797 0.05633119486466996
0.5872500596115118 0.05772746455313205
0.5715726206854723 0.05910392412699423
0.5558234830184403 0.0604555477135455
0.540018504657049 0.06177730402400403
0.5241735998747779 0.06306383158986444
0.5083047231476275 0.06430526721222812
0.4924278530893152 0.06548888788664445
0.47655897636216493 0.06660222580877818
0.4607140715798938 0.06763603495865081
0.44490909321850264 0.06858466647806735
0.4291599555514706 0.06944305518750518
0.41348251662543106 0.07020722473933382
0.3978925622924631 0.07087477868543096
0.3824057903150762 0.07144389812622269
0.3670377945598941 0.07191239316382365
0.351804049295953 0.0722763871060494
0.33671989361342447 0.07253233476530932
0.32180051597845155 0.07267707722137418
0.30706093893965136 0.07270690668733422
0.29251600400168143 0.07261873858902242
0.27818035668110297 0.07241021644532303
0.264068431759587 0.07207866769936998
0.25019443874931285 0.07162219241909105
0.23657234758519383 0.07103972700575498
0.22321587455833694 0.0703288023217048
0.21013846850490062 0.06948753050062531
0.19735329726425635 0.06851548858572507
0.18487323442009088 0.06741170434710984
0.17271084633779865 0.06617625432545785
0.16087837951121708 0.0648108565253916
0.14938774823144527 0.06331465483816437
0.13825052259016277 0.06168744390972608
0.12747791682952828 0.05993180385600937
0.11708077805038797 0.0580492138443499
0.10706957529016473 0.05604296579135628
0.09745438898142483 0.053919137221675066
0.08824490080173672 0.05167728082183303
0.07945038392504244 0.049318472582957316
0.07107969368435756 0.04684995341663086
0.06314125865520144 0.04427886286853173
0.055643072168736055 0.04161754040549389
0.04859268426315925 0.03887950130289312
0.041997194081456225 0.03605166276928521
0.03586324272316405 0.03313040838934405
0.03019700655734787 0.03013516428763688
0.025004191003520308 0.027105529764040442
0.020290024786768012 0.024093873592546368
0.01605925467286841 0.021102886313072583
0.012316140688699195 0.018019867587295475
0.009064451832752262 0.014842348296504654
0.0063074622800717095 0.011679323650335222
0.004047948085436988 0.008705107264347433
0.002288184388111422 0.006119151310318516
0.0010299431209693064 0.004112390325311821
0.0002744912263102443 0.002840573094295417
2.2589380155091e-05 0.0024049489696490066
2.2589380155091e-05 -0.000614114456619778
0.0002744912263102443 -0.0013652343627521201
0.0010299431209693064 -0.003400252983464597
0.002288184388111422 -0.0061226133669243545
0.004047948085436988 -0.008732128767296853
0.0063074622800717095 -0.010513258093514041
0.009064451832752262 -0.011233048647806283
0.012316140688699195 -0.01161350856865407
0.01605925467286841 -0.012591171290068396
0.020290024786768012 -0.014121607329810722
0.025004191003520308 -0.015829416101504342
0.03019700655734787 -0.01721128008765996
0.03586324272316405 -0.018211327024390336
0.041997194081456225 -0.018970543893407053
0.04859268426315925 -0.019720493235484613
0.055643072168736055 -0.020525761681414043
0.06314125865520144 -0.02133023845560032
0.07107969368435756 -0.02205777780532643
0.07945038392504244 -0.022665688789839187
0.08824490080173672 -0.023169167587787497
0.09745438898142483 -0.02359845007973696
0.10706957529016473 -0.02398263242720544
0.11708077805038797 -0.024320427835841207
0.12747791682952828 -0.024605179811046495
0.13825052259016277 -0.024831247884085653
0.14938774823144527 -0.024999672488521342
0.16087837951121708 -0.025116192787856314
0.17271084633779865 -0.025188791883280968
0.18487323442009088 -0.025223169062538534
0.19735329726425635 -0.025220865035927225
0.21013846850490062 -0.02518388447481261
0.22321587455833694 -0.02511473318282637
0.23657234758519383 -0.025015668420322972
0.25019443874931285 -0.024889344417828533
0.264068431759587 -0.024738913012391405
0.27818035668110297 -0.02456703067319188
0.29251600400168143 -0.024376074486919162
0.30706093893965136 -0.024168758670341687
0.32180051597845155 -0.02394791608647614
0.33671989361342447 -0.023716254551365744
0.351804049295953 -0.023476675674266687
0.3670377945598941 -0.02323205822201779
0.3824057903150762 -0.022983879290207333
0.3978925622924631 -0.022733052216230554
0.41348251662543106 -0.022480529219594404
0.4291599555514706 -0.02222742016656242
0.44490909321850264 -0.021975019731863762
0.4607140715798938 -0.021724654235673692
0.47655897636216493 -0.021477501580750964
0.4924278530893152 -0.02123409207335712
0.5083047231476275 -0.020994779197933522
0.5241735998747779 -0.02075992012494698
0.540018504657049 -0.02053019278129505
0.5558234830184403 -0.020306530802498387
0.5715726206854723 -0.020089842180750744
0.5872500596115118 -0.019880812783549105
0.6028400139444797 -0.01967961873303284
0.6183267859218666 -0.01948633214600817
0.6336947816770486 -0.01930104642233321
0.6489285269409897 -0.019124285059825545
0.6640126826235183 -0.018956771005813805
0.6789320602584911 -0.018799154011664976
0.6936716372972912 -0.01865180251798407
0.7082165722352612 -0.018514671870424174
0.7225522195558395 -0.01838764267599366
0.7366641444773555 -0.01827064988228571
0.7505381374876294 -0.018164125805057208
0.7641602286517484 -0.018068599973330685
0.7775167016786052 -0.01798447082599881
0.7905941077320414 -0.017911805227087754
0.8033792789726856 -0.01785033372848998
0.815859341816851 -0.017799709002150377
0.828021729899143 -0.017759687540087284
0.8398541967257247 -0.017730565361938552
0.8513448280054964 -0.017712603910004687
0.8624820536467789 -0.017705851588850144
0.8732546594074133 -0.017709983632915614
0.8836517981865535 -0.01772438901653211
0.8936630009467768 -0.01774835017643292
0.9032781872555165 -0.017781291660579807
0.9124876754352046 -0.01782306944196443
0.9212821923118989 -0.017873356159395528
0.9296528825525837 -0.01793150140835257
0.9375913175817399 -0.017996121266825316
0.945089504068205 -0.01806554855203807
0.9521398919737818 -0.018138153751898728
0.9587353821554849 -0.018209871144118553
0.964869333513777 -0.01827404516964546
0.9705355696795931 -0.01832623258320071
0.9757283852334206 -0.018368450603884142
0.980442551450173 -0.018420201144641782
0.9846733215640726 -0.0184953861866731
0.9884164355482419 -0.018597908776192742
0.9916681244041887 -0.018732650523090855
0.9944251139568693 -0.01889756631371601
0.996684628151504 -0.019077618410287142
0.9984443918488296 -0.01925108875898977
0.9997026331159716 -0.01939515375846873
1.0004580850106308 -0.0194903021177672
1.000709986856786 -0.019523534683919465
