1.0 0.0
0.9997483215373543 5.254432830006981e-06
0.998993539568295 2.6120447905987616e-05
0.997736414094285 7.477005443560495e-05
0.9959782109341145 0.00016127630540618671
0.9937207004493295 0.00028807171920134896
0.990966155761627 0.00045167571458565683
0.987717350464015 0.000644401698667392
0.9839775558280386 0.0008573618692909337
0.9797505375098873 0.0010870206297914598
0.9750405517586985 0.0013336479715619245
0.9698523411308756 0.0015982976668537736
0.9641911297147348 0.0018843264183059933
0.9580626178702918 0.0021975162608925667
0.951472976489482 0.0025392216944873777
0.9444288407825964 0.002907516512174951
0.9369373035971857 0.003302175416709253
0.9290059082761652 0.003724441952737461
0.9206426410623079 0.0041773854036666665
0.9118559230567738 0.004660596231772947
0.9026546017397765 0.005170487115652233
0.89304794206192 0.005709212334730797
0.8830456171151776 0.006279642250889929
0.8726576983929104 0.0068781159966146916
0.8618946456487252 0.007503709683327945
0.8507672963643906 0.008160937727392207
0.8392868548374112 0.008848984825165466
0.8274648808992487 0.009564011218530724
0.8153132782755537 0.010306281474452963
0.8028442826001205 0.011076603028199619
0.790070449094643 0.011874541443907437
0.7770046399266697 0.012700239663507867
0.7636600112584914 0.013554355646436719
0.7500500000000012 0.014436613160267767
0.7361883102788654 0.0153466514405615
0.7220888996416278 0.0162849430251268
0.7077659649996445 0.017251848971878498
0.6932339283339963 0.018247374590835194
0.6785074221737781 0.019271067711878094
0.6636012748623805 0.020321352010329755
0.6485304956266059 0.02139364792058403
0.6333102594636497 0.0224836021415017
0.617955891861164 0.02358799796072626
0.6024828533657901 0.024700471490940307
0.5869067240156997 0.025814116883061282
0.5712431876528165 0.026928794714920035
0.5555080161305165 0.028045483833034904
0.5397170534327096 0.02916349396792517
0.5238861997202897 0.030275411211557565
0.5080313953210214 0.03137087607051377
0.4921686046789804 0.03244704437918742
0.47631380027971204 0.03350291969334039
0.4604829465672922 0.034536862328407865
0.44469198386948533 0.03554483595422591
0.42895681234718547 0.036521583185818274
0.41329327598430216 0.0374631272641176
0.39771714663421176 0.03836474159395091
0.3822441081388378 0.039220436827719626
0.3668897405363519 0.04002743667122919
0.3516695043733958 0.04078364374274513
0.33659872513762124 0.04148320732082315
0.3216925778262235 0.042122605506978786
0.3069660716660052 0.04270063673710328
0.29243403500035714 0.04320921781052523
0.27811110035837366 0.04364007837106932
0.264011689721136 0.043990219334348886
0.25015000000000004 0.044259665704034695
0.2365399887415099 0.0444484839737061
0.22319536007333143 0.04455015629766443
0.210129550905358 0.04455172125909124
0.19735571739988042 0.04443805763346848
0.1848867217244472 0.04421671043567257
0.17273511910075198 0.043896579355337466
0.16091314516258964 0.04347351856444655
0.14943270363561 0.04294639587085046
0.13830535435127542 0.042310813589554935
0.12754230160709024 0.041547979230290716
0.1171543828848229 0.04065738445257976
0.10715205793808054 0.03965286564951365
0.09754539826022379 0.038544060421489064
0.08834407694322659 0.0373287119928109
0.07955735893769253 0.03599603528691567
0.07119409172383497 0.03453872351776359
0.06326269640281451 0.0329621986704668
0.055771159217403755 0.031282614714889
0.04872702351051802 0.029512236488284688
0.04213738212970841 0.027659761601710613
0.03600887028526527 0.025727522270134702
0.030347658869124376 0.023697996443987956
0.025159448241301376 0.02158011945449173
0.020449462490112764 0.019408386462871376
0.01622244417196151 0.017194600226998612
0.012482649535985019 0.014965015551617247
0.009233844238372918 0.012736713277742742
0.006479299550670495 0.01042846359427094
0.004221789065885409 0.008138598751853538
0.002463585905715014 0.005961481984944833
0.0012064604317049699 0.0037405140666651984
0.0004516784626457772 0.001957301726075218
0.0002 0.0012692866186872793
0.0002 -0.00126
0.0004516784626457772 -0.0017382088967864574
0.0012064604317049699 -0.002986901373182282
0.002463585905715014 -0.004557982512612382
0.004221789065885409 -0.006068783333083876
0.006479299550670495 -0.007649515057268719
0.009233844238372918 -0.009418214686117258
0.012482649535985019 -0.01118522605041641
0.01622244417196151 -0.012938455477304784
0.020449462490112764 -0.014709775384962688
0.025159448241301376 -0.016445419083113998
0.030347658869124376 -0.018113947903208995
0.03600887028526527 -0.01970593949226342
0.04213738212970841 -0.02121911531920177
0.04872702351051802 -0.02266653582227515
0.055771159217403755 -0.024062111795758852
0.06326269640281451 -0.02538394096650625
0.07119409172383497 -0.026615141967903145
0.07955735893769253 -0.027754007152609856
0.08834407694322659 -0.028810322493265265
0.09754539826022379 -0.029790070374309908
0.10715205793808054 -0.030688286768110626
0.1171543828848229 -0.03150534753250335
0.12754230160709024 -0.032243190641843
0.13830535435127542 -0.03289947030186582
0.14943270363561 -0.03346776675701365
0.16091314516258964 -0.03394570598716168
0.17273511910075198 -0.034353849888169724
0.1848867217244472 -0.03469789336525438
0.19735571739988042 -0.0349615467218886
0.210129550905358 -0.0351507742243699
0.22319536007333143 -0.03527344101616557
0.2365399887415099 -0.03532068358072874
0.25015000000000004 -0.035299545676839184
0.264011689721136 -0.03522546032650311
0.27811110035837366 -0.035089704817278806
0.29243403500035714 -0.03488796396212357
0.3069660716660052 -0.03463056399761712
0.3216925778262235 -0.03431819023455826
0.33659872513762124 -0.03394902564965356
0.3516695043733958 -0.033530526452482
0.3668897405363519 -0.03306549143902537
0.3822441081388378 -0.03255108401300923
0.39771714663421176 -0.03199297893993968
0.41329327598430216 -0.03139666461151485
0.42895681234718547 -0.030759238276457164
0.44469198386948533 -0.030083638174128378
0.4604829465672922 -0.029377210874876204
0.47631380027971204 -0.028637861831801868
0.4921686046789804 -0.02786134015273459
0.5080313953210214 -0.02704605767526366
0.5238861997202897 -0.026199962981263966
0.5397170534327096 -0.025335537180436875
0.5555080161305165 -0.024453106770718824
0.5712431876528165 -0.023554100443132227
0.5869067240156997 -0.022647959008848664
0.6024828533657901 -0.021739060925244722
0.617955891861164 -0.020827553515989042
0.6333102594636497 -0.019914177969139853
0.6485304956266059 -0.01900314360331867
0.6636012748623805 -0.018103987411006415
0.6785074221737781 -0.017216804449147437
0.6932339283339963 -0.016335845185328258
0.7077659649996445 -0.015465646369490453
0.7220888996416278 -0.014612218511397884
0.7361883102788654 -0.01377746989477599
0.7500500000000012 -0.012960681509439109
0.7636600112584914 -0.01216036211952728
0.7770046399266697 -0.011382265396988134
0.790070449094643 -0.01063098172723512
0.8028442826001205 -0.009901067391565807
0.8153132782755537 -0.009192246309805006
0.8274648808992487 -0.008511249937292532
0.8392868548374112 -0.007860171735596529
0.8507672963643906 -0.007237575087918229
0.8618946456487252 -0.006638857992854807
0.8726576983929104 -0.0060640981370768
0.8830456171151776 -0.005520702094264118
0.89304794206192 -0.005009026816308783
0.9026546017397765 -0.00452474741674596
0.9118559230567738 -0.004066217394613637
0.9206426410623079 -0.0036346406485573248
0.9290059082761652 -0.0032351217131682867
0.9369373035971857 -0.002865735112841151
0.9444288407825964 -0.002518872024775667
0.951472976489482 -0.002197068799300224
0.9580626178702918 -0.0019040937395876233
0.9641911297147348 -0.0016335252420662117
0.9698523411308756 -0.001381865019412077
0.9750405517586985 -0.0011515279863448169
0.9797505375098873 -0.0009398821527331057
0.9839775558280386 -0.0007421370570432095
0.987717350464015 -0.0005562793188587954
0.990966155761627 -0.0003866747812950909
0.9937207004493295 -0.00024580957833271087
0.9959782109341145 -0.00013678996252419054
0.997736414094285 -5.7246070374716065e-05
0.998993539568295 -1.4498316414318987e-05
0.9997483215373543 -1.5008828365310768e-06
1.0 0.0
