1.0 0.0
0.999748371921689 2.0292883244146243e-05
0.998993741054901 8.364885387539373e-05
0.9977368672489519 0.0001965737310412094
0.9959790160692235 0.0003668363268743497
0.9937219575228469 0.0005989022194316841
0.9909679642764558 0.0008881893109799681
0.9877198093678037 0.0012293692171330675
0.9839807634135487 0.0016275981309532529
0.9797545913160216 0.0020927374423039555
0.9750455484722873 0.0026314923051213913
0.9698583764893212 0.003247561966962867
0.9641982984096122 0.00394393417510632
0.9580710134520024 0.004723090337474149
0.9514826912730562 0.005586506071936483
0.9444399657547399 0.0065355967750137895
0.9369499283246642 0.00757211036303495
0.9290201208156175 0.008697048737199555
0.9206585278715809 0.009910310716086664
0.9118735689078666 0.011210622018675832
0.9026740896334825 0.012596121567329135
0.8930693531442513 0.014065025382260624
0.8830690305956589 0.015614659579562823
0.8726831914648208 0.017240727538442868
0.8619222934113716 0.01893735793343153
0.8507971717474893 0.02069816096749711
0.8393190285276528 0.022517538966797195
0.8274994212691242 0.02438861619478308
0.8153502513145077 0.026296137962209053
0.8028837518481063 0.028218074092980484
0.790112475578143 0.03013116488870697
0.7770492820972468 0.03201311303620618
0.7637073249339335 0.03384255085665603
0.7501000383081171 0.035614895132988295
0.7362411236039899 0.03733412672648434
0.7221445355738885 0.03900376278597986
0.7078244682870432 0.040626085045429874
0.6932953408373511 0.04220254764488728
0.6785717828245732 0.04372914257180381
0.6636686196235656 0.04520074663176323
0.6486008574563845 0.04661387155186452
0.633383668282293 0.04796636649366696
0.6180323745208836 0.049255493764433056
0.6025624336237001 0.05047688255443806
0.5869894225098957 0.0516261712190363
0.5713290218815942 0.05269929148126494
0.5555970004347529 0.05369246409863892
0.5398091989814227 0.05460223377939234
0.523981514499392 0.05542549183011409
0.5081298841252793 0.0561597060468909
0.49227026910718596 0.056803391378544704
0.4764186387330733 0.05735541729789318
0.4605909542510427 0.057813841522710255
0.4448031527977124 0.05817650142636442
0.42907113135087116 0.0584419295859344
0.41341073072256956 0.05860947549235177
0.39783771960876513 0.058679308282224
0.38236777871158173 0.05865340854376102
0.36701648495017214 0.05853442079633721
0.3517992957760806 0.05832496391270595
0.3367315336088996 0.058027743684983334
0.32182837040789186 0.05764503644660524
0.30710481239511395 0.05717814167294949
0.29257568494542197 0.05662866148657608
0.2782556176585764 0.055998531770133864
0.26415902962847504 0.05529007872576775
0.25030011492434767 0.05450506582383189
0.23669282829853125 0.05364490472235301
0.22335087113521773 0.052711338659181185
0.21028767765432144 0.05170602945023801
0.19751640138435803 0.050631158780099605
0.18504990191795664 0.04948835132894452
0.17290073196333997 0.04827959708670511
0.16108112470481137 0.04700708564339815
0.1496029814849749 0.04567310220355226
0.13847785982109242 0.04428045831075044
0.12771696176764333 0.042830711570156714
0.11733112263680508 0.04132649251947088
0.10733080008821258 0.03976973840964054
0.09772606359898127 0.038163050326794706
0.08852658432459712 0.036509150057972846
0.07974162536088297 0.03480949227627606
0.07138003241684619 0.03306805297907051
0.06345022490779959 0.03128794304061609
0.055960187477723675 0.02947493677789966
0.0489174619594073 0.02762721099082764
0.042329139780461204 0.025740542605847162
0.036201854822851286 0.023817698918134695
0.03054177674314228 0.021863141023470603
0.02535460476017611 0.019886522039020187
0.020645561916441946 0.017864223447199772
0.016419389818914876 0.015790610307191384
0.012680343864659868 0.013703609547500217
0.00943218895600752 0.011669681287063397
0.00667819570961657 0.009676312002543137
0.004421137163240016 0.007577733397208041
0.0026632859835115453 0.0054798070350363885
0.0014064121775623482 0.0036584212149122393
0.0006517813107745224 0.0024153498247066
0.000400153232463452 0.0019738349913244815
0.000400153232463452 -0.001904247349762149
0.0006517813107745224 -0.0022625331243387075
0.0014064121775623482 -0.003271100549463085
0.0026632859835115453 -0.004748076294866454
0.004421137163240016 -0.006446756498694518
0.00667819570961657 -0.008139410099129142
0.00943218895600752 -0.009732964024266258
0.012680343864659868 -0.011359388316428251
0.016419389818914876 -0.01305986349376861
0.020645561916441946 -0.014761025950022705
0.02535460476017611 -0.016406851657195673
0.03054177674314228 -0.01799475670669524
0.036201854822851286 -0.019552117761928754
0.042329139780461204 -0.021074035648208863
0.0489174619594073 -0.022547716690585355
0.055960187477723675 -0.02396652047475541
0.06345022490779959 -0.025330395447202378
0.07138003241684619 -0.026644347157173613
0.07974162536088297 -0.02790629526096781
0.08852658432459712 -0.029116357006388833
0.09772606359898127 -0.03027340723302722
0.10733080008821258 -0.031376215317817924
0.11733112263680508 -0.03242507638460127
0.12771696176764333 -0.03341967349089342
0.13847785982109242 -0.034361358208720626
0.1496029814849749 -0.03524966053520788
0.16108112470481137 -0.036084127972928176
0.17290073196333997 -0.03686443412030341
0.18504990191795664 -0.037589657464319304
0.19751640138435803 -0.038259426272128375
0.21028767765432144 -0.03887217707383671
0.22335087113521773 -0.039426510408869124
0.23669282829853125 -0.03992137070078527
0.25030011492434767 -0.04035603795476951
0.26415902962847504 -0.04072984336900157
0.2782556176585764 -0.04104091606278641
0.29257568494542197 -0.04128740781099711
0.30710481239511395 -0.04146697534407669
0.32182837040789186 -0.041577045264497584
0.3367315336088996 -0.04161599856421461
0.3517992957760806 -0.041583870251047046
0.36701648495017214 -0.04148106870587953
0.38236777871158173 -0.04130699101944843
0.39783771960876513 -0.04106076357904264
0.41341073072256956 -0.040741600889401486
0.42907113135087116 -0.04034873369214175
0.4448031527977124 -0.03988235224990183
0.4605909542510427 -0.03934597955206346
0.4764186387330733 -0.03874430867980093
0.49227026910718596 -0.038082042167779835
0.5081298841252793 -0.03736387295527463
0.523981514499392 -0.03659446918388851
0.5398091989814227 -0.035777945069694256
0.5555970004347529 -0.03491824490687476
0.5713290218815942 -0.034017055853725935
0.5869894225098957 -0.03307463078716756
0.6025624336237001 -0.032091432865285215
0.6180323745208836 -0.031068210240387344
0.633383668282293 -0.030004733099763307
0.6486008574563845 -0.028890468185707775
0.6636686196235656 -0.027710416015420805
0.6785717828245732 -0.026459761962108988
0.6932953408373511 -0.025149811055453004
0.7078244682870432 -0.02379457831568758
0.7221445355738885 -0.022417341499380586
0.7362411236039899 -0.021043732309763145
0.7501000383081171 -0.019690764136581267
0.7637073249339335 -0.018364042919510527
0.7770492820972468 -0.017068074467638476
0.790112475578143 -0.015808356393696786
0.8028837518481063 -0.014590354359110635
0.8153502513145077 -0.0134185185549348
0.8274994212691242 -0.012296081983604233
0.8393190285276528 -0.011225619008297556
0.8507971717474893 -0.01020895335151799
0.8619222934113716 -0.009247288277440894
0.8726831914648208 -0.008341420743912574
0.8830690305956589 -0.007491873558670364
0.8930693531442513 -0.006698711035677099
0.9026740896334825 -0.0059612814351281095
0.9118735689078666 -0.005278334179710117
0.9206585278715809 -0.00464837514911817
0.9290201208156175 -0.004069781718449849
0.9369499283246642 -0.0035407383977700264
0.9444399657547399 -0.0030577531718252375
0.9514826912730562 -0.0026149969172005708
0.9580710134520024 -0.0022075391285651946
0.9641982984096122 -0.0018299265859140588
0.9698583764893212 -0.0014773990069857847
0.9750455484722873 -0.0011493477530196779
0.9797545913160216 -0.0008536338059658324
0.9839807634135487 -0.000596376199139892
0.9877198093678037 -0.0003825510241958635
0.9909679642764558 -0.00021615458732177897
0.9937219575228469 -9.572485929454766e-05
0.9959790160692235 -2.285862851227755e-05
0.9977368672489519 7.485286160785162e-06
0.998993741054901 1.0632481052216613e-05
0.999748371921689 3.839041000232347e-06
1.0 4e-18
