1.0 0.0
0.9997482737088806 2.5954725401347706e-05
0.9989933483025598 0.00011066925633935109
0.9977359839269294 0.0002693770574618815
0.9959774466413335 0.0005101788292221099
0.9937195071437538 0.0008314464998305037
0.990964438987867 0.001242931031880627
0.9877150162937691 0.0017530938376476395
0.9839745109546711 0.002362531735482631
0.9797466893423806 0.0030712423361399332
0.9750358085148839 0.0038788487801864526
0.9698466119298503 0.0047861269697365575
0.9641843246683713 0.00579145873164674
0.9580546481737477 0.006888101175722391
0.9514637545106193 0.008073142876639045
0.9444182801502186 0.009347863792122353
0.9369253192880074 0.010703558172832063
0.9289924167004225 0.012131272953312571
0.9206275601479268 0.013637423810631754
0.9118391723320096 0.015225955845066062
0.902636102414242 0.016893898012973706
0.8930276171059205 0.01863962844227731
0.8830233913372739 0.020461233701993205
0.8726334985156295 0.022353194118398555
0.8618684003823451 0.024308091731907375
0.8507389364787228 0.026316008733784174
0.8392563132315091 0.02835903324748884
0.8274320926689736 0.030423029608570292
0.8152781807789267 0.03251395537632604
0.8028068155203986 0.03463230543677228
0.7900305545010523 0.036769801763438754
0.7769622623327369 0.038916444298647795
0.7636150976779144 0.0410627739250385
0.7500025000000012 0.04320120435168362
0.7361381760309689 0.04532303170827667
0.7220360859698254 0.04742271002313137
0.7077104294258797 0.04950619870218843
0.6931756311209372 0.05156747583582516
0.6784463263648294 0.05358856875592289
0.6635373463188956 0.05556644341840323
0.6484637030622621 0.05749947368090001
0.6332405744759503 0.05938040803937806
0.6178832889600373 0.06120693054427445
0.6024073099992563 0.06297591301336074
0.586828220592578 0.06467532510156469
0.5711617075624523 0.06629730669556273
0.5554235457595071 0.06783677801784477
0.539629582178611 0.06928333726483095
0.523795720002293 0.07063793620548006
0.5079379025875856 0.0719110001115584
0.4920720974124161 0.07309145006110669
0.4762142799977088 0.07416614053385708
0.46038041782139083 0.07512977340435499
0.44458645424049476 0.07598033585390493
0.4288482924375495 0.07671927521182072
0.41318177940742384 0.0773512435401351
0.3976026900007456 0.07787202617598045
0.38212671103996443 0.078274038593313
0.36676942552405145 0.07855385888241523
0.35154629693773964 0.07871037445826432
0.3364726536811061 0.0787435703817128
0.3215636736351723 0.07865305256863991
0.3068343688790644 0.07843745425355411
0.292299570574122 0.07809270669321211
0.27797391403017613 0.0776084617047212
0.2638718239690326 0.07698516574458712
0.25000750000000005 0.07623188962234959
0.23639490232208688 0.07535010737320219
0.22304773766726416 0.0743401617095535
0.20997944549894873 0.07320111199601467
0.19720318447960236 0.07192427646667951
0.18473181922107418 0.070507643085362
0.17257790733102718 0.06895918932074178
0.16075368676849172 0.06729326347538982
0.14927106352127792 0.06551588828139458
0.13814159961765543 0.06362200701445588
0.12737650148437105 0.06159989638418953
0.11698660866272659 0.059456353090167294
0.10698238289407996 0.057211767816525705
0.09737389758575835 0.05487193871670761
0.08817082766799075 0.0524373359477438
0.07938243985207355 0.04990567134486612
0.07101758329957764 0.047270961147777034
0.06308468071199289 0.044544981182519816
0.05559171984978154 0.04174876702182748
0.048546245489380795 0.03889461481953942
0.041955351826252374 0.03599028605724708
0.03582567533162875 0.033036739912443734
0.030163388070149715 0.030027981280620907
0.02497419148511599 0.02698345504737587
0.02026331065761939 0.02393226835510256
0.01603548904532886 0.020900004055758772
0.012294983706230904 0.017901606030907978
0.00904556101213296 0.014915414635362516
0.006290492856246238 0.01194757781325415
0.004032553358666483 0.009108120869141657
0.002274016073070571 0.006292918654689376
0.0010166516974401407 0.003659803565673642
0.00026172629111937464 0.0017434984156761192
1e-05 0.0010398688906140298
1e-05 -0.0003
0.00026172629111937464 -0.0014342593743362356
0.0010166516974401407 -0.0036675473005303755
0.002274016073070571 -0.004790828894591067
0.004032553358666483 -0.005146193373485315
0.006290492856246238 -0.006476114984403763
0.00904556101213296 -0.007799180407917611
0.012294983706230904 -0.008675130989620422
0.01603548904532886 -0.009624093360911915
0.02026331065761939 -0.010608778980117079
0.02497419148511599 -0.011459533412846277
0.030163388070149715 -0.012238772084788813
0.03582567533162875 -0.012971862511396823
0.041955351826252374 -0.013620797775250534
0.048546245489380795 -0.014189683845907209
0.05559171984978154 -0.014693502173057732
0.06308468071199289 -0.015127110689339694
0.07101758329957764 -0.015487791786400567
0.07938243985207355 -0.0157776824198856
0.08817082766799075 -0.015998542628529143
0.09737389758575835 -0.016152839473908286
0.10698238289407996 -0.016242980747944346
0.11698660866272659 -0.01627086278340549
0.12737650148437105 -0.016238261966267587
0.13814159961765543 -0.016150496910751315
0.14927106352127792 -0.016012168805039435
0.16075368676849172 -0.01582058101549753
0.17257790733102718 -0.015578321325730449
0.18473181922107418 -0.015294972982913543
0.19720318447960236 -0.014973252952283063
0.20997944549894873 -0.014613543978991343
0.22304773766726416 -0.014221107506918003
0.23639490232208688 -0.013800087489494066
0.25000750000000005 -0.01335114792168657
0.2638718239690326 -0.012877327985497558
0.27797391403017613 -0.01238358205554206
0.292299570574122 -0.011874404572610086
0.3068343688790644 -0.011353166109582518
0.3215636736351723 -0.010820938684537878
0.3364726536811061 -0.010280443007169893
0.35154629693773964 -0.009736308685692944
0.36676942552405145 -0.00919193005549691
0.38212671103996443 -0.008648777741037584
0.3976026900007456 -0.008103902849791381
0.41318177940742384 -0.007559454456268546
0.4288482924375495 -0.0070267460051745435
0.44458645424049476 -0.006503727711511054
0.46038041782139083 -0.0059802423185151676
0.4762142799977088 -0.0054673254507213095
0.4920720974124161 -0.004975546530163393
0.5079379025875856 -0.004491420672973663
0.523795720002293 -0.004012369727814925
0.539629582178611 -0.00355452119382818
0.5554235457595071 -0.003117096938765709
0.5711617075624523 -0.0026902464153104335
0.586828220592578 -0.0022797353775056775
0.6024073099992563 -0.0018915118687405528
0.6178832889600373 -0.0015204619915907356
0.6332405744759503 -0.0011652035476777927
0.6484637030622621 -0.0008300066496647324
0.6635373463188956 -0.0005149288806646584
0.6784463263648294 -0.00021864850751561243
0.6931756311209372 5.464969967508252e-05
0.7077104294258797 0.00030367936484351874
0.7220360859698254 0.0005358257204228751
0.7361381760309689 0.0007525073284795153
0.7500025000000012 0.0009486775327873302
0.7636150976779144 0.0011253248141058782
0.7769622623327369 0.0012860011953835923
0.7900305545010523 0.0014314532905601858
0.8028068155203986 0.0015603930409509624
0.8152781807789267 0.0016692050200119123
0.8274320926689736 0.001758411507847774
0.8392563132315091 0.0018319843390399726
0.8507389364787228 0.0018887503963486876
0.8618684003823451 0.0019256720769458833
0.8726334985156295 0.0019417018434600786
0.8830233913372739 0.001938257958795386
0.8930276171059205 0.001920057090914422
0.902636102414242 0.001890623308462239
0.9118391723320096 0.0018518067907042995
0.9206275601479268 0.0018031265298938432
0.9289924167004225 0.0017440964759526932
0.9369253192880074 0.0016777731274704266
0.9444182801502186 0.0016058851352025855
0.9514637545106193 0.001526315934403237
0.9580546481737477 0.0014361973144026365
0.9641843246683713 0.001332953741116868
0.9698466119298503 0.0012179358547707516
0.9750358085148839 0.0010941040313246532
0.9797466893423806 0.0009619221995562482
0.9839745109546711 0.0008233621954368492
0.9877150162937691 0.0006833968534724002
0.990964438987867 0.0005448714953776507
0.9937195071437538 0.00040879603207226174
0.9959774466413335 0.00028183405097647197
0.9977359839269294 0.00017226808913763
0.9989933483025598 8.292262342521285e-05
0.9997482737088806 2.188819669930509e-05
1.0 0.0
