1.0 0.0
0.9997483920214206 2.1600046484757866e-05
0.998993821433589 8.933468612044416e-05
0.9977370480251248 0.00021122983609729652
0.9959793372603183 0.0003980808900226104
0.9937224590049148 0.0006596187346900314
0.9909686857440102 0.0009997569132371609
0.9877207902938511 0.0014208162502485416
0.983982043009843 0.0019269076756684657
0.9797562084935812 0.0025199543684233786
0.9750475418022149 0.003203195939494563
0.9698607841639656 0.003979904066700568
0.9642011582041126 0.004851813648622052
0.9580743626862512 0.005818483282690539
0.9514865667741219 0.0068772155808056006
0.9444444038197847 0.008026444107517763
0.936954964684396 0.009265605666083846
0.9290257905983124 0.010592587793727418
0.9206648655677114 0.012002099317768543
0.9118806083353735 0.013486578925086427
0.9026818639037222 0.015039545774349369
0.8930778946286559 0.01665601382090568
0.883078370893141 0.018330227084177534
0.8726933613699558 0.02005562754928232
0.8619333228833905 0.021824789659825487
0.8508090898801118 0.023630054723891913
0.8393318635197932 0.02546356888062261
0.8275132003964965 0.02731763870895821
0.8153650009021619 0.02918666640496383
0.8028994972439213 0.03106540050757812
0.7901292411273031 0.03294798017257528
0.7770670911177284 0.03482804970470676
0.7637261996930259 0.03669955974253948
0.7501200000000012 0.038557378540289795
0.7362621923283973 0.0403968839470249
0.7221667303158631 0.04221594422196178
0.7078478068978242 0.044013896685663245
0.6933198400163993 0.04578972434690677
0.6785974581027553 0.047541620239333324
0.6636954853475161 0.04926684988490964
0.6486289267740599 0.050957763426886335
0.6334129531297332 0.05260538138210991
0.6180628856101926 0.05420428248053038
0.602594180432261 0.055752300992623884
0.5870224132708263 0.0572477197914901
0.5713632635754582 0.05868928005545489
0.5556324987825304 0.060075127350002235
0.5398459584387497 0.06139664284861564
0.5240195382520745 0.06264225294922916
0.5081691740860845 0.06380739945259858
0.4923108259139172 0.06489648856871363
0.47646046174792733 0.06591173363625658
0.46063404156125215 0.0668448986219385
0.44484750121747146 0.067686195366476
0.4291167364245437 0.06843060525014052
0.4134575867291755 0.06907620255852975
0.39788581956774083 0.06962211684535999
0.3824171143898091 0.07006878584174285
0.36706704687026853 0.07041545537518396
0.3518510732259417 0.07065519605241455
0.33678451465248566 0.07078058009423444
0.32188254189724635 0.07078846592378747
0.30716015998360224 0.07067862811338654
0.29263219310217736 0.07045110151058215
0.27831326968413844 0.0701059618504214
0.26421780767160413 0.0696426313093721
0.25036 0.0690564614361367
0.23675380030697532 0.06834370317609952
0.2234129088822727 0.0675063925911158
0.21035075887269797 0.0665496754516786
0.1975805027560797 0.06547410668657214
0.18511499909783904 0.06427573507798212
0.1729667996035043 0.06295210431957393
0.16114813648020762 0.061501813975795586
0.1496709101198889 0.05992684233250302
0.13854667711661012 0.05823624969421958
0.12778663863004486 0.05644101902331461
0.11740162910685954 0.0545399015463282
0.10740210537134451 0.05252675406250383
0.09779813609627813 0.05040261772202816
0.08859939166462676 0.04817554991780447
0.07981513443228887 0.04585550233295532
0.07145420940168785 0.043450984700516
0.06352503531560427 0.04097157540079839
0.05603559618021544 0.038416139244734436
0.048993433225878145 0.03578847895485092
0.042405637313748905 0.033095252993774686
0.03627884179588752 0.03035119384171858
0.030619215836034403 0.027582731835309588
0.02543245819778511 0.024825208266054995
0.020723791506418794 0.02207509360614532
0.016497956990157003 0.019284008087259333
0.012759209706148973 0.016483226679933554
0.009511314255989695 0.013797180308420247
0.006757540995085191 0.011282507990869932
0.004500662739681721 0.008703102844984954
0.0027429519748752456 0.006094169729037765
0.0014861785664110334 0.00379078481008568
0.0007316079785794231 0.0021991883573609233
0.00048 0.0016303530970917042
0.00048 -0.00179
0.0007316079785794231 -0.0020978304284892317
0.0014861785664110334 -0.0029550075868554474
0.0027429519748752456 -0.0041801903892912055
0.004500662739681721 -0.005529569960974747
0.006757540995085191 -0.006783655108279113
0.009511314255989695 -0.00786707336426313
0.012759209706148973 -0.008963363057370647
0.016497956990157003 -0.010185474034890174
0.020723791506418794 -0.011437949576431333
0.02543245819778511 -0.01260205800043372
0.030619215836034403 -0.013661374260418125
0.03627884179588752 -0.014656494723091397
0.042405637313748905 -0.015608811296432169
0.048993433225878145 -0.01650625059092
0.05603559618021544 -0.017341331172270526
0.06352503531560427 -0.018113354979943055
0.07145420940168785 -0.018828916446992392
0.07981513443228887 -0.019489275384495908
0.08859939166462676 -0.020089622401650187
0.09779813609627813 -0.020627292422267216
0.10740210537134451 -0.021101466894663266
0.11740162910685954 -0.02151384938127037
0.12778663863004486 -0.021865640051086033
0.13854667711661012 -0.02215786743821398
0.1496709101198889 -0.022392493380429167
0.16114813648020762 -0.0225703702610012
0.1729667996035043 -0.02269319850735575
0.18511499909783904 -0.022762380823730242
0.1975805027560797 -0.022779289048671717
0.21035075887269797 -0.022745586960260265
0.2234129088822727 -0.022661934696217453
0.23675380030697532 -0.022529415060598086
0.25036 -0.022350409939483597
0.26421780767160413 -0.022128483428925372
0.27831326968413844 -0.021866809704639743
0.29263219310217736 -0.021565951701400677
0.30716015998360224 -0.02122631725464032
0.32188254189724635 -0.020849815533685978
0.33678451465248566 -0.020439638351478308
0.3518510732259417 -0.019999024048249724
0.36706704687026853 -0.019530405899064605
0.3824171143898091 -0.019036231525331085
0.39788581956774083 -0.018518757703673182
0.4134575867291755 -0.017980075127386336
0.4291167364245437 -0.01742205387236627
0.44484750121747146 -0.0168453818554552
0.46063404156125215 -0.016250511804769607
0.47646046174792733 -0.015637547801266603
0.4923108259139172 -0.015006239118538076
0.5081691740860845 -0.01435655041806369
0.5240195382520745 -0.013689283738744102
0.5398459584387497 -0.013005607715763394
0.5556324987825304 -0.012309604029878629
0.5713632635754582 -0.01160891105301081
0.5870224132708263 -0.010910515767659763
0.602594180432261 -0.010216632340785027
0.6180628856101926 -0.009527709631752092
0.6334129531297332 -0.008845694848443001
0.6486289267740599 -0.008175007901293748
0.6636954853475161 -0.007519968604768284
0.6785974581027553 -0.006883473852201522
0.6933198400163993 -0.006267570609119776
0.7078478068978242 -0.005673831636523364
0.7221667303158631 -0.00510291786930943
0.7362621923283973 -0.0045553295837492645
0.7501200000000012 -0.004032783836815336
0.7637261996930259 -0.003537899057275465
0.7770670911177284 -0.003072500088944989
0.7901292411273031 -0.0026360048484953577
0.8028994972439213 -0.002227180078402055
0.8153650009021619 -0.0018460698066468065
0.8275132003964965 -0.0014944440312828515
0.8393318635197932 -0.0011735128740218638
0.8508090898801118 -0.0008817246104372573
0.8619333228833905 -0.0006162581937915924
0.8726933613699558 -0.0003749487388347861
0.883078370893141 -0.00015705081047277987
0.8930778946286559 3.810457316556995e-05
0.9026818639037222 0.00021178028604684957
0.9118806083353735 0.00036572333974293646
0.9206648655677114 0.0005010083851407849
0.9290257905983124 0.0006149419741844941
0.936954964684396 0.0007045716448176514
0.9444444038197847 0.000768876751077157
0.9514865667741219 0.000808912208146062
0.9580743626862512 0.0008264741821777721
0.9642011582041126 0.0008220627811316146
0.9698607841639656 0.000795867350650675
0.9750475418022149 0.0007496026168281216
0.9797562084935812 0.0006855791842451197
0.983982043009843 0.0006073503412111192
0.9877207902938511 0.0005188872385380416
0.9909686857440102 0.0004237927042731446
0.9937224590049148 0.00032725316358119623
0.9959793372603183 0.00023204996408128384
0.9977370480251248 0.00014235918860991856
0.998993821433589 6.74910033972272e-05
0.9997483920214206 1.7552397617844053e-05
1.0 0.0
