1.0 0.002184
0.9997482711915926 0.002215586870955397
0.9989933382359422 0.002310006568682017
0.9977359612865423 0.002466341198464986
0.9959774064153977 0.00268340897657213
0.9937194443381971 0.002960281191405149
0.9909643486313533 0.0032969958043301824
0.9877148934427036 0.0036954576738841287
0.9839743506981782 0.004159556190030329
0.9797464868072487 0.004682794467269565
0.9750355588704727 0.005242625779269845
0.9698463103929542 0.005865112636702608
0.9641839665080364 0.006717221491669091
0.958054228716035 0.007859106442725262
0.9514632691433107 0.009075491654910207
0.9444177243274618 0.010319350623836085
0.9369246885348927 0.011648204815891808
0.9289917066174888 0.013041502764759077
0.9206267664155909 0.014497521549418333
0.9118382907149167 0.016018001676919507
0.9026351287655296 0.01760075359806027
0.8930265473713942 0.01924546335424932
0.8830222215594895 0.020950833185382246
0.872632224837878 0.022713060163310643
0.8618670190525357 0.024528137744457442
0.8507374438531613 0.02639237911628212
0.8392547057785669 0.028301718348881167
0.8274303669726433 0.03025161949884775
0.8152763335422621 0.03223750168990694
0.8028048435688343 0.03425461163041271
0.7900284547856001 0.03629769188294826
0.7769600319330563 0.038361031015838244
0.7636127338052524 0.04043846969467358
0.7500000000000012 0.04252347924714357
0.7361355373863427 0.044609392939350345
0.7220333063028884 0.04668942624709034
0.7077075065009447 0.04875627521785625
0.6931725628465657 0.050803281789900796
0.6784431107959373 0.05282491212746059
0.6635339816587122 0.05481662354255094
0.6484601876641387 0.05677415378510723
0.6332369068450188 0.058693365319081627
0.6178794677547149 0.06057023310412362
0.6024033340325966 0.06240089931094143
0.5868240888334664 0.06418193289007994
0.5711574191366438 0.06591041846379346
0.5554190999505066 0.0675837948175328
0.5396249784283953 0.06919964124807369
0.5237909579118721 0.070755858212598
0.5079329819174049 0.07225038595575466
0.4920670180825969 0.0736813676985047
0.4762090420881297 0.07504718170950547
0.46037502157160654 0.07634612095094574
0.44458090004949524 0.0775765892503674
0.42884258086335814 0.0787375108916921
0.41317591116653546 0.07982811128903819
0.3975966659674052 0.08084758781407198
0.38212053224528686 0.08179507941384209
0.36676309315498296 0.0826685636706729
0.35153981233586296 0.0834655520184017
0.33646601834128953 0.084184051632874
0.32155688920406433 0.0848229916411025
0.3068274371534359 0.08538102427459596
0.29229249349905695 0.08585803834359278
0.2779666936971131 0.08625201537562523
0.2638644626136587 0.08655018733887802
0.25000000000000006 0.08673595474371676
0.2363872661947488 0.08679432961845937
0.22303996806694482 0.08671583668169594
0.20997154521440087 0.08648573959329121
0.19719515643116664 0.08610287875143367
0.18472366645773874 0.08557813597376406
0.17256963302735745 0.08492224456736973
0.1607452942214339 0.08414680705624196
0.14926255614683936 0.08326526194782198
0.1381329809474649 0.08227112958205023
0.12736777516212267 0.08114395143189342
0.116977778440511 0.0798621977103167
0.10697345262860625 0.07841470271739491
0.09736487123447068 0.07679121997015444
0.0881617092850836 0.07497280705743442
0.0793732335844094 0.07294763275919468
0.07100829338251147 0.07070696461368298
0.06307531146510753 0.0682164528066145
0.05558227567253826 0.06542273459252701
0.04853673085668936 0.062291298582242895
0.041945771283965205 0.058785280324874116
0.03581603349196366 0.054883062963300165
0.030153689607045786 0.05060736387876017
0.02496444112952728 0.04600072144924079
0.020253513192751316 0.04124224484150772
0.016025649301821876 0.03644675364055738
0.012285106557296477 0.031601149218346586
0.009035651368646647 0.02671053339308106
0.006280555661802856 0.02180978085673401
0.00402259358460233 0.016874795191579584
0.0022640387134577056 0.012012147650053519
0.0010066617640577813 0.007343665731244443
0.0002517288084074587 0.0030519680572044868
0.0 0.0012366161237351082
0.0 0.0
0.0002517288084074587 -0.007395119286521831
0.0010066617640577813 -0.005663199199290001
0.0022640387134577056 -0.011940160446670777
0.00402259358460233 -0.013609568330253096
0.006280555661802856 -0.01640345299503349
0.009035651368646647 -0.01830245051015902
0.012285106557296477 -0.019949304005997148
0.016025649301821876 -0.021278725006865628
0.020253513192751316 -0.02237450735711092
0.02496444112952728 -0.02341424557463254
0.030153689607045786 -0.024393662915159806
0.03581603349196366 -0.025273560662549724
0.041945771283965205 -0.026039091891020404
0.04853673085668936 -0.026721666335126425
0.05558227567253826 -0.027339149970376026
0.06307531146510753 -0.02789032866017589
0.07100829338251147 -0.028381886608025614
0.0793732335844094 -0.02882219229919371
0.0881617092850836 -0.02921598723096241
0.09736487123447068 -0.02956776703078995
0.10697345262860625 -0.029883144806372462
0.116977778440511 -0.03016226155980307
0.12736777516212267 -0.030414606992254456
0.1381329809474649 -0.030658107274127554
0.14926255614683936 -0.03090729596350022
0.1607452942214339 -0.031164525875734577
0.17256963302735745 -0.031428635938835416
0.18472366645773874 -0.031700232838776855
0.19719515643116664 -0.03197901403787827
0.20997154521440087 -0.03226436946192477
0.22303996806694482 -0.03255592141185207
0.2363872661947488 -0.03285390880341334
0.25000000000000006 -0.033156429207112266
0.2638644626136587 -0.033467031906559155
0.2779666936971131 -0.03377466813650696
0.29229249349905695 -0.03403071751649014
0.3068274371534359 -0.034238247219852504
0.32155688920406433 -0.03439634668164729
0.33646601834128953 -0.034504249251118266
0.35153981233586296 -0.034562571533156526
0.36676309315498296 -0.03457147765747017
0.38212053224528686 -0.03453171068412499
0.3975966659674052 -0.03444417265282671
0.41317591116653546 -0.03430938786437049
0.42884258086335814 -0.03412734618529578
0.44458090004949524 -0.0338979700375248
0.46037502157160654 -0.03362112287453462
0.4762090420881297 -0.033296916912483134
0.4920670180825969 -0.03292587869526647
0.5079329819174049 -0.03250871867794608
0.5237909579118721 -0.032045681712318586
0.5396249784283953 -0.03153703377183089
0.5554190999505066 -0.03098309712711145
0.5711574191366438 -0.03038424768130498
0.5868240888334664 -0.02974111318764031
0.6024033340325966 -0.02905458549543748
0.6178794677547149 -0.028326181580728527
0.6332369068450188 -0.027558223791758776
0.6484601876641387 -0.026753671431060267
0.6635339816587122 -0.02591551741286744
0.6784431107959373 -0.02504700360008227
0.6931725628465657 -0.02415132813103885
0.7077075065009447 -0.023231593411767483
0.7220333063028884 -0.02229191590868824
0.7361355373863427 -0.021336932051906964
0.7500000000000012 -0.020371360563890665
0.7636127338052524 -0.01939966131003967
0.7769600319330563 -0.018426101287498838
0.7900284547856001 -0.017454820955080153
0.8028048435688343 -0.016489871196682382
0.8152763335422621 -0.015534786028013869
0.8274303669726433 -0.014592688199685025
0.8392547057785669 -0.013666505943988947
0.8507374438531613 -0.012758995140117748
0.8618670190525357 -0.011872731462107355
0.872632224837878 -0.01100994980232862
0.8830222215594895 -0.010172667426866995
0.8930265473713942 -0.009363224529047337
0.9026351287655296 -0.008583692013697006
0.9118382907149167 -0.007833763779815199
0.9206267664155909 -0.007112478443596177
0.9289917066174888 -0.006420756993046063
0.9369246885348927 -0.0057546786439932945
0.9444177243274618 -0.005116281584963357
0.9514632691433107 -0.00452497949416124
0.958054228716035 -0.003914740075718902
0.9641839665080364 -0.003346789200588602
0.9698463103929542 -0.003045992907790504
0.9750355588704727 -0.0029277337633485515
0.9797464868072487 -0.0028100277556802012
0.9839743506981782 -0.0026747562995084137
0.9877148934427036 -0.002552524961388509
0.9909643486313533 -0.0024524062011043687
0.9937194443381971 -0.00237038768374943
0.9959774064153977 -0.002303889587549727
0.9977359612865423 -0.002251914001904374
0.9989933382359422 -0.0022143861205732277
0.9997482711915926 -0.00219163196469607
1.0 -0.002184
