1.0 -0.0119
0.9997482711915926 -0.011826724009756566
0.9989933382359422 -0.01160692056456142
0.9977359612865423 -0.0112407759890502
0.9959774064153977 -0.010728975063934191
0.9937194443381971 -0.010073256847341165
0.9909643486313533 -0.009277181808608438
0.9877148934427036 -0.008347099398296726
0.9839743506981782 -0.007293302268974884
0.9797464868072487 -0.006131350306389893
0.9750355588704727 -0.004881356186497892
0.9698463103929542 -0.003561795655809985
0.9641839665080364 -0.0021866126626384447
0.958054228716035 -0.0007462063464542905
0.9514632691433107 0.0007688334114719634
0.9444177243274618 0.0023430108666385777
0.9369246885348927 0.0039512033894911055
0.9289917066174888 0.005611972525307937
0.9206267664155909 0.0073701813745781115
0.9118382907149167 0.009142523801293715
0.9026351287655296 0.01090027181223415
0.8930265473713942 0.012732813384358043
0.8830222215594895 0.014559053707546447
0.872632224837878 0.016433373840334733
0.8618670190525357 0.018284021788221545
0.8507374438531613 0.020177792560984606
0.8392547057785669 0.022019475557504588
0.8274303669726433 0.023892957190995746
0.8152763335422621 0.02571169089021054
0.8028048435688343 0.02752089524546611
0.7900284547856001 0.029196301144394463
0.7769600319330563 0.030879031384307407
0.7636127338052524 0.0324045624127063
0.7500000000000012 0.03389999999999987
0.7361355373863427 0.03529108396704219
0.7220333063028884 0.03661865262265564
0.7077075065009447 0.037890282435501764
0.6931725628465657 0.0390529883112283
0.6784431107959373 0.040107477922272025
0.6635339816587122 0.04115086118161843
0.6484601876641387 0.042198379109077616
0.6332369068450188 0.0431020469949044
0.6178794677547149 0.04401287917989556
0.6024033340325966 0.044779311447086516
0.5868240888334664 0.04556408971639586
0.5711574191366438 0.04625542654128778
0.5554190999505066 0.046881814453819615
0.5396249784283953 0.04751300467105819
0.5237909579118721 0.04798515583820458
0.5079329819174049 0.048465331159697464
0.4920670180825969 0.04886198125133099
0.4762090420881297 0.04917471505443919
0.46037502157160654 0.04949424206159557
0.44458090004949524 0.049652014615508576
0.42884258086335814 0.04981099753160006
0.41317591116653546 0.04997662905787063
0.3975966659674052 0.04999827955744057
0.38212053224528686 0.049998352641189375
0.36676309315498296 0.04997591913483773
0.35153981233586296 0.049815147353333734
0.33646601834128953 0.04967054407782526
0.32155688920406433 0.049433551046850384
0.3068274371534359 0.049135724623686816
0.29229249349905695 0.048852988941656364
0.2779666936971131 0.048436258139018834
0.2638644626136587 0.048024731558093926
0.25000000000000006 0.0475
0.2363872661947488 0.04696266320214695
0.22303996806694482 0.04635493021081735
0.20997154521440087 0.04569844715114971
0.19719515643116664 0.04492806395807398
0.18472366645773874 0.04419257969741118
0.17256963302735745 0.043382650648320024
0.1607452942214339 0.04255421459607567
0.14926255614683936 0.04163569475692252
0.1381329809474649 0.040633214352264684
0.12736777516212267 0.03964811786477213
0.116977778440511 0.038579296275587115
0.10697345262860625 0.03744089128318925
0.09736487123447068 0.03629035002225695
0.0881617092850836 0.035157723632220264
0.0793732335844094 0.03390871906610412
0.07100829338251147 0.03265866523254977
0.06307531146510753 0.03134492581870161
0.05558227567253826 0.029987126039864097
0.04853673085668936 0.028602004714055974
0.041945771283965205 0.027163476518408593
0.03581603349196366 0.025632068106171576
0.030153689607045786 0.02404512671102601
0.02496444112952728 0.02243389954049577
0.020253513192751316 0.020703479375862244
0.016025649301821876 0.018815288349690124
0.012285106557296477 0.016846551372827877
0.009035651368646647 0.014894066403786297
0.006280555661802856 0.012836742544036646
0.00402259358460233 0.010486575709148252
0.0022640387134577056 0.008027105948396047
0.0010066617640577813 0.0058410303721202735
0.0002517288084074587 0.004331511906402569
0.0 0.003792734960178111
0.0 0.0
0.0002517288084074587 -0.0013048614503928556
0.0010066617640577813 -0.00456930047468246
0.0022640387134577056 -0.008205762895561687
0.00402259358460233 -0.010772850418198624
0.006280555661802856 -0.012627573249458152
0.009035651368646647 -0.01479674223618104
0.012285106557296477 -0.01698153177830292
0.016025649301821876 -0.018938353163696204
0.020253513192751316 -0.02069750487490954
0.02496444112952728 -0.02239469304846457
0.030153689607045786 -0.02404611445667358
0.03581603349196366 -0.025641292696706754
0.041945771283965205 -0.027161099275836875
0.04853673085668936 -0.02860117597265626
0.05558227567253826 -0.02998781723198747
0.06307531146510753 -0.03134471625774537
0.07100829338251147 -0.0326586938033191
0.0793732335844094 -0.03390872533329893
0.0881617092850836 -0.03515771818417908
0.09736487123447068 -0.03629035194356529
0.10697345262860625 -0.03744089163975696
0.116977778440511 -0.03857929260324933
0.12736777516212267 -0.03964813153262964
0.1381329809474649 -0.04063317151952107
0.14926255614683936 -0.04163577356724827
0.1607452942214339 -0.0425545924776185
0.17256963302735745 -0.04337713019667042
0.18472366645773874 -0.04423931218081976
0.19719515643116664 -0.045034119278787116
0.20997154521440087 -0.04579843413565418
0.22303996806694482 -0.04645472953876345
0.2363872661947488 -0.0470627036342317
0.25000000000000006 -0.04760000000000001
0.2638644626136587 -0.048124719209990376
0.2779666936971131 -0.0485363026891117
0.29229249349905695 -0.04895333460133094
0.3068274371534359 -0.04923293861269005
0.32155688920406433 -0.04952145920563785
0.33646601834128953 -0.04966085172102959
0.35153981233586296 -0.04980584491403523
0.36676309315498296 -0.049796351336535656
0.38212053224528686 -0.049785967498304384
0.3975966659674052 -0.04962099418366336
0.41317591116653546 -0.04944506123594805
0.42884258086335814 -0.04912132187073565
0.44458090004949524 -0.04876850570948281
0.46037502157160654 -0.048286724379006114
0.4762090420881297 -0.0476589419547983
0.4920670180825969 -0.046898256132095924
0.5079329819174049 -0.04602638497601454
0.5237909579118721 -0.045050541121133415
0.5396249784283953 -0.04383004641402001
0.5554190999505066 -0.042529039548043795
0.5711574191366438 -0.04098530082938855
0.5868240888334664 -0.039352653091252625
0.6024033340325966 -0.037618528236447346
0.6178794677547149 -0.03576099963824782
0.6332369068450188 -0.03378221369030967
0.6484601876641387 -0.03171865196058106
0.6635339816587122 -0.029611799007934776
0.6784431107959373 -0.027436410199342905
0.6931725628465657 -0.025230124767271017
0.7077075065009447 -0.022970539213023423
0.7220333063028884 -0.020674919167489973
0.7361355373863427 -0.018420422465996133
0.7500000000000012 -0.016199999999999812
0.7636127338052524 -0.014162103726111968
0.7769600319330563 -0.012146943528864047
0.7900284547856001 -0.010296024095177115
0.8028048435688343 -0.00852265996748006
0.8152763335422621 -0.006957252508789276
0.8274303669726433 -0.0055648749374341095
0.8392547057785669 -0.004463148152626451
0.8507374438531613 -0.0035477161406912883
0.8618670190525357 -0.0029136878490249652
0.872632224837878 -0.0025093932075267856
0.8830222215594895 -0.0022461710140979953
0.8930265473713942 -0.0022110938014165958
0.9026351287655296 -0.0023551177870550694
0.9118382907149167 -0.0026886052971352345
0.9206267664155909 -0.0032452746522257745
0.9289917066174888 -0.003911871964078147
0.9369246885348927 -0.00466208044248584
0.9444177243274618 -0.005543000788243067
0.9514632691433107 -0.0065066172191063434
0.958054228716035 -0.007488008822666724
0.9641839665080364 -0.00851423204945081
0.9698463103929542 -0.009570006146163547
0.9750355588704727 -0.010620576594756022
0.9797464868072487 -0.01164308441790719
0.9839743506981782 -0.012617714083331079
0.9877148934427036 -0.013525013005457652
0.9909643486313533 -0.014347355637185475
0.9937194443381971 -0.01506938341755648
0.9959774064153977 -0.015678040946719315
0.9977359612865423 -0.016162606145709614
0.9989933382359422 -0.016514714650639417
0.9997482711915926 -0.01672837860747524
1.0 -0.0168
