1.0 -0.0016
0.9997482711915926 -0.0015744790582781344
0.9989933382359422 -0.0014980988109242223
0.9977359612865423 -0.001371365031517756
0.9959774064153977 -0.001194981392915658
0.9937194443381971 -0.000969642577217741
0.9909643486313533 -0.0006957486769336344
0.9877148934427036 -0.00037304488335093645
0.9839743506981782 -1.9152720730751775e-07
0.9797464868072487 0.00042572874549101105
0.9750355588704727 0.0009044919074262767
0.9698463103929542 0.0014145760399571624
0.9641839665080364 0.0019303820921337824
0.958054228716035 0.0024733447382148544
0.9514632691433107 0.0030677100671674317
0.9444177243274618 0.0037027651232679312
0.9369246885348927 0.004376997081322231
0.9289917066174888 0.0050903528035118085
0.9206267664155909 0.005842844765459683
0.9118382907149167 0.006641042122578719
0.9026351287655296 0.007393662554055174
0.8930265473713942 0.008156494608823135
0.8830222215594895 0.008958581407918768
0.872632224837878 0.009789376399589877
0.8618670190525357 0.010650528233956775
0.8507374438531613 0.011541234920104127
0.8392547057785669 0.012460735351730982
0.8274303669726433 0.013387626964353427
0.8152763335422621 0.014228461552062017
0.8028048435688343 0.015104045187813303
0.7900284547856001 0.015998004703415183
0.7769600319330563 0.01691139551052606
0.7636127338052524 0.017855600402172836
0.7500000000000012 0.01869999999999993
0.7361355373863427 0.01953235239370753
0.7220333063028884 0.020378431819685062
0.7077075065009447 0.021241390790178477
0.6931725628465657 0.02204677964443829
0.6784431107959373 0.02277821449325175
0.6635339816587122 0.02352379236530279
0.6484601876641387 0.02427945873295736
0.6332369068450188 0.024976095354712395
0.6178794677547149 0.025585581660491054
0.6024033340325966 0.026201775766863004
0.5868240888334664 0.02680361078395646
0.5711574191366438 0.027264704373521107
0.5554190999505066 0.027735261313044653
0.5396249784283953 0.028209252513674322
0.5237909579118721 0.0285225068994987
0.5079329819174049 0.028841453460560506
0.4920670180825969 0.029156813075352735
0.4762090420881297 0.02944641807489412
0.46037502157160654 0.029596104452058913
0.44458090004949524 0.02975388812144346
0.42884258086335814 0.029911083958066974
0.41317591116653546 0.03007656295157185
0.3975966659674052 0.030098005420630465
0.38212053224528686 0.030100117985143084
0.36676309315498296 0.030098561656453516
0.35153981233586296 0.030105778041181343
0.33646601834128953 0.029962420900245087
0.32155688920406433 0.029815637305648623
0.3068274371534359 0.029666867703215822
0.29229249349905695 0.029530261519430986
0.2779666936971131 0.029257421150020967
0.2638644626136587 0.02897836784127158
0.25000000000000006 0.0287
0.2363872661947488 0.028400123626165383
0.22303996806694482 0.02798965561521801
0.20997154521440087 0.027599133583149235
0.19719515643116664 0.027220573271858128
0.18472366645773874 0.026797211264405225
0.17256963302735745 0.026299396453826982
0.1607452942214339 0.0258333829392143
0.14926255614683936 0.025263362938666524
0.1381329809474649 0.024695154261270304
0.12736777516212267 0.024038956755349113
0.116977778440511 0.023423023318374838
0.10697345262860625 0.022801541474579353
0.09736487123447068 0.022094356808058335
0.0881617092850836 0.021353189318166023
0.0793732335844094 0.020648232847135052
0.07100829338251147 0.019900078240207876
0.06307531146510753 0.019052411699393902
0.05558227567253826 0.018184739823585448
0.04853673085668936 0.017310548022474937
0.041945771283965205 0.01639288532832422
0.03581603349196366 0.015431768034732774
0.030153689607045786 0.01442900280744877
0.02496444112952728 0.013381666689366177
0.020253513192751316 0.012265735812083865
0.016025649301821876 0.01107308530413318
0.012285106557296477 0.009802699206509037
0.009035651368646647 0.008485204826398782
0.006280555661802856 0.007137076755353809
0.00402259358460233 0.005778148225209274
0.0022640387134577056 0.004508992745534635
0.0010066617640577813 0.0034665190942805048
0.0002517288084074587 0.0027802663136879922
0.0 0.002540745251417033
0.0 0.0
0.0002517288084074587 -0.0007527193175153843
0.0010066617640577813 -0.0026145895810776292
0.0022640387134577056 -0.004628674786612906
0.00402259358460233 -0.005969923660641887
0.006280555661802856 -0.00699695257602675
0.009035651368646647 -0.008420004057957044
0.012285106557296477 -0.009893141463689047
0.016025649301821876 -0.011155573972880143
0.020253513192751316 -0.012261725663724521
0.02496444112952728 -0.013355224600519706
0.030153689607045786 -0.014429682343023793
0.03581603349196366 -0.015438661550425616
0.041945771283965205 -0.016390277287582293
0.04853673085668936 -0.01730823162239975
0.05558227567253826 -0.018195036188394145
0.06307531146510753 -0.01902626814712084
0.07100829338251147 -0.019792847214696735
0.0793732335844094 -0.020543582854794924
0.0881617092850836 -0.021338711040071397
0.09736487123447068 -0.02210227863540584
0.10697345262860625 -0.022789510315559456
0.116977778440511 -0.02349623769166293
0.12736777516212267 -0.024144706494907842
0.1381329809474649 -0.024793543993383578
0.14926255614683936 -0.025364537822792632
0.1607452942214339 -0.025938607227416463
0.17256963302735745 -0.02651068999756868
0.18472366645773874 -0.026984747384951744
0.19719515643116664 -0.027496202333146376
0.20997154521440087 -0.02789918120632249
0.22303996806694482 -0.028290380898088423
0.2363872661947488 -0.02870003207301559
0.25000000000000006 -0.029000000000000005
0.2638644626136587 -0.029276155315913398
0.2779666936971131 -0.029566152818395003
0.29229249349905695 -0.029720870306461377
0.3068274371534359 -0.029869265406339763
0.32155688920406433 -0.030018122246822935
0.33646601834128953 -0.030105845122227567
0.35153981233586296 -0.03009974661675118
0.36676309315498296 -0.030108288115861283
0.38212053224528686 -0.029977142825508618
0.3975966659674052 -0.02982234906783128
0.41317591116653546 -0.02964523321454876
0.42884258086335814 -0.029321400797096844
0.44458090004949524 -0.028970518477675077
0.46037502157160654 -0.028488729342113793
0.4762090420881297 -0.028022154658266962
0.4920670180825969 -0.027415693480788872
0.5079329819174049 -0.026781054716656986
0.5237909579118721 -0.026118875629459755
0.5396249784283953 -0.025318733508194385
0.5554190999505066 -0.024537150232225212
0.5711574191366438 -0.023629294022347657
0.5868240888334664 -0.022690934551215174
0.6024033340325966 -0.0217557609828192
0.6178794677547149 -0.02082773372896251
0.6332369068450188 -0.019911311345607297
0.6484601876641387 -0.018910266451341216
0.6635339816587122 -0.01785322938804882
0.6784431107959373 -0.016808933955485172
0.6931725628465657 -0.015777909154207386
0.7077075065009447 -0.01476047577471748
0.7220333063028884 -0.013757667494303192
0.7361355373863427 -0.012770524062918079
0.7500000000000012 -0.011799999999999913
0.7636127338052524 -0.010846668189336148
0.7769600319330563 -0.00991499862394231
0.7900284547856001 -0.008998150945903026
0.8028048435688343 -0.008233947974366024
0.8152763335422621 -0.007482297644709325
0.8274303669726433 -0.006756295585356096
0.8392547057785669 -0.006041518826730564
0.8507374438531613 -0.005464309298815807
0.8618670190525357 -0.004902874052954932
0.872632224837878 -0.0043882977409830624
0.8830222215594895 -0.003975818789131983
0.8930265473713942 -0.0036015024638781376
0.9026351287655296 -0.003319664188026145
0.9118382907149167 -0.003053864749793227
0.9206267664155909 -0.002891007590291457
0.9289917066174888 -0.0028056523777787645
0.9369246885348927 -0.002789368595352587
0.9444177243274618 -0.0028314807053209023
0.9514632691433107 -0.0029235056940481864
0.958054228716035 -0.0030546620318905827
0.9641839665080364 -0.00320785263726221
0.9698463103929542 -0.003394043545900632
0.9750355588704727 -0.003625078280072326
0.9797464868072487 -0.003884773707099237
0.9839743506981782 -0.004154839091716347
0.9877148934427036 -0.004422741955705654
0.9909643486313533 -0.0046779328310759104
0.9937194443381971 -0.004910903308261814
0.9959774064153977 -0.00511333872439647
0.9977359612865423 -0.005278250450217589
0.9989933382359422 -0.005400086167503478
0.9997482711915926 -0.005474816922737934
1.0 -0.0055
