1.0 -0.0098
0.9997482711915926 -0.009748072134647456
0.9989933382359422 -0.009592880879253512
0.9977359612865423 -0.009336158503237036
0.9959774064153977 -0.008980643550109569
0.9937194443381971 -0.008529860083589013
0.9909643486313533 -0.0079878128183365
0.9877148934427036 -0.00735860226896007
0.9839743506981782 -0.00664596515748794
0.9797464868072487 -0.005852747087615791
0.9750355588704727 -0.004985689675557484
0.9698463103929542 -0.004073925176957957
0.9641839665080364 -0.0031509704625869864
0.958054228716035 -0.002201161223298664
0.9514632691433107 -0.0012122591338074545
0.9444177243274618 -0.00021461828342398906
0.9369246885348927 0.000834298418942615
0.9289917066174888 0.0019350887302193188
0.9206267664155909 0.0030186901206214773
0.9118382907149167 0.00416715734536875
0.9026351287655296 0.005286337628539279
0.8930265473713942 0.006444170696164224
0.8830222215594895 0.007570757102650063
0.872632224837878 0.00871754568521608
0.8618670190525357 0.009814884541098686
0.8507374438531613 0.010929108196188989
0.8392547057785669 0.011965842969356759
0.8274303669726433 0.013036136154536878
0.8152763335422621 0.014086428870842509
0.8028048435688343 0.01507219972036429
0.7900284547856001 0.016097868612963685
0.7769600319330563 0.01701100747641819
0.7636127338052524 0.01794527061227625
0.7500000000000012 0.01889999999999992
0.7361355373863427 0.019729452003049427
0.7220333063028884 0.020578742718340377
0.7077075065009447 0.021441457428920903
0.6931725628465657 0.022246621847456186
0.6784431107959373 0.022977590311256894
0.6635339816587122 0.023731643205211594
0.6484601876641387 0.024359988259263905
0.6332369068450188 0.024971522151973093
0.6178794677547149 0.02558839291711009
0.6024033340325966 0.02613194921790585
0.5868240888334664 0.026595901589407032
0.5711574191366438 0.02706515265880705
0.5554190999505066 0.027535409365319445
0.5396249784283953 0.02800925569456694
0.5237909579118721 0.02832244912183248
0.5079329819174049 0.02864114035966568
0.4920670180825969 0.0289591771168697
0.4762090420881297 0.029282244335838065
0.46037502157160654 0.029496780446281484
0.44458090004949524 0.02965456988128503
0.42884258086335814 0.029811114797736658
0.41317591116653546 0.02997654954996039
0.3975966659674052 0.029997977980570568
0.38212053224528686 0.030000290318172338
0.36676309315498296 0.03000044000780891
0.35153981233586296 0.029998447431173587
0.33646601834128953 0.02997312057257736
0.32155688920406433 0.029814926533022663
0.3068274371534359 0.029668505381716316
0.29229249349905695 0.02952096459779006
0.2779666936971131 0.029366164940661563
0.2638644626136587 0.02907615223895626
0.25000000000000006 0.028800000000000003
0.2363872661947488 0.02850003214992364
0.22303996806694482 0.02809038088556087
0.20997154521440087 0.027699181206302683
0.19719515643116664 0.027296202331248447
0.18472366645773874 0.02678474739933469
0.17256963302735745 0.0263106899462107
0.1607452942214339 0.02573860730806933
0.14926255614683936 0.025164538201602953
0.1381329809474649 0.02459354004341356
0.12736777516212267 0.023944727929392423
0.116977778440511 0.023296145315411246
0.10697345262860625 0.022589855571200763
0.09736487123447068 0.021901163150448176
0.0881617092850836 0.02114152206826522
0.0793732335844094 0.020340355502740617
0.07100829338251147 0.019505561875149055
0.06307531146510753 0.018647675652924772
0.05558227567253826 0.017786263843431186
0.04853673085668936 0.016910851824406062
0.041945771283965205 0.015994614529367113
0.03581603349196366 0.015024372439099992
0.030153689607045786 0.014028198452748072
0.02496444112952728 0.013026475215651532
0.020253513192751316 0.011963208104127527
0.016025649301821876 0.010813913351404988
0.012285106557296477 0.00961859657885734
0.009035651368646647 0.008431657279502656
0.006280555661802856 0.007208817904674638
0.00402259358460233 0.005875685334009341
0.0022640387134577056 0.004530089174671178
0.0010066617640577813 0.003360831289261986
0.0002517288084074587 0.0025637464053272947
0.0 0.0022808965557939154
0.0 0.0
0.0002517288084074587 -0.0007435621135563897
0.0010066617640577813 -0.002596031120770631
0.0022640387134577056 -0.004637530906594089
0.00402259358460233 -0.006047846845962208
0.006280555661802856 -0.007083026494430851
0.009035651368646647 -0.00837312793664825
0.012285106557296477 -0.009699771757751089
0.016025649301821876 -0.01088792250520171
0.020253513192751316 -0.011959615168199265
0.02496444112952728 -0.01300289797773942
0.030153689607045786 -0.014028792369888672
0.03581603349196366 -0.015029916016754427
0.041945771283965205 -0.01599319052097857
0.04853673085668936 -0.01691036319749017
0.05558227567253826 -0.01778662498896606
0.06307531146510753 -0.018647677689883218
0.07100829338251147 -0.019505438023842157
0.0793732335844094 -0.020340104138619572
0.0881617092850836 -0.02114372447701828
0.09736487123447068 -0.021891234136143963
0.10697345262860625 -0.022662638731723323
0.116977778440511 -0.0234026856680148
0.12736777516212267 -0.024043210341433332
0.1381329809474649 -0.024693819706172918
0.14926255614683936 -0.025264511381350274
0.1607452942214339 -0.02583860159767733
0.17256963302735745 -0.026410693583438574
0.18472366645773874 -0.026884746374320014
0.19719515643116664 -0.027396202491776683
0.20997154521440087 -0.02779918120598153
0.22303996806694482 -0.02819038089283266
0.2363872661947488 -0.028600032074067402
0.25000000000000006 -0.028900000000000002
0.2638644626136587 -0.0291761553158854
0.2779666936971131 -0.029466152818397984
0.29229249349905695 -0.02962087030646184
0.3068274371534359 -0.02976926540633967
0.32155688920406433 -0.029918122246822935
0.33646601834128953 -0.030005845122227558
0.35153981233586296 -0.02999974661675114
0.36676309315498296 -0.03000828811586182
0.38212053224528686 -0.029877142825511786
0.3975966659674052 -0.029722349067806148
0.41317591116653546 -0.029545233214296394
0.42884258086335814 -0.029221400797910302
0.44458090004949524 -0.02887051849578911
0.46037502157160654 -0.028388729360076564
0.4762090420881297 -0.02792215358908522
0.4920670180825969 -0.027315687460526202
0.5079329819174049 -0.026681100196592977
0.5237909579118721 -0.026019460056105087
0.5396249784283953 -0.025218137156792456
0.5554190999505066 -0.024382196578080745
0.5711574191366438 -0.023430882131112742
0.5868240888334664 -0.022490495233176457
0.6024033340325966 -0.021556080694921785
0.6178794677547149 -0.020625342177557963
0.6332369068450188 -0.01968176880607268
0.6484601876641387 -0.01860712246057919
0.6635339816587122 -0.01755245834577547
0.6784431107959373 -0.01650899517311697
0.6931725628465657 -0.01547792353691578
0.7077075065009447 -0.014460474878479177
0.7220333063028884 -0.013457673084545754
0.7361355373863427 -0.01247046939832144
0.7500000000000012 -0.011499999999999915
0.7636127338052524 -0.010548723602861779
0.7769600319330563 -0.00960472793247785
0.7900284547856001 -0.008798340703651937
0.8028048435688343 -0.008026455064958027
0.8152763335422621 -0.007328063586909812
0.8274303669726433 -0.006731820303117423
0.8392547057785669 -0.00613374109522518
0.8507374438531613 -0.0056704840652530755
0.8618670190525357 -0.005234554754149998
0.872632224837878 -0.00493822586058754
0.8830222215594895 -0.004759170277429651
0.8930265473713942 -0.00468910755288979
0.9026351287655296 -0.00471787763811656
0.9118382907149167 -0.004826138164244192
0.9206267664155909 -0.005019454210847713
0.9289917066174888 -0.005354150002540638
0.9369246885348927 -0.005732855085685681
0.9444177243274618 -0.006174405404348603
0.9514632691433107 -0.00672930596894308
0.958054228716035 -0.007388570038568317
0.9641839665080364 -0.008072883562980955
0.9698463103929542 -0.008779352269755496
0.9750355588704727 -0.009521756504647195
0.9797464868072487 -0.01025909983856796
0.9839743506981782 -0.010954629835949905
0.9877148934427036 -0.011595560667021112
0.9909643486313533 -0.012173781278006904
0.9937194443381971 -0.012680880570476902
0.9959774064153977 -0.01310872130612539
0.9977359612865423 -0.01344993987845865
0.9989933382359422 -0.013698364546612714
0.9997482711915926 -0.013849346588319308
1.0 -0.0139
