1.0 -0.0015
0.9997482711915926 -0.0014743998363707384
0.9989933382359422 -0.0013977311890512707
0.9977359612865423 -0.001270411039311801
0.9959774064153977 -0.0010932055499829224
0.9937194443381971 -0.0008673357823642182
0.9909643486313533 -0.0005946235633047769
0.9877148934427036 -0.0002776753931238154
0.9839743506981782 7.989827897969849e-05
0.9797464868072487 0.0004732319965377313
0.9750355588704727 0.0008987441666600625
0.9698463103929542 0.0013638661008046062
0.9641839665080364 0.0018771597941160353
0.958054228716035 0.002418629234053139
0.9514632691433107 0.0029763265492478053
0.9444177243274618 0.003576429890691642
0.9369246885348927 0.004203290914402604
0.9289917066174888 0.004826892547466637
0.9206267664155909 0.00545291605843673
0.9118382907149167 0.006115337475051647
0.9026351287655296 0.006766760818441111
0.8930265473713942 0.007441839301576427
0.8830222215594895 0.008105144085858648
0.872632224837878 0.008782478702942501
0.8618670190525357 0.009438687420810873
0.8507374438531613 0.010107335055106638
0.8392547057785669 0.01074111942685035
0.8274303669726433 0.011382032437201567
0.8152763335422621 0.011989100177627936
0.8028048435688343 0.012575300548718102
0.7900284547856001 0.013148783455877036
0.7769600319330563 0.013669729494610539
0.7636127338052524 0.01420989135142003
0.7500000000000012 0.014699999999999958
0.7361355373863427 0.015188757139646862
0.7220333063028884 0.015640905659649387
0.7077075065009447 0.01607096862392917
0.6931725628465657 0.01647326355735018
0.6784431107959373 0.016838791500116173
0.6635339816587122 0.017215822612013248
0.6484601876641387 0.017529994188232957
0.6332369068450188 0.01783576119883793
0.6178794677547149 0.018144197286659454
0.6024033340325966 0.018415968020200988
0.5868240888334664 0.018647884636537788
0.5711574191366438 0.018882789576865254
0.5554190999505066 0.01912245329576167
0.5396249784283953 0.019303516345908205
0.5237909579118721 0.019462239141382714
0.5079329819174049 0.019620227416341524
0.4920670180825969 0.019782807830307798
0.4762090420881297 0.019867831737021096
0.46037502157160654 0.019948127148266808
0.44458090004949524 0.020026009132906995
0.42884258086335814 0.020102341474288535
0.41317591116653546 0.020099294597788336
0.3975966659674052 0.0201000728749416
0.38212053224528686 0.020099064908088778
0.36676309315498296 0.02008800736367175
0.35153981233586296 0.020007310866689314
0.33646601834128953 0.019931438259122424
0.32155688920406433 0.019860717711277114
0.3068274371534359 0.01971735739825278
0.29229249349905695 0.0195720728593378
0.2779666936971131 0.019422932406990355
0.2638644626136587 0.019207394249595475
0.25000000000000006 0.019
0.2363872661947488 0.018781952621806992
0.22303996806694482 0.0185103897094758
0.20997154521440087 0.01824944829308621
0.19719515643116664 0.017984093745217016
0.18472366645773874 0.017665885018806626
0.17256963302735745 0.017368572836181376
0.1607452942214339 0.017022434007517778
0.14926255614683936 0.01667576201782756
0.1381329809474649 0.016285347865010194
0.12736777516212267 0.01589839686468775
0.116977778440511 0.01548020678859781
0.10697345262860625 0.015069346850681738
0.09736487123447068 0.014625766363625961
0.0881617092850836 0.014144907543604762
0.0793732335844094 0.013612476337862283
0.07100829338251147 0.013113591260644649
0.06307531146510753 0.01257621182199017
0.05558227567253826 0.01201211522678804
0.04853673085668936 0.011419924963023067
0.041945771283965205 0.010793755630303643
0.03581603349196366 0.01017034155349741
0.030153689607045786 0.009519384077289023
0.02496444112952728 0.00880385380541822
0.020253513192751316 0.008043913166406833
0.016025649301821876 0.007263455002361454
0.012285106557296477 0.006459998114354793
0.009035651368646647 0.005644268423929499
0.006280555661802856 0.004791102909443893
0.00402259358460233 0.0038707543356639802
0.0022640387134577056 0.0029553565780680666
0.0010066617640577813 0.002168863183867903
0.0002517288084074587 0.0016365180627378672
0.0 0.0014482525047053532
0.0 0.0
0.0002517288084074587 -0.000480794251659952
0.0010066617640577813 -0.0016832542430056329
0.0022640387134577056 -0.00302357657577276
0.00402259358460233 -0.0039800680800224485
0.006280555661802856 -0.004711231802689893
0.009035651368646647 -0.00560710528322068
0.012285106557296477 -0.006511540225178293
0.016025649301821876 -0.007310447098067814
0.020253513192751316 -0.008041631824088907
0.02496444112952728 -0.008788883194734153
0.030153689607045786 -0.009519761211572775
0.03581603349196366 -0.010173862534174608
0.041945771283965205 -0.010792849903614368
0.04853673085668936 -0.011419612014363926
0.05558227567253826 -0.01201235958580561
0.06307531146510753 -0.01257617776853408
0.07100829338251147 -0.013113551547912237
0.0793732335844094 -0.013612387153607675
0.0881617092850836 -0.014145697170982371
0.09736487123447068 -0.014622202766251972
0.10697345262860625 -0.015100255199783428
0.116977778440511 -0.015570919406971964
0.12736777516212267 -0.015996816180952264
0.1381329809474649 -0.016423280862881535
0.14926255614683936 -0.0168737560081207
0.1607452942214339 -0.0172214695989468
0.17256963302735745 -0.017577953935340042
0.18472366645773874 -0.01793950765105767
0.19719515643116664 -0.018323886811342026
0.20997154521440087 -0.018599469891003112
0.22303996806694482 -0.01886176175713228
0.2363872661947488 -0.019125352556246096
0.25000000000000006 -0.019400000000000004
0.2638644626136587 -0.019536403473963265
0.2779666936971131 -0.019679776365086284
0.29229249349905695 -0.019821931302441573
0.3068274371534359 -0.019976581014964974
0.32155688920406433 -0.019998435582332462
0.33646601834128953 -0.020000475776431895
0.35153981233586296 -0.02000020757826024
0.36676309315498296 -0.019997757520766518
0.38212053224528686 -0.019985869634912782
0.3975966659674052 -0.019822803177629227
0.41317591116653546 -0.01966662983492119
0.42884258086335814 -0.01951626071585834
0.44458090004949524 -0.01920603019018922
0.46037502157160654 -0.018892322722546043
0.4762090420881297 -0.018584371334869294
0.4920670180825969 -0.018136218545001262
0.5079329819174049 -0.017661569855850826
0.5237909579118721 -0.017174761003218346
0.5396249784283953 -0.01656525706174556
0.5554190999505066 -0.01593747718947725
0.5711574191366438 -0.015247054407629542
0.5868240888334664 -0.014547287871072023
0.6024033340325966 -0.01377899004084663
0.6178794677547149 -0.013005205600339461
0.6332369068450188 -0.012226167275658225
0.6484601876641387 -0.011384355805232916
0.6635339816587122 -0.01055554912215833
0.6784431107959373 -0.00973563543097102
0.6931725628465657 -0.008925510879240107
0.7077075065009447 -0.008126085485010438
0.7220333063028884 -0.0073381587558052925
0.7361355373863427 -0.006562633542027506
0.7500000000000012 -0.005799999999999933
0.7636127338052524 -0.005047990907090062
0.7769600319330563 -0.004350589544270257
0.7900284547856001 -0.0036986490957377728
0.8028048435688343 -0.0031224071481729416
0.8152763335422621 -0.0025857105130418752
0.8274303669726433 -0.0021002828902213872
0.8392547057785669 -0.0016743168598954818
0.8507374438531613 -0.0013303697306985087
0.8618670190525357 -0.0010528530008287768
0.872632224837878 -0.0007912944935837225
0.8830222215594895 -0.000600371836293655
0.8930265473713942 -0.00046183404315907126
0.9026351287655296 -0.0003911292316071975
0.9118382907149167 -0.0004066166081856952
0.9206267664155909 -0.0004543448018973346
0.9289917066174888 -0.0005359825898903741
0.9369246885348927 -0.0006770256609502039
0.9444177243274618 -0.0008714576970408674
0.9514632691433107 -0.0011009976044158477
0.958054228716035 -0.0013607285991459061
0.9641839665080364 -0.0016646105380989735
0.9698463103929542 -0.001990777716516206
0.9750355588704727 -0.002312193002620289
0.9797464868072487 -0.0026317738459389175
0.9839743506981782 -0.002950464523806634
0.9877148934427036 -0.0032552676416959807
0.9909643486313533 -0.0035338061427048102
0.9937194443381971 -0.0037776707720320584
0.9959774064153977 -0.00398145932835081
0.9977359612865423 -0.004141938696526009
0.9989933382359422 -0.004257342316350375
0.9997482711915926 -0.004326813138771853
1.0 -0.00435
