1.0 0.0025
0.9997482711915926 0.002526431524882777
0.9989933382359422 0.0026056994852260732
0.9977359612865423 0.002737724064913059
0.9959774064153977 0.002922372326383245
0.9937194443381971 0.0031594583444893
0.9909643486313533 0.0034487433937079033
0.9877148934427036 0.003789936188516123
0.9839743506981782 0.0041826931766912896
0.9797464868072487 0.00462661888523888
0.9750355588704727 0.005121266318600368
0.9698463103929542 0.005666137408739805
0.9641839665080364 0.006260683516656175
0.958054228716035 0.006904305984816324
0.9514632691433107 0.0075963567399523705
0.9444177243274618 0.0083361389456165
0.9369246885348927 0.00912290770383626
0.9289917066174888 0.009955870805163688
0.9206267664155909 0.010834189526362958
0.9118382907149167 0.011756979474933746
0.9026351287655296 0.012723311479619389
0.8930265473713942 0.013732212526003611
0.8830222215594895 0.014782666736253603
0.872632224837878 0.01587361639202281
0.8618670190525357 0.01700396299948376
0.8507374438531613 0.018172568395418035
0.8392547057785669 0.019378255893250353
0.8274303669726433 0.020619811467874224
0.8152763335422621 0.021895984978050845
0.8028048435688343 0.023205491425317918
0.7900284547856001 0.02454701224750899
0.7769600319330563 0.025919196645498015
0.7636127338052524 0.027320662959793584
0.7500000000000012 0.028749999999999873
0.7361355373863427 0.0302057682006263
0.7220333063028884 0.03168650431088413
0.7077075065009447 0.033190723272490674
0.6931725628465657 0.03471678856865021
0.6784431107959373 0.036263085131481625
0.6635339816587122 0.037833820700759
0.6484601876641387 0.039355873609341466
0.6332369068450188 0.04081205084283936
0.6178794677547149 0.04217654929953998
0.6024033340325966 0.04341193196530464
0.5868240888334664 0.04449504811045116
0.5711574191366438 0.04543479793708041
0.5554190999505066 0.0462245703272157
0.5396249784283953 0.04701657703437807
0.5237909579118721 0.04765522228389615
0.5079329819174049 0.04816025697252002
0.4920670180825969 0.04863642522924005
0.4762090420881297 0.0490848323476067
0.46037502157160654 0.04939188317426997
0.44458090004949524 0.04966137481301329
0.42884258086335814 0.04981141787324566
0.41317591116653546 0.049976498645174554
0.3975966659674052 0.04999826653298745
0.38212053224528686 0.04999835451451263
0.36676309315498296 0.04997592200569091
0.35153981233586296 0.0498151372097713
0.33646601834128953 0.0496703972949372
0.32155688920406433 0.04943408118340359
0.3068274371534359 0.04914259347169706
0.29229249349905695 0.04877241149495928
0.2779666936971131 0.04833859869067835
0.2638644626136587 0.047924151954966965
0.25000000000000006 0.0474
0.2363872661947488 0.04686211864148896
0.22303996806694482 0.04625772315313533
0.20997154521440087 0.045598628496036686
0.19719515643116664 0.044938200616568884
0.18472366645773874 0.04419017723254297
0.17256963302735745 0.04338235134432989
0.1607452942214339 0.042555279632484656
0.14926255614683936 0.0416408588323592
0.1381329809474649 0.04074229231368407
0.12736777516212267 0.03974131111301107
0.116977778440511 0.03870067309342444
0.10697345262860625 0.03767832195607118
0.09736487123447068 0.036597674348243646
0.0881617092850836 0.03545608845267165
0.0793732335844094 0.0342089175299925
0.07100829338251147 0.03295881645674558
0.06307531146510753 0.03164448486554724
0.05558227567253826 0.03028830921720622
0.04853673085668936 0.028900627081865297
0.041945771283965205 0.027459541286427767
0.03581603349196366 0.02594732508709388
0.030153689607045786 0.02434676015007404
0.02496444112952728 0.02264352858713137
0.020253513192751316 0.020808428164810093
0.016025649301821876 0.018854612804420728
0.012285106557296477 0.016854853988032683
0.009035651368646647 0.014892665964299211
0.006280555661802856 0.012835699772903934
0.00402259358460233 0.010487180087531786
0.0022640387134577056 0.00802739177600107
0.0010066617640577813 0.005839205777023477
0.0002517288084074587 0.004327373012957946
0.0 0.0037876203524942094
0.0 0.0
0.0002517288084074587 -0.0013048040785523605
0.0010066617640577813 -0.004569190842422087
0.0022640387134577056 -0.008205807799346754
0.00402259358460233 -0.010773068747242659
0.006280555661802856 -0.012626812548887012
0.009035651368646647 -0.014795473041017308
0.012285106557296477 -0.01698965236871148
0.016025649301821876 -0.018977511662138475
0.020253513192751316 -0.020802461720635528
0.02496444112952728 -0.022604374966109692
0.030153689607045786 -0.02434774656372199
0.03581603349196366 -0.025956537238119404
0.041945771283965205 -0.027457167249483782
0.04853673085668936 -0.02889979945778705
0.05558227567253826 -0.03028899947868492
0.06307531146510753 -0.03164427558379138
0.07100829338251147 -0.03295884499272895
0.0793732335844094 -0.03420892379550612
0.0881617092850836 -0.035456082953446544
0.09736487123447068 -0.03659767653047109
0.10697345262860625 -0.037678321280646264
0.116977778440511 -0.038700673274140444
0.12736777516212267 -0.03974131107107871
0.1381329809474649 -0.04074229232141142
0.14926255614683936 -0.041640858831618124
0.1607452942214339 -0.04255527963232687
0.17256963302735745 -0.043382351344430393
0.18472366645773874 -0.04419017723251465
0.19719515643116664 -0.04493820061657333
0.20997154521440087 -0.04559862849603668
0.22303996806694482 -0.04625772315313518
0.2363872661947488 -0.04686211864148899
0.25000000000000006 -0.047400000000000005
0.2638644626136587 -0.04792415195496696
0.2779666936971131 -0.04833859869067835
0.29229249349905695 -0.04877241149495928
0.3068274371534359 -0.04914259347169706
0.32155688920406433 -0.04943408118340359
0.33646601834128953 -0.0496703972949372
0.35153981233586296 -0.0498151372097713
0.36676309315498296 -0.04997592200569091
0.38212053224528686 -0.04999835451451263
0.3975966659674052 -0.04999826653298745
0.41317591116653546 -0.049976498645174554
0.42884258086335814 -0.04981141787324566
0.44458090004949524 -0.04966137481301329
0.46037502157160654 -0.04939188317426997
0.4762090420881297 -0.0490848323476067
0.4920670180825969 -0.04863642522924005
0.5079329819174049 -0.04816025697252002
0.5237909579118721 -0.04765522228389615
0.5396249784283953 -0.04701657703437807
0.5554190999505066 -0.0462245703272157
0.5711574191366438 -0.04543479793708041
0.5868240888334664 -0.04449504811045116
0.6024033340325966 -0.04341193196530464
0.6178794677547149 -0.04217654929953998
0.6332369068450188 -0.04081205084283936
0.6484601876641387 -0.039355873609341466
0.6635339816587122 -0.037833820700759
0.6784431107959373 -0.036263085131481625
0.6931725628465657 -0.03471678856865021
0.7077075065009447 -0.033190723272490674
0.7220333063028884 -0.03168650431088413
0.7361355373863427 -0.0302057682006263
0.7500000000000012 -0.028749999999999873
0.7636127338052524 -0.027320662959793584
0.7769600319330563 -0.025919196645498015
0.7900284547856001 -0.02454701224750899
0.8028048435688343 -0.023205491425317918
0.8152763335422621 -0.021895984978050845
0.8274303669726433 -0.020619811467874224
0.8392547057785669 -0.019378255893250353
0.8507374438531613 -0.018172568395418035
0.8618670190525357 -0.01700396299948376
0.872632224837878 -0.01587361639202281
0.8830222215594895 -0.014782666736253603
0.8930265473713942 -0.013732212526003611
0.9026351287655296 -0.012723311479619389
0.9118382907149167 -0.011756979474933746
0.9206267664155909 -0.010834189526362958
0.9289917066174888 -0.009955870805163688
0.9369246885348927 -0.00912290770383626
0.9444177243274618 -0.0083361389456165
0.9514632691433107 -0.0075963567399523705
0.958054228716035 -0.006904305984816324
0.9641839665080364 -0.006260683516656175
0.9698463103929542 -0.005666137408739805
0.9750355588704727 -0.005121266318600368
0.9797464868072487 -0.00462661888523888
0.9839743506981782 -0.0041826931766912896
0.9877148934427036 -0.003789936188516123
0.9909643486313533 -0.0034487433937079033
0.9937194443381971 -0.0031594583444893
0.9959774064153977 -0.002922372326383245
0.9977359612865423 -0.002737724064913059
0.9989933382359422 -0.0026056994852260732
0.9997482711915926 -0.002526431524882777
1.0 -0.0025
