1.0 -0.0067
0.9997482711915926 -0.006637132127548142
0.9989933382359422 -0.006448389774801361
0.9977359612865423 -0.006133510332342665
0.9959774064153977 -0.005692565952058809
0.9937194443381971 -0.005126720778967135
0.9909643486313533 -0.004439276118337491
0.9877148934427036 -0.0036369887704034323
0.9839743506981782 -0.0027316438146021203
0.9797464868072487 -0.001741858397523585
0.9750355588704727 -0.0006877713235249389
0.9698463103929542 0.00043282896976733795
0.9641839665080364 0.001631142856816646
0.958054228716035 0.0028983662968418856
0.9514632691433107 0.004215357780976649
0.9444177243274618 0.005563845604773299
0.9369246885348927 0.006988258735362574
0.9289917066174888 0.00848547939393572
0.9206267664155909 0.00998735115170499
0.9118382907149167 0.011575202512092198
0.9026351287655296 0.013154783905231922
0.8930265473713942 0.014792042378843144
0.8830222215594895 0.016422636206355465
0.872632224837878 0.01807529495526081
0.8618670190525357 0.019808575851411228
0.8507374438531613 0.021489527886763192
0.8392547057785669 0.023207512037336134
0.8274303669726433 0.02486218573082267
0.8152763335422621 0.026520848783736537
0.8028048435688343 0.02814184491670101
0.7900284547856001 0.029696637647185057
0.7769600319330563 0.03127102248787369
0.7636127338052524 0.03280616621920029
0.7500000000000012 0.03429999999999987
0.7361355373863427 0.035690998628449974
0.7220333063028884 0.037018825258112786
0.7077075065009447 0.03829159065059514
0.6931725628465657 0.03944244917305738
0.6784431107959373 0.04061487819403661
0.6635339816587122 0.041648609186489514
0.6484601876641387 0.042697391363652054
0.6332369068450188 0.043612727985934685
0.6178794677547149 0.044404257505456395
0.6024033340325966 0.04517811860028128
0.5868240888334664 0.04593529445174617
0.5711574191366438 0.0465535549893386
0.5554190999505066 0.04719060316027428
0.5396249784283953 0.04771081611889053
0.5237909579118721 0.04818445935971876
0.5079329819174049 0.04864835242251207
0.4920670180825969 0.04895759924212131
0.4762090420881297 0.049273925677305874
0.46037502157160654 0.04959426666503116
0.44458090004949524 0.049752782687957395
0.42884258086335814 0.04991329825713005
0.41317591116653546 0.05000529110135717
0.3975966659674052 0.0499994586341033
0.38212053224528686 0.05000697929732525
0.36676309315498296 0.04986527454876142
0.35153981233586296 0.049715994103125
0.33646601834128953 0.049570751737421224
0.32155688920406433 0.0493335345595573
0.3068274371534359 0.04903572075058314
0.29229249349905695 0.048752989180532016
0.2779666936971131 0.048336256617434514
0.2638644626136587 0.047924746430937554
0.25000000000000006 0.0474
0.2363872661947488 0.04686210398259697
0.22303996806694482 0.046257724573774854
0.20997154521440087 0.045598628435005596
0.19719515643116664 0.044938231157505275
0.18472366645773874 0.044189982213932104
0.17256963302735745 0.043383043361842274
0.1607452942214339 0.042554193175535306
0.14926255614683936 0.041635715917632175
0.1381329809474649 0.04063293777744137
0.12736777516212267 0.03964963440259637
0.116977778440511 0.03857275648326882
0.10697345262860625 0.03746810698843871
0.09736487123447068 0.036400282480477456
0.0881617092850836 0.03525551258831213
0.0793732335844094 0.03400898026433672
0.07100829338251147 0.03275883387090161
0.06307531146510753 0.0314445953170833
0.05558227567253826 0.030087848248938953
0.04853673085668936 0.02870119439801368
0.041945771283965205 0.02726117451324029
0.03581603349196366 0.02574098285428784
0.030153689607045786 0.024146080954550765
0.02496444112952728 0.022483257194972565
0.020253513192751316 0.02070512229001476
0.016025649301821876 0.018805216130428442
0.012285106557296477 0.01684244691524811
0.009035651368646647 0.014894874917272705
0.006280555661802856 0.012837344565424798
0.00402259358460233 0.01048622678434394
0.0022640387134577056 0.008026940932002565
0.0010066617640577813 0.005842083762685595
0.0002517288084074587 0.0043339014071269175
0.0 0.0037956877684417094
0.0 0.0
0.0002517288084074587 -0.00130489457366576
0.0010066617640577813 -0.004569363770181579
0.0022640387134577056 -0.008205736970642521
0.00402259358460233 -0.01077272436729201
0.006280555661802856 -0.012628012435170153
0.009035651368646647 -0.014797474998062388
0.012285106557296477 -0.01697753230253858
0.016025649301821876 -0.018928376490625978
0.020253513192751316 -0.020699143181142816
0.02496444112952728 -0.022444021164589132
0.030153689607045786 -0.02414706937023826
0.03581603349196366 -0.025750210667450528
0.041945771283965205 -0.027258801051124635
0.04853673085668936 -0.02870037477762594
0.05558227567253826 -0.030088485452138273
0.06307531146510753 -0.03144451365578008
0.07100829338251147 -0.03275872143178329
0.0793732335844094 -0.03400873140550936
0.0881617092850836 -0.03525771280195618
0.09736487123447068 -0.03639035431997148
0.10697345262860625 -0.03754088995299633
0.116977778440511 -0.03867929663149223
0.12736777516212267 -0.039748117782189715
0.1381329809474649 -0.04073321436748345
0.14926255614683936 -0.04173569475546228
0.1607452942214339 -0.04265421459576125
0.17256963302735745 -0.043482650648571486
0.18472366645773874 -0.04429257969700438
0.19719515643116664 -0.045028063959456154
0.20997154521440087 -0.04579844715105919
0.22303996806694482 -0.04645493016461903
0.2363872661947488 -0.047062663484122566
0.25000000000000006 -0.04760000000000001
0.2638644626136587 -0.04812472027895048
0.2779666936971131 -0.048536302575375806
0.29229249349905695 -0.048953334583546726
0.3068274371534359 -0.04923293861620127
0.32155688920406433 -0.04952145920590882
0.33646601834128953 -0.049660851720954705
0.35153981233586296 -0.04980584491403063
0.36676309315498296 -0.049796351336529536
0.38212053224528686 -0.04978596749826067
0.3975966659674052 -0.04962099418401146
0.41317591116653546 -0.049445061239443464
0.42884258086335814 -0.04912132185946891
0.44458090004949524 -0.04876850545859414
0.46037502157160654 -0.04828672413021243
0.4762090420881297 -0.047658956763515024
0.4920670180825969 -0.04689833951582868
0.5079329819174049 -0.04602575505552168
0.5237909579118721 -0.04504244651166671
0.5396249784283953 -0.04392747218953744
0.5554190999505066 -0.04262347695912119
0.5711574191366438 -0.041075834217414404
0.5868240888334664 -0.03935711410247829
0.6024033340325966 -0.03751343954702865
0.6178794677547149 -0.03558001508824309
0.6332369068450188 -0.033585762982178934
0.6484601876641387 -0.031516483154281495
0.6635339816587122 -0.029379399845108945
0.6784431107959373 -0.027131253151313074
0.6931725628465657 -0.024900534193318988
0.7077075065009447 -0.02256578599273331
0.7220333063028884 -0.020274524297848207
0.7361355373863427 -0.01801850490875321
0.7500000000000012 -0.015799999999999807
0.7636127338052524 -0.013616030270167449
0.7769600319330563 -0.011549749906350392
0.7900284547856001 -0.009595653080158927
0.8028048435688343 -0.007715727616387357
0.8152763335422621 -0.006156776794084556
0.8274303669726433 -0.004772897876029433
0.8392547057785669 -0.003570858858832771
0.8507374438531613 -0.0025364328518581104
0.8618670190525357 -0.0016744772504303862
0.872632224837878 -0.001057273829058104
0.8830222215594895 -0.0005858931851287752
0.8930265473713942 -0.00034935207555968415
0.9026351287655296 -0.00030646230945983517
0.9118382907149167 -0.0004409928853964831
0.9206267664155909 -0.0007245338060455277
0.9289917066174888 -0.0011363012083748579
0.9369246885348927 -0.0017275563822894914
0.9444177243274618 -0.00241893375200858
0.9514632691433107 -0.0031631948742867288
0.958054228716035 -0.0039520230001111436
0.9641839665080364 -0.004756081043142798
0.9698463103929542 -0.005576385049189284
0.9750355588704727 -0.006416805381740107
0.9797464868072487 -0.007253114788646424
0.9839743506981782 -0.008059544564956882
0.9877148934427036 -0.008816871272971954
0.9909643486313533 -0.009508581419162221
0.9937194443381971 -0.010119933815894105
0.9959774064153977 -0.010638139365890711
0.9977359612865423 -0.011052516518225156
0.9989933382359422 -0.011354620665968578
0.9997482711915926 -0.011538346173512784
1.0 -0.0116
