1.0 -0.0014
0.9997482711915926 -0.0013268991306397198
0.9989933382359422 -0.0011086765494212301
0.9977359612865423 -0.0007484029034893632
0.9959774064153977 -0.00025063349628576536
0.9937194443381971 0.00037942722250194937
0.9909643486313533 0.00113707915384933
0.9877148934427036 0.002019582020785004
0.9839743506981782 0.003027892517255741
0.9797464868072487 0.00416865759235472
0.9750355588704727 0.005447624927683583
0.9698463103929542 0.006840694010160501
0.9641839665080364 0.008317794284459407
0.958054228716035 0.009906328538664688
0.9514632691433107 0.011622876949270403
0.9444177243274618 0.013412333120304222
0.9369246885348927 0.015242570632109115
0.9289917066174888 0.01714270857761104
0.9206267664155909 0.019152148608256717
0.9118382907149167 0.021180835638079324
0.9026351287655296 0.02329055171573314
0.8930265473713942 0.02551254018043844
0.8830222215594895 0.02774001009167374
0.872632224837878 0.03002028931350697
0.8618670190525357 0.032387748771685564
0.8507374438531613 0.03484091157822302
0.8392547057785669 0.037255341304085976
0.8274303669726433 0.039744453893664704
0.8152763335422621 0.04225326701178327
0.8028048435688343 0.04473566825625676
0.7900284547856001 0.04729445064625385
0.7769600319330563 0.04977406991956226
0.7636127338052524 0.052322324913265966
0.7500000000000012 0.05479999999999978
0.7361355373863427 0.057303191727448625
0.7220333063028884 0.05975584108824075
0.7077075065009447 0.06217496654681241
0.6931725628465657 0.06448843695697556
0.6784431107959373 0.06683851698027826
0.6635339816587122 0.06907738873099631
0.6484601876641387 0.07121634448902923
0.6332369068450188 0.07328579829525822
0.6178794677547149 0.07528001703846243
0.6024033340325966 0.07721344943090194
0.5868240888334664 0.07905721830226094
0.5711574191366438 0.0807754981168958
0.5554190999505066 0.08231599254926894
0.5396249784283953 0.08373169647406244
0.5237909579118721 0.08500385259028141
0.5079329819174049 0.08614513128696784
0.4920670180825969 0.08718717823020755
0.4762090420881297 0.08799484337097857
0.46037502157160654 0.08868505281257108
0.44458090004949524 0.0892682448460859
0.42884258086335814 0.08972767299446195
0.41317591116653546 0.09004387259023143
0.3975966659674052 0.09022619874961088
0.38212053224528686 0.09030195702676713
0.36676309315498296 0.09027705651631243
0.35153981233586296 0.09011301399944595
0.33646601834128953 0.0899358773990612
0.32155688920406433 0.08963675292379458
0.3068274371534359 0.08920827404026581
0.29229249349905695 0.08869372680808493
0.2779666936971131 0.08810481038429945
0.2638644626136587 0.08740027679438368
0.25000000000000006 0.0866
0.2363872661947488 0.08576275066603258
0.22303996806694482 0.08474510791032594
0.20997154521440087 0.08369761533210189
0.19719515643116664 0.08253032404768088
0.18472366645773874 0.08122404449275988
0.17256963302735745 0.07988787361233525
0.1607452942214339 0.0784931158440254
0.14926255614683936 0.07699991751723624
0.1381329809474649 0.07543082254146836
0.12736777516212267 0.07376872750129476
0.116977778440511 0.07197007415007581
0.10697345262860625 0.07011189953274859
0.09736487123447068 0.06816102055222703
0.0881617092850836 0.06618483788327083
0.0793732335844094 0.06403889261626743
0.07100829338251147 0.061784185170138735
0.06307531146510753 0.05946533049196939
0.05558227567253826 0.05702683965943506
0.04853673085668936 0.05443515143856756
0.041945771283965205 0.0516853102083076
0.03581603349196366 0.048764882106444696
0.030153689607045786 0.045689124826267025
0.02496444112952728 0.0424774649562769
0.020253513192751316 0.039097335806944605
0.016025649301821876 0.03554039498498864
0.012285106557296477 0.031775427515347836
0.009035651368646647 0.027866546937974215
0.006280555661802856 0.023710783961527867
0.00402259358460233 0.019186537286427333
0.0022640387134577056 0.014667892169555437
0.0010066617640577813 0.010778535360121444
0.0002517288084074587 0.00814396047168537
0.0 0.007211968327406482
0.0 0.0
0.0002517288084074587 -0.002388749298750114
0.0010066617640577813 -0.008360371947588785
0.0022640387134577056 -0.015007588191335143
0.00402259358460233 -0.01973077789465131
0.006280555661802856 -0.023313451634847722
0.009035651368646647 -0.02768216306019395
0.012285106557296477 -0.03202838337849963
0.016025649301821876 -0.035765145039457095
0.020253513192751316 -0.03908749596039005
0.02496444112952728 -0.042449577904994665
0.030153689607045786 -0.04579222536534043
0.03581603349196366 -0.048902038691438256
0.041945771283965205 -0.05176253885303814
0.04853673085668936 -0.05444417315246767
0.05558227567253826 -0.05701957732950859
0.06307531146510753 -0.059467530636430156
0.07100829338251147 -0.06178388709930494
0.0793732335844094 -0.06403883065911434
0.0881617092850836 -0.06618486141937481
0.09736487123447068 -0.06816115214064107
0.10697345262860625 -0.07011130165050614
0.116977778440511 -0.07197232918857616
0.12736777516212267 -0.07376069785941139
0.1381329809474649 -0.07550971074715218
0.14926255614683936 -0.07719167785295146
0.1607452942214339 -0.07879502891740155
0.17256963302735745 -0.0802080555775167
0.18472366645773874 -0.08163498198447933
0.19719515643116664 -0.0829285927795396
0.20997154521440087 -0.08409762001636628
0.22303996806694482 -0.08514567298213675
0.2363872661947488 -0.08615963735227877
0.25000000000000006 -0.087
0.2638644626136587 -0.08769824701664367
0.2779666936971131 -0.08832092448509193
0.29229249349905695 -0.08888082589664903
0.3068274371534359 -0.08923806130966777
0.32155688920406433 -0.08952120676670185
0.33646601834128953 -0.08966904882782337
0.35153981233586296 -0.0896882394269838
0.36676309315498296 -0.08953730319924622
0.38212053224528686 -0.0892407115429967
0.3975966659674052 -0.08877721437413572
0.41317591116653546 -0.0881510675662329
0.42884258086335814 -0.08727584502545155
0.44458090004949524 -0.08618336648696791
0.46037502157160654 -0.08496778414563211
0.4762090420881297 -0.08349949098809234
0.4920670180825969 -0.08163763036615777
0.5079329819174049 -0.07949783628574612
0.5237909579118721 -0.07710538045050967
0.5396249784283953 -0.074465434250405
0.5554190999505066 -0.07157469950775597
0.5711574191366438 -0.06857539687989024
0.5868240888334664 -0.0653686435275726
0.6024033340325966 -0.06207946872477189
0.6178794677547149 -0.058663620237419715
0.6332369068450188 -0.055263588226576524
0.6484601876641387 -0.0517539208307479
0.6635339816587122 -0.048293041856427875
0.6784431107959373 -0.04477617611110768
0.6931725628465657 -0.041239182953507314
0.7077075065009447 -0.037750133949932756
0.7220333063028884 -0.03431206054053782
0.7361355373863427 -0.03092687548682653
0.7500000000000012 -0.027599999999999708
0.7636127338052524 -0.024360118828857694
0.7769600319330563 -0.021302911507626445
0.7900284547856001 -0.01829360918198998
0.8028048435688343 -0.015481280304048186
0.8152763335422621 -0.012777320987372427
0.8274303669726433 -0.010304823195087279
0.8392547057785669 -0.008037954796378057
0.8507374438531613 -0.005970369752506292
0.8618670190525357 -0.00410314698896896
0.872632224837878 -0.002540124690869895
0.8830222215594895 -0.001240890658735676
0.8930265473713942 -0.00022968853782681626
0.9026351287655296 0.0004789763990029321
0.9118382907149167 0.0009794289471734003
0.9206267664155909 0.001208669773397313
0.9289917066174888 0.0012138004874852181
0.9369246885348927 0.0010219736061225996
0.9444177243274618 0.0006795863140728173
0.9514632691433107 0.00017750111663654465
0.958054228716035 -0.0004801123163336075
0.9641839665080364 -0.0012041793284111625
0.9698463103929542 -0.0019772181900851527
0.9750355588704727 -0.0028037690330062013
0.9797464868072487 -0.003651854173769411
0.9839743506981782 -0.004487497972016572
0.9877148934427036 -0.005285309322374229
0.9909643486313533 -0.00602346584769329
0.9937194443381971 -0.006682489025004771
0.9959774064153977 -0.007245481047774043
0.9977359612865423 -0.00769832961833577
0.9989933382359422 -0.008029878400848837
0.9997482711915926 -0.008232061412988661
1.0 -0.0083
