1.00001 -1.1028721473033968e-06
0.9997583819522684 2.672336063600805e-05
0.9990037811671184 0.00011111121736783165
0.9977469574635763 0.00025469461645577545
0.9959891763565749 0.000461552838155945
0.9937322077826884 0.0007367490877530277
0.9909783243179555 0.0010856933138481924
0.9877302988895889 0.0015133380005353417
0.983991401983871 0.0020235124657925017
0.9797653983530537 0.0026200903936992974
0.9750565432245697 0.003306403101764581
0.9698695780163814 0.00408418662777142
0.964209725562773 0.004954481141307183
0.9580826848553999 0.005919071426704529
0.9514946253048877 0.006978862862915594
0.9444521805287578 0.008133695032718415
0.9369624416719374 0.009383749413986274
0.9290329502665771 0.010728988032867719
0.9206716906383682 0.01216846944003695
0.9118870818670022 0.013700226804390505
0.9026879693088729 0.015321152677329782
0.8930836156905508 0.01702688657244786
0.8830836917820034 0.018812386497770797
0.8726982666589493 0.020674239218629306
0.8619377975641527 0.022609122554885907
0.850813119377866 0.024613092660952036
0.8393354337080243 0.02668074273248776
0.8275162976111754 0.0288052710834424
0.8153676119555036 0.030978999245603083
0.8029016094376641 0.033194762483593446
0.7901308422654945 0.03544697918363572
0.7770681695190058 0.03772993023936848
0.7637267442023782 0.04003737334313994
0.7501200000000012 0.042361993221903455
0.7362616377498928 0.04469593662700587
0.7221656116481152 0.047031130420077755
0.7078461151980844 0.04936017192417218
0.6933175669189132 0.05167587603541977
0.6785945958271872 0.05397087421838757
0.6636920267067824 0.056236911888034945
0.6486248651815665 0.05846506796449967
0.633408282606007 0.06064634442029218
0.6180576007889028 0.06277261020019878
0.6025882765656223 0.06483675339617749
0.5870158862343796 0.06683179465323595
0.5713561098722236 0.06874814648830256
0.5556247155465285 0.07057226540503415
0.5398375434378868 0.07229041563207614
0.5240104898903909 0.07389147748509531
0.5081594914053612 0.07536919701532745
0.49230050859464064 0.07671828075558507
0.476449510109611 0.07793323736809987
0.4606224565621151 0.079007548520392
0.44483528445347353 0.07993509797593647
0.42910389012777833 0.08071173350515283
0.41344411376562223 0.08133723611471642
0.3978717234343796 0.08181250792197109
0.382402399211099 0.08213809911169498
0.36705171739399484 0.08231261019072858
0.3518351348184352 0.08233497867221831
0.3367679732932194 0.08220494054200277
0.32186540417281456 0.08192302079816405
0.30714243308108846 0.08149058537723414
0.2926138848019174 0.08091030126543566
0.27829438835188636 0.0801869530986363
0.26419836225010873 0.07932625495206064
0.25034000000000006 0.07833319710222668
0.23673325579762317 0.0772094587722042
0.2233918304809954 0.07595717275454686
0.21032915773450656 0.0745790710093941
0.19755839056233696 0.07307718940226528
0.18509238804449737 0.07145478705274315
0.17294370238882545 0.06971580836504154
0.1611245662919765 0.06786313977211184
0.14964688062213477 0.06590125847173606
0.13852220243584804 0.06383465771576557
0.12776173334105134 0.06166422047376962
0.11737630821799719 0.05939318728653841
0.10737638430944968 0.05702609883318941
0.09777203069112754 0.05456537783757505
0.08857291813299818 0.05201721923587581
0.07978830936163227 0.04938900497962027
0.07142704973342318 0.04668484920181367
0.06349755832806289 0.04391441212413405
0.05600781947124235 0.04108589315215488
0.04896537469511242 0.038198799560302144
0.04237731514460026 0.035263272661975056
0.0362502744372272 0.032296132602439194
0.03059042198361869 0.02931678283887484
0.02540345677543029 0.026356068239413243
0.020694601646946507 0.023409540940576484
0.016468598016129075 0.020437372589829653
0.012729701110411268 0.01745997226508972
0.009481675682044444 0.014548209943929628
0.006727792217311663 0.011804442694805833
0.004470823643425105 0.009345510091882373
0.0027130425364237844 0.007287933469237709
0.0014562188328815962 0.00573552185369604
0.0007016180477317595 0.004769553511446238
0.00045 0.004441666370228766
0.00045 0.0026
0.0007016180477317595 -0.0012888955812335972
0.0014562188328815962 -0.01031207160770947
0.0027130425364237844 -0.017842299800033476
0.004470823643425105 -0.01716031382954024
0.006727792217311663 -0.007880360447355263
0.009481675682044444 -0.0006649602710925984
0.012729701110411268 -0.0007229043314343213
0.016468598016129075 -0.006764446501512287
0.020694601646946507 -0.013349701763173231
0.02540345677543029 -0.015943155005672813
0.03059042198361869 -0.015123120293543641
0.0362502744372272 -0.013045131952803168
0.04237731514460026 -0.012332099242869604
0.04896537469511242 -0.013097051914157588
0.05600781947124235 -0.014570325869113273
0.06349755832806289 -0.015666797623067746
0.07142704973342318 -0.01604087905467027
0.07978830936163227 -0.01594622574109684
0.08857291813299818 -0.01576017650511622
0.09777203069112754 -0.015741344770979004
0.10737638430944968 -0.01583154670923871
0.11737630821799719 -0.015918742437228503
0.12776173334105134 -0.01588944024199849
0.13852220243584804 -0.01573964775510802
0.14964688062213477 -0.01550646012100171
0.1611245662919765 -0.015234964579365596
0.17294370238882545 -0.014944828132628289
0.18509238804449737 -0.01462848658641328
0.19755839056233696 -0.014276255044958738
0.21032915773450656 -0.01388157698135073
0.2233918304809954 -0.013449095752954183
0.23673325579762317 -0.012986393787685332
0.25034000000000006 -0.01250171251793209
0.26419836225010873 -0.01199884133440145
0.27829438835188636 -0.011478814017318206
0.2926138848019174 -0.01094277215360295
0.30714243308108846 -0.01039260994439991
0.32186540417281456 -0.009831557101437785
0.3367679732932194 -0.009263222965394035
0.3518351348184352 -0.00869113959228954
0.36705171739399484 -0.008116798034175945
0.382402399211099 -0.007540771652652948
0.3978717234343796 -0.006963643404505052
0.41344411376562223 -0.00638732267118572
0.42910389012777833 -0.00581571543697868
0.44483528445347353 -0.0052529636567326295
0.4606224565621151 -0.00470277752825669
0.476449510109611 -0.004166144561458423
0.49230050859464064 -0.0036430421105561727
0.5081594914053612 -0.0031334028862574173
0.5240104898903909 -0.002637807770130916
0.5398375434378868 -0.0021576745077889277
0.5556247155465285 -0.0016944095956017936
0.5713561098722236 -0.001249362333223827
0.5870158862343796 -0.0008239028372198738
0.6025882765656223 -0.00041933303142854816
0.6180576007889028 -3.683482297153709e-05
0.633408282606007 0.0003227363668463304
0.6486248651815665 0.0006588849730609859
0.6636920267067824 0.0009712423985577312
0.6785945958271872 0.0012595861026790207
0.6933175669189132 0.0015239545517368941
0.7078461151980844 0.0017645342698016646
0.7221656116481152 0.0019815997466815292
0.7362616377498928 0.0021751321003182457
0.7501200000000012 0.002344794833062515
0.7637267442023782 0.002490409068038577
0.7770681695190058 0.0026120472530781636
0.7901308422654945 0.002710271507357182
0.8029016094376641 0.0027858717965518164
0.8153676119555036 0.002839735531981156
0.8275162976111754 0.002872210205029841
0.8393354337080243 0.002883068605580022
0.850813119377866 0.0028723661350150862
0.8619377975641527 0.0028406448656665617
0.8726982666589493 0.002789567676412154
0.8830836917820034 0.0027211626540237046
0.8930836156905508 0.002637458417048296
0.9026879693088729 0.002539546606508773
0.9118870818670022 0.0024274956190273003
0.9206716906383682 0.0023018151052410824
0.9290329502665771 0.002163689551516642
0.9369624416719374 0.002015753489033839
0.9444521805287578 0.0018610356781887003
0.9514946253048877 0.001702403728804842
0.9580826848553999 0.0015418750410501202
0.964209725562773 0.0013805193986117965
0.9698695780163814 0.0012198262499441552
0.9750565432245697 0.001061423956144446
0.9797653983530537 0.0009051877053729623
0.983991401983871 0.0007515737263046767
0.9877302988895889 0.0006027401370827254
0.9909783243179555 0.0004619067753568328
0.9937322077826884 0.0003328470047658848
0.9959891763565749 0.00021972878977916522
0.9977469574635763 0.00012666620839323962
0.9990037811671184 5.7302509106652765e-05
0.9997583819522684 1.4479821975924164e-05
1.00001 0.0
