1.0 0.0
0.9997483240546423 3.123997569275036e-05
0.9989935496349126 0.00012593082119464541
0.9977364367346722 0.0002869179384459765
0.9959782511600505 0.0005187200525584889
0.9937207632548861 0.0008271969340274709
0.9909662461181407 0.0012190904549842499
0.9877174733150806 0.0017014451464908438
0.9839777160845316 0.0022808704086665914
0.9797507400450192 0.002962367861933901
0.9750408014031099 0.003748326409182066
0.9698526426677717 0.004637556975816426
0.9641914878750697 0.005627877511691674
0.9580630373280046 0.00672032205016846
0.9514734618567906 0.007915385422816744
0.9444293966053531 0.009212274673117103
0.9369379343503004 0.010608452318748485
0.929006618359099 0.012099439536725341
0.9206434347946436 0.013678691617701666
0.9118568046738666 0.015339124260690874
0.9026555753884888 0.017073793519781978
0.8930490117964462 0.018874284159038315
0.883046786892962 0.020731577409404865
0.872658972070662 0.022638288177729397
0.8618960269785347 0.024586742523114637
0.8507687889899521 0.026568511056882377
0.8392884622903534 0.02857441628199263
0.827466606595579 0.03059452329611363
0.8153151255122183 0.0326183113824115
0.8028462545516849 0.03463725133185477
0.7900725488100951 0.036644707366623334
0.7770068703263504 0.03863420414343889
0.7636623751311533 0.040601478084312824
0.7500525000000012 0.04254562736431278
0.7361909489234916 0.0444667031183167
0.7220916793085649 0.046364061897176845
0.7077688879245795 0.04823411910087745
0.6932369966083679 0.050073026454482875
0.6785106377426702 0.05187716293940644
0.6636046395225639 0.05364314542498693
0.6485340110247293 0.05536783549227562
0.6333139270945813 0.05704822118708498
0.6179597130664864 0.05868058689609172
0.6024868293324498 0.060260983650827354
0.5869108557748114 0.06178559061197464
0.571247476078625 0.06324981340389002
0.5555124619395171 0.06464852897555827
0.5397216571829253 0.06597681487616856
0.5238909618107107 0.06723025921919018
0.5080363159912022 0.06840502820234562
0.4921736840087995 0.06949760296981333
0.47631903818929117 0.07050450405708415
0.46048834281707646 0.0714221279707874
0.44469753806048484 0.07224720474825944
0.4289625239213768 0.07297618761347574
0.41329914422519043 0.07360435097446158
0.39772317066755203 0.07412726307576796
0.3822502869335153 0.07454129015988963
0.36689607290542037 0.07484413082079802
0.3516759889752724 0.07503424401102894
0.33660536047743783 0.07511026770367245
0.3216993622573315 0.0750695041917038
0.3069730033916337 0.0749095237465264
0.2924411120754221 0.0746286632664837
0.27811832069143666 0.0742254214260218
0.2640190510765098 0.07369904431690784
0.25015750000000003 0.07304950662079379
0.2365476248688479 0.07227547979027278
0.22320312967365075 0.07137597270589424
0.21013745118990582 0.07035130760802784
0.19736374544831609 0.06920173123049914
0.1848948744877826 0.06792841344028026
0.17274339340442169 0.06653388614275117
0.1609215377096474 0.06501841058492923
0.1494412110100485 0.06338244919037303
0.13831397302146592 0.0616287068766796
0.1275510279293386 0.059758001280813815
0.11716321310703848 0.05777200780110253
0.10716098820355424 0.055675372647082735
0.09755442461151144 0.053468835415062
0.08835319532613373 0.0511541244009954
0.07956656520535667 0.04873797103235923
0.07120338164090113 0.04622574537185176
0.06327206564969985 0.04362612798890274
0.05578060339464703 0.04095181657797223
0.048736538143209454 0.038199906849362614
0.04214696267199557 0.03537143748440807
0.036018512124930346 0.032482741201513385
0.030357357332228302 0.029560858457884736
0.02516919859689008 0.026643253959565065
0.020459259954980834 0.02375367500283849
0.01623228391546849 0.020827521187760094
0.012492526684919444 0.017848155795400802
0.00924375388185923 0.014876077240959188
0.006489236745113877 0.012021976775435672
0.0042317488399495635 0.009422541968299468
0.0024735632653278793 0.007219393119669277
0.0012164503650873293 0.005541442701734231
0.00046167594535769316 0.004490919445424493
0.00021 0.004133247670776323
0.00021 0.00185
0.00046167594535769316 0.00027333724649825656
0.0012164503650873293 -0.0036900253468652305
0.0024735632653278793 -0.008040451787112157
0.0042317488399495635 -0.010441826466674747
0.006489236745113877 -0.009701841828148832
0.00924375388185923 -0.007721077450742334
0.012492526684919444 -0.007594805432140804
0.01623228391546849 -0.009477290592607861
0.020459259954980834 -0.012317155711358425
0.02516919859689008 -0.014333820202868799
0.030357357332228302 -0.015208803910198136
0.036018512124930346 -0.015377310958332089
0.04214696267199557 -0.015621310141016162
0.048736538143209454 -0.01627567290595706
0.05578060339464703 -0.017171212085346946
0.06327206564969985 -0.01803024716399175
0.07120338164090113 -0.01864375696760894
0.07956656520535667 -0.019048572436747582
0.08835319532613373 -0.019337383599620218
0.09755442461151144 -0.019611673391399832
0.10716098820355424 -0.019876533723586057
0.11716321310703848 -0.02010396822775793
0.1275510279293386 -0.020261956913712725
0.13831397302146592 -0.020340399313162425
0.1494412110100485 -0.020349097106955077
0.1609215377096474 -0.020301995723919008
0.17274339340442169 -0.02020974132303362
0.1848948744877826 -0.020072276631377766
0.19736374544831609 -0.019888771591408023
0.21013745118990582 -0.019659176245730794
0.22320312967365075 -0.01938563558629468
0.2365476248688479 -0.019071615226817853
0.25015750000000003 -0.01872132065528694
0.2640190510765098 -0.018337935613317265
0.27811832069143666 -0.017923485293696015
0.2924411120754221 -0.01748032189181968
0.3069730033916337 -0.017011003931608388
0.3216993622573315 -0.016517965965589777
0.33660536047743783 -0.016003851660996785
0.3516759889752724 -0.015471420608700999
0.36689607290542037 -0.014922247059497355
0.3822502869335153 -0.014357249456198989
0.39772317066755203 -0.013777426905253184
0.41329914422519043 -0.01318430192335246
0.4289625239213768 -0.012580221803830718
0.44469753806048484 -0.011967700493546958
0.46048834281707646 -0.01134914980656237
0.47631903818929117 -0.010726016880202707
0.4921736840087995 -0.010099421116724832
0.5080363159912022 -0.00947051154772145
0.5238909618107107 -0.008840846141431387
0.5397216571829253 -0.00821242567398252
0.5555124619395171 -0.007587259323757697
0.571247476078625 -0.0069671947272233435
0.5869108557748114 -0.006353545114934665
0.6024868293324498 -0.00574747164610433
0.6179597130664864 -0.00515013458899615
0.6333139270945813 -0.004563295070865674
0.6485340110247293 -0.00398915977105285
0.6636046395225639 -0.0034298246020147516
0.6785106377426702 -0.002887249162890872
0.6932369966083679 -0.0023632539151020975
0.7077688879245795 -0.0018594930906769573
0.7220916793085649 -0.0013775109319403677
0.7361909489234916 -0.0009195548028955306
0.7500525000000012 -0.00048819922403274855
0.7636623751311533 -8.566607759587961e-05
0.7770068703263504 0.00028627836944017057
0.7900725488100951 0.0006264438594735314
0.8028462545516849 0.0009340224357763188
0.8153151255122183 0.0012085623274456277
0.827466606595579 0.0014501025546708492
0.8392884622903534 0.0016590923334470573
0.8507687889899521 0.001836259002351128
0.8618960269785347 0.0019819579451878784
0.872658972070662 0.002095117315646795
0.883046786892962 0.002175054438634127
0.8930490117964462 0.002221849040971144
0.9026555753884888 0.0022367993168962218
0.9118568046738666 0.002222134703041171
0.9206434347946436 0.0021804223338237785
0.929006618359099 0.00211438750198609
0.9369379343503004 0.002026577545241457
0.9444293966053531 0.0019197830271569217
0.9514734618567906 0.0017970578896803642
0.9580630373280046 0.001660162375710534
0.9641914878750697 0.0015099223811541748
0.9698526426677717 0.0013484182754974576
0.9750408014031099 0.0011789850669352763
0.9797507400450192 0.001006551083171703
0.9839777160845316 0.0008363605716524049
0.9877174733150806 0.0006733500199657481
0.9909662461181407 0.0005205346689025246
0.9937207632548861 0.0003792519196990219
0.9959782511600505 0.0002531665304643578
0.9977364367346722 0.00014737784952035675
0.9989935496349126 6.717575232748359e-05
0.9997483240546423 1.7054764079530054e-05
1.0 0.0
