1.0 0.005
0.9997483769176921 0.005028894120615633
0.998993761033883 0.00512140648152227
0.9977369121828019 0.005293520438602791
0.9959790959047032 0.0055668737183668165
0.9937220821715751 0.005961329679498846
0.9909681436049281 0.006484876463612261
0.9877200531874576 0.007134929329295102
0.9839810814708849 0.00791249426624426
0.9797549932827897 0.008811413644072393
0.975046043935747 0.009822346079996191
0.9698589749425892 0.010933985880699664
0.964199009242103 0.012131309103437836
0.9580718459399742 0.013411249297548278
0.9514836545702705 0.01477727848786043
0.9444410688832443 0.01623379708816992
0.9369511801657081 0.017784362781113162
0.9290215301007094 0.019433543761444017
0.9206601031736964 0.021182098869252205
0.9118753186328165 0.023028356617404964
0.9026760220114481 0.024970055086757568
0.8930714762214982 0.027004178976524875
0.8830713522264345 0.02912712308668529
0.8726857193034461 0.03133541669665423
0.8619250349045336 0.033625538942973814
0.8508001341267429 0.03599302826384231
0.8393222188021399 0.038431747516335844
0.8275028462185148 0.04093470546639285
0.8153539174821743 0.043494732069932075
0.8028876655345354 0.04610424182770829
0.7901166428345902 0.04875108077899394
0.7770537087196444 0.051415145027707186
0.7637120164570542 0.05407484428384242
0.7501050000000012 0.05671352762111373
0.7362463604606405 0.05931625915814799
0.7221500523142412 0.0618756437019181
0.7078302693482144 0.06439230221352599
0.6933014303701701 0.06686155825188843
0.678578164689403 0.06926324105505093
0.6636752973864156 0.07157557660795716
0.6486078343853198 0.07378611293952074
0.6333909473441438 0.0758866616643359
0.618039958378258 0.07787400776782073
0.6025703246323029 0.07974971475773335
0.5869976227161563 0.08150875476727223
0.5713375330206063 0.08313141205598648
0.5556058239285274 0.0846004333200594
0.5398183359374553 0.08591827049767209
0.5239909657095492 0.0870926961629221
0.5081396500649995 0.0881212263084846
0.4922803499350022 0.08899514633650504
0.4764290342904527 0.08970765403320595
0.46060166406254643 0.09025442535928879
0.44481417607147444 0.09063551241077267
0.4290824669793955 0.09086110441277949
0.4134223772838455 0.09094105748680702
0.3978496753676989 0.09087186582247177
0.3823800416217438 0.09064618696621154
0.36702905265585783 0.09026379735422624
0.35181216561468187 0.0897299475336069
0.3367447026135862 0.08905121601368668
0.3218418353105986 0.08823568154664105
0.3071185696298315 0.08728978357492431
0.29258973065178734 0.08621342211534383
0.27826994768576024 0.0850065211467412
0.26417363953936096 0.08367400432424478
0.25031500000000007 0.08222322849256669
0.23670798354294703 0.08065895919068199
0.2233662912803567 0.07898369643857095
0.21030335716541082 0.07720030752511811
0.19753233446546556 0.07531147742978467
0.1850660825178265 0.07332105067055854
0.17291715378148598 0.07123378070921865
0.16109778119786092 0.06905551187750944
0.1496198658732577 0.06679056608010843
0.13849496509546697 0.06444315409655094
0.12773428069655457 0.06201718324727703
0.11734864777356599 0.059515641708101294
0.10734852377850224 0.05694421712675214
0.09774397798855221 0.05431097868765162
0.08854468136718387 0.051625360495555314
0.07975989682630395 0.04888883250736913
0.07139846989929081 0.04610360526212045
0.06346881983429219 0.043278050979951375
0.055978931116755795 0.04042601079703716
0.04893634542972955 0.03755722337620798
0.042348154060025935 0.0346699471649692
0.03622099075789703 0.031772304581841014
0.030561025057410828 0.02887830277047294
0.02537395606425288 0.02600966361446635
0.02066500671721036 0.02315392163207836
0.016438918529115113 0.020302758046851055
0.012699946812542412 0.017497029545299123
0.009451856395071815 0.014812863153386945
0.006697917828424899 0.012245019036169277
0.004440904095296797 0.0095592457397956
0.002683087817198054 0.0068492768290074795
0.001426238966116877 0.004472876818138995
0.0006716230823079276 0.0028397080540029807
0.00042 0.0022576467265200914
0.00042 -0.0022
0.0006716230823079276 -0.0026137829600196704
0.001426238966116877 -0.0037717207014629182
0.002683087817198054 -0.005445365629502204
0.004440904095296797 -0.007326288325368035
0.006697917828424899 -0.00913349568594586
0.009451856395071815 -0.010761714328234235
0.012699946812542412 -0.01238080691571614
0.016438918529115113 -0.014014064829037175
0.02066500671721036 -0.015545581159889176
0.02537395606425288 -0.016899424390584214
0.030561025057410828 -0.01810316187095502
0.03622099075789703 -0.019235244754556322
0.042348154060025935 -0.02031065782848973
0.04893634542972955 -0.02132988810687398
0.055978931116755795 -0.022295477624209258
0.06346881983429219 -0.023208010346754817
0.07139846989929081 -0.02407285546793029
0.07975989682630395 -0.024888700986873947
0.08854468136718387 -0.02565457999180042
0.09774397798855221 -0.026371344698820923
0.10734852377850224 -0.02704104795769261
0.11734864777356599 -0.027667728637574166
0.12773428069655457 -0.02825158903070965
0.13849496509546697 -0.028792558027602173
0.1496198658732577 -0.02929117793104893
0.16109778119786092 -0.029748174115717133
0.17291715378148598 -0.03016498338025308
0.1850660825178265 -0.03054106928329514
0.19753233446546556 -0.030875557750707334
0.21030335716541082 -0.031167207764128648
0.2233662912803567 -0.03141388876700403
0.23670798354294703 -0.03161356186479239
0.25031500000000007 -0.031763536669002626
0.26417363953936096 -0.03186077682592048
0.27826994768576024 -0.03189271468055206
0.29258973065178734 -0.03183253651775579
0.3071185696298315 -0.03165440178295891
0.3218418353105986 -0.03135246268436121
0.3367447026135862 -0.03092885322344302
0.35181216561468187 -0.030395143267120495
0.36702905265585783 -0.029775048159394763
0.3823800416217438 -0.029095492482927626
0.3978496753676989 -0.02838852787879838
0.4134223772838455 -0.027688593334918573
0.4290824669793955 -0.02701718564876408
0.44481417607147444 -0.026376595312320325
0.46060166406254643 -0.02576616677252422
0.4764290342904527 -0.025175122177070984
0.4922803499350022 -0.024588152399574178
0.5081396500649995 -0.023995427609769027
0.5239909657095492 -0.02339836521781748
0.5398183359374553 -0.022799487831493864
0.5556058239285274 -0.02219856186092021
0.5713375330206063 -0.021593626641509326
0.5869976227161563 -0.020984312728929973
0.6025703246323029 -0.02037494355981646
0.618039958378258 -0.019770467376498388
0.6333909473441438 -0.019172847223697945
0.6486078343853198 -0.018581296601289606
0.6636752973864156 -0.01799534948500377
0.678578164689403 -0.01741637414780337
0.6933014303701701 -0.016846205928496512
0.7078302693482144 -0.016285956113226488
0.7221500523142412 -0.01573575585961254
0.7362463604606405 -0.015195764668197677
0.7501050000000012 -0.0146669081926145
0.7637120164570542 -0.014150420800164935
0.7770537087196444 -0.013645762633798398
0.7901166428345902 -0.013148395977813499
0.8028876655345354 -0.012653908402070466
0.8153539174821743 -0.012160576963296268
0.8275028462185148 -0.011668732618645473
0.8393222188021399 -0.011179446532565885
0.8508001341267429 -0.010696126702213423
0.8619250349045336 -0.010222488095382086
0.8726857193034461 -0.009764359086669647
0.8830713522264345 -0.0093301571310294
0.8930714762214982 -0.008926282219934176
0.9026760220114481 -0.008552641493163505
0.9118753186328165 -0.008206389109742463
0.9206601031736964 -0.007885552380170378
0.9290215301007094 -0.007589794288797762
0.9369511801657081 -0.007318631048725296
0.9444410688832443 -0.007066433531832192
0.9514836545702705 -0.006824060548384568
0.9580718459399742 -0.006584578763113229
0.964199009242103 -0.006339638918768039
0.9698589749425892 -0.0060837721216523205
0.975046043935747 -0.005822259924927937
0.9797549932827897 -0.00557359325084093
0.9839810814708849 -0.005351375113795268
0.9877200531874576 -0.005168957658346419
0.9909681436049281 -0.00503532368646911
0.9937220821715751 -0.004950824925280788
0.9959790959047032 -0.004918147817666713
0.9977369121828019 -0.004927754424072656
0.998993761033883 -0.004958575967098694
0.9997483769176921 -0.004988146761907664
1.0 -0.005
