1.0 0.0
0.9997483104612868 3.476478180860049e-05
0.9989934952751773 0.0001435079604782162
0.9977363144765816 0.0003381886563631776
0.9959780339399968 0.0006341334644678039
0.9937204241048804 0.0010431959823232252
0.9909657581929668 0.0015648202183755763
0.9877168099193265 0.002193266809136806
0.9839768506994693 0.00293120145164854
0.9797496463553068 0.0037806629712899675
0.9750394533232889 0.004739857476833139
0.9698510143685329 0.005801998159803956
0.9641895538092612 0.006957175646047919
0.9580607722563552 0.008196706277257522
0.9514708408733243 0.009509987303435379
0.9444263951624667 0.010888510187180516
0.9369345282834813 0.01232640910508177
0.9290027839112565 0.013819321073763637
0.9206391486400302 0.015368050830831025
0.9118520439415652 0.016976116763029334
0.9026503176854422 0.01864473942940906
0.8930432352300043 0.02037266442148535
0.8830404700929262 0.022158300709414765
0.8726520942108033 0.023998040883590716
0.8618885677975635 0.02588765538233141
0.8507607288119202 0.027822012376969567
0.8392797820444654 0.029795123867847946
0.8274572878353955 0.031800819517167345
0.8153051504342296 0.03383321623882656
0.8028356060132376 0.035885380771765577
0.7900612103466536 0.037941555185039576
0.7769948261680747 0.039979781016731435
0.7636496102187788 0.04198093883111732
0.7500390000000012 0.04393280249762657
0.7361767002425105 0.04582593773108036
0.7220766691071052 0.04766333907529702
0.7077531041299305 0.04945269724681086
0.6932204279267616 0.05119264139906868
0.6784932736706532 0.05287266471243257
0.6635864703575735 0.05448404455711453
0.6485150278748631 0.056023939854575405
0.633294121887551 0.05749096404206139
0.6179390785577452 0.05888509538247077
0.6024653591124876 0.060207154161659567
0.5868885442756083 0.061455164348364
0.5712243185792585 0.06262330743949707
0.5554884545709143 0.06370702524649309
0.5396967969317605 0.06470667932925452
0.5238652465224379 0.0656237968685562
0.5080097443722258 0.06645727620504586
0.492146255627776 0.0672044347612159
0.47629075347756394 0.06786311575039913
0.46045920306824134 0.06843188117375347
0.4446675454290875 0.06890993441348711
0.42893168142074345 0.0692980130901366
0.41326745572439344 0.06959742175530308
0.39769064088751427 0.06980754582201616
0.38221692144225655 0.06992629820390996
0.36686187811245075 0.06995238499742032
0.35164097212513856 0.06988580418796159
0.33656952964242826 0.06972704695553654
0.32166272632934845 0.06947654402348158
0.30693557207323996 0.06913496376322852
0.29240289587007107 0.0687018724517594
0.2780793308928963 0.06817579600410427
0.26397929975749096 0.06755639613418397
0.25011700000000003 0.06684520238726681
0.2365063897812224 0.06604428165230702
0.22316117383192635 0.06515344417301133
0.2100947896533474 0.0641721087453152
0.19732039398676335 0.06309994395255357
0.18485084956577133 0.06193677781449536
0.17269871216460517 0.060683946509997165
0.16087621795553536 0.05934440643148426
0.14939527118808044 0.05792178167809363
0.1382674322024371 0.05641395179508933
0.12750390578919735 0.054817770045977175
0.11711552990707427 0.053132881290838686
0.10711276476999618 0.05136154808181638
0.09750568231455811 0.04950735315192793
0.08830395605843512 0.04757156277116484
0.07951685135997023 0.04555713111570126
0.0711532160887438 0.04345737786999981
0.06322147171651897 0.04126763704919937
0.05572960483753334 0.03899288015196843
0.04868515912667572 0.03664649330428079
0.04209522774364491 0.03423852913191771
0.03596644619073892 0.03176758287577594
0.030304985631467087 0.02923489115828471
0.025116546676711073 0.026609951325771333
0.020406353644693245 0.02389415674188454
0.01617914930053079 0.021156999394670483
0.012439190080673538 0.01848493472167611
0.009190241807033137 0.015801347422572488
0.0064355758951196145 0.013016010338911917
0.004177966060003132 0.010236427456083224
0.002419685523418406 0.0076859757845227535
0.0011625047248225882 0.005623721041649328
0.00040768953871334713 0.004280868977428768
0.000156 0.0038147349602423715
0.000156 0.001939
0.00040768953871334713 -0.006330064226358239
0.0011625047248225882 -0.020934556997987453
0.002419685523418406 -0.02085500391247635
0.004177966060003132 -0.002769367993564247
0.0064355758951196145 0.0052145779986391555
0.009190241807033137 -0.0030727832677809775
0.012439190080673538 -0.014854959124384512
0.01617914930053079 -0.017281688667374458
0.020406353644693245 -0.013714054184331803
0.025116546676711073 -0.012338382036093038
0.030304985631467087 -0.014531975464060232
0.03596644619073892 -0.017342658929844084
0.04209522774364491 -0.018554631480661218
0.04868515912667572 -0.018843187107785007
0.05572960483753334 -0.019389349572679983
0.06322147171651897 -0.020361117688245976
0.0711532160887438 -0.021376751271383665
0.07951685135997023 -0.022172366109496043
0.08830395605843512 -0.022829668308198617
0.09750568231455811 -0.023482019138281494
0.10711276476999618 -0.02415060679489093
0.11711552990707427 -0.02479433505446808
0.12750390578919735 -0.025385003532003365
0.1382674322024371 -0.025930504852099
0.14939527118808044 -0.02644478965246196
0.16087621795553536 -0.026930350454171657
0.17269871216460517 -0.027383154720612455
0.18485084956577133 -0.027800546203786337
0.19732039398676335 -0.028182845034081874
0.2100947896533474 -0.028531272254092088
0.22316117383192635 -0.02884584531911551
0.2365063897812224 -0.02912599685715806
0.25011700000000003 -0.029371374903056136
0.26397929975749096 -0.029581599288946853
0.2780793308928963 -0.029756526148806698
0.29240289587007107 -0.029895711273491006
0.30693557207323996 -0.029998606898820435
0.32166272632934845 -0.030064766422436575
0.33656952964242826 -0.03009365967905565
0.35164097212513856 -0.030084847824856778
0.36686187811245075 -0.030037325877722766
0.38221692144225655 -0.029949786081311696
0.39769064088751427 -0.029821103686487112
0.41326745572439344 -0.029650417194014293
0.42893168142074345 -0.029436806583820422
0.4446675454290875 -0.02917723482841002
0.46045920306824134 -0.028867481888426916
0.47629075347756394 -0.02850364909090066
0.492146255627776 -0.028082449846754606
0.5080097443722258 -0.027601075056267344
0.5238652465224379 -0.027058860051458022
0.5396967969317605 -0.0264563548416611
0.5554884545709143 -0.025794054231314156
0.5712243185792585 -0.025072156570176876
0.5868885442756083 -0.02429067739989156
0.6024653591124876 -0.02344711218535028
0.6179390785577452 -0.022538216467513722
0.633294121887551 -0.02156580268732653
0.6485150278748631 -0.020539030130492693
0.6635864703575735 -0.01946834287072075
0.6784932736706532 -0.018368940082492194
0.6932204279267616 -0.01725724887867863
0.7077531041299305 -0.016146113736049676
0.7220766691071052 -0.015043542282772517
0.7361767002425105 -0.013956649166962796
0.7500390000000012 -0.012891868205443378
0.7636496102187788 -0.011855006337251886
0.7769948261680747 -0.010851111583549723
0.7900612103466536 -0.009884314134395049
0.8028356060132376 -0.008958172606634817
0.8153051504342296 -0.008075958976710278
0.8274572878353955 -0.00724051781328308
0.8392797820444654 -0.006454007882969645
0.8507607288119202 -0.005717774151262706
0.8618885677975635 -0.005032578622034228
0.8726520942108033 -0.004398913911228307
0.8830404700929262 -0.003817016011967619
0.8930432352300043 -0.0032865584727556733
0.9026503176854422 -0.002806626180605476
0.9118520439415652 -0.0023758055986567495
0.9206391486400302 -0.0019923527879039168
0.9290027839112565 -0.0016543594055202903
0.9369345282834813 -0.0013594740060280596
0.9444263951624667 -0.0011030372282707654
0.9514708408733243 -0.0008787591383597294
0.9580607722563552 -0.0006813730042799872
0.9641895538092612 -0.0005066421570958127
0.9698510143685329 -0.0003512596275454791
0.9750394533232889 -0.00021505911855142692
0.9797496463553068 -0.00010358737289586052
0.9839768506994693 -1.957211976603062e-05
0.9877168099193265 3.851802401367069e-05
0.9909657581929668 7.501775895259964e-05
0.9937204241048804 9.391586244533463e-05
0.9959780339399968 9.106996931120711e-05
0.9977363144765816 6.798986759339033e-05
0.9989934952751773 3.6294653941867665e-05
0.9997483104612868 1.0035156939283808e-05
1.0 -4.139266106361611e-08
