1.0 0.0
0.9997482711915926 8.895620441449832e-05
0.9989933382359422 0.0003555050877076482
0.9977359612865423 0.0007986926700442714
0.9959774064153977 0.001416946290950002
0.9937194443381971 0.0022081003559873457
0.9909643486313533 0.003169431959891736
0.9877148934427036 0.004297705969045035
0.9839743506981782 0.00558922903420035
0.9797464868072487 0.007039911897724875
0.9750355588704727 0.008645339259377044
0.9698463103929542 0.010400846371793365
0.9641839665080364 0.012301601452382608
0.958054228716035 0.014342692923072504
0.9514632691433107 0.016519220424113138
0.9444177243274618 0.01882638849359253
0.9369246885348927 0.021259601761052117
0.9289917066174888 0.023814560472075523
0.9206267664155909 0.026487355141331635
0.9118382907149167 0.02927455912453189
0.9026351287655296 0.032173317905238245
0.8930265473713942 0.035181239086885356
0.8830222215594895 0.038294634183624596
0.872632224837878 0.041508923907210046
0.8618670190525357 0.04481956176209344
0.8507374438531613 0.048222066259822734
0.8392547057785669 0.05171204112563474
0.8274303669726433 0.05528519382587184
0.8152763335422621 0.058937352248470416
0.8028048435688343 0.06266447938643148
0.7900284547856001 0.06646142029012905
0.7769600319330563 0.0703126284992733
0.7636127338052524 0.07419607986451306
0.7500000000000012 0.07808774477901333
0.7361355373863427 0.08196170168809525
0.7220333063028884 0.08579024514616473
0.7077075065009447 0.08954401620897627
0.6931725628465657 0.0931925302187299
0.6784431107959373 0.09671429600247684
0.6635339816587122 0.10009888155358501
0.6484601876641387 0.10333702489665761
0.6332369068450188 0.10642012526447166
0.6178794677547149 0.10934027180123462
0.6024033340325966 0.11209026923343998
0.5868240888334664 0.11466492976827874
0.5711574191366438 0.11706806069277026
0.5554190999505066 0.11930776733008004
0.5396249784283953 0.12139320759376987
0.5237909579118721 0.1233344647457041
0.5079329819174049 0.12514242166716513
0.4920670180825969 0.12682818076946756
0.4762090420881297 0.12839305569197865
0.46037502157160654 0.12982854271080618
0.44458090004949524 0.1311262721338921
0.42884258086335814 0.13227853230821116
0.41317591116653546 0.13327834063260788
0.3975966659674052 0.13411951090672256
0.38212053224528686 0.13479697180846714
0.36676309315498296 0.1353071994528648
0.35153981233586296 0.13564768737334212
0.33646601834128953 0.1358168773712849
0.32155688920406433 0.13581418795946087
0.3068274371534359 0.13564003607281416
0.29229249349905695 0.13529572275781218
0.2779666936971131 0.13478107191169672
0.2638644626136587 0.13409491451677147
0.25000000000000006 0.13323748707281186
0.2363872661947488 0.1322105324614631
0.22303996806694482 0.1310172978609021
0.20997154521440087 0.12966251935361087
0.19719515643116664 0.1281524167766434
0.18472366645773874 0.12649832436281125
0.17256963302735745 0.12471986267065442
0.1607452942214339 0.12283713514473558
0.14926255614683936 0.12086960408412205
0.1381329809474649 0.11880957628479394
0.12736777516212267 0.11657078601559932
0.116977778440511 0.11407150731745871
0.10697345262860625 0.11125318834376301
0.09736487123447068 0.10807983625299766
0.0881617092850836 0.10459093734023253
0.0793732335844094 0.10092284783907177
0.07100829338251147 0.09719610019993234
0.06307531146510753 0.09343435566635297
0.05558227567253826 0.08959305904233181
0.04853673085668936 0.08565167097933493
0.041945771283965205 0.08160489042307514
0.03581603349196366 0.07745381918962249
0.030153689607045786 0.07322532993175547
0.02496444112952728 0.0689694982060165
0.020253513192751316 0.06475395047932456
0.016025649301821876 0.060658413894670304
0.012285106557296477 0.0567695413874958
0.009035651368646647 0.053176081262599074
0.006280555661802856 0.04996445513985599
0.00402259358460233 0.047214802311649304
0.0022640387134577056 0.04499754208793417
0.0010066617640577813 0.043370498704398366
0.0002517288084074587 0.042376625908352866
0.0 0.04204236049335526
0.0 0.0256
0.0002517288084074587 0.02503652704502972
0.0010066617640577813 0.023407333082535394
0.0022640387134577056 0.02088979679764965
0.00402259358460233 0.01775864828257967
0.006280555661802856 0.01435491648247356
0.009035651368646647 0.011043050439557209
0.012285106557296477 0.008156801671641312
0.016025649301821876 0.005934612220996298
0.020253513192751316 0.004445402292151757
0.02496444112952728 0.0035057913797158034
0.030153689607045786 0.002731973375464716
0.03581603349196366 0.00204627030271113
0.041945771283965205 0.0014809474655801682
0.04853673085668936 0.0010662362400451163
0.05558227567253826 0.0008276743073037994
0.06307531146510753 0.0007722660046389665
0.07100829338251147 0.0008889871327752878
0.0793732335844094 0.0011513628675107665
0.0881617092850836 0.0015119923981514077
0.09736487123447068 0.0018995089698724892
0.10697345262860625 0.002229057642983129
0.116977778440511 0.002492623095772152
0.12736777516212267 0.0027408332626070483
0.1381329809474649 0.0030386611114791963
0.14926255614683936 0.003465542182198012
0.1607452942214339 0.004094726788954529
0.17256963302735745 0.004903381503696954
0.18472366645773874 0.0058275141912324585
0.19719515643116664 0.006790233324399852
0.20997154521440087 0.007709599844031989
0.22303996806694482 0.00855673145374278
0.2363872661947488 0.009331608978775186
0.25000000000000006 0.010035523762326002
0.2638644626136587 0.01067090089445225
0.2779666936971131 0.011241287135779113
0.29229249349905695 0.011751327503960879
0.3068274371534359 0.012206641921894277
0.32155688920406433 0.012611430335693743
0.33646601834128953 0.01296797413898138
0.35153981233586296 0.013278955538082792
0.36676309315498296 0.013547555683768623
0.38212053224528686 0.013777420484422133
0.3975966659674052 0.013972622070506835
0.41317591116653546 0.014137085683686162
0.42884258086335814 0.01427163085299783
0.44458090004949524 0.014375892155306593
0.46037502157160654 0.014449629110963667
0.4762090420881297 0.014492729047619125
0.4920670180825969 0.014505206186159724
0.5079329819174049 0.014487303345716572
0.5237909579118721 0.01444175670672946
0.5396249784283953 0.014373768439823437
0.5554190999505066 0.014288687450984393
0.5711574191366438 0.01419185393398097
0.5868240888334664 0.014088547782956144
0.6024033340325966 0.013983929914960152
0.6178794677547149 0.013879636284371898
0.6332369068450188 0.013768809574429818
0.6484601876641387 0.013643642973224911
0.6635339816587122 0.013496812892855373
0.6784431107959373 0.013321546120251233
0.6931725628465657 0.013111680883805106
0.7077075065009447 0.012861799941880065
0.7220333063028884 0.01256872164458255
0.7361355373863427 0.012231244791472699
0.7500000000000012 0.011848714498437168
0.7636127338052524 0.011420975741767295
0.7769600319330563 0.010948376869520987
0.7900284547856001 0.010431768402280302
0.8028048435688343 0.009872528201376995
0.8152763335422621 0.009277414095619427
0.8274303669726433 0.008662821283507467
0.8392547057785669 0.0080445168577834
0.8507374438531613 0.0074362395414826615
0.8618670190525357 0.006849716961775231
0.872632224837878 0.0062947038286189855
0.8830222215594895 0.005779039920483007
0.8930265473713942 0.005308726597458352
0.9026351287655296 0.004887950815177844
0.9118382907149167 0.004513233335340227
0.9206267664155909 0.004171028460547865
0.9289917066174888 0.003849661158585157
0.9369246885348927 0.003540369248411524
0.9444177243274618 0.0032370371002523384
0.9514632691433107 0.002935914547291977
0.958054228716035 0.0026353252843555604
0.9641839665080364 0.0023353690594524563
0.9698463103929542 0.0020376219484855933
0.9750355588704727 0.0017448389422568848
0.9797464868072487 0.0014606629690123046
0.9839743506981782 0.0011893443264938655
0.9877148934427036 0.0009354743065397757
0.9909643486313533 0.0007037365648399172
0.9937194443381971 0.0004986795210305214
0.9959774064153977 0.00032451277277515257
0.9977359612865423 0.00018493017502883884
0.9989933382359422 8.296187581677115e-05
0.9997482711915926 2.0857216336628042e-05
1.0 0.0
