1.0 0.0
0.9997482711915926 2.810948493370217e-05
0.9989933382359422 0.00011267720362477937
0.9977359612865423 0.00025441685336404456
0.9959774064153977 0.0004545043264857813
0.9937194443381971 0.0007145574619343209
0.9909643486313533 0.0010366080084745954
0.9877148934427036 0.0014230661069220372
0.9839743506981782 0.0018766776814240936
0.9797464868072487 0.002400475208675395
0.9750355588704727 0.002997722408219196
0.9698463103929542 0.003671853465947277
0.9641839665080364 0.004426407465880964
0.958054228716035 0.005264958761670586
0.9514632691433107 0.006191044068429302
0.9444177243274618 0.007208087097022649
0.9369246885348927 0.008319321586345841
0.9289917066174888 0.009527713614087661
0.9206267664155909 0.010835884082736004
0.9118382907149167 0.012246032284939694
0.9026351287655296 0.013759861450698886
0.8930265473713942 0.0153784080144249
0.8830222215594895 0.017101038653834666
0.872632224837878 0.018925556441397744
0.8618670190525357 0.020848580149817813
0.8507374438531613 0.022865480529481
0.8392547057785669 0.02497078079318173
0.8274303669726433 0.02716006687833922
0.8152763335422621 0.029428768239815963
0.8028048435688343 0.03177152664946241
0.7900284547856001 0.034181806697526164
0.7769600319330563 0.036649090329342535
0.7636127338052524 0.03916006674294279
0.7500000000000012 0.04169999999999978
0.7361355373863427 0.0442537845712792
0.7220333063028884 0.046809208297140935
0.7077075065009447 0.049354389769923845
0.6931725628465657 0.051876792995889834
0.6784431107959373 0.05436067982989716
0.6635339816587122 0.05678668956558007
0.6484601876641387 0.05913456665266885
0.6332369068450188 0.06137999391612694
0.6178794677547149 0.06348767373342638
0.6024033340325966 0.06541941456085255
0.5868240888334664 0.0671400282664143
0.5711574191366438 0.06863833194316075
0.5554190999505066 0.06991350319580636
0.5396249784283953 0.07096726757923282
0.5237909579118721 0.07182059215330544
0.5079329819174049 0.07250771438718136
0.4920670180825969 0.07306337056903318
0.4762090420881297 0.07350643052302445
0.46037502157160654 0.07383970265403977
0.44458090004949524 0.07406563419372736
0.42884258086335814 0.07418360468865619
0.41317591116653546 0.07418826498337813
0.3975966659674052 0.07407447539579909
0.38212053224528686 0.07384122741993364
0.36676309315498296 0.07349671943788615
0.35153981233586296 0.07305066099802825
0.33646601834128953 0.07251173177941338
0.32155688920406433 0.07188289011905802
0.3068274371534359 0.07116556786287648
0.29229249349905695 0.07036150210184039
0.2779666936971131 0.06946881862463514
0.2638644626136587 0.06848282860831029
0.25000000000000006 0.0674
0.2363872661947488 0.06621990144698849
0.22303996806694482 0.06495010347842002
0.20997154521440087 0.0636001596505222
0.19719515643116664 0.06217966829737069
0.18472366645773874 0.060692944545800785
0.17256963302735745 0.05913433586064988
0.1607452942214339 0.057499325623698645
0.14926255614683936 0.05578599426232172
0.1381329809474649 0.05399597677707516
0.12736777516212267 0.05213637499866221
0.116977778440511 0.05021635468504583
0.10697345262860625 0.048246257408477086
0.09736487123447068 0.0462373634790433
0.0881617092850836 0.04419219928337462
0.0793732335844094 0.042100348373716664
0.07100829338251147 0.039956987416680516
0.06307531146510753 0.037759027712456164
0.05558227567253826 0.035506228550881605
0.04853673085668936 0.033206845624707
0.041945771283965205 0.03087139426583231
0.03581603349196366 0.028508503548329515
0.030153689607045786 0.026136593684042576
0.02496444112952728 0.023783247790319432
0.020253513192751316 0.0214520552330785
0.016025649301821876 0.019066171690398558
0.012285106557296477 0.016606911065979956
0.009035651368646647 0.014126343628547049
0.006280555661802856 0.011722694430399609
0.00402259358460233 0.009518290893348083
0.0022640387134577056 0.007640365489577678
0.0010066617640577813 0.006204978018256872
0.0002517288084074587 0.005304277773689289
0.0 0.004997279385291215
0.0 0.0
0.0002517288084074587 -0.0007179795004684964
0.0010066617640577813 -0.002702126244535561
0.0022640387134577056 -0.005487467733012406
0.00402259358460233 -0.008446441822790307
0.006280555661802856 -0.011007830986829113
0.009035651368646647 -0.01295898606382049
0.012285106557296477 -0.014735829449504922
0.016025649301821876 -0.01666057324930207
0.020253513192751316 -0.0186728831443331
0.02496444112952728 -0.02068579718105021
0.030153689607045786 -0.022608793717422464
0.03581603349196366 -0.024428352444308334
0.041945771283965205 -0.026190498859505057
0.04853673085668936 -0.02799549840909537
0.05558227567253826 -0.02997750548812817
0.06307531146510753 -0.03207329471124503
0.07100829338251147 -0.034061930820829915
0.0793732335844094 -0.03565919300450174
0.0881617092850836 -0.036800980038990565
0.09736487123447068 -0.03773307953579863
0.10697345262860625 -0.038773292927165706
0.116977778440511 -0.04002121240904488
0.12736777516212267 -0.041416663121501524
0.1381329809474649 -0.04287954765584087
0.14926255614683936 -0.0443106062765186
0.1607452942214339 -0.045611545365397944
0.17256963302735745 -0.04677341168569252
0.18472366645773874 -0.04782240104432508
0.19719515643116664 -0.048791982517279925
0.20997154521440087 -0.04971819299498006
0.22303996806694482 -0.05060460823776918
0.2363872661947488 -0.05143699550869084
0.25000000000000006 -0.05220000000000001
0.2638644626136587 -0.05288176961870461
0.2779666936971131 -0.05348832387108709
0.29229249349905695 -0.05403181746636054
0.3068274371534359 -0.054525645832169324
0.32155688920406433 -0.054968565999987035
0.33646601834128953 -0.0553416054699855
0.35153981233586296 -0.05562395352502374
0.36676309315498296 -0.055802505530782316
0.38212053224528686 -0.05588952896269352
0.3975966659674052 -0.05590320460006159
0.41317591116653546 -0.055859744723618474
0.42884258086335814 -0.05575563195843147
0.44458090004949524 -0.05557930888309646
0.46037502157160654 -0.05531894348222785
0.4762090420881297 -0.054959831732261
0.4920670180825969 -0.054485477623652585
0.5079329819174049 -0.053881200586235474
0.5237909579118721 -0.05316810188104372
0.5396249784283953 -0.052402857767113425
0.5554190999505066 -0.05164196107195482
0.5711574191366438 -0.05086246650525653
0.5868240888334664 -0.04992433605713899
0.6024033340325966 -0.04868255199643099
0.6178794677547149 -0.04707353454283653
0.6332369068450188 -0.04522653569671782
0.6484601876641387 -0.043295276343898265
0.6635339816587122 -0.04140367163712364
0.6784431107959373 -0.03954817474247383
0.6931725628465657 -0.037685562019574556
0.7077075065009447 -0.03577765316287919
0.7220333063028884 -0.033823839590177644
0.7361355373863427 -0.031854788316419864
0.7500000000000012 -0.029899999999999826
0.7636127338052524 -0.027982823746126442
0.7769600319330563 -0.02611035372013353
0.7900284547856001 -0.024285621988100584
0.8028048435688343 -0.022511402860196074
0.8152763335422621 -0.020791184897139985
0.8274303669726433 -0.01913002686338889
0.8392547057785669 -0.017532504449922947
0.8507374438531613 -0.016002438112814626
0.8618670190525357 -0.014543405572771121
0.872632224837878 -0.013159729740162636
0.8830222215594895 -0.011854943906590506
0.8930265473713942 -0.01063147559998755
0.9026351287655296 -0.009490697747231549
0.9118382907149167 -0.008431943720980125
0.9206267664155909 -0.007452140046448378
0.9289917066174888 -0.006547986957151933
0.9369246885348927 -0.005716210185162127
0.9444177243274618 -0.004953583614787105
0.9514632691433107 -0.004256951411827744
0.958054228716035 -0.0036232495072970232
0.9641839665080364 -0.0030495263175582877
0.9698463103929542 -0.0025329625866185763
0.9750355588704727 -0.0020708902407875
0.9797464868072487 -0.0016608101510563328
0.9839743506981782 -0.0013004087043388915
0.9877148934427036 -0.0009875730911111597
0.9909643486313533 -0.0007204052239546333
0.9937194443381971 -0.0004972342090063024
0.9959774064153977 -0.00031662730030258617
0.9977359612865423 -0.0001773992754251437
0.9989933382359422 -7.862017966328986e-05
0.9997482711915926 -1.9621395045004376e-05
1.0 0.0
