1.0 0.0
0.9997482742123383 4.7712595528078985e-05
0.9989933503158833 0.0001908169879615531
0.9977359884550069 0.0004292096775260537
0.9959774546865207 0.0007627071535033168
0.993719519704865 0.0011910295403587336
0.9909644570591697 0.00171377802609449
0.9877150408639823 0.002330406392503596
0.9839745430059698 0.0030401868720114364
0.979746729849407 0.0038421227950472467
0.9750358584437662 0.004734788552462375
0.9698466722372295 0.005716292362713067
0.9641843963004383 0.006784230488486515
0.9580547320652903 0.007935841304093015
0.951463851584081 0.009167917248883944
0.9444183913147699 0.01047668269755933
0.9369254454386303 0.011857908306130552
0.9289925587170094 0.013306841062867352
0.920627718894394 0.014818334667101462
0.9118393486554282 0.01638735148424551
0.9026362971439844 0.018008583285388992
0.8930278310528258 0.019676485173620202
0.8830236252928308 0.02138539742081854
0.8726337532511799 0.023130983544553042
0.8618686766483071 0.024909745730580347
0.8507392350038351 0.026717377085640058
0.8392566347220975 0.028549316729102832
0.8274324378082396 0.030401691497503495
0.8152785502262596 0.03227058752351093
0.8028072099107115 0.03415152549914504
0.7900309744441427 0.03603970855404278
0.7769627084126731 0.03793001296989223
0.7636155704524468 0.03981681994548485
0.7500030000000012 0.04169374603683309
0.7361387037598941 0.043553734137321984
0.7220366419032128 0.04538955382962836
0.7077110140108667 0.047194139382274285
0.6931762447758115 0.04896004409488601
0.6784469694786078 0.0506795989731332
0.6635380192509324 0.05234981269622777
0.6484644061418867 0.053964371464874115
0.6332413080021366 0.05551638958189346
0.6178840532011018 0.0570071662157828
0.6024081051925883 0.05843072481695693
0.5868290469444004 0.059785760905288185
0.5711625652476141 0.06107315854262018
0.5554244349213072 0.06228780668731349
0.5396305029286541 0.0634262223813997
0.5237966724203772 0.06448612367566141
0.5079388867216219 0.06545978266249709
0.49207311327837994 0.06633861676200054
0.47621532757962465 0.06712031521547487
0.4603814970713477 0.06779080216984035
0.4445875650786947 0.06834552433364516
0.4288494347523878 0.06878032625644857
0.4131829530556015 0.06908788473252893
0.39760389480741365 0.06926973027839833
0.38212794679889994 0.06933216456120588
0.3667706919978651 0.06927627289744785
0.35154759385811496 0.06910429465408781
0.3364739807490694 0.06882210151723954
0.3215650305213939 0.0684288239327464
0.3068357552241901 0.06792839423568457
0.29230098598913495 0.06732471345986614
0.2779753580967887 0.06661929410286209
0.26387329624010736 0.06581534252780862
0.25000900000000004 0.06491500393869436
0.2363964295475545 0.0639200754110636
0.22304929158732803 0.06283262974570021
0.2099810255558583 0.061652990772604846
0.19720479008928948 0.06038072998122637
0.18473344977374126 0.059015141719663954
0.17257956219176113 0.05755488774875851
0.16075536527790327 0.05600273417416172
0.14927276499616562 0.0543669738518056
0.13814332335169355 0.052653226059206956
0.12737824674882073 0.05086615006691234
0.1169883747071697 0.04901117303040104
0.1069841689471747 0.04709267985660749
0.09737570285601586 0.04511248757557569
0.08817265134457218 0.04307105114547082
0.07938428110560639 0.04096799163605274
0.07101944128299087 0.03880425050467594
0.06308655456136995 0.03658283315610886
0.05559360868523019 0.03430869979541636
0.048548148415919076 0.03198897687412325
0.041957267934709795 0.02963388738209672
0.035827603699561755 0.027254863063323476
0.030165327762770502 0.024864742508416814
0.02497614155623373 0.022469416080079026
0.020265270150593005 0.020084956063812456
0.016037456994030256 0.017731670923238445
0.012296959136017789 0.015412127937426598
0.009047542940830223 0.013124406262113265
0.0062924802951349135 0.010913221996463609
0.004034545313479314 0.008726360273987115
0.002276011544993144 0.006641776867032871
0.0010186496841166127 0.004559903764593809
0.00026372578766175784 0.0025253573339016795
1.2e-05 0.001648957681856539
1.2e-05 0.00015
0.00026372578766175784 -0.001219301691664535
0.0010186496841166127 -0.0035040125796571616
0.002276011544993144 -0.0051273105514894465
0.004034545313479314 -0.007167562039937413
0.0062924802951349135 -0.00902060542771083
0.009047542940830223 -0.010953665879275392
0.012296959136017789 -0.01291509732288943
0.016037456994030256 -0.01486918041154783
0.020265270150593005 -0.01684522025563058
0.02497614155623373 -0.01882124034027434
0.030165327762770502 -0.0207787478197695
0.035827603699561755 -0.022709246174639236
0.041957267934709795 -0.024594804439943302
0.048548148415919076 -0.0264208147677999
0.05559360868523019 -0.028174909292442145
0.06308655456136995 -0.029851239859145416
0.07101944128299087 -0.03144598761539349
0.07938428110560639 -0.032959551771990454
0.08817265134457218 -0.034394800435331406
0.09737570285601586 -0.03575725801053712
0.1069841689471747 -0.037052665633813424
0.1169883747071697 -0.038286535296222585
0.12737824674882073 -0.0394641235358891
0.13814332335169355 -0.04059007822496798
0.14927276499616562 -0.04166374433036588
0.16075536527790327 -0.042682766202465645
0.17257956219176113 -0.043648337105790976
0.18473344977374126 -0.044559777863904686
0.19720479008928948 -0.0454112414246644
0.2099810255558583 -0.04620111760394739
0.22304929158732803 -0.046929956575095355
0.2363964295475545 -0.04759578669072592
0.25000900000000004 -0.04819853203559844
0.26387329624010736 -0.04873875602568534
0.2779753580967887 -0.049214360410779166
0.29230098598913495 -0.0496265632787964
0.3068357552241901 -0.049975086626243184
0.3215650305213939 -0.05025474828330336
0.3364739807490694 -0.05046652327102616
0.35154759385811496 -0.050606818433657295
0.3667706919978651 -0.050671261652230716
0.38212794679889994 -0.050663228992956263
0.39760389480741365 -0.050577980424006415
0.4131829530556015 -0.0504132083282954
0.4288494347523878 -0.05017065329697746
0.4445875650786947 -0.049850952124240996
0.4603814970713477 -0.049451451901411404
0.47621532757962465 -0.048977055487328634
0.49207311327837994 -0.04843018827793939
0.5079388867216219 -0.047811408515786025
0.5237966724203772 -0.04712850314920563
0.5396305029286541 -0.04638494458877157
0.5554244349213072 -0.04558439603115048
0.5711625652476141 -0.04473266153557884
0.5868290469444004 -0.04383438010150799
0.6024081051925883 -0.04288914246634262
0.6178840532011018 -0.04190221675913762
0.6332413080021366 -0.04087472655898784
0.6484644061418867 -0.03980540519409969
0.6635380192509324 -0.03869723598168806
0.6784469694786078 -0.03755071486024058
0.6931762447758115 -0.03636580810320744
0.7077110140108667 -0.03514398941028136
0.7220366419032128 -0.033888771811775874
0.7361387037598941 -0.03260243021607691
0.7500030000000012 -0.031288725689104235
0.7636155704524468 -0.029953154853559413
0.7769627084126731 -0.028600377363492732
0.7900309744441427 -0.027235823501428363
0.8028072099107115 -0.02586494214442835
0.8152785502262596 -0.02449076264310187
0.8274324378082396 -0.023117893093521788
0.8392566347220975 -0.021752472510898443
0.8507392350038351 -0.02039701132537506
0.8618686766483071 -0.019053405624447843
0.8726337532511799 -0.01772556938941523
0.8830236252928308 -0.01641731024412575
0.8930278310528258 -0.015131726670716557
0.9026362971439844 -0.013872244253747675
0.9118393486554282 -0.012642727014480737
0.920627718894394 -0.011447486622020773
0.9289925587170094 -0.010291460975855126
0.9369254454386303 -0.009179403507442419
0.9444183913147699 -0.008116065127610284
0.951463851584081 -0.007105795311086949
0.9580547320652903 -0.00615270913840893
0.9641843963004383 -0.005260764954972457
0.9698466722372295 -0.004433219232169097
0.9750358584437662 -0.0036725659600699836
0.979746729849407 -0.0029806120621317296
0.9839745430059698 -0.0023587818241690177
0.9877150408639823 -0.001808199875587927
0.9909644570591697 -0.0013297572060365394
0.993719519704865 -0.0009241187335521769
0.9959774546865207 -0.0005917556975084646
0.9977359884550069 -0.00033299033339382516
0.9989933503158833 -0.00014803335973505373
0.9997482742123383 -3.701369717319592e-05
1.0 0.0
