1.0 0.0
0.9997482721985078 4.1308710747704145e-05
0.9989933422625892 0.00016517859105029606
0.9977359703426971 0.00037144406083191895
0.995977422505772 0.0006598396956490719
0.9937194694604198 0.0010300158885273348
0.9909643847739588 0.0014815604747981305
0.9877149425831299 0.002014026022012808
0.9839744148007754 0.002626962078786638
0.9797465678213015 0.0033197717805992883
0.9750356587282372 0.0040912490789399205
0.9698464310077126 0.00493965912955359
0.9641841097721704 0.005862781774466686
0.95805439649912 0.006858238624333326
0.9514634632902341 0.007923306575334773
0.9444179466565645 0.009054827262977148
0.9369249408361386 0.01024937198333615
0.9289919906506623 0.011503115803114802
0.9206270839085253 0.012811784662176456
0.9118386433617539 0.014170658739378115
0.9026355182250145 0.015574742172224895
0.8930269752652047 0.01701994799028842
0.8830226894706033 0.018502539806210506
0.8726327343089786 0.020018190701737645
0.8618675715844595 0.021562215824681454
0.8507380409033859 0.023131402745451835
0.8392553487597437 0.024723562234337366
0.8274310572511754 0.026334682656467337
0.8152770724369279 0.027960127372293274
0.80280563234946 0.02959730027247201
0.790029294671781 0.03124271704305229
0.7769609240929286 0.03288985292936804
0.7636136793543172 0.034534341414721184
0.7500010000000013 0.03617278483556368
0.7361365928441932 0.03779771443323896
0.7220344181696632 0.039402962350743094
0.7077086756709187 0.04098355543754297
0.6931737901563143 0.04252936316003995
0.6784443970234941 0.04403537415308649
0.6635353275227857 0.04549983010639032
0.6484615938233881 0.04691305706100186
0.6332383738973913 0.04827291163985773
0.6178809962368439 0.049578735876240024
0.6024049244192605 0.05082452398497438
0.5868257415371111 0.05201057448601738
0.5711591345069672 0.05313592001536434
0.5554208782741068 0.054197217356214474
0.5396268199284816 0.05519190923220015
0.5237928627480405 0.05611753480274593
0.5079349501854772 0.056968162170462085
0.4920690498145246 0.057736836731686204
0.47621113725196135 0.05841915060466942
0.46037718007152023 0.05900462376425946
0.44458312172589504 0.059487710737748944
0.4288448654930347 0.05986501294173554
0.4131782584628908 0.060129368335522966
0.39759907558074137 0.06028299212292419
0.3821230037631579 0.06032975478256851
0.3667656261026103 0.060272801628627415
0.35154240617661364 0.06011513126265364
0.3364686724772162 0.059858286401969205
0.32155960297650754 0.05950427546721444
0.3068302098436873 0.059056011702427316
0.29229532432908295 0.05851662228901331
0.27796958183033826 0.05788796282139363
0.26386740715580825 0.05717136930967597
0.25000300000000003 0.05636873787556476
0.23639032064568405 0.05548432449070486
0.22304307590707256 0.054519837868330256
0.20997470532822002 0.05347340923102633
0.1971983676505409 0.05234523474070237
0.1847269275630729 0.05113499745793421
0.17257294274882534 0.049840889540797996
0.16074865124025703 0.04846576325865109
0.14926595909661478 0.047015543363149045
0.1381364284155411 0.045497269795575425
0.12737126569102203 0.043916402382519384
0.11698131052939724 0.04227620265013572
0.10697702473479574 0.040580801885814984
0.09736848177498575 0.03883499113231492
0.08816535663824647 0.03703913927061135
0.07937691609147507 0.035193477616036195
0.07101200934933793 0.033298900825839785
0.06307905916386168 0.03135942164289942
0.05558605334343557 0.029381207343090257
0.04854053670976593 0.027372153436895037
0.04194960350088007 0.025335424940577358
0.03581989022782969 0.02327991331335726
0.03015756899228736 0.02122086856574927
0.024968341271762763 0.01916704957977062
0.020257432178698544 0.017123876646400738
0.01602958519922467 0.015107208015764024
0.012289057416870247 0.013124171346637454
0.009039615226041173 0.011175001841713928
0.006284530539580208 0.00927823308622041
0.004026577494227991 0.007439760067606773
0.002268029657302852 0.005637949113617501
0.0010106577374107252 0.00390854459785532
0.00025572780149222505 0.0021858420493791704
4e-06 0.0014226963728129097
4e-06 0.000402
0.00025572780149222505 -0.0009728655526428924
0.0010106577374107252 -0.0027207487786327874
0.002268029657302852 -0.0041670361344601095
0.004026577494227991 -0.005799652074082302
0.006284530539580208 -0.007307184705754211
0.009039615226041173 -0.008893676160353312
0.012289057416870247 -0.010465579086264928
0.01602958519922467 -0.012054701894352524
0.020257432178698544 -0.013645516001282748
0.024968341271762763 -0.015234506917939709
0.03015756899228736 -0.01680723987508466
0.03581989022782969 -0.018349817212528253
0.04194960350088007 -0.01985226259589684
0.04854053670976593 -0.021300696261503077
0.05558605334343557 -0.022684587537593705
0.06307905916386168 -0.0239982913550044
0.07101200934933793 -0.025240085775928178
0.07937691609147507 -0.026411252382370787
0.08816535663824647 -0.027514742264429168
0.09736848177498575 -0.02855453789479358
0.10697702473479574 -0.029536823115176896
0.11698131052939724 -0.030469649309815147
0.12737126569102203 -0.03135778267126165
0.1381364284155411 -0.03220325143249137
0.14926595909661478 -0.0330071424586379
0.16074865124025703 -0.03377040984216124
0.17257294274882534 -0.03449383850912577
0.1847269275630729 -0.035176776565302346
0.1971983676505409 -0.035814426666798946
0.20997470532822002 -0.03640468980528354
0.22304307590707256 -0.036948563336844785
0.23639032064568405 -0.03744453047545419
0.25000300000000003 -0.037891463152698535
0.26386740715580825 -0.03829035864403634
0.27796958183033826 -0.038640851769407875
0.29229532432908295 -0.03894262926715301
0.3068302098436873 -0.03919641685242855
0.32155960297650754 -0.03939903702810141
0.3364686724772162 -0.03954800044935792
0.35154240617661364 -0.03964383146971934
0.3667656261026103 -0.039683198251213636
0.3821230037631579 -0.039665253096290494
0.39759907558074137 -0.0395904577326886
0.4131782584628908 -0.03945488319734002
0.4288448654930347 -0.03926171130635217
0.44458312172589504 -0.03901091540287392
0.46037718007152023 -0.038697981593239394
0.47621113725196135 -0.038328452625550534
0.4920690498145246 -0.0379034625835958
0.5079349501854772 -0.03742409084884682
0.5237928627480405 -0.03689485967654489
0.5396268199284816 -0.03631845724613842
0.5554208782741068 -0.03569718744936944
0.5711591345069672 -0.03503599977566072
0.5868257415371111 -0.03434091218825634
0.6024049244192605 -0.033610112629229943
0.6178809962368439 -0.032846412549507195
0.6332383738973913 -0.03205305228421862
0.6484615938233881 -0.031228214457085512
0.6635353275227857 -0.030374608171302206
0.6784443970234941 -0.029491467481359945
0.6931737901563143 -0.028575964216464696
0.7077086756709187 -0.0276331604962809
0.7220344181696632 -0.02666343405262489
0.7361365928441932 -0.025665945747949833
0.7500010000000013 -0.024646303766023874
0.7636136793543172 -0.02360795746226497
0.7769609240929286 -0.022553612316667398
0.790029294671781 -0.02148889125304801
0.80280563234946 -0.020417434684885674
0.8152770724369279 -0.01934131402344712
0.8274310572511754 -0.01826551305499826
0.8392553487597437 -0.017194612469961814
0.8507380409033859 -0.016130142942188862
0.8618675715844595 -0.015074158337808907
0.8726327343089786 -0.014029873964717986
0.8830226894706033 -0.013000001738520986
0.8930269752652047 -0.011986721377233426
0.9026355182250145 -0.010992855845464474
0.9118386433617539 -0.010021866511776672
0.9206270839085253 -0.009077277756973012
0.9289919906506623 -0.00816268556701408
0.9369249408361386 -0.00728167766800745
0.9444179466565645 -0.006438576846146726
0.9514634632902341 -0.005637569177835264
0.95805439649912 -0.004882162454514815
0.9641841097721704 -0.004175199787623604
0.9698464310077126 -0.003519028505112956
0.9750356587282372 -0.002915586838570641
0.9797465678213015 -0.0023664677369077294
0.9839744148007754 -0.0018729271657567273
0.9877149425831299 -0.001435921127302101
0.9909643847739588 -0.0010561333794250165
0.9937194694604198 -0.0007340743801806819
0.995977422505772 -0.00047012970715114733
0.9977359703426971 -0.00026458273692445947
0.9989933422625892 -0.0001176336431488617
0.9997482721985078 -2.941446051077096e-05
1.0 0.0
