1.0 0.0
0.9997482711915926 2.484423064941984e-05
0.9989933382359422 9.93383275869763e-05
0.9977359612865423 0.00022336705639566803
0.9959774064153977 0.00039674018834334827
0.9937194443381971 0.0006191952197557086
0.9909643486313533 0.0008904011322447005
0.9877148934427036 0.0012099631474763956
0.9839743506981782 0.0015774284177483147
0.9797464868072487 0.0019922925818357767
0.9750355588704727 0.002454007104482781
0.9698463103929542 0.0029619873076693025
0.9641839665080364 0.0035156209924927444
0.958054228716035 0.004114277542253167
0.9514632691433107 0.004757317390219533
0.9444177243274618 0.005444101729653634
0.9369246885348927 0.006174002339046431
0.9289917066174888 0.006946411392230517
0.9206267664155909 0.007760751121113921
0.9118382907149167 0.008616483198261837
0.9026351287655296 0.009513117707446478
0.8930265473713942 0.010450201440376007
0.8830222215594895 0.011427135789492346
0.872632224837878 0.012443218115249012
0.8618670190525357 0.013497736576363481
0.8507374438531613 0.014589972747865212
0.8392547057785669 0.015719202894416626
0.8274303669726433 0.016884698964217924
0.8152763335422621 0.01808572928531252
0.8028048435688343 0.019321558949159552
0.7900284547856001 0.02059127943502828
0.7769600319330563 0.021892558106016854
0.7636127338052524 0.02322216358247309
0.7500000000000012 0.02457656629796131
0.7361355373863427 0.025951952072443423
0.7220333063028884 0.027344234952039352
0.7077075065009447 0.028749073067176396
0.6931725628465657 0.030161908747805208
0.6784431107959373 0.0315785543822352
0.6635339816587122 0.03299532302271698
0.6484601876641387 0.03440848234644257
0.6332369068450188 0.03581424212753819
0.6178794677547149 0.037208773488035245
0.6024033340325966 0.038588229134554564
0.5868240888334664 0.039948247627193706
0.5711574191366438 0.04128113805617545
0.5554190999505066 0.042577821265097425
0.5396249784283953 0.04382917907076432
0.5237909579118721 0.045026132738328686
0.5079329819174049 0.04615971946860464
0.4920670180825969 0.04722128757459884
0.4762090420881297 0.048205170723765706
0.46037502157160654 0.04910873527850268
0.44458090004949524 0.0499298003101647
0.42884258086335814 0.050666535408483454
0.41317591116653546 0.051317475075776844
0.3975966659674052 0.051881526891246206
0.38212053224528686 0.05235616859695963
0.36676309315498296 0.05273479804478218
0.35153981233586296 0.0530108390306321
0.33646601834128953 0.053178542008658146
0.32155688920406433 0.05323304304532461
0.3068274371534359 0.053170415198734694
0.29229249349905695 0.052987733840638464
0.2779666936971131 0.05268351555223305
0.2638644626136587 0.05225766154095907
0.25000000000000006 0.0517110641585714
0.2363872661947488 0.051045594782461526
0.22303996806694482 0.05026409859889475
0.20997154521440087 0.049370380992971315
0.19719515643116664 0.04836918443846969
0.18472366645773874 0.047265973377496905
0.17256963302735745 0.04606673362516219
0.1607452942214339 0.04477831648478223
0.14926255614683936 0.043408437426372376
0.1381329809474649 0.04196271043028915
0.12736777516212267 0.040438940844279854
0.116977778440511 0.038836176215869114
0.10697345262860625 0.03715667326567653
0.09736487123447068 0.03540574366542018
0.0881617092850836 0.033597279634629634
0.0793732335844094 0.03175592573296456
0.07100829338251147 0.029904650321568502
0.06307531146510753 0.02804833437217888
0.05558227567253826 0.0261796152801343
0.04853673085668936 0.024298320627162556
0.041945771283965205 0.022402151171827905
0.03581603349196366 0.02048063057822895
0.030153689607045786 0.01853655279060548
0.02496444112952728 0.016586030146163406
0.020253513192751316 0.014655478644798185
0.016025649301821876 0.012778708848307896
0.012285106557296477 0.01099416215785372
0.009035651368646647 0.009342329802292881
0.006280555661802856 0.007863389063819122
0.00402259358460233 0.0065950881013953026
0.0022640387134577056 0.005570907240501382
0.0010066617640577813 0.004818520816619652
0.0002517288084074587 0.004358579629280967
0.0 0.004203829825422723
0.0 0.0
0.0002517288084074587 -0.00025283222033238155
0.0010066617640577813 -0.0009873602329574698
0.0022640387134577056 -0.0021341504037993863
0.00402259358460233 -0.003585687392535258
0.006280555661802856 -0.005208567791811941
0.009035651368646647 -0.00686033761616191
0.012285106557296477 -0.008410742973906147
0.016025649301821876 -0.009767101517800813
0.020253513192751316 -0.010903443602916207
0.02496444112952728 -0.011893017104826506
0.030153689607045786 -0.012886305159582973
0.03581603349196366 -0.013905275084634343
0.041945771283965205 -0.014921493174623764
0.04853673085668936 -0.01590018039261043
0.05558227567253826 -0.01680336516956953
0.06307531146510753 -0.01762004571213245
0.07100829338251147 -0.018361670808398647
0.0793732335844094 -0.019051396218785564
0.0881617092850836 -0.019705922981821476
0.09736487123447068 -0.020330410542578864
0.10697345262860625 -0.020932298407059118
0.116977778440511 -0.02151181227115296
0.12736777516212267 -0.022064195216966457
0.1381329809474649 -0.02258491208627253
0.14926255614683936 -0.023069752500776548
0.1607452942214339 -0.02351545765571612
0.17256963302735745 -0.023922261108869587
0.18472366645773874 -0.02429240324047868
0.19719515643116664 -0.024629376993287527
0.20997154521440087 -0.02493755386945426
0.22303996806694482 -0.025219285302137757
0.2363872661947488 -0.025476121587574757
0.25000000000000006 -0.025710192509066383
0.2638644626136587 -0.025924209410833853
0.2779666936971131 -0.026121452277398302
0.29229249349905695 -0.026305750679705964
0.3068274371534359 -0.026481300754898487
0.32155688920406433 -0.02664845279534456
0.33646601834128953 -0.02680288727845884
0.35153981233586296 -0.026939819213966928
0.36676309315498296 -0.027054261076536842
0.38212053224528686 -0.027141061577380013
0.3975966659674052 -0.02719494718538372
0.41317591116653546 -0.027211539689643818
0.42884258086335814 -0.027192747040282118
0.44458090004949524 -0.027143195853763576
0.46037502157160654 -0.02706778111772952
0.4762090420881297 -0.026971611031302897
0.4920670180825969 -0.026859955953864024
0.5079329819174049 -0.026737943233487386
0.5237909579118721 -0.02660494949312486
0.5396249784283953 -0.026454608016299924
0.5554190999505066 -0.026280431163674213
0.5711574191366438 -0.026076130042069035
0.5868240888334664 -0.025835679713067595
0.6024033340325966 -0.02555338767866939
0.6178794677547149 -0.02522621098445064
0.6332369068450188 -0.024857121638440723
0.6484601876641387 -0.02445005792504178
0.6635339816587122 -0.024008981658484245
0.6784431107959373 -0.023537850793607425
0.6931725628465657 -0.023040593233178204
0.7077075065009447 -0.022520902254931464
0.7220333063028884 -0.02197891252843792
0.7361355373863427 -0.021411853288973957
0.7500000000000012 -0.020817381219499685
0.7636127338052524 -0.020193724245363795
0.7769600319330563 -0.019539694452506532
0.7900284547856001 -0.018854695007439096
0.8028048435688343 -0.018138729243555335
0.8152763335422621 -0.017393676277531054
0.8274303669726433 -0.016624405195445308
0.8392547057785669 -0.01583606015985731
0.8507374438531613 -0.015033675706120445
0.8618670190525357 -0.014222161126063353
0.872632224837878 -0.013406286380989936
0.8830222215594895 -0.012590669528248534
0.8930265473713942 -0.011779765631546622
0.9026351287655296 -0.010977826183879867
0.9118382907149167 -0.010186241247314754
0.9206267664155909 -0.009402410996916986
0.9289917066174888 -0.008624986164756758
0.9369246885348927 -0.007854262426438099
0.9444177243274618 -0.007091990697839487
0.9514632691433107 -0.006341179209175917
0.958054228716035 -0.0056058900864887785
0.9641839665080364 -0.004891033185335475
0.9698463103929542 -0.004202159907431501
0.9750355588704727 -0.0035452596885873857
0.9797464868072487 -0.002926561776048708
0.9839743506981782 -0.002352344816123807
0.9877148934427036 -0.0018287566498606535
0.9909643486313533 -0.0013616465668514544
0.9937194443381971 -0.0009564120965713271
0.9959774064153977 -0.0006178622247891278
0.9977359612865423 -0.00035009871151444715
0.9989933382359422 -0.00015641695884271485
0.9997482711915926 -3.922763426521591e-05
1.0 0.0
