1.0 0.0
0.9997482711915926 6.870707028478524e-05
0.9989933382359422 0.0002746568985303878
0.9977359612865423 0.000617331194838915
0.9959774064153977 0.001095852400154242
0.9937194443381971 0.0017089632969355352
0.9909643486313533 0.002454998910632496
0.9877148934427036 0.0033318511426995287
0.9839743506981782 0.0043369266935953995
0.9797464868072487 0.00546709894587238
0.9750355588704727 0.006718654581842187
0.9698463103929542 0.008087235806258423
0.9641839665080364 0.0095677791309105
0.958054228716035 0.01115445175399906
0.9514632691433107 0.012840586631785748
0.9444177243274618 0.014618617392511982
0.9369246885348927 0.0164800142823189
0.9289917066174888 0.01841522235934895
0.9206267664155909 0.020413603164980924
0.9118382907149167 0.022463381099987915
0.9026351287655296 0.024551595718189323
0.8930265473713942 0.026664559979716694
0.8830222215594895 0.028793078266390437
0.872632224837878 0.030931751925968764
0.8618670190525357 0.03307633298015689
0.8507374438531613 0.03522378055000792
0.8392547057785669 0.03737234681869591
0.8274303669726433 0.039521650182892894
0.8152763335422621 0.04167273456997768
0.8028048435688343 0.043828114025365496
0.7900284547856001 0.04599096989162306
0.7769600319330563 0.04815813186681044
0.7636127338052524 0.050322564956254076
0.7500000000000012 0.05247704303250541
0.7361355373863427 0.05461420899072421
0.7220333063028884 0.05672660225801174
0.7077075065009447 0.05880668846934376
0.6931725628465657 0.06084689901202662
0.6784431107959373 0.0628399299940361
0.6635339816587122 0.06477886517786094
0.6484601876641387 0.06665691559302045
0.6332369068450188 0.06846743256751923
0.6178794677547149 0.07020394085327746
0.6024033340325966 0.07186017209041687
0.5868240888334664 0.07343153028540111
0.5711574191366438 0.07492460167550426
0.5554190999505066 0.07635160925403388
0.5396249784283953 0.07772549458983286
0.5237909579118721 0.07905974977469434
0.5079329819174049 0.0803682689206612
0.4920670180825969 0.08166468908214458
0.4762090420881297 0.08294734208237843
0.46037502157160654 0.08419683710590958
0.44458090004949524 0.0853930875503306
0.42884258086335814 0.08651649850520107
0.41317591116653546 0.08754815314300234
0.3975966659674052 0.08846999494211445
0.38212053224528686 0.08926819872225723
0.36676309315498296 0.08993960427188237
0.35153981233586296 0.09048354178293817
0.33646601834128953 0.09089996617898614
0.32155688920406433 0.09118946602672633
0.3068274371534359 0.0913532685310898
0.29229249349905695 0.09139251362773285
0.2779666936971131 0.09128940390176368
0.2638644626136587 0.09100748049208832
0.25000000000000006 0.09051386729018038
0.2363872661947488 0.08978064615840596
0.22303996806694482 0.08878501411029378
0.20997154521440087 0.08750938641239296
0.19719515643116664 0.08594148568803099
0.18472366645773874 0.08409273778299756
0.17256963302735745 0.08202307805619304
0.1607452942214339 0.07979466279412856
0.14926255614683936 0.0774635496055097
0.1381329809474649 0.07506720986884187
0.12736777516212267 0.07259053442859141
0.116977778440511 0.07001263275471124
0.10697345262860625 0.06732096910242077
0.09736487123447068 0.06451073751689457
0.0881617092850836 0.061558517830406105
0.0793732335844094 0.05840072827426509
0.07100829338251147 0.054995790174572304
0.06307531146510753 0.051388174525811105
0.05558227567253826 0.047696370283141026
0.04853673085668936 0.04402243372979128
0.041945771283965205 0.040401795604851166
0.03581603349196366 0.036760529613004675
0.030153689607045786 0.03305531894238828
0.02496444112952728 0.029288265717294287
0.020253513192751316 0.02549756992700691
0.016025649301821876 0.021748526126021937
0.012285106557296477 0.018124963001699645
0.009035651368646647 0.014721243321437748
0.006280555661802856 0.011634932954313967
0.00402259358460233 0.008960237707566415
0.0022640387134577056 0.006782295732915515
0.0010066617640577813 0.005172401358127527
0.0002517288084074587 0.004184223510703671
0.0 0.0038510685560081926
0.0 0.0
0.0002517288084074587 -0.00040934223448544125
0.0010066617640577813 -0.0015911716501960714
0.0022640387134577056 -0.0034116546179724172
0.00402259358460233 -0.005663531105465124
0.006280555661802856 -0.008089582705499601
0.009035651368646647 -0.010415038318076698
0.012285106557296477 -0.012388473584553205
0.016025649301821876 -0.013830641362881856
0.020253513192751316 -0.014690557631448865
0.02496444112952728 -0.015108061412213544
0.030153689607045786 -0.015385186058913997
0.03581603349196366 -0.015602435275918928
0.041945771283965205 -0.01575355659332941
0.04853673085668936 -0.01583874693529058
0.05558227567253826 -0.015867607538199296
0.06307531146510753 -0.015873330401578525
0.07100829338251147 -0.01591310432916856
0.0793732335844094 -0.016061511892437555
0.0881617092850836 -0.016314681028636827
0.09736487123447068 -0.016554107379474856
0.10697345262860625 -0.016631760895188044
0.116977778440511 -0.01649573142538397
0.12736777516212267 -0.016169392223807585
0.1381329809474649 -0.01568832678604654
0.14926255614683936 -0.015100073572345985
0.1607452942214339 -0.014454727755927063
0.17256963302735745 -0.013760719869257325
0.18472366645773874 -0.013011139504431316
0.19719515643116664 -0.012198316731615403
0.20997154521440087 -0.011315592505573744
0.22303996806694482 -0.010370681344453651
0.2363872661947488 -0.009380320074538444
0.25000000000000006 -0.008363736465217772
0.2638644626136587 -0.007342533082213074
0.2779666936971131 -0.00634059038979353
0.29229249349905695 -0.005383942969087142
0.3068274371534359 -0.004500324890060339
0.32155688920406433 -0.0037107848936741286
0.33646601834128953 -0.003027857008855074
0.35153981233586296 -0.002463736731363
0.36676309315498296 -0.0020306569009965786
0.38212053224528686 -0.0017408026419060223
0.3975966659674052 -0.001606222688220782
0.41317591116653546 -0.0016362401871430421
0.42884258086335814 -0.0018235831265281926
0.44458090004949524 -0.002153576265812094
0.46037502157160654 -0.0026105045113569043
0.4762090420881297 -0.0031777876395508407
0.4920670180825969 -0.0038381459775800025
0.5079329819174049 -0.0045733644788286685
0.5237909579118721 -0.005355392078881394
0.5396249784283953 -0.0061465392244623215
0.5554190999505066 -0.006908990687705661
0.5711574191366438 -0.00760559919815919
0.5868240888334664 -0.00820024930345626
0.6024033340325966 -0.00865824419188334
0.6178794677547149 -0.00896181342815882
0.6332369068450188 -0.00913330339637912
0.6484601876641387 -0.009200740944486563
0.6635339816587122 -0.00919122979950313
0.6784431107959373 -0.009130721908000537
0.6931725628465657 -0.009043805390328246
0.7077075065009447 -0.008952948862784232
0.7220333063028884 -0.008867669987633253
0.7361355373863427 -0.008786374030494343
0.7500000000000012 -0.008707210423559496
0.7636127338052524 -0.008628508606102222
0.7769600319330563 -0.008548787384284433
0.7900284547856001 -0.008466762075966625
0.8028048435688343 -0.00838132705239783
0.8152763335422621 -0.008287755766164634
0.8274303669726433 -0.008174208281365334
0.8392547057785669 -0.008029873921208438
0.8507374438531613 -0.007846090675629545
0.8618670190525357 -0.007616303655270658
0.872632224837878 -0.0073360020431303945
0.8830222215594895 -0.007002635764346218
0.8930265473713942 -0.006615513280558623
0.9026351287655296 -0.006175741899310342
0.9118382907149167 -0.005691569433195447
0.9206267664155909 -0.005180739363177672
0.9289917066174888 -0.004659298343776903
0.9369246885348927 -0.004140553008202257
0.9444177243274618 -0.003635282693222541
0.9514632691433107 -0.0031519661370795304
0.958054228716035 -0.002697018440304479
0.9641839665080364 -0.00227503454840143
0.9698463103929542 -0.0018890355251011746
0.9750355588704727 -0.0015407139348808203
0.9797464868072487 -0.0012306747429097864
0.9839743506981782 -0.0009586682683657983
0.9877148934427036 -0.0007238118916341662
0.9909643486313533 -0.00052479741537677
0.9937194443381971 -0.0003600812116119011
0.9959774064153977 -0.0002280545492479172
0.9977359612865423 -0.0001271917861356929
0.9989933382359422 -5.617442356006386e-05
0.9997482711915926 -1.398935585701325e-05
1.0 0.0
