1.0 0.0
0.9997482711915926 7.167323387319292e-05
0.9989933382359422 0.00028650854577213564
0.9977359612865423 0.0006439469109964194
0.9959774064153977 0.001143037192275211
0.9937194443381971 0.0017824073062393574
0.9909643486313533 0.0025602244743020254
0.9877148934427036 0.003474145167785257
0.9839743506981782 0.00452125552005267
0.9797464868072487 0.00569800313299502
0.9750355588704727 0.007000121349781299
0.9698463103929542 0.008422547198740483
0.9641839665080364 0.009959334333107608
0.958054228716035 0.01160356239679853
0.9514632691433107 0.013347244336167598
0.9444177243274618 0.015181233250792115
0.9369246885348927 0.017095130431828188
0.9289917066174888 0.01907719627367149
0.9206267664155909 0.021114265762995188
0.9118382907149167 0.02319167024837165
0.9026351287655296 0.025293167173443893
0.8930265473713942 0.027401655795649606
0.8830222215594895 0.02950726664376009
0.872632224837878 0.03160626807937875
0.8618670190525357 0.03369697133464447
0.8507374438531613 0.035779813550336464
0.8392547057785669 0.037857483744549426
0.8274303669726433 0.03993502664486467
0.8152763335422621 0.04201992271109265
0.8028048435688343 0.04412214289438497
0.7900284547856001 0.04625245583958939
0.7769600319330563 0.04840796609411753
0.7636127338052524 0.05057724941956261
0.7500000000000012 0.05274786709658163
0.7361355373863427 0.05490648057066563
0.7220333063028884 0.057038906569639974
0.7077075065009447 0.059130182966158726
0.6931725628465657 0.061164848471314315
0.6784431107959373 0.06313386957111428
0.6635339816587122 0.06503696382524646
0.6484601876641387 0.06687506524292994
0.6332369068450188 0.06864979461932627
0.6178794677547149 0.07036342324441607
0.6024033340325966 0.07201883092760518
0.5868240888334664 0.07361903032491239
0.5711574191366438 0.07516429294957343
0.5554190999505066 0.07665376038301189
0.5396249784283953 0.07808685426244161
0.5237909579118721 0.07946327230435823
0.5079329819174049 0.08078297572777617
0.4920670180825969 0.08204629483354381
0.4762090420881297 0.08325738711513836
0.46037502157160654 0.08442472851120257
0.44458090004949524 0.08555710639989282
0.42884258086335814 0.08666329275009393
0.41317591116653546 0.08775194809302782
0.3975966659674052 0.08883151886547291
0.38212053224528686 0.08989649470019437
0.36676309315498296 0.09090078880434457
0.35153981233586296 0.0917930423698781
0.33646601834128953 0.09252501431705074
0.32155688920406433 0.09305201038133579
0.3068274371534359 0.09333327330735154
0.29229249349905695 0.09333309648680968
0.2779666936971131 0.09304083525331783
0.2638644626136587 0.09247078657917414
0.25000000000000006 0.091639191441233
0.2363872661947488 0.09056294668166279
0.22303996806694482 0.08925952265568579
0.20997154521440087 0.0877468803297315
0.19719515643116664 0.0860433935926099
0.18472366645773874 0.08417010232955673
0.17256963302735745 0.08215373429781919
0.1607452942214339 0.08002080430136699
0.14926255614683936 0.07779651704220285
0.1381329809474649 0.0754903453888696
0.12736777516212267 0.0730572317186077
0.116977778440511 0.07045099672587934
0.10697345262860625 0.06764014556788038
0.09736487123447068 0.06460715901109128
0.0881617092850836 0.06136749079508068
0.0793732335844094 0.05798433571087904
0.07100829338251147 0.05452027805491917
0.06307531146510753 0.05102003408206821
0.05558227567253826 0.04751246596368754
0.04853673085668936 0.04402731422654915
0.041945771283965205 0.04055284168885952
0.03581603349196366 0.03699472723089819
0.030153689607045786 0.03330159468962936
0.02496444112952728 0.02947580107382202
0.020253513192751316 0.02556241136195649
0.016025649301821876 0.021638549241996534
0.012285106557296477 0.017803271741578374
0.009035651368646647 0.014168106727545569
0.006280555661802856 0.010848381825749097
0.00402259358460233 0.007955461538848765
0.0022640387134577056 0.005589996347634728
0.0010066617640577813 0.003836273507968334
0.0002517288084074587 0.002757744249029917
0.0 0.002393786296284707
0.0 0.0
0.0002517288084074587 -0.00042204643819852914
0.0010066617640577813 -0.0016352719655396751
0.0022640387134577056 -0.003486850705020638
0.00402259358460233 -0.005741710407763283
0.006280555661802856 -0.008111707040643882
0.009035651368646647 -0.010295908782803552
0.012285106557296477 -0.012031436061374417
0.016025649301821876 -0.013154156155692947
0.020253513192751316 -0.013668390169131439
0.02496444112952728 -0.01382465830072456
0.030153689607045786 -0.014065783804722294
0.03581603349196366 -0.014467934241374334
0.041945771283965205 -0.014919825258243119
0.04853673085668936 -0.015240291879926442
0.05558227567253826 -0.015195151636985935
0.06307531146510753 -0.01473443017687726
0.07100829338251147 -0.013958703915434885
0.0793732335844094 -0.013022788480721496
0.0881617092850836 -0.012010448200047147
0.09736487123447068 -0.010890911778388917
0.10697345262860625 -0.00962332296291167
0.116977778440511 -0.008203531223907348
0.12736777516212267 -0.006656716784799523
0.1381329809474649 -0.005016541377745083
0.14926255614683936 -0.0033252833066535906
0.1607452942214339 -0.0016283651786932966
0.17256963302735745 5.0395572891731404e-05
0.18472366645773874 0.0016935813903749305
0.19719515643116664 0.0032822586689859523
0.20997154521440087 0.004796203802711667
0.22303996806694482 0.00621537780873585
0.2363872661947488 0.007519385532783603
0.25000000000000006 0.008686878928347214
0.2638644626136587 0.009695642201495198
0.2779666936971131 0.010522694594177923
0.29229249349905695 0.011144406276965824
0.3068274371534359 0.011537399613639863
0.32155688920406433 0.011698299172117572
0.33646601834128953 0.011647101639008176
0.35153981233586296 0.01140777510134486
0.36676309315498296 0.011007038481545144
0.38212053224528686 0.010474119591046202
0.3975966659674052 0.009840487227252372
0.41317591116653546 0.009136050917578362
0.42884258086335814 0.008370036588289645
0.44458090004949524 0.0075435864329957214
0.46037502157160654 0.0066580868538952
0.4762090420881297 0.005715177228377616
0.4920670180825969 0.0047167391185221775
0.5079329819174049 0.0036652792405933786
0.5237909579118721 0.002572486864431913
0.5396249784283953 0.0014590671691842667
0.5554190999505066 0.00034601644812055964
0.5711574191366438 -0.0007459605645731297
0.5868240888334664 -0.0017966465314448671
0.6024033340325966 -0.002786508850509212
0.6178794677547149 -0.003699820320520281
0.6332369068450188 -0.004529180276420349
0.6484601876641387 -0.005269009778757191
0.6635339816587122 -0.005914399527911727
0.6784431107959373 -0.006461155977574097
0.6931725628465657 -0.006905841440947738
0.7077075065009447 -0.007246065323993122
0.7220333063028884 -0.007485363360082757
0.7361355373863427 -0.007632293874941164
0.7500000000000012 -0.007695463218501445
0.7636127338052524 -0.007683285957064203
0.7769600319330563 -0.007603940710672697
0.7900284547856001 -0.007465330586153614
0.8028048435688343 -0.007275045345766911
0.8152763335422621 -0.0070398239953159535
0.8274303669726433 -0.0067650658585735575
0.8392547057785669 -0.006455895265878948
0.8507374438531613 -0.006117295426166493
0.8618670190525357 -0.00575409311010518
0.872632224837878 -0.005370945337819761
0.8830222215594895 -0.0049723280315954865
0.8930265473713942 -0.004562526575611836
0.9026351287655296 -0.004145649290233097
0.9118382907149167 -0.0037275152342397923
0.9206267664155909 -0.0033164972555296997
0.9289917066174888 -0.0029197235070010184
0.9369246885348927 -0.002542779113253651
0.9444177243274618 -0.0021898405303593313
0.9514632691433107 -0.0018638176475729619
0.958054228716035 -0.0015665014353371553
0.9641839665080364 -0.0012987149277758183
0.9698463103929542 -0.0010604653354447796
0.9750355588704727 -0.0008510951151760135
0.9797464868072487 -0.0006694298779586957
0.9839743506981782 -0.0005139210922649425
0.9877148934427036 -0.0003827816381540952
0.9909643486313533 -0.00027411238577493264
0.9937194443381971 -0.00018601810923165295
0.9959774064153977 -0.00011671120170662565
0.9977359612865423 -6.46018285907358e-05
0.9989933382359422 -2.837334035931216e-05
0.9997482711915926 -7.041964110502389e-06
1.0 0.0
