1.0 0.0
0.9997482711915926 7.149262425744246e-05
0.9989933382359422 0.0002853252506768815
0.9977359612865423 0.0006395795889150767
0.9959774064153977 0.001131116434342404
0.9937194443381971 0.0017556618316128762
0.9909643486313533 0.0025079262009002614
0.9877148934427036 0.0033817549424528504
0.9839743506981782 0.004370308637129725
0.9797464868072487 0.005466270581831312
0.9750355588704727 0.006662079043127441
0.9698463103929542 0.007950181283591854
0.9641839665080364 0.009323306116801381
0.958054228716035 0.010774751481780528
0.9514632691433107 0.01229868329868856
0.9444177243274618 0.013890441677223146
0.9369246885348927 0.015546850399655997
0.9289917066174888 0.017266525493329077
0.9206267664155909 0.019050178644130628
0.9118382907149167 0.020900911183820862
0.9026351287655296 0.02282449441053728
0.8930265473713942 0.024828493778779916
0.8830222215594895 0.026911857047089975
0.872632224837878 0.029067098200692133
0.8618670190525357 0.031285437382424494
0.8507374438531613 0.033556815003475585
0.8392547057785669 0.035869857826498854
0.8274303669726433 0.03821185743634381
0.8152763335422621 0.04056876188290282
0.8028048435688343 0.0429251811597293
0.7900284547856001 0.0452661733084377
0.7769600319330563 0.047590124460639226
0.7636127338052524 0.04990334320025348
0.7500000000000012 0.05221397849687436
0.7361355373863427 0.05453194815759019
0.7220333063028884 0.05686888507627192
0.7077075065009447 0.05923806374084615
0.6931725628465657 0.06165374510986456
0.6784431107959373 0.0641163887439773
0.6635339816587122 0.06660987865909362
0.6484601876641387 0.06911619232657548
0.6332369068450188 0.0716163101303062
0.6178794677547149 0.07409035464396542
0.6024033340325966 0.07651774117673492
0.5868240888334664 0.07887890529044458
0.5711574191366438 0.08116397292030271
0.5554190999505066 0.08336714041802672
0.5396249784283953 0.08548290967391638
0.5237909579118721 0.08750610828207693
0.5079329819174049 0.08943191759140487
0.4920670180825969 0.09125601563561653
0.4762090420881297 0.09297710556152022
0.46037502157160654 0.09459688640927909
0.44458090004949524 0.09611753843582402
0.42884258086335814 0.09754157866318235
0.41317591116653546 0.09887182638814679
0.3975966659674052 0.10011136222627981
0.38212053224528686 0.10126128835583716
0.36676309315498296 0.10231753173322157
0.35153981233586296 0.103275740567784
0.33646601834128953 0.10413219323168563
0.32155688920406433 0.10488383287330424
0.3068274371534359 0.10552829683924222
0.29229249349905695 0.10606329096733377
0.2779666936971131 0.10647494436091168
0.2638644626136587 0.10674034761915065
0.25000000000000006 0.10683928304226233
0.2363872661947488 0.10675477936602513
0.22303996806694482 0.10647320613310644
0.20997154521440087 0.10598433329889863
0.19719515643116664 0.1052812915460537
0.18472366645773874 0.104351093068526
0.17256963302735745 0.10316655707747593
0.1607452942214339 0.1017059292697009
0.14926255614683936 0.09995536219369064
0.1381329809474649 0.09790082521905953
0.12736777516212267 0.09551298046406387
0.116977778440511 0.09277115585922768
0.10697345262860625 0.08966824228531069
0.09736487123447068 0.08621039216219335
0.0881617092850836 0.08246144452714185
0.0793732335844094 0.07855977269758371
0.07100829338251147 0.07462414512566154
0.06307531146510753 0.07065359414317854
0.05558227567253826 0.06656572699252847
0.04853673085668936 0.06231477195476958
0.041945771283965205 0.057891138619446975
0.03581603349196366 0.05331570533668215
0.030153689607045786 0.04863537732894028
0.02496444112952728 0.043917669502948405
0.020253513192751316 0.03924526760154363
0.016025649301821876 0.03471078712412023
0.012285106557296477 0.030411799929775767
0.009035651368646647 0.026446194171111367
0.006280555661802856 0.022907928259014432
0.00402259358460233 0.0198832339826186
0.0022640387134577056 0.017447317762995608
0.0010066617640577813 0.01566160236842011
0.0002517288084074587 0.014571544332535323
0.0 0.014205054867841668
0.0 0.0
0.0002517288084074587 -0.0006127162531530238
0.0010066617640577813 -0.0023831506894340356
0.0022640387134577056 -0.005115367369242334
0.00402259358460233 -0.00850673162012462
0.006280555661802856 -0.01218345518374362
0.009035651368646647 -0.015749677727398784
0.012285106557296477 -0.018849411605518788
0.016025649301821876 -0.021240496602147278
0.020253513192751316 -0.0228795401930221
0.02496444112952728 -0.024016658449806078
0.030153689607045786 -0.02512648702599826
0.03581603349196366 -0.026297267245686762
0.041945771283965205 -0.02746284188695114
0.04853673085668936 -0.02852952320999992
0.05558227567253826 -0.02938740148396004
0.06307531146510753 -0.03002868688035856
0.07100829338251147 -0.03052784506335759
0.0793732335844094 -0.03099668545626561
0.0881617092850836 -0.031485194798006495
0.09736487123447068 -0.03195210766848913
0.10697345262860625 -0.03234383261700538
0.116977778440511 -0.03262986279702308
0.12736777516212267 -0.03279593128862737
0.1381329809474649 -0.03282808997892146
0.14926255614683936 -0.032712608256974036
0.1607452942214339 -0.03244144373829918
0.17256963302735745 -0.03203517245119686
0.18472366645773874 -0.03152915148879239
0.19719515643116664 -0.030966477343723896
0.20997154521440087 -0.030392899173035802
0.22303996806694482 -0.029819314586540777
0.2363872661947488 -0.02923751621771059
0.25000000000000006 -0.028637950142884866
0.2638644626136587 -0.028009865458368664
0.2779666936971131 -0.027341366775688675
0.29229249349905695 -0.026619480695359823
0.3068274371534359 -0.025830663868465737
0.32155688920406433 -0.024972145946308286
0.33646601834128953 -0.024054108047084098
0.35153981233586296 -0.023088410108364762
0.36676309315498296 -0.022087891699154674
0.38212053224528686 -0.021066267609746916
0.3975966659674052 -0.020038013542163436
0.41317591116653546 -0.019016126811344552
0.42884258086335814 -0.01800040626750414
0.44458090004949524 -0.01698516574156374
0.46037502157160654 -0.01596450200904249
0.4762090420881297 -0.014932374500127486
0.4920670180825969 -0.013882674183643785
0.5079329819174049 -0.012809475036366183
0.5237909579118721 -0.01171107804039782
0.5396249784283953 -0.010590031260497868
0.5554190999505066 -0.00944914489978514
0.5711574191366438 -0.008291294027675105
0.5868240888334664 -0.007119401261015067
0.6024033340325966 -0.0059364232977195
0.6178794677547149 -0.0047468716142836116
0.6332369068450188 -0.003559050062615928
0.6484601876641387 -0.0023815630014845123
0.6635339816587122 -0.0012226244678702688
0.6784431107959373 -8.999503292205207e-05
0.6931725628465657 0.001009076099429173
0.7077075065009447 0.0020676051598210268
0.7220333063028884 0.0030734460228765497
0.7361355373863427 0.004010448695536004
0.7500000000000012 0.004864051914054535
0.7636127338052524 0.005621576784856112
0.7769600319330563 0.006272292804185542
0.7900284547856001 0.006807463138809685
0.8028048435688343 0.007220381670006323
0.8152763335422621 0.007508372722906298
0.8274303669726433 0.007674536585133672
0.8392547057785669 0.007723499232067169
0.8507374438531613 0.007660788141262726
0.8618670190525357 0.007492775683932746
0.872632224837878 0.0072266150298039246
0.8830222215594895 0.006870169154419322
0.8930265473713942 0.006431933600242957
0.9026351287655296 0.005921040325658572
0.9118382907149167 0.005354591388093273
0.9206267664155909 0.004760708641899825
0.9289917066174888 0.004163745155598537
0.9369246885348927 0.0035830708897899846
0.9444177243274618 0.003033495939875586
0.9514632691433107 0.0025257190227779944
0.958054228716035 0.002066794174770405
0.9641839665080364 0.0016606085738775978
0.9698463103929542 0.0013083644229540939
0.9750355588704727 0.0010090579277376825
0.9797464868072487 0.000759948576450847
0.9839743506981782 0.0005570121716946316
0.9877148934427036 0.0003953713785704376
0.9909643486313533 0.00026969793163340964
0.9937194443381971 0.00017458108325360474
0.9959774064153977 0.0001048573724778976
0.9977359612865423 5.589734124227287e-05
0.9989933382359422 2.3845417986877965e-05
0.9997482711915926 5.8098211443173285e-06
1.0 0.0
