1.0 0.0
0.9997482711915926 9.319666987019532e-05
0.9989933382359422 0.00037179507103134786
0.9977359612865423 0.0008328450698397027
0.9959774064153977 0.0014715117804732706
0.9937194443381971 0.002281197516030448
0.9909643486313533 0.0032537104225260965
0.9877148934427036 0.0043794777238331745
0.9839743506981782 0.005647800949916038
0.9797464868072487 0.007047149991737535
0.9750355588704727 0.00856549232941788
0.9698463103929542 0.010190653320687902
0.9641839665080364 0.01191070301917839
0.958054228716035 0.013714364620973502
0.9514632691433107 0.015591439317052706
0.9444177243274618 0.017533242062184776
0.9369246885348927 0.019533042560447668
0.9289917066174888 0.021586505616208795
0.9206267664155909 0.023692124908932074
0.9118382907149167 0.025851644221814976
0.9026351287655296 0.02807046018863552
0.8930265473713942 0.030356639237237148
0.8830222215594895 0.0327084257522365
0.872632224837878 0.03511688101308223
0.8618670190525357 0.03757215808121254
0.8507374438531613 0.0400635634211798
0.8392547057785669 0.04257955251804302
0.8274303669726433 0.045107733457383295
0.8152763335422621 0.047634878899081703
0.8028048435688343 0.05014694679889576
0.7900284547856001 0.052630443237237146
0.7769600319330563 0.05508224028499398
0.7636127338052524 0.057505510150170906
0.7500000000000012 0.05990507791873616
0.7361355373863427 0.062287372073961865
0.7220333063028884 0.06466038719047498
0.7077075065009447 0.0670336292528237
0.6931725628465657 0.06941754636357823
0.6784431107959373 0.07181026776461412
0.6635339816587122 0.07419501910639144
0.6484601876641387 0.07655337990539653
0.6332369068450188 0.07886612623894307
0.6178794677547149 0.08111336883323131
0.6024033340325966 0.08327470124756454
0.5868240888334664 0.08533166406449358
0.5711574191366438 0.08728057472365165
0.5554190999505066 0.0891241320504416
0.5396249784283953 0.09086566990577255
0.5237909579118721 0.09250908763788662
0.5079329819174049 0.09405879105354581
0.4920670180825969 0.09551909571717287
0.4762090420881297 0.09688241241763615
0.46037502157160654 0.09812931022281544
0.44458090004949524 0.09924045655663168
0.42884258086335814 0.10019733775287955
0.41317591116653546 0.10098243913594614
0.3975966659674052 0.10157943128247476
0.38212053224528686 0.10197884456987505
0.36676309315498296 0.10218630115008923
0.35153981233586296 0.10221020047184555
0.33646601834128953 0.10205942751630219
0.32155688920406433 0.10174329340558368
0.3068274371534359 0.10127147623899523
0.29229249349905695 0.10065339802183143
0.2779666936971131 0.09988780188307372
0.2638644626136587 0.09896481455142105
0.25000000000000006 0.09787641963961768
0.2363872661947488 0.0966169120733651
0.22303996806694482 0.0951829372250818
0.20997154521440087 0.09357350690226961
0.19719515643116664 0.09178992427185007
0.18472366645773874 0.08982512241149876
0.17256963302735745 0.08765427162089946
0.1607452942214339 0.08525710359342577
0.14926255614683936 0.08262083162038464
0.1381329809474649 0.07976708441206067
0.12736777516212267 0.07680432662501294
0.116977778440511 0.07384218831574943
0.10697345262860625 0.0709718954962009
0.09736487123447068 0.06826525755807367
0.0881617092850836 0.06562184653061441
0.0793732335844094 0.06270499492230285
0.07100829338251147 0.05925717174672218
0.06307531146510753 0.05533516427877745
0.05558227567253826 0.051220987886521095
0.04853673085668936 0.04714332731505335
0.041945771283965205 0.0432102654756537
0.03581603349196366 0.039383364526146686
0.030153689607045786 0.03563710393499927
0.02496444112952728 0.031974044130316674
0.020253513192751316 0.028419041123362188
0.016025649301821876 0.0250136583995463
0.012285106557296477 0.02181085371242944
0.009035651368646647 0.018870013709661626
0.006280555661802856 0.016252403847833278
0.00402259358460233 0.014017094875344553
0.0022640387134577056 0.012217420344810706
0.0010066617640577813 0.010898012231538995
0.0002517288084074587 0.010092453860016786
0.0 0.009821581058595142
0.0 0.0
0.0002517288084074587 -0.0004035038156102977
0.0010066617640577813 -0.001578764286387211
0.0022640387134577056 -0.003423405196783054
0.00402259358460233 -0.005778009387685014
0.006280555661802856 -0.008442773589505513
0.009035651368646647 -0.011200506976154215
0.012285106557296477 -0.013845659228394595
0.016025649301821876 -0.016218979792717057
0.020253513192751316 -0.01824733009867338
0.02496444112952728 -0.019988095599737635
0.030153689607045786 -0.02161456802704853
0.03581603349196366 -0.02320023880130301
0.041945771283965205 -0.024815231514857705
0.04853673085668936 -0.026585701006602562
0.05558227567253826 -0.028669422031374143
0.06307531146510753 -0.030993178984141338
0.07100829338251147 -0.03329612975540344
0.0793732335844094 -0.03523519098236399
0.0881617092850836 -0.03670729665822359
0.09736487123447068 -0.03795067761352818
0.10697345262860625 -0.03927557412953062
0.116977778440511 -0.0407637879577122
0.12736777516212267 -0.04232872029124235
0.1381329809474649 -0.04385933978099131
0.14926255614683936 -0.045220837011619344
0.1607452942214339 -0.046283628474979716
0.17256963302735745 -0.04705001242536365
0.18472366645773874 -0.04757671357593924
0.19719515643116664 -0.04793505468406339
0.20997154521440087 -0.048202752113651035
0.22303996806694482 -0.04840276475188708
0.2363872661947488 -0.048528831656307475
0.25000000000000006 -0.04857453794394857
0.2638644626136587 -0.048533530343624266
0.2779666936971131 -0.04839954842295882
0.29229249349905695 -0.04816645683416587
0.3068274371534359 -0.04782856275209359
0.32155688920406433 -0.04738817737096031
0.33646601834128953 -0.0468570676977343
0.35153981233586296 -0.0462488467484697
0.36676309315498296 -0.04557845031971055
0.38212053224528686 -0.04486200880137209
0.3975966659674052 -0.04411670607489922
0.41317591116653546 -0.04335863051032913
0.42884258086335814 -0.04259165338455604
0.44458090004949524 -0.04181466881670244
0.46037502157160654 -0.04102653830626672
0.4762090420881297 -0.04022612048579534
0.4920670180825969 -0.03941228911231513
0.5079329819174049 -0.0385832510158929
0.5237909579118721 -0.037721178301105864
0.5396249784283953 -0.036792395310219134
0.5554190999505066 -0.03576311862921505
0.5711574191366438 -0.03460050620576088
0.5868240888334664 -0.03327299790784857
0.6024033340325966 -0.0317507026887382
0.6178794677547149 -0.03002933158335099
0.6332369068450188 -0.028165118985577095
0.6484601876641387 -0.02622171622815613
0.6635339816587122 -0.024260075008699596
0.6784431107959373 -0.022337935428623175
0.6931725628465657 -0.02050935460664689
0.7077075065009447 -0.01882284676707047
0.7220333063028884 -0.017294693300457506
0.7361355373863427 -0.01591399265375127
0.7500000000000012 -0.014669109188671899
0.7636127338052524 -0.013548740678324435
0.7769600319330563 -0.01254198269393003
0.7900284547856001 -0.011638385586575225
0.8028048435688343 -0.010827986970577564
0.8152763335422621 -0.010098711697393816
0.8274303669726433 -0.009434084860790122
0.8392547057785669 -0.008818823287920621
0.8507374438531613 -0.00823960154594839
0.8618670190525357 -0.007685038257575749
0.872632224837878 -0.0071456617486084775
0.8830222215594895 -0.006613856097800405
0.8930265473713942 -0.0060837888396497895
0.9026351287655296 -0.005551369096075217
0.9118382907149167 -0.005018200245345946
0.9206267664155909 -0.004493179006959047
0.9289917066174888 -0.003984332039177353
0.9369246885348927 -0.0034980650087191863
0.9444177243274618 -0.003039299727279775
0.9514632691433107 -0.002611619426648341
0.958054228716035 -0.002217419899075734
0.9641839665080364 -0.0018580642123436015
0.9698463103929542 -0.001534038716421935
0.9750355588704727 -0.0012451080904380576
0.9797464868072487 -0.0009904672344418417
0.9839743506981782 -0.000768887889433972
0.9877148934427036 -0.000578857970395956
0.9909643486313533 -0.0004187117194787469
0.9937194443381971 -0.00028674892872293826
0.9959774064153977 -0.00018134164216069407
0.9977359612865423 -0.00010102692417410528
0.9989933382359422 -4.458447268599161e-05
0.9997482711915926 -1.1098060124569212e-05
1.0 0.0
