1.0 0.0005
0.9997482711915926 0.0005705256372871611
0.9989933382359422 0.0007816810913585564
0.9977359612865423 0.0011322108177024672
0.9959774064153977 0.0016200515655970245
0.9937194443381971 0.002242375993151099
0.9909643486313533 0.002995652991898646
0.9877148934427036 0.003875723993424505
0.9839743506981782 0.004877894335313752
0.9797464868072487 0.005997038577872957
0.9750355588704727 0.00722771848846604
0.9698463103929542 0.008564312248723147
0.9641839665080364 0.010001153292986741
0.958054228716035 0.011532677055674435
0.9514632691433107 0.013153573792136717
0.9444177243274618 0.014858945543269178
0.9369246885348927 0.016644465239629563
0.9289917066174888 0.018506535886941837
0.9206267664155909 0.02044244774228267
0.9118382907149167 0.02245053137937418
0.9026351287655296 0.024530304552472994
0.8930265473713942 0.02668217710625846
0.8830222215594895 0.028903504933045086
0.872632224837878 0.03118945174073504
0.8618670190525357 0.03353499105478017
0.8507374438531613 0.03593493995716655
0.8392547057785669 0.0383839706840427
0.8274303669726433 0.04087662312672899
0.8152763335422621 0.04340731823631681
0.8028048435688343 0.04597037232410268
0.7900284547856001 0.048559858270923136
0.7769600319330563 0.05116849533881
0.7636127338052524 0.05378814133624843
0.7500000000000012 0.05641035112459558
0.7361355373863427 0.05902640833132823
0.7220333063028884 0.06162735740427782
0.7077075065009447 0.06420403927161604
0.6931725628465657 0.06674728753610693
0.6784431107959373 0.06925211501745768
0.6635339816587122 0.07171853105174376
0.6484601876641387 0.07414738737807747
0.6332369068450188 0.07654012262923764
0.6178794677547149 0.07889872541247119
0.6024033340325966 0.08122569221115399
0.5868240888334664 0.08352187713203454
0.5711574191366438 0.08577494835985643
0.5554190999505066 0.08796713162786948
0.5396249784283953 0.09008051063351709
0.5237909579118721 0.09209719129904485
0.5079329819174049 0.093999456213465
0.4920670180825969 0.0957703603820059
0.4762090420881297 0.09740349732301264
0.46037502157160654 0.09890301448545141
0.44458090004949524 0.10027397015081076
0.42884258086335814 0.10152183961629577
0.41317591116653546 0.10265245394984372
0.3975966659674052 0.10367192575715536
0.38212053224528686 0.10458156976349278
0.36676309315498296 0.10537053169116226
0.35153981233586296 0.10602703739218163
0.33646601834128953 0.10654052229321166
0.32155688920406433 0.10690173256693211
0.3068274371534359 0.1071028144992395
0.29229249349905695 0.10713700779719869
0.2779666936971131 0.10699171375365624
0.2638644626136587 0.10664999905328054
0.25000000000000006 0.10609771493985258
0.2363872661947488 0.10532385720191226
0.22303996806694482 0.10432063224313538
0.20997154521440087 0.1030834910087248
0.19719515643116664 0.10161112189139021
0.18472366645773874 0.09990406516756913
0.17256963302735745 0.09796347250629865
0.1607452942214339 0.09579385975219078
0.14926255614683936 0.09340336308764077
0.1381329809474649 0.09079553535759503
0.12736777516212267 0.08795366927600905
0.116977778440511 0.08486573587588483
0.10697345262860625 0.08152974070206723
0.09736487123447068 0.0779538746353315
0.0881617092850836 0.0742232660244902
0.0793732335844094 0.07052709155759533
0.07100829338251147 0.06701299214430967
0.06307531146510753 0.06352343894539847
0.05558227567253826 0.059695874058189095
0.04853673085668936 0.055288618944851195
0.041945771283965205 0.05034695914216189
0.03581603349196366 0.04527504780637272
0.030153689607045786 0.040405571406346985
0.02496444112952728 0.03596152168453422
0.020253513192751316 0.032074565349084073
0.016025649301821876 0.028802829318234392
0.012285106557296477 0.026147844555257094
0.009035651368646647 0.02407040701746672
0.006280555661802856 0.022505132287142942
0.00402259358460233 0.02137350085727805
0.0022640387134577056 0.020595213589673728
0.0010066617640577813 0.020097701305314505
0.0002517288084074587 0.0198236585471173
0.0 0.019736498997324308
0.0 0.0
0.0002517288084074587 -0.0006118383093960698
0.0010066617640577813 -0.002379803808934341
0.0022640387134577056 -0.005108431019518058
0.00402259358460233 -0.008495788959075786
0.006280555661802856 -0.012168906836347181
0.009035651368646647 -0.015732690640398558
0.012285106557296477 -0.018831659794561185
0.016025649301821876 -0.021223653500082946
0.020253513192751316 -0.02286448578288208
0.02496444112952728 -0.02400236838462136
0.030153689607045786 -0.025111154188814638
0.03581603349196366 -0.026280352832804162
0.041945771283965205 -0.027443965769716715
0.04853673085668936 -0.028508590274467716
0.05558227567253826 -0.02936457927937266
0.06307531146510753 -0.030003682611439257
0.07100829338251147 -0.03049956396403546
0.0793732335844094 -0.030963055477705354
0.0881617092850836 -0.03144433911199022
0.09736487123447068 -0.031903613761712815
0.10697345262860625 -0.032289048030604936
0.116977778440511 -0.03257051884617254
0.12736777516212267 -0.032733168485079706
0.1381329809474649 -0.03276226025553171
0.14926255614683936 -0.03264307514472467
0.1607452942214339 -0.032366600978485864
0.17256963302735745 -0.03195349092942314
0.18472366645773874 -0.03143962419224115
0.19719515643116664 -0.030868725624442497
0.20997154521440087 -0.0302872238833416
0.22303996806694482 -0.029706232676847983
0.2363872661947488 -0.02911746279253339
0.25000000000000006 -0.02851125674417075
0.2638644626136587 -0.027876741487030943
0.2779666936971131 -0.027201881497449835
0.29229249349905695 -0.026473546035462175
0.3068274371534359 -0.025678020479628312
0.32155688920406433 -0.024812450854639463
0.33646601834128953 -0.02388706519082078
0.35153981233586296 -0.022913783695432097
0.36676309315498296 -0.02190551081598252
0.38212053224528686 -0.020876030326260984
0.3975966659674052 -0.019839890466157507
0.41317591116653546 -0.018810157695315972
0.42884258086335814 -0.017786633680662495
0.44458090004949524 -0.016763597475557678
0.46037502157160654 -0.0157351095063447
0.4762090420881297 -0.014695091936699066
0.4920670180825969 -0.01363739799070958
0.5079329819174049 -0.012556066069029318
0.5237909579118721 -0.011449424842180997
0.5396249784283953 -0.010320119929690806
0.5554190999505066 -0.009171061911817375
0.5711574191366438 -0.008005224561039427
0.5868240888334664 -0.00682562661195034
0.6024033340325966 -0.005635317188458695
0.6178794677547149 -0.004438805366019934
0.6332369068450188 -0.0032441646044417275
0.6484601876641387 -0.0020597441899307526
0.6635339816587122 -0.0008935173502905167
0.6784431107959373 0.0002469796936356456
0.6931725628465657 0.0013547036243868387
0.7077075065009447 0.002422830779497217
0.7220333063028884 0.0034388592387831836
0.7361355373863427 0.004385861749249907
0.7500000000000012 0.005248553132833446
0.7636127338052524 0.006013606014901565
0.7769600319330563 0.006669720321084883
0.7900284547856001 0.0072076711445677455
0.8028048435688343 0.00762035213503945
0.8152763335422621 0.007905487235568148
0.8274303669726433 0.008067992147410333
0.8392547057785669 0.008114232320390345
0.8507374438531613 0.008051198309728183
0.8618670190525357 0.007886453077146484
0.872632224837878 0.007628074619689201
0.8830222215594895 0.007284594361490668
0.8930265473713942 0.006864931781601341
0.9026351287655296 0.006378380168778338
0.9118382907149167 0.005839194311556859
0.9206267664155909 0.005268489052353579
0.9289917066174888 0.0046849394057778175
0.9369246885348927 0.0041040030218606645
0.9444177243274618 0.0035381712155873467
0.9514632691433107 0.002997236402074497
0.958054228716035 0.002488571570578502
0.9641839665080364 0.002017417394313472
0.9698463103929542 0.0015871725846554703
0.9750355588704727 0.0011996831572588438
0.9797464868072487 0.0008555263829972937
0.9839743506981782 0.0005542853471043564
0.9877148934427036 0.0002948102336251567
0.9909643486313533 7.546268708767472e-05
0.9937194443381971 -0.00010566012345650239
0.9959774064153977 -0.00025052480416662057
0.9977359612865423 -0.000360987125223476
0.9989933382359422 -0.0004386458546673135
0.9997482711915926 -0.0004847269992646609
1.0 -0.0005
