1.0 0.0
0.9997482711915926 6.488778395469618e-05
0.9989933382359422 0.00025914823096007567
0.9977359612865423 0.0005815845662910559
0.9959774064153977 0.0010302418142981611
0.9937194443381971 0.0016024657461486676
0.9909643486313533 0.002294984361014371
0.9877148934427036 0.0031040108679391133
0.9839743506981782 0.004025366858809229
0.9797464868072487 0.005054624099499592
0.9750355588704727 0.0061872631191057246
0.9698463103929542 0.007418846548767505
0.9641839665080364 0.008745204954340634
0.958054228716035 0.0101626327232647
0.9514632691433107 0.011668091407383688
0.9444177243274618 0.013259417791918068
0.9369246885348927 0.014935533857736872
0.9289917066174888 0.01669665573072302
0.9206267664155909 0.01854449866927584
0.9118382907149167 0.020482475129463443
0.9026351287655296 0.02251588296733291
0.8930265473713942 0.02465104420755133
0.8830222215594895 0.026885687899879537
0.872632224837878 0.02921086283670786
0.8618670190525357 0.031615628954229015
0.8507374438531613 0.03408702918229317
0.8392547057785669 0.03661129933043284
0.8274303669726433 0.03917926472590173
0.8152763335422621 0.041783015560791774
0.8028048435688343 0.04441420242234797
0.7900284547856001 0.04706459182050054
0.7769600319330563 0.04973004589094387
0.7636127338052524 0.052408882358435785
0.7500000000000012 0.05509999999999977
0.7361355373863427 0.05780178579041487
0.7220333063028884 0.06050864249906309
0.7077075065009447 0.06321384291473524
0.6931725628465657 0.06591053840587385
0.6784431107959373 0.06859075272995495
0.6635339816587122 0.07124521568352994
0.6484601876641387 0.07386444027672961
0.6332369068450188 0.07643740215640685
0.6178794677547149 0.07894866507626858
0.6024033340325966 0.08138172513391694
0.5868240888334664 0.08372020500568955
0.5711574191366438 0.08594973506234295
0.5554190999505066 0.08805689547048516
0.5396249784283953 0.09002824335793873
0.5237909579118721 0.09184724665505846
0.5079329819174049 0.09349551019663288
0.4920670180825969 0.09495559003663104
0.4762090420881297 0.0962208503507257
0.46037502157160654 0.09729551689891142
0.44458090004949524 0.09818495674054332
0.42884258086335814 0.09889461356449619
0.41317591116653546 0.09942967501779226
0.3975966659674052 0.09979584663812173
0.38212053224528686 0.1000026603554362
0.36676309315498296 0.10006823881051223
0.35153981233586296 0.10001182456954101
0.33646601834128953 0.09984965906385235
0.32155688920406433 0.09958357011452483
0.3068274371534359 0.09921121821784057
0.29229249349905695 0.0987309323596409
0.2779666936971131 0.09813856248840144
0.2638644626136587 0.0974285754136659
0.25000000000000006 0.09660000000000002
0.2363872661947488 0.09564499366308743
0.22303996806694482 0.09452100192608685
0.20997154521440087 0.09318970910579592
0.19719515643116664 0.09163616772636066
0.18472366645773874 0.08984991291249263
0.17256963302735745 0.08781961282471888
0.1607452942214339 0.08555181029624996
0.14926255614683936 0.08308391210741387
0.1381329809474649 0.08044768508056085
0.12736777516212267 0.07765023954888513
0.116977778440511 0.07469339250319894
0.10697345262860625 0.07155045827515627
0.09736487123447068 0.06819254243438633
0.0881617092850836 0.0646332854522594
0.0793732335844094 0.06093903923397076
0.07100829338251147 0.05717356733309606
0.06307531146510753 0.05336811706892389
0.05558227567253826 0.04953102499272279
0.04853673085668936 0.04567910752195174
0.041945771283965205 0.041813059501692514
0.03581603349196366 0.037902679915851945
0.030153689607045786 0.0339461178115892
0.02496444112952728 0.029971509129676468
0.020253513192751316 0.026030336814630708
0.016025649301821876 0.02219102220902907
0.012285106557296477 0.01853283561781727
0.009035651368646647 0.015140208589367791
0.006280555661802856 0.01209752425769605
0.00402259358460233 0.00948445509164535
0.0022640387134577056 0.007371909676694791
0.0010066617640577813 0.005818641794929884
0.0002517288084074587 0.0048685661563825046
0.0 0.004548815763401178
0.0 0.0
0.0002517288084074587 -0.00033741048022026363
0.0010066617640577813 -0.0013215172618809593
0.0022640387134577056 -0.002870830727465332
0.00402259358460233 -0.0048591101232753325
0.006280555661802856 -0.007129589487247257
0.009035651368646647 -0.009514621452549584
0.012285106557296477 -0.011860469860062062
0.016025649301821876 -0.014056910097352346
0.020253513192751316 -0.016071227647515982
0.02496444112952728 -0.017986141203270373
0.030153689607045786 -0.01997318191955683
0.03581603349196366 -0.022048510313049018
0.041945771283965205 -0.024164706077704576
0.04853673085668936 -0.02626222196300097
0.05558227567253826 -0.028273467455030177
0.06307531146510753 -0.03016609790651913
0.07100829338251147 -0.031935967378653604
0.0793732335844094 -0.033590997415058034
0.0881617092850836 -0.035122958312566774
0.09736487123447068 -0.036499193652100886
0.10697345262860625 -0.03768686608940533
0.116977778440511 -0.03867276407729013
0.12736777516212267 -0.039460033954947835
0.1381329809474649 -0.04005768812625381
0.14926255614683936 -0.040478317853528144
0.1607452942214339 -0.040738328883055834
0.17256963302735745 -0.04084606532379649
0.18472366645773874 -0.040810411922279445
0.19719515643116664 -0.040649931274633934
0.20997154521440087 -0.04038680591123348
0.22303996806694482 -0.040015474916736
0.2363872661947488 -0.03951841140290212
0.25000000000000006 -0.0389
0.2638644626136587 -0.03816882363073237
0.2779666936971131 -0.03730834339846224
0.29229249349905695 -0.03631609950400138
0.3068274371534359 -0.03523793432448951
0.32155688920406433 -0.03410704227614285
0.33646601834128953 -0.03293327446366081
0.35153981233586296 -0.03172599519517654
0.36676309315498296 -0.030492830843010736
0.38212053224528686 -0.029234609035729244
0.3975966659674052 -0.027950867752715075
0.41317591116653546 -0.026641742328336004
0.42884258086335814 -0.025311220438614855
0.44458090004949524 -0.02396496341324285
0.46037502157160654 -0.022609123152213202
0.4762090420881297 -0.021253834934677415
0.4920670180825969 -0.019911913789706245
0.5079329819174049 -0.018596244740539676
0.5237909579118721 -0.017319192633588814
0.5396249784283953 -0.016092489707416835
0.5554190999505066 -0.014927497766265273
0.5711574191366438 -0.013831919462678817
0.5868240888334664 -0.01280815620899976
0.6024033340325966 -0.01185788168036756
0.6178794677547149 -0.010982871627931734
0.6332369068450188 -0.010185623182699523
0.6484601876641387 -0.009468375838055454
0.6635339816587122 -0.008830499552076144
0.6784431107959373 -0.008258126939076923
0.6931725628465657 -0.007733689437245227
0.7077075065009447 -0.007241357737052817
0.7220333063028884 -0.006780487314562369
0.7361355373863427 -0.00636300874199524
0.7500000000000012 -0.0059999999999999715
0.7636127338052524 -0.005695666079211026
0.7769600319330563 -0.0054322022974809155
0.7900284547856001 -0.00518837279371328
0.8028048435688343 -0.004945401493543057
0.8152763335422621 -0.004694825917039471
0.8274303669726433 -0.00444537600446322
0.8392547057785669 -0.004206545729202204
0.8507374438531613 -0.003986359401194893
0.8618670190525357 -0.003789942069190908
0.872632224837878 -0.00361673982886006
0.8830222215594895 -0.0034651253585700763
0.8930265473713942 -0.003333483090244788
0.9026351287655296 -0.0032201655880281133
0.9118382907149167 -0.003119138221724813
0.9206267664155909 -0.003018139446726204
0.9289917066174888 -0.002907324679164639
0.9369246885348927 -0.002779929286835286
0.9444177243274618 -0.002631967856412729
0.9514632691433107 -0.0024619180136597647
0.958054228716035 -0.002270393454022833
0.9641839665080364 -0.0020598108715227537
0.9698463103929542 -0.0018340554545990307
0.9750355588704727 -0.00159814954904636
0.9797464868072487 -0.0013579289713632774
0.9839743506981782 -0.0011197312921503995
0.9877148934427036 -0.0008901002005335988
0.9909643486313533 -0.0006755098092623255
0.9937194443381971 -0.00048211246886871933
0.9959774064153977 -0.0003155133311766098
0.9977359612865423 -0.00018057454097814878
0.9989933382359422 -8.125154362792115e-05
0.9997482711915926 -2.046357969841212e-05
1.0 0.0
