1.0 0.0
0.9997482737088806 3.865519162177739e-05
0.9989933483025598 0.00016531251116056053
0.9977359839269294 0.00040735799566102087
0.9959774466413335 0.0007949061432906432
0.9937195071437538 0.0013473243182616512
0.990964438987867 0.002075239845419118
0.9877150162937691 0.002978239529753551
0.9839745109546711 0.004052333518365972
0.9797466893423806 0.005286116624338121
0.9750358085148839 0.00665939084149511
0.9698466119298503 0.008138780128625765
0.9641843246683713 0.009685731753232465
0.9580546481737477 0.01127239245658041
0.9514637545106193 0.012882869075991791
0.9444182801502186 0.014516914522817179
0.9369253192880074 0.01619517353359755
0.9289924167004225 0.01793734078411634
0.9206275601479268 0.019748518604383262
0.9118391723320096 0.021625976363293182
0.902636102414242 0.023567206641268615
0.8930276171059205 0.02558133831315923
0.8830233913372739 0.027666525971740782
0.8726334985156295 0.02980895583957513
0.8618684003823451 0.03201237215577992
0.8507389364787228 0.03427919283120475
0.8392563132315091 0.036595836457618804
0.8274320926689736 0.03895865987991436
0.8152781807789267 0.04136714015521656
0.8028068155203986 0.04380380351815479
0.7900305545010523 0.04625713384369671
0.7769622623327369 0.0487217637749596
0.7636150976779144 0.05117049324047455
0.7500025000000012 0.05358346460718101
0.7361381760309689 0.05595570295322379
0.7220360859698254 0.05823983519984943
0.7077104294258797 0.060357438414701946
0.6931756311209372 0.062223675362643505
0.6784463263648294 0.06384599694668916
0.6635373463188956 0.06527273355118637
0.6484637030622621 0.06654870780462606
0.6332405744759503 0.06768451727130448
0.6178832889600373 0.06868181371858034
0.6024073099992563 0.06954958544086864
0.586828220592578 0.07029633633167695
0.5711617075624523 0.07092659860862864
0.5554235457595071 0.07143941989035082
0.539629582178611 0.07183840598631346
0.523795720002293 0.07212725158990382
0.5079379025875856 0.0723051506494993
0.4920720974124161 0.07237431911140844
0.4762142799977088 0.07233899570594589
0.46038041782139083 0.07220298305319679
0.44458645424049476 0.07196681969746117
0.4288482924375495 0.07163033484136219
0.41318177940742384 0.07119789883604125
0.3976026900007456 0.07067085564975922
0.38212671103996443 0.07004829519779096
0.36676942552405145 0.06933433910594297
0.35154629693773964 0.0685305555347085
0.3364726536811061 0.0676354069501251
0.3215636736351723 0.06665548315248497
0.3068343688790644 0.06559514010975542
0.292299570574122 0.0644517501038777
0.27797391403017613 0.06323189715365393
0.2638718239690326 0.06194071168066852
0.25000750000000005 0.060570887814748314
0.23639490232208688 0.05912771834393836
0.22304773766726416 0.057622139285268284
0.20997944549894873 0.05605320976262933
0.19720318447960236 0.054419451180021235
0.18473181922107418 0.05272335472599589
0.17257790733102718 0.050977440737364633
0.16075368676849172 0.049185383048468825
0.14927106352127792 0.04733847791708864
0.13814159961765543 0.045445403673726445
0.12737650148437105 0.04351637564823821
0.11698660866272659 0.04155063622734432
0.10698238289407996 0.039551088787718285
0.09737389758575835 0.037522672123168295
0.08817082766799075 0.035467288657282374
0.07938243985207355 0.033392829474265126
0.07101758329957764 0.03130986322009056
0.06308468071199289 0.029216250889470063
0.05559171984978154 0.02711395928397412
0.048546245489380795 0.025013082366582562
0.041955351826252374 0.02291841782393132
0.03582567533162875 0.02083661758041497
0.030163388070149715 0.018779505698142494
0.02497419148511599 0.016747126499924745
0.02026331065761939 0.014741251652794192
0.01603548904532886 0.012782670656866588
0.012294983706230904 0.010875023009813304
0.00904556101213296 0.00901395136162557
0.006290492856246238 0.007228452525264325
0.004032553358666483 0.00551642813050583
0.002274016073070571 0.003841089441111353
0.0010166516974401407 0.002368000572977688
0.00026172629111937464 0.0013470615038465028
1e-05 0.000981238406407102
1e-05 -0.00019
0.00026172629111937464 -0.0008232915830143709
0.0010166516974401407 -0.002334447792493786
0.002274016073070571 -0.003886225570773601
0.004032553358666483 -0.005162535676578339
0.006290492856246238 -0.006666883673799166
0.00904556101213296 -0.008253075353405089
0.012294983706230904 -0.009779732461360473
0.01603548904532886 -0.011344544912809895
0.02026331065761939 -0.012937349559258488
0.02497419148511599 -0.014520491907768721
0.030163388070149715 -0.016092642612405617
0.03582567533162875 -0.017648165904780574
0.041955351826252374 -0.019176248621298263
0.048546245489380795 -0.020663503317414664
0.05559171984978154 -0.022102749018827316
0.06308468071199289 -0.023490280239113658
0.07101758329957764 -0.024809431837908735
0.07938243985207355 -0.026049928944483006
0.08817082766799075 -0.027210939026529393
0.09737389758575835 -0.028270639124834147
0.10698238289407996 -0.029209270898860943
0.11698660866272659 -0.030020635852431844
0.12737650148437105 -0.03066499803824662
0.13814159961765543 -0.031089219040505087
0.14927106352127792 -0.03125788051214247
0.16075368676849172 -0.031209681759006316
0.17257790733102718 -0.031015214125659517
0.18473181922107418 -0.030705320945412916
0.19720318447960236 -0.030300179854523875
0.20997944549894873 -0.029814908306996193
0.22304773766726416 -0.029259369657270953
0.23639490232208688 -0.028643359886895668
0.25000750000000005 -0.027977958073068618
0.2638718239690326 -0.027268581120422093
0.27797391403017613 -0.026518310195314376
0.292299570574122 -0.02573505896033802
0.3068343688790644 -0.024925077096733347
0.3215636736351723 -0.02409062869656005
0.3364726536811061 -0.02323870484741445
0.35154629693773964 -0.022376924240881703
0.36676942552405145 -0.021501855189239798
0.38212671103996443 -0.020614781328295407
0.3976026900007456 -0.019729441029419367
0.41318177940742384 -0.018847201497463335
0.4288482924375495 -0.017960862001282368
0.44458645424049476 -0.017076552462436712
0.46038041782139083 -0.016202412433373628
0.4762142799977088 -0.015339598561906092
0.4920720974124161 -0.014488472587535793
0.5079379025875856 -0.01365011871792968
0.523795720002293 -0.012829708019809592
0.539629582178611 -0.012032156672258447
0.5554235457595071 -0.011252737220714244
0.5711617075624523 -0.010489463574001656
0.586828220592578 -0.009749443937004967
0.6024073099992563 -0.009034973817675982
0.6178832889600373 -0.008343640076866811
0.6332405744759503 -0.0076765914475113795
0.6484637030622621 -0.007036535168754048
0.6635373463188956 -0.006425960144309238
0.6784463263648294 -0.005846025500097481
0.6931756311209372 -0.005295968069483287
0.7077104294258797 -0.004775545230888579
0.7220360859698254 -0.0042850013312007214
0.7361381760309689 -0.0038241869872022204
0.7500025000000012 -0.003392872209002855
0.7636150976779144 -0.0029911999200639625
0.7769622623327369 -0.0026190646310635035
0.7900305545010523 -0.0022759661640860667
0.8028068155203986 -0.0019622503701813153
0.8152781807789267 -0.0016785460258094244
0.8274320926689736 -0.0014228664644831076
0.8392563132315091 -0.0011927290630044155
0.8507389364787228 -0.0009875080376535157
0.8618684003823451 -0.0008081931989757327
0.8726334985156295 -0.0006574336914560446
0.8830233913372739 -0.0005303707140187471
0.8930276171059205 -0.0004175950012487314
0.902636102414242 -0.0003219169198516753
0.9118391723320096 -0.0002478839583532023
0.9206275601479268 -0.00018795265527071496
0.9289924167004225 -0.0001356899289117017
0.9369253192880074 -9.03821061271541e-05
0.9444182801502186 -4.5631533401115083e-05
0.9514637545106193 8.941005315971724e-06
0.9580546481737477 7.499885859655199e-05
0.9641843246683713 0.00015029664412801857
0.9698466119298503 0.00023391456709384714
0.9750358085148839 0.00031735691900286537
0.9797466893423806 0.00037960589396466736
0.9839745109546711 0.00041314204034333617
0.9877150162937691 0.0004219169679909046
0.990964438987867 0.0004020133174485832
0.9937195071437538 0.0003509432011151935
0.9959774466413335 0.000275215701711963
0.9977359839269294 0.00018694322657068324
0.9989933483025598 9.651475144063402e-05
0.9997482737088806 2.646754030145163e-05
1.0 0.0
