1.0 0.000662
0.995 0.0011967113362778218
0.99 0.0017247236362693743
0.985 0.002244425080352422
0.98 0.002754811930141951
0.98 0.002754811930141951
0.974375 0.003319719021494941
0.96875 0.0038776955799587256
0.963125 0.004431924745173227
0.9575 0.004985569379136847
0.951875 0.005540384390067198
0.94625 0.0060970575504774695
0.940625 0.006655577805997085
0.935 0.007215004659358766
0.9293750000000001 0.007774630531452398
0.92375 0.00833455776684118
0.918125 0.008894940127569338
0.9125 0.009455463863714694
0.906875 0.010015674700698828
0.90125 0.010575400317374866
0.895625 0.011134656916025516
0.89 0.011693235309501355
0.884375 0.012250626027739412
0.87875 0.01280642481353314
0.873125 0.01336054841637902
0.8675 0.013912977111778647
0.8618750000000001 0.01446375946869135
0.8562500000000001 0.01501294256857174
0.8506250000000001 0.015560295831077315
0.845 0.01610541518474083
0.839375 0.01664808400974157
0.83375 0.01718831737284918
0.828125 0.017726160522733493
0.8225 0.018261696477151493
0.816875 0.018794954754937483
0.81125 0.019325685613697866
0.805625 0.01985358582339909
0.8 0.020378651182323453
0.8 0.020378651182323453
0.7739130434782611 0.02277944223060638
0.7478260869565219 0.02512417213455156
0.7217391304347827 0.02741410286580662
0.6956521739130436 0.029651507480418872
0.6695652173913045 0.031831552445005185
0.6434782608695653 0.03394664104365359
0.6173913043478262 0.035989915550789536
0.5913043478260871 0.037953408455156344
0.5652173913043479 0.03982679523882976
0.5391304347826088 0.04159746696520483
0.5130434782608697 0.04325543250957919
0.4869565217391305 0.044791133173506796
0.46086956521739136 0.046190063476161995
0.4347826086956522 0.0474431447474236
0.4086956521739131 0.04854154724665402
0.3826086956521739 0.04947012944196309
0.35652173913043483 0.050218296998154714
0.3304347826086957 0.05076694521584554
0.30434782608695654 0.05109158705299832
0.27826086956521745 0.05116785287125471
0.2521739130434783 0.05095886862161947
0.22608695652173916 0.05042023342415022
0.2 0.04949749139068459
0.2 0.04949749139068459
0.19437500000000002 0.049240532286424187
0.18875 0.048961983212584034
0.183125 0.04866050011915647
0.17750000000000002 0.04833462561470174
0.171875 0.047983547608681794
0.16625 0.04760659513458146
0.16062500000000002 0.04720225271662472
0.155 0.0467685575909072
0.149375 0.04630408577497536
0.14375000000000002 0.04580786267879926
0.138125 0.045278233059585726
0.1325 0.04471266951214413
0.12687500000000002 0.0441090321820301
0.12125000000000001 0.04346597177399909
0.11562500000000002 0.04278144430826492
0.11000000000000001 0.042051502003304264
0.10437500000000001 0.04127231627804951
0.09875000000000002 0.04044136008688721
0.09312500000000001 0.03955585477292451
0.08750000000000001 0.03861101287609898
0.081875 0.03760130078421668
0.07625000000000001 0.036520075220135645
0.07062500000000001 0.035360438614146075
0.065 0.03411570555303647
0.05937500000000001 0.032778133914437534
0.053750000000000006 0.03133584516839119
0.048125 0.02977481983790534
0.0425 0.028077808008661685
0.036875000000000005 0.026220885055497384
0.03125 0.02416914164404151
0.025625000000000002 0.02186765705439683
0.02 0.01923511954016341
0.02 0.01923511954016341
0.015 0.016511986479281753
0.01 0.013247201112807902
0.005 0.009023248821016587
0.0 0.0007441513763956726
0.0 -0.00012978061779320545
0.005 -0.004492360232998032
0.01 -0.0062973215563359155
0.015 -0.007581482594092988
0.02 -0.008593756029111185
0.02 -0.008593756029111185
0.025625000000000002 -0.009496659155788059
0.03125 -0.010223524502252087
0.036875000000000005 -0.0108183789831444
0.0425 -0.011308283388362508
0.048125 -0.011712119411130638
0.053750000000000006 -0.012044396151087324
0.05937500000000001 -0.012317586721954005
0.065 -0.01254145068599102
0.07062500000000001 -0.012724087763740602
0.07625000000000001 -0.012869565181532303
0.081875 -0.012981113563360363
0.08750000000000001 -0.01306304258215355
0.09312500000000001 -0.013119831641224069
0.09875000000000002 -0.013154683650188594
0.10437500000000001 -0.01317023529647714
0.11000000000000001 -0.013169107460656899
0.11562500000000002 -0.013153882944237541
0.12125000000000001 -0.0131264469718969
0.12687500000000002 -0.013087979213532327
0.1325 -0.013039945136357579
0.138125 -0.012984334729421915
0.14375000000000002 -0.012923117366907657
0.149375 -0.012858063606205773
0.155 -0.012790631526332336
0.16062500000000002 -0.012720819166443735
0.16625 -0.012648216875934511
0.171875 -0.012573161651604369
0.17750000000000002 -0.012496414809527213
0.183125 -0.012418172503823696
0.18875 -0.012338025401415986
0.19437500000000002 -0.01225615633344502
0.2 -0.012173966961252346
0.2 -0.012173966961252346
0.22608695652173916 -0.011795405051908715
0.2521739130434783 -0.011416205128760177
0.27826086956521745 -0.011037023825999921
0.30434782608695654 -0.010658224488834576
0.3304347826086957 -0.010278279552794993
0.35652173913043483 -0.0098997084274036
0.3826086956521739 -0.009520457587766276
0.4086956521739131 -0.009141085175385748
0.4347826086956522 -0.008762706445268938
0.46086956521739136 -0.008383540023557921
0.4869565217391305 -0.008004095606157433
0.5130434782608697 -0.007624498670252332
0.5391304347826088 -0.007246525768440067
0.5652173913043479 -0.006866633765438835
0.5913043478260871 -0.006487667193401356
0.6173913043478262 -0.006108646321992586
0.6434782608695653 -0.005728645011211597
0.6695652173913045 -0.00535060261644475
0.6956521739130436 -0.004970495774871331
0.7217391304347827 -0.004592588480911402
0.7478260869565219 -0.004212837207808412
0.7739130434782611 -0.0038340100578530636
0.8 -0.0034549622392692067
0.8 -0.0034549622392692067
0.805625 -0.003372824206117109
0.81125 -0.0032914068980152986
0.816875 -0.003210444262961741
0.8225 -0.0031288491662961643
0.828125 -0.003046305612394359
0.83375 -0.002963825687583195
0.839375 -0.0028821685426221803
0.845 -0.0028007925945832427
0.8506250000000001 -0.002718994590991737
0.8562500000000001 -0.0026369558223766497
0.8618750000000001 -0.002555233115689926
0.8675 -0.0024738493330866236
0.873125 -0.002392342583435386
0.87875 -0.0023104896160625705
0.884375 -0.002228529075873797
0.89 -0.0021466612747258577
0.895625 -0.0020647579296323294
0.90125 -0.0019826665884716765
0.906875 -0.0019006880010112926
0.9125 -0.0018193217243661101
0.918125 -0.0017384109771527963
0.92375 -0.0016571467637626152
0.9293750000000001 -0.0015751907958855798
0.935 -0.0014931918817902567
0.940625 -0.0014116800116426547
0.94625 -0.0013302041705527462
0.951875 -0.0012481542621086124
0.9575 -0.0011658289682174023
0.963125 -0.0010839930554589852
0.96875 -0.0010026453965404916
0.974375 -0.0009209735371597846
0.98 -0.0008387410835893812
0.98 -0.0008387410835893812
0.985 -0.0007659287299884062
0.99 -0.0006938118369286615
0.995 -0.0006215428191361252
1.0 -0.000548
