1.0 0.0008055071384670242
0.995 0.0012973517179574337
0.99 0.001787165937058519
0.985 0.002274958449913971
0.98 0.002760774065837247
0.98 0.002760774065837247
0.974375 0.0033050991301188807
0.96875 0.0038470285322621486
0.963125 0.004385782657401163
0.9575 0.004920648507739053
0.951875 0.005452295955296622
0.94625 0.005981853328562286
0.940625 0.00650925657526877
0.935 0.007033473776994893
0.9293750000000001 0.007553905510814217
0.92375 0.008070747452659637
0.918125 0.00858429069851317
0.9125 0.009094891849859947
0.906875 0.009602880475769904
0.90125 0.010108160203355043
0.895625 0.010610397359369516
0.89 0.011109439989644936
0.884375 0.01160536262231165
0.87875 0.012098277390402772
0.873125 0.01258836103781501
0.8675 0.013075788561045338
0.8618750000000001 0.013560651897307508
0.8562500000000001 0.014042999785480334
0.8506250000000001 0.014522698420559301
0.845 0.014999452704792127
0.839375 0.015473137449165194
0.83375 0.015943969407246992
0.828125 0.0164122124957493
0.8225 0.01687816611298748
0.816875 0.017342099392498627
0.81125 0.01780380064276175
0.805625 0.01826274986150512
0.8 0.01871877348808055
0.8 0.01871877348808055
0.7739130434782611 0.020801702129899353
0.7478260869565219 0.022831156021898225
0.7217391304347827 0.024805423537186573
0.6956521739130436 0.026721493661853984
0.6695652173913045 0.02857809920398148
0.6434782608695653 0.030372594910493392
0.6173913043478262 0.032098243363385855
0.5913043478260871 0.03375231904912713
0.5652173913043479 0.03532576269821591
0.5391304347826088 0.03681644737224253
0.5130434782608697 0.038213077073300586
0.4869565217391305 0.03951297721875825
0.46086956521739136 0.040711388485359865
0.4347826086956522 0.041801865242151265
0.4086956521739131 0.04277587248891249
0.3826086956521739 0.04362380063039721
0.35652173913043483 0.04433191133221329
0.3304347826086957 0.044883891611843835
0.30434782608695654 0.04525281416247434
0.27826086956521745 0.04541061259872133
0.2521739130434783 0.04531693631496656
0.22608695652173916 0.04492642064801432
0.2 0.04418028923084706
0.2 0.04418028923084706
0.19437500000000002 0.04396592170541458
0.18875 0.04373048543214029
0.183125 0.04347334295147386
0.17750000000000002 0.043193919528825855
0.171875 0.042891213028173315
0.16625 0.042563425051458166
0.16062500000000002 0.042208753883545634
0.155 0.04182566715822769
0.149375 0.04141281702399491
0.14375000000000002 0.040969589420376394
0.138125 0.040495425295204106
0.1325 0.03998778663190682
0.12687500000000002 0.03944307901436592
0.12125000000000001 0.03885878019729517
0.11562500000000002 0.0382332814579035
0.11000000000000001 0.03756485830696499
0.10437500000000001 0.036851595805842824
0.09875000000000002 0.03609037105244462
0.09312500000000001 0.03527618603082027
0.08750000000000001 0.03440457211357944
0.081875 0.033472392222837044
0.07625000000000001 0.03247534842642125
0.07062500000000001 0.03140632311402696
0.065 0.030257726578751244
0.05937500000000001 0.029021719378607952
0.053750000000000006 0.02768845988361316
0.048125 0.02624455060519736
0.0425 0.02467371533944912
0.036875000000000005 0.02295578838607598
0.03125 0.021061155470180663
0.025625000000000002 0.01894866196933488
0.02 0.016556161973223592
0.02 0.016556161973223592
0.015 0.014112409694878057
0.01 0.011234788194291878
0.005 0.007599541545701892
0.0 0.0006916905519616867
0.0 0.00036817961968461883
0.005 -0.005978717505641757
0.01 -0.008199195755323263
0.015 -0.00975938952510255
0.02 -0.01095280639140515
0.02 -0.01095280639140515
0.025625000000000002 -0.012013031738785311
0.03125 -0.012857934913277658
0.036875000000000005 -0.013538616809182722
0.0425 -0.014088921905782339
0.048125 -0.014535204011946076
0.053750000000000006 -0.014899089410952901
0.05937500000000001 -0.015194665985907067
0.065 -0.015433486601820014
0.07062500000000001 -0.01562410335804448
0.07625000000000001 -0.015773805312297662
0.081875 -0.015887320342205066
0.08750000000000001 -0.01596877311699491
0.09312500000000001 -0.016022086161850954
0.09875000000000002 -0.016050938137875972
0.10437500000000001 -0.01605737970439612
0.11000000000000001 -0.01604260138275074
0.11562500000000002 -0.01600807116174321
0.12125000000000001 -0.015955522114080398
0.12687500000000002 -0.015886754399013013
0.1325 -0.015803665377569182
0.138125 -0.01570804688890758
0.14375000000000002 -0.015601293015683627
0.149375 -0.015484659670864796
0.155 -0.015358997527901787
0.16062500000000002 -0.015224973588522183
0.16625 -0.01508338236970417
0.171875 -0.014935143017157312
0.17750000000000002 -0.014780932950544825
0.183125 -0.014620905678374282
0.18875 -0.014455239026269126
0.19437500000000002 -0.014284573587791385
0.2 -0.01410967156147289
0.2 -0.01410967156147289
0.22608695652173916 -0.013249924360979954
0.2521739130434783 -0.012321274466586098
0.27826086956521745 -0.011354036319747754
0.30434782608695654 -0.010377416871309133
0.3304347826086957 -0.009414276863507189
0.35652173913043483 -0.008480275599547156
0.3826086956521739 -0.007586728610666809
0.4086956521739131 -0.006744340154597985
0.4347826086956522 -0.0059614765493960446
0.46086956521739136 -0.005245833585837912
0.4869565217391305 -0.004601045205540163
0.5130434782608697 -0.004028808511447805
0.5391304347826088 -0.003526601182512778
0.5652173913043479 -0.0030933466738002923
0.5913043478260871 -0.0027226046127705916
0.6173913043478262 -0.002417135288046733
0.6434782608695653 -0.0021679033600804625
0.6695652173913045 -0.001973761754478159
0.6956521739130436 -0.0018197023866134215
0.7217391304347827 -0.0016979122429264862
0.7478260869565219 -0.0015985315295798574
0.7739130434782611 -0.0015105732179706017
0.8 -0.0014256685444369796
0.8 -0.0014256685444369796
0.805625 -0.001408965631934766
0.81125 -0.0013928008326056594
0.816875 -0.0013769054371211289
0.8225 -0.0013610380263207038
0.828125 -0.0013447504823983917
0.83375 -0.0013274579395084183
0.839375 -0.001309372997705574
0.845 -0.001292020453762528
0.8506250000000001 -0.0012765037039449466
0.8562500000000001 -0.0012617459421638824
0.8618750000000001 -0.0012462368784721515
0.8675 -0.001229701272543413
0.873125 -0.0012126187191661881
0.87875 -0.0011953354971333738
0.884375 -0.001177995787775718
0.89 -0.0011605991705224336
0.895625 -0.0011427095615136164
0.90125 -0.0011239058711456612
0.906875 -0.001104710468119989
0.9125 -0.0010861164713909628
0.918125 -0.001068399546004966
0.92375 -0.0010509709655613865
0.9293750000000001 -0.0010332421421155294
0.935 -0.0010147693688176021
0.940625 -0.0009953259282824219
0.94625 -0.0009760882805025014
0.951875 -0.0009587619470079746
0.9575 -0.0009428003570463324
0.963125 -0.0009253710181198611
0.96875 -0.0009050172174555826
0.974375 -0.0008836372499475493
0.98 -0.0008631757325220755
0.98 -0.0008631757325220755
0.985 -0.0008458715964504188
0.99 -0.0008290531897857692
0.995 -0.0008118260338930938
1.0 -0.000793023976565828
