1.0 0.00025708001528350555
0.995 0.0007932139657626051
0.99 0.0013323417976459648
0.985 0.0018705022130524566
0.98 0.002403804392933769
0.98 0.002403804392933769
0.974375 0.002996459068765542
0.96875 0.0035840001636201265
0.963125 0.0041690729156176
0.9575 0.004752792265180669
0.951875 0.005335812950867625
0.94625 0.005918190599857464
0.940625 0.006499374632830002
0.935 0.007078902579974847
0.9293750000000001 0.007656736972967321
0.92375 0.008232944062297983
0.918125 0.008807689664943481
0.9125 0.00938122526984138
0.906875 0.00995370827039031
0.90125 0.010524997520670244
0.895625 0.01109489859220588
0.89 0.01166327329923596
0.884375 0.012230024834311223
0.87875 0.012795086863095544
0.873125 0.013358469276592906
0.8675 0.013920184985476116
0.8618750000000001 0.014480145474442953
0.8562500000000001 0.015038199004318499
0.8506250000000001 0.015594211425572145
0.845 0.016148088808319517
0.839375 0.016699744755051704
0.83375 0.0172491131916777
0.828125 0.01779613946193284
0.8225 0.01834083731181356
0.816875 0.01888334503820749
0.81125 0.019423777920564413
0.805625 0.01996198736681709
0.8 0.020497709662897632
0.8 0.020497709662897632
0.7739130434782611 0.022947401144944864
0.7478260869565219 0.02534208845620668
0.7217391304347827 0.027679583016347462
0.6956521739130436 0.02996125045880478
0.6695652173913045 0.03217827194934222
0.6434782608695653 0.03432720169855781
0.6173913043478262 0.036399988842290364
0.5913043478260871 0.03838806982262951
0.5652173913043479 0.040284832046453146
0.5391304347826088 0.04207832925177811
0.5130434782608697 0.0437600927347058
0.4869565217391305 0.04531496465751415
0.46086956521739136 0.046736251404667875
0.4347826086956522 0.04800621649462941
0.4086956521739131 0.04911132037139306
0.3826086956521739 0.05003451699889604
0.35652173913043483 0.05075476385494984
0.3304347826086957 0.05125481199143869
0.30434782608695654 0.05150254388868108
0.27826086956521745 0.051473514572306256
0.2521739130434783 0.05112857469306275
0.22608695652173916 0.05042680591478399
0.2 0.049316513571860295
0.2 0.049316513571860295
0.19437500000000002 0.049016733882260514
0.18875 0.048694283675966565
0.183125 0.048348194854800804
0.17750000000000002 0.04797724427081003
0.171875 0.047580132230263666
0.16625 0.04715544673572031
0.16062500000000002 0.04670188783900097
0.155 0.04621874100504714
0.149375 0.04570540371717889
0.14375000000000002 0.04516003435161525
0.138125 0.04457967399068784
0.1325 0.043961891882997206
0.12687500000000002 0.043305704791079425
0.12125000000000001 0.04261013432886565
0.11562500000000002 0.04187246553838771
0.11000000000000001 0.041089171213975435
0.10437500000000001 0.04025686754691889
0.09875000000000002 0.039372348864834504
0.09312500000000001 0.038432132361650516
0.08750000000000001 0.037431879601355404
0.081875 0.03636694402369069
0.07625000000000001 0.03523156431780478
0.07062500000000001 0.03401940001480047
0.065 0.032722607531274754
0.05937500000000001 0.03133195775943882
0.053750000000000006 0.029837092382488335
0.048125 0.02822590702926808
0.0425 0.026482918711054664
0.036875000000000005 0.024584859638237165
0.03125 0.022501299538823998
0.025625000000000002 0.020185051556716453
0.02 0.017571646774339436
0.02 0.017571646774339436
0.015 0.014917320010353865
0.01 0.011775220083052346
0.005 0.00781842108521862
0.0 0.0006736452274237983
0.0 -0.000195
0.005 -0.005907974409272359
0.01 -0.00831439180634347
0.015 -0.010129829009246574
0.02 -0.01162478062855368
0.02 -0.01162478062855368
0.025625000000000002 -0.013042934148471675
0.03125 -0.014240346098691086
0.036875000000000005 -0.015259929968114363
0.0425 -0.016141574151420084
0.048125 -0.01692147182839522
0.053750000000000006 -0.01761633405988652
0.05937500000000001 -0.018234527252449433
0.065 -0.018784020194043103
0.07062500000000001 -0.019272474829070744
0.07625000000000001 -0.019706845283487522
0.081875 -0.02009279434045503
0.08750000000000001 -0.02043542010840001
0.09312500000000001 -0.02073765223184568
0.09875000000000002 -0.021001756927617972
0.10437500000000001 -0.021230496234398467
0.11000000000000001 -0.02142707477431842
0.11562500000000002 -0.02159417939080131
0.12125000000000001 -0.021733115278607842
0.12687500000000002 -0.021845023888942255
0.1325 -0.021931563363734235
0.138125 -0.021994660903519408
0.14375000000000002 -0.02203585039291194
0.149375 -0.022056027097018177
0.155 -0.02205606113371686
0.16062500000000002 -0.022037005673874593
0.16625 -0.02199997321665399
0.171875 -0.021945958605569527
0.17750000000000002 -0.02187582445596542
0.183125 -0.021790459197255904
0.18875 -0.02169087679822295
0.19437500000000002 -0.02157810246664053
0.2 -0.02145284516285511
0.2 -0.02145284516285511
0.22608695652173916 -0.02072293195820576
0.2521739130434783 -0.019788543373893474
0.27826086956521745 -0.01869797193987181
0.30434782608695654 -0.0175040223951186
0.3304347826086957 -0.016225048511430418
0.35652173913043483 -0.014884392576199255
0.3826086956521739 -0.013503950913071067
0.4086956521739131 -0.012104040577321817
0.4347826086956522 -0.010705360454568187
0.46086956521739136 -0.009323987767187817
0.4869565217391305 -0.007975086908196798
0.5130434782608697 -0.006673283773392478
0.5391304347826088 -0.00542918237834676
0.5652173913043479 -0.0042573477399643934
0.5913043478260871 -0.0031641983052442266
0.6173913043478262 -0.00216069844527374
0.6434782608695653 -0.001253433268122094
0.6695652173913045 -0.00044966369508792227
0.6956521739130436 0.00024576925690983966
0.7217391304347827 0.0008277285360744912
0.7478260869565219 0.0012885190399453835
0.7739130434782611 0.0016314214190971642
0.8 0.001852510266482707
0.8 0.001852510266482707
0.805625 0.0018828699813853908
0.81125 0.0019065678152047074
0.816875 0.001924299085257402
0.8225 0.0019365275058036752
0.828125 0.0019432011170035922
0.83375 0.0019441934980380952
0.839375 0.0019393127733520338
0.845 0.0019283345293740074
0.8506250000000001 0.001911187985515067
0.8562500000000001 0.0018880799359356636
0.8618750000000001 0.001859232644589886
0.8675 0.0018247704296255648
0.873125 0.0017847706048374366
0.87875 0.0017390723964719238
0.884375 0.0016871530343080326
0.89 0.0016285368462297509
0.895625 0.0015632054587222158
0.90125 0.0014913140483390989
0.906875 0.0014132609006078584
0.9125 0.0013297580197295152
0.918125 0.0012414575992094282
0.92375 0.0011486176364909205
0.9293750000000001 0.0010513451932789618
0.935 0.0009489067072835891
0.940625 0.0008396443630658844
0.94625 0.0007224493233960695
0.951875 0.0005986392908219881
0.9575 0.00047008433074704966
0.963125 0.0003373239646031074
0.96875 0.00019964938604061293
0.974375 5.6331228196655555e-05
0.98 -9.326717727709705e-05
0.98 -9.326717727709705e-05
0.985 -0.00023194587070334723
0.99 -0.0003753100748293881
0.995 -0.0005218341640753331
1.0 -0.0006699703147506878
