1.0 0.00125
0.995 0.0023752145736675606
0.99 0.00342697929850468
0.985 0.00439269900885465
0.98 0.005336454088220118
0.98 0.005336454088220118
0.974375 0.006383315963606043
0.96875 0.007391082390741419
0.963125 0.008348549194182675
0.9575 0.009256107259713174
0.951875 0.01011564934613912
0.94625 0.010935218347207652
0.940625 0.011724967682959234
0.935 0.012494643300431525
0.9293750000000001 0.013249718655854349
0.92375 0.013993125430610742
0.918125 0.014727761621546718
0.9125 0.015456409108628994
0.906875 0.016181297213276158
0.90125 0.0169044910711613
0.895625 0.017628055791183234
0.89 0.018353985162488727
0.884375 0.019083399583094882
0.87875 0.0198168341988038
0.873125 0.0205548133745946
0.8675 0.02129786147544636
0.8618750000000001 0.02204650988358687
0.8562500000000001 0.02280133249247016
0.8506250000000001 0.023562919120487066
0.845 0.024331859614022865
0.839375 0.025108743819462757
0.83375 0.025894149249488067
0.828125 0.026688479476636898
0.8225 0.027492009400440307
0.816875 0.02830501089881578
0.81125 0.0291277558496808
0.805625 0.029960516130952835
0.8 0.03080365063650739
0.8 0.03080365063650739
0.7739130434782611 0.03487326928112568
0.7478260869565219 0.03925572632960355
0.7217391304347827 0.043950301339261366
0.6956521739130436 0.04892073480313727
0.6695652173913045 0.054123418191676785
0.6434782608695653 0.05948494592059065
0.6173913043478262 0.06462718473275882
0.5913043478260871 0.06917464835063222
0.5652173913043479 0.07302058485582157
0.5391304347826088 0.07623743881439471
0.5130434782608697 0.07887292765042087
0.4869565217391305 0.08095272474214944
0.46086956521739136 0.08255514923651774
0.4347826086956522 0.08373917739694452
0.4086956521739131 0.08453293140765668
0.3826086956521739 0.08494166072922031
0.35652173913043483 0.0849694558637527
0.3304347826086957 0.08460473370328633
0.30434782608695654 0.0838319402064131
0.27826086956521745 0.08263701615464213
0.2521739130434783 0.08098353513902075
0.22608695652173916 0.07882973593715766
0.2 0.07611704056213804
0.2 0.07611704056213804
0.19437500000000002 0.07545165608452432
0.18875 0.07475602324437426
0.183125 0.0740293677144256
0.17750000000000002 0.07327090021587482
0.171875 0.07247951910455841
0.16625 0.07165382693916515
0.16062500000000002 0.07079241464357083
0.155 0.06989387314165124
0.149375 0.06895674797271052
0.14375000000000002 0.06797906550011461
0.138125 0.06695852109014853
0.1325 0.0658928047674826
0.12687500000000002 0.06477960563587687
0.12125000000000001 0.06361626044914619
0.11562500000000002 0.062399223442189754
0.11000000000000001 0.06112481291480919
0.10437500000000001 0.05978934716549775
0.09875000000000002 0.05838874791793819
0.09312500000000001 0.05691742088448001
0.08750000000000001 0.05536940957465426
0.081875 0.053738754537565506
0.07625000000000001 0.05201914967403442
0.07062500000000001 0.05020362177377998
0.065 0.04828512182855487
0.05937500000000001 0.046254211930682784
0.053750000000000006 0.04408797687506415
0.048125 0.041758779633307
0.0425 0.03924049736705362
0.036875000000000005 0.036514314787211136
0.03125 0.033561863976198536
0.025625000000000002 0.0303040970745435
0.02 0.026587272185566918
0.02 0.026587272185566918
0.015 0.022778731980826937
0.01 0.018358640301010202
0.005 0.012337951174843542
0.0 0.0029263213381508736
0.0 8e-05
0.005 -0.010056206858360204
0.01 -0.011354525700268474
0.015 -0.015229391938581941
0.02 -0.017837698816230613
0.02 -0.017837698816230613
0.025625000000000002 -0.01970664957271975
0.03125 -0.021630569475421545
0.036875000000000005 -0.023704542350794708
0.0425 -0.025692237559708717
0.048125 -0.027480867408765552
0.053750000000000006 -0.029126676977950593
0.05937500000000001 -0.030697597938492815
0.065 -0.03223229134676919
0.07062500000000001 -0.033724690054167596
0.07625000000000001 -0.03516495330789425
0.081875 -0.036544828046116896
0.08750000000000001 -0.037865732736299895
0.09312500000000001 -0.03913272745426596
0.09875000000000002 -0.04035087890057166
0.10437500000000001 -0.041524607726317456
0.11000000000000001 -0.042655623298706064
0.11562500000000002 -0.04374492384542867
0.12125000000000001 -0.04479350759139898
0.12687500000000002 -0.045802403326187624
0.1325 -0.04677292460337239
0.138125 -0.047706539940627915
0.14375000000000002 -0.048604719407339715
0.149375 -0.04946893300406818
0.155 -0.0503005903467763
0.16062500000000002 -0.0511009300298949
0.16625 -0.05187116058072941
0.171875 -0.05261249052658525
0.17750000000000002 -0.0533261281268548
0.183125 -0.05401318889957061
0.18875 -0.054674560159286435
0.19437500000000002 -0.05531109474972285
0.2 -0.055923645514600384
0.2 -0.055923645514600384
0.22608695652173916 -0.05847169957983707
0.2521739130434783 -0.060567232172841115
0.27826086956521745 -0.06224483529671278
0.30434782608695654 -0.06352130533268747
0.3304347826086957 -0.06439298091392982
0.35652173913043483 -0.06488861892104969
0.3826086956521739 -0.06500643056802098
0.4086956521739131 -0.06474669650235892
0.4347826086956522 -0.06412565125033892
0.46086956521739136 -0.06306370431466135
0.4869565217391305 -0.061488665281181853
0.5130434782608697 -0.059365593994646346
0.5391304347826088 -0.05666564955055443
0.5652173913043479 -0.05326801151663901
0.5913043478260871 -0.04917405429555493
0.6173913043478262 -0.04457053351948944
0.6434782608695653 -0.0395457803857286
0.6695652173913045 -0.03436226327174926
0.6956521739130436 -0.029352779970763868
0.7217391304347827 -0.024653037406147337
0.7478260869565219 -0.020293370571868388
0.7739130434782611 -0.01628141018630668
0.8 -0.012643536177687379
0.8 -0.012643536177687379
0.805625 -0.01190682241563631
0.81125 -0.011186283655171185
0.816875 -0.010481862784251486
0.8225 -0.009794296095552152
0.828125 -0.009124458989207662
0.83375 -0.0084732268653525
0.839375 -0.007841475124121148
0.845 -0.007230076510796406
0.8506250000000001 -0.00663962531797205
0.8562500000000001 -0.006070196649806994
0.8618750000000001 -0.005521808868021118
0.8675 -0.004994480334334316
0.873125 -0.00448822941046648
0.87875 -0.004003180743739794
0.884375 -0.003540192841638535
0.89 -0.0031004339506552083
0.895625 -0.0026850734113563145
0.90125 -0.0022952805643083538
0.906875 -0.0019320851541520037
0.9125 -0.0015956427583183799
0.918125 -0.0012857712886787187
0.92375 -0.0010022879330998887
0.9293750000000001 -0.0007450351378041271
0.935 -0.0005147282999271419
0.940625 -0.0003131575142252184
0.94625 -0.00014217903072281284
0.951875 -3.7213002379174423e-06
0.9575 9.91185660535573e-05
0.963125 0.00016229639322737368
0.96875 0.0001816523042186725
0.974375 0.00014868907654180685
0.98 4.8691357082153965e-05
0.98 4.8691357082153965e-05
0.985 -0.00010973622988987182
0.99 -0.0003535018830713556
0.995 -0.0007097891840315944
1.0 -0.00125
