1.0 0.0
0.995 0.0016606809252704292
0.99 0.0033955019215459914
0.985 0.005166973654277893
0.98 0.006954631602252612
0.98 0.006954631602252612
0.974375 0.008969986473777567
0.96875 0.010976250383675048
0.963125 0.012965523594021576
0.9575 0.014930710625878758
0.951875 0.016865449304466824
0.94625 0.018765682111498438
0.940625 0.020627803119567755
0.935 0.022448214753462335
0.9293750000000001 0.024224609222190427
0.92375 0.02595734995424211
0.918125 0.027647131837182874
0.9125 0.02929464975857835
0.906875 0.030900727011234554
0.90125 0.03246756838745673
0.895625 0.03399821985492329
0.89 0.035495739312082566
0.884375 0.03696318465738291
0.87875 0.03840358450514239
0.873125 0.03981916917386651
0.8675 0.04121129453020154
0.8618750000000001 0.042581271885801415
0.8562500000000001 0.04393041255232013
0.8506250000000001 0.04526002784141163
0.845 0.04657139471979337
0.839375 0.0478652405916521
0.83375 0.04914185079277139
0.828125 0.05040149813260665
0.8225 0.05164445542061323
0.816875 0.052870995466246545
0.81125 0.05408139105559728
0.805625 0.05527589234525294
0.8 0.05645468461606545
0.8 0.05645468461606545
0.7739130434782611 0.061721210142583506
0.7478260869565219 0.06666792025229523
0.7217391304347827 0.07129520594702837
0.6956521739130436 0.07560372507065988
0.6695652173913045 0.07959998614201778
0.6434782608695653 0.08328435293864407
0.6173913043478262 0.08665341824338489
0.5913043478260871 0.08970597442767125
0.5652173913043479 0.09243923046269073
0.5391304347826088 0.09484455026481779
0.5130434782608697 0.09691308218562458
0.4869565217391305 0.0986368915951484
0.46086956521739136 0.10000442732259181
0.4347826086956522 0.10100052846623384
0.4086956521739131 0.10160929700738519
0.3826086956521739 0.10181299291185529
0.35652173913043483 0.10158598859551195
0.3304347826086957 0.10090003000279321
0.30434782608695654 0.09972649272802561
0.27826086956521745 0.09802843895287
0.2521739130434783 0.09575859540328732
0.22608695652173916 0.09286259042147946
0.2 0.08927292383918861
0.2 0.08927292383918861
0.19437500000000002 0.08839967340435315
0.18875 0.08748917581786397
0.183125 0.08654025260918163
0.17750000000000002 0.08555168911585108
0.171875 0.08452227067541729
0.16625 0.08345078262542516
0.16062500000000002 0.08233601030341965
0.155 0.08117664096567494
0.149375 0.07997075713513763
0.14375000000000002 0.07871621106939598
0.138125 0.07741085457523667
0.1325 0.07605253945944623
0.12687500000000002 0.07463911709142251
0.12125000000000001 0.07316812712949251
0.11562500000000002 0.07163625004954305
0.11000000000000001 0.07004001956193809
0.10437500000000001 0.06837596937704167
0.09875000000000002 0.06664063320521789
0.09312500000000001 0.06482996890850411
0.08750000000000001 0.06293745487442855
0.081875 0.06095590228782631
0.07625000000000001 0.058878122324357254
0.07062500000000001 0.05669685493180805
0.065 0.054402662403135335
0.05937500000000001 0.051983579415811366
0.053750000000000006 0.04942749893964975
0.048125 0.046721304945353516
0.0425 0.04383413586682493
0.036875000000000005 0.04071997446143333
0.03125 0.03733219676182269
0.025625000000000002 0.03361790752516948
0.02 0.02951498266913248
0.02 0.02951498266913248
0.015 0.025429163214811142
0.01 0.020397110289056
0.005 0.013714432691304472
0.0 0.004676142098531701
0.0 0.0023841452218515136
0.005 -0.0106152834711901
0.01 -0.004862082056735947
0.015 -0.008425063312896977
0.02 -0.011303687699897027
0.02 -0.011303687699897027
0.025625000000000002 -0.010852988584323138
0.03125 -0.008713837789746177
0.036875000000000005 -0.006989393731561681
0.0425 -0.006044873612487322
0.048125 -0.005501407022910886
0.053750000000000006 -0.004977303964166351
0.05937500000000001 -0.00417711317621135
0.065 -0.0031119262066480074
0.07062500000000001 -0.0018609156005959797
0.07625000000000001 -0.000503253903174933
0.081875 0.0008825830484454752
0.08750000000000001 0.0022541962633435353
0.09312500000000001 0.0036220408039697788
0.09875000000000002 0.005000778039223974
0.10437500000000001 0.006405069338005883
0.11000000000000001 0.00784957606921528
0.11562500000000002 0.009347271155931298
0.12125000000000001 0.010897902922425264
0.12687500000000002 0.012494987378888121
0.1325 0.014132003976542955
0.138125 0.01580243216661285
0.14375000000000002 0.01749975140032091
0.149375 0.019217447881634993
0.155 0.020949730992134343
0.16062500000000002 0.022692166761263604
0.16625 0.024440470609179556
0.171875 0.026190357956038985
0.17750000000000002 0.02793754422199871
0.183125 0.029677744827215472
0.18875 0.03140667519184607
0.19437500000000002 0.033120153361595704
0.2 0.03481541939737071
0.2 0.03481541939737071
0.22608695652173916 0.04239004639551696
0.2521739130434783 0.04936941410124456
0.27826086956521745 0.05567705037981371
0.30434782608695654 0.0613452084634285
0.3304347826086957 0.06640512059279148
0.35652173913043483 0.07087355725788634
0.3826086956521739 0.07476454926076431
0.4086956521739131 0.0780858298172137
0.4347826086956522 0.08084293006609497
0.46086956521739136 0.08304326645012507
0.4869565217391305 0.08469694655951403
0.5130434782608697 0.08580772385103162
0.5391304347826088 0.08632423004169457
0.5652173913043479 0.08616755636237204
0.5913043478260871 0.08527819325124975
0.6173913043478262 0.08365135240289764
0.6434782608695653 0.08129442529462347
0.6695652173913045 0.078268733017354
0.6956521739130436 0.07468526376021785
0.7217391304347827 0.07063540724553143
0.7478260869565219 0.06614589690066965
0.7739130434782611 0.06123162815643195
0.8 0.05590927777297265
0.8 0.05590927777297265
0.805625 0.05470984017397308
0.81125 0.05349227042671355
0.816875 0.05225636522167527
0.8225 0.0510018968191368
0.828125 0.04972863747937662
0.83375 0.04843635946267327
0.839375 0.04712483502930525
0.845 0.04579383643955109
0.8506250000000001 0.04444313595368929
0.8562500000000001 0.04307234135286719
0.8618750000000001 0.04168033647165502
0.8675 0.04026580602670459
0.873125 0.03882743472880522
0.87875 0.03736390728874625
0.884375 0.03587390841731703
0.89 0.03435612282530689
0.895625 0.03280931838472654
0.90125 0.031233044284690217
0.906875 0.029627277760121834
0.9125 0.027992000428757775
0.918125 0.02632719390833443
0.92375 0.0246328398165882
0.9293750000000001 0.022909013640791488
0.935 0.021156989099294803
0.940625 0.01937886700248116
0.94625 0.017576764590254486
0.951875 0.01575279910251871
0.9575 0.013909315783969072
0.963125 0.012050559921489064
0.96875 0.01018172044618024
0.974375 0.008307993494210228
0.98 0.006436265313091197
0.98 0.006436265313091197
0.985 0.004784217465672151
0.99 0.0031531568419668216
0.995 0.0015540008439673277
1.0 -2.680927689368245e-17
