1.0 0.0010949
0.995 0.0022873203323522024
0.99 0.0034952394816534765
0.985 0.004716389563086901
0.98 0.005948502691835552
0.98 0.005948502691835552
0.974375 0.007344910446806942
0.96875 0.008749093938628652
0.963125 0.010157824089114085
0.9575 0.011567871820076651
0.951875 0.012976008053329751
0.94625 0.014379003710686789
0.940625 0.01577362971396117
0.935 0.0171566569849663
0.9293750000000001 0.018524856445515582
0.92375 0.019874999017422446
0.918125 0.02120385562250025
0.9125 0.02250819718256242
0.906875 0.023784794619422362
0.90125 0.02503041885489348
0.895625 0.026242258806314388
0.89 0.027421121609578415
0.884375 0.028569669000436893
0.87875 0.029690577793063916
0.873125 0.030786524801633557
0.8675 0.0318601868403199
0.8618750000000001 0.03291424072329703
0.8562500000000001 0.03395136326473902
0.8506250000000001 0.03497423127881996
0.845 0.03598510501813735
0.839375 0.03698363790628949
0.83375 0.03796847704006333
0.828125 0.03893826736675012
0.8225 0.039891653833641086
0.816875 0.04082728138802746
0.81125 0.04174379497720047
0.805625 0.04263983954845133
0.8 0.04351406004907128
0.8 0.04351406004907128
0.7739130434782611 0.04727894270590543
0.7478260869565219 0.05062439484495038
0.7217391304347827 0.053608313037883756
0.6956521739130436 0.056213527898723234
0.6695652173913045 0.05845263766163746
0.6434782608695653 0.06045173134880871
0.6173913043478262 0.06228135012903643
0.5913043478260871 0.06386499013122643
0.5652173913043479 0.06516186678780098
0.5391304347826088 0.06621636481263217
0.5130434782608697 0.06704588564028137
0.4869565217391305 0.06762333622575976
0.46086956521739136 0.0679294458268547
0.4347826086956522 0.06795722538084681
0.4086956521739131 0.06771807944071752
0.3826086956521739 0.06723757935304214
0.35652173913043483 0.06653209249793017
0.3304347826086957 0.06560681098359868
0.30434782608695654 0.06442395874281417
0.27826086956521745 0.06293306896951369
0.2521739130434783 0.061154955646988536
0.22608695652173916 0.05910543636250342
0.2 0.056610940009654255
0.2 0.056610940009654255
0.19437500000000002 0.055993929533675144
0.18875 0.05535705791033944
0.183125 0.054713040945450236
0.17750000000000002 0.05407432358825171
0.171875 0.05344204182754793
0.16625 0.05280218548149191
0.16062500000000002 0.05213968497698361
0.155 0.05144138770757418
0.149375 0.050706809792927666
0.14375000000000002 0.04994060782364108
0.138125 0.04914739203992646
0.1325 0.04832629801721508
0.12687500000000002 0.047466728766980715
0.12125000000000001 0.04655708524195817
0.11562500000000002 0.04558806040424611
0.11000000000000001 0.044571684594106244
0.10437500000000001 0.043531592305019136
0.09875000000000002 0.04249149141011829
0.09312500000000001 0.041462953136357145
0.08750000000000001 0.04042875444790225
0.081875 0.03936749566698695
0.07625000000000001 0.038257274996352314
0.07062500000000001 0.037069412068764934
0.065 0.03577036027974899
0.05937500000000001 0.034326472371820016
0.053750000000000006 0.03272074067434107
0.048125 0.030989281499192157
0.0425 0.02917879011580593
0.036875000000000005 0.027330547444162735
0.03125 0.02537545645857962
0.025625000000000002 0.02314137509769332
0.02 0.020452215705674598
0.02 0.020452215705674598
0.015 0.01753216038243388
0.01 0.013956380615520628
0.005 0.00925568207987197
0.0 0.0011745664312360527
0.0 0.0
0.005 -0.012759762881313742
0.01 -0.016261301024231387
0.015 -0.018744271904909897
0.02 -0.02061847049618988
0.02 -0.02061847049618988
0.025625000000000002 -0.022409563085326514
0.03125 -0.023988837055694427
0.036875000000000005 -0.025405885520629157
0.0425 -0.026709694927449148
0.048125 -0.027927956391778433
0.053750000000000006 -0.029061936693112404
0.05937500000000001 -0.030111255970547517
0.065 -0.031076405848527586
0.07062500000000001 -0.03196324732941329
0.07625000000000001 -0.032779684555323055
0.081875 -0.03353357429548124
0.08750000000000001 -0.034228766570774255
0.09312500000000001 -0.03486230076250402
0.09875000000000002 -0.03543055415501986
0.10437500000000001 -0.03593179631560156
0.11000000000000001 -0.036381265867591016
0.11562500000000002 -0.03680315490346041
0.12125000000000001 -0.03722169859818672
0.12687500000000002 -0.037651248248139646
0.1325 -0.038083081937327526
0.138125 -0.03850519117306788
0.14375000000000002 -0.03890590487976924
0.149375 -0.03927810152491711
0.155 -0.03961792286410694
0.16062500000000002 -0.03992158296373193
0.16625 -0.04018916626847642
0.171875 -0.04043332149670527
0.17750000000000002 -0.04066924243433918
0.183125 -0.040911576251799864
0.18875 -0.04116315913377912
0.19437500000000002 -0.04141542428610158
0.2 -0.04165933993208176
0.2 -0.04165933993208176
0.22608695652173916 -0.04258242892984682
0.2521739130434783 -0.04322274806082882
0.27826086956521745 -0.04366119462177301
0.30434782608695654 -0.0439162320832364
0.3304347826086957 -0.04399642113636879
0.35652173913043483 -0.043916840195481525
0.3826086956521739 -0.0436884331416217
0.4086956521739131 -0.043311815275478394
0.4347826086956522 -0.04278309638945827
0.46086956521739136 -0.042092870415923515
0.4869565217391305 -0.04122047180028403
0.5130434782608697 -0.040134312410932585
0.5391304347826088 -0.038869970625994996
0.5652173913043479 -0.03752460210597001
0.5913043478260871 -0.03606419991856881
0.6173913043478262 -0.03435673968912838
0.6434782608695653 -0.0324159405039407
0.6695652173913045 -0.030345839053518495
0.6956521739130436 -0.0281820047451827
0.7217391304347827 -0.025926476015444545
0.7478260869565219 -0.02360349773379049
0.7739130434782611 -0.021247351935356047
0.8 -0.01889591423079318
0.8 -0.01889591423079318
0.805625 -0.018393184186604503
0.81125 -0.017892276196813318
0.816875 -0.017392966527771322
0.8225 -0.01689503144507191
0.828125 -0.016398247214308465
0.83375 -0.01590239010107437
0.839375 -0.01540723637096302
0.845 -0.014912562289567806
0.8506250000000001 -0.014418144115081851
0.8562500000000001 -0.013923747184515143
0.8618750000000001 -0.01342910402046582
0.8675 -0.012933941007848017
0.873125 -0.01243798453157587
0.87875 -0.011940960976563502
0.884375 -0.011442596727725053
0.89 -0.010942618169974652
0.895625 -0.010440751688226434
0.90125 -0.009936724768075151
0.906875 -0.009430466499900274
0.9125 -0.008922341111424514
0.918125 -0.008412769498889966
0.92375 -0.00790217255853872
0.9293750000000001 -0.007390971186612853
0.935 -0.006879586279354478
0.940625 -0.0063684387330056776
0.94625 -0.00585794944380854
0.951875 -0.005348539308005155
0.9575 -0.004840629221837616
0.963125 -0.004334640081548012
0.96875 -0.003830992783378435
0.974375 -0.0033301082235709743
0.98 -0.0028324072983677215
0.98 -0.0028324072983677215
0.985 -0.0023930194150088807
0.99 -0.0019567751649057575
0.995 -0.0015239701569416861
1.0 -0.0010949
