1.0 0.0
0.995 0.0010936970070928068
0.99 0.0022147650522959255
0.985 0.003361129225774695
0.98 0.004530714617694453
0.98 0.004530714617694453
0.974375 0.00587167129037427
0.96875 0.007236436944904539
0.963125 0.00862206826678724
0.9575 0.010026455688650947
0.951875 0.01144889317910494
0.94625 0.012888809447121173
0.940625 0.014345636127460504
0.935 0.015819038350877196
0.9293750000000001 0.01730908112595116
0.92375 0.0188158687134069
0.918125 0.02033950537396881
0.9125 0.021880077931101253
0.906875 0.023437201850517106
0.90125 0.02500997852266595
0.895625 0.02659748333707355
0.89 0.02819879168326569
0.884375 0.02981297896735657
0.87875 0.03143919592325927
0.873125 0.03307684197441341
0.8675 0.03472536779369598
0.8618750000000001 0.03638422405398399
0.8562500000000001 0.03805286142815445
0.8506250000000001 0.03973070443413494
0.845 0.04141687819869146
0.839375 0.04311031688302839
0.83375 0.04480995156255244
0.828125 0.04651471331267033
0.8225 0.048223531050581046
0.816875 0.04993508723097159
0.81125 0.05164759334127356
0.805625 0.05335920781709936
0.8 0.0550680890940614
0.8 0.0550680890940614
0.7739130434782611 0.06290527355332641
0.7478260869565219 0.07047056566394375
0.7217391304347827 0.07759649448643742
0.6956521739130436 0.08418048337365386
0.6695652173913045 0.09020033982633777
0.6434782608695653 0.09564406331632096
0.6173913043478262 0.10049508437544073
0.5913043478260871 0.10476514161460544
0.5652173913043479 0.10846899845109095
0.5391304347826088 0.11162837015362558
0.5130434782608697 0.1142670551166564
0.4869565217391305 0.11639974780310167
0.46086956521739136 0.11803859863757296
0.4347826086956522 0.11918546484432152
0.4086956521739131 0.11982036017629955
0.3826086956521739 0.11992323543899136
0.35652173913043483 0.11948474856888766
0.3304347826086957 0.1184837302383223
0.30434782608695654 0.11688614350334785
0.27826086956521745 0.11465286304400801
0.2521739130434783 0.11174645628199895
0.22608695652173916 0.10811973760558206
0.2 0.10369249820999135
0.2 0.10369249820999135
0.19437500000000002 0.10262273132694733
0.18875 0.10150996671666435
0.183125 0.10035327176279193
0.17750000000000002 0.09915170211990443
0.171875 0.09790395004480819
0.16625 0.09660828322895908
0.16062500000000002 0.09526294530833565
0.155 0.09386617991891634
0.149375 0.09241617366990948
0.14375000000000002 0.09091049831198257
0.138125 0.08934635060953398
0.1325 0.0877209219834497
0.12687500000000002 0.08603140348246316
0.12125000000000001 0.08427463440020626
0.11562500000000002 0.08244644857520853
0.11000000000000001 0.08054250135318786
0.10437500000000001 0.07855844807986224
0.09875000000000002 0.07648975786362872
0.09312500000000001 0.07433039107367076
0.08750000000000001 0.07207357636713956
0.081875 0.06971253757887332
0.07625000000000001 0.0672400396807963
0.07062500000000001 0.06464455128609156
0.065 0.061912193690928645
0.05937500000000001 0.0590290636912494
0.053750000000000006 0.055977727006995937
0.048125 0.05272899174246111
0.0425 0.04925122184675264
0.036875000000000005 0.045511804788516484
0.03125 0.041472056672429126
0.025625000000000002 0.03709064805890439
0.02 0.032250291641592314
0.02 0.032250291641592314
0.015 0.027327642171927565
0.01 0.021618369041886576
0.005 0.014891995832870736
0.0 0.002863088680144776
0.0 0.0
0.005 -0.012119142630094587
0.01 -0.014057831194413771
0.015 -0.015106898163440503
0.02 -0.01548764675065427
0.02 -0.01548764675065427
0.025625000000000002 -0.015825503100477388
0.03125 -0.016017028596068884
0.036875000000000005 -0.016026057863200233
0.0425 -0.01589464073143518
0.048125 -0.01567321553659772
0.053750000000000006 -0.015407328905515903
0.05937500000000001 -0.015110757092179364
0.065 -0.014784587370242032
0.07062500000000001 -0.014429873781261078
0.07625000000000001 -0.014047685711589116
0.081875 -0.013639914666777326
0.08750000000000001 -0.013209672777432999
0.09312500000000001 -0.012760171143703642
0.09875000000000002 -0.012294620865736763
0.10437500000000001 -0.011816227698453327
0.11000000000000001 -0.011327565591241467
0.11562500000000002 -0.010829989401859126
0.12125000000000001 -0.010324715027977866
0.12687500000000002 -0.009812958367269245
0.1325 -0.009295935317404814
0.138125 -0.008774793617003427
0.14375000000000002 -0.008250258318537498
0.149375 -0.007722892662736125
0.155 -0.007193259562464203
0.16062500000000002 -0.006661921930586628
0.16625 -0.006129442146107475
0.171875 -0.005596344381610186
0.17750000000000002 -0.0050630897366479395
0.183125 -0.004530133408390276
0.18875 -0.003997930594006723
0.19437500000000002 -0.0034669364906668165
0.2 -0.002937594179482747
0.2 -0.002937594179482747
0.22608695652173916 -0.0005118847455775994
0.2521739130434783 0.0018509198347043728
0.27826086956521745 0.004138698410456105
0.30434782608695654 0.006340247579928147
0.3304347826086957 0.008440261973210328
0.35652173913043483 0.010426272269049743
0.3826086956521739 0.012293095134758247
0.4086956521739131 0.01402078408702206
0.4347826086956522 0.015594376052537322
0.46086956521739136 0.017004615090437998
0.4869565217391305 0.01823846240670378
0.5130434782608697 0.019274439057489073
0.5391304347826088 0.020093085361081866
0.5652173913043479 0.02069822812049639
0.5913043478260871 0.021095116907859517
0.6173913043478262 0.0212780021612603
0.6434782608695653 0.021239809120490862
0.6695652173913045 0.02098189050987773
0.6956521739130436 0.02050859618582266
0.7217391304347827 0.019831737404570265
0.7478260869565219 0.018954481745012366
0.7739130434782611 0.017865599393149436
0.8 0.016556951414134727
0.8 0.016556951414134727
0.805625 0.016246464793979423
0.81125 0.01592594885759091
0.816875 0.015595379842232124
0.8225 0.015254733985165997
0.828125 0.014903988922182351
0.83375 0.014543189197458287
0.839375 0.014172474314581969
0.845 0.013791991002357945
0.8506250000000001 0.013401885989590738
0.8562500000000001 0.013002306005084912
0.8618750000000001 0.01259339764004674
0.8675 0.01217530655156185
0.873125 0.011748178008384316
0.87875 0.011312157278000248
0.884375 0.010867389627895763
0.89 0.010414020318201204
0.895625 0.009952193258872649
0.90125 0.009482049444247614
0.906875 0.009003729488740118
0.9125 0.008517374006764172
0.918125 0.008023123612733789
0.92375 0.007521132791367855
0.9293750000000001 0.0070116602935246615
0.935 0.006495012298504654
0.940625 0.00597149522465536
0.94625 0.005441415112648138
0.951875 0.004904738305984391
0.9575 0.004360466067795975
0.963125 0.003807429434931195
0.96875 0.003244475090058856
0.974375 0.0026716718093688294
0.98 0.002091166471598578
0.98 0.002091166471598578
0.985 0.001570594767093405
0.99 0.0010474432675009792
0.995 0.0005233617520577077
1.0 0.0
