1.0 0.0
0.995 0.0010874815566550814
0.99 0.0022472972102845074
0.985 0.003443240620031958
0.98 0.004647383369757569
0.98 0.004647383369757569
0.974375 0.005989027037944757
0.96875 0.00729377166343302
0.963125 0.00855366119050424
0.9575 0.009771578973666694
0.951875 0.010950611564865997
0.94625 0.012094356015341362
0.940625 0.013207734359518298
0.935 0.014295880804863817
0.9293750000000001 0.015363929558844944
0.92375 0.016416668788186737
0.918125 0.017456130527268732
0.9125 0.018483029239512564
0.906875 0.01949807119211052
0.90125 0.02050196265225489
0.895625 0.021495398098733645
0.89 0.02247888120023176
0.884375 0.02345276099596464
0.87875 0.024417382073287912
0.873125 0.025373089019557177
0.8675 0.02632022642212808
0.8618750000000001 0.027259119529450128
0.8562500000000001 0.02818984471252698
0.8506250000000001 0.02911230555880097
0.845 0.030026402173758
0.839375 0.030932034662883967
0.83375 0.03182910313166475
0.828125 0.03271750768656273
0.8225 0.03359718397926527
0.816875 0.03446819718580665
0.81125 0.03533064197627801
0.805625 0.036184613020770535
0.8 0.03703020498937538
0.8 0.03703020498937538
0.7739130434782611 0.040844543745774335
0.7478260869565219 0.04448044088628349
0.7217391304347827 0.047931616729952324
0.6956521739130436 0.05120079990182696
0.6695652173913045 0.054288583187697095
0.6434782608695653 0.05718063073067743
0.6173913043478262 0.05986734428911356
0.5913043478260871 0.06235076929935298
0.5652173913043479 0.06462481615381627
0.5391304347826088 0.06667305245859773
0.5130434782608697 0.0684844231961155
0.4869565217391305 0.07005277380370108
0.46086956521739136 0.07136736749472142
0.4347826086956522 0.072413967360242
0.4086956521739131 0.0731765663808913
0.3826086956521739 0.07363798924870824
0.35652173913043483 0.0737794723529573
0.3304347826086957 0.07357972576893247
0.30434782608695654 0.07301030946992627
0.27826086956521745 0.07204044290255876
0.2521739130434783 0.07063725199169744
0.22608695652173916 0.06875386941193791
0.2 0.06632993685296087
0.2 0.06632993685296087
0.19437500000000002 0.06572995638212355
0.18875 0.06510100191239047
0.183125 0.06444236543120872
0.17750000000000002 0.06375301166914246
0.171875 0.06303151357624649
0.16625 0.0622764210222126
0.16062500000000002 0.06148628387673255
0.155 0.06065965200949817
0.149375 0.059795075289858376
0.14375000000000002 0.05889102874954807
0.138125 0.05794570285424717
0.1325 0.05695722044340221
0.12687500000000002 0.05592370435645974
0.12125000000000001 0.05484327743286629
0.11562500000000002 0.05371405927383422
0.11000000000000001 0.05253352741830779
0.10437500000000001 0.05129774811349342
0.09875000000000002 0.05000259989769553
0.09312500000000001 0.048643961309218636
0.08750000000000001 0.047217710852019444
0.081875 0.0457192259018379
0.07625000000000001 0.04414211970978565
0.07062500000000001 0.042479617536572804
0.065 0.040724944642909496
0.05937500000000001 0.03887082626405406
0.053750000000000006 0.03690153114610217
0.048125 0.03479428070188183
0.0425 0.032526081088795136
0.036875000000000005 0.03007356499621927
0.03125 0.027410779192158233
0.025625000000000002 0.024510676261725373
0.02 0.021317805989297563
0.02 0.021317805989297563
0.015 0.018032275931091756
0.01 0.014079646208795938
0.005 0.009223517682943902
0.0 0.003227491214069423
0.0 0.0012625109656126694
0.005 -0.008992584236141781
0.01 -0.009934946051205557
0.015 -0.011190296865778309
0.02 -0.013577177394857523
0.02 -0.013577177394857523
0.025625000000000002 -0.01609262979486801
0.03125 -0.017752607675819397
0.036875000000000005 -0.018871281874521677
0.0425 -0.01981065310310226
0.048125 -0.02078989674916929
0.053750000000000006 -0.021784047707539674
0.05937500000000001 -0.02274423379960857
0.065 -0.023621789896965763
0.07062500000000001 -0.024389767219389815
0.07625000000000001 -0.02506170816261986
0.081875 -0.025655580429138358
0.08750000000000001 -0.02618935172142778
0.09312500000000001 -0.026680770406861776
0.09875000000000002 -0.02713985117365419
0.10437500000000001 -0.027566998477172165
0.11000000000000001 -0.0279620165656608
0.11562500000000002 -0.028324709687365196
0.12125000000000001 -0.02865488209053045
0.12687500000000002 -0.028952526755176792
0.1325 -0.02921907614607715
0.138125 -0.029456625800302873
0.14375000000000002 -0.029667274785746687
0.149375 -0.029853122170301335
0.155 -0.030016267021859562
0.16062500000000002 -0.03015878701860993
0.16625 -0.030282056134965873
0.171875 -0.03038660196313239
0.17750000000000002 -0.030472901864702397
0.183125 -0.03054143320126879
0.18875 -0.03059267333442448
0.19437500000000002 -0.030627099625762395
0.2 -0.030645192009830236
0.2 -0.030645192009830236
0.22608695652173916 -0.030534727775707468
0.2521739130434783 -0.030157569193999475
0.27826086956521745 -0.029561943165150487
0.30434782608695654 -0.028768469568520666
0.3304347826086957 -0.02780623175566258
0.35652173913043483 -0.026708599070148394
0.3826086956521739 -0.025492932990312793
0.4086956521739131 -0.02417031200303299
0.4347826086956522 -0.022757190928607715
0.46086956521739136 -0.021271304003102533
0.4869565217391305 -0.019725464669249536
0.5130434782608697 -0.018130786507591586
0.5391304347826088 -0.016499903309786377
0.5652173913043479 -0.01484564900674008
0.5913043478260871 -0.013176691854225552
0.6173913043478262 -0.01150011677362903
0.6434782608695653 -0.009829285898063657
0.6695652173913045 -0.008180814698345357
0.6956521739130436 -0.006565068957760833
0.7217391304347827 -0.00498952385217952
0.7478260869565219 -0.003473429819827434
0.7739130434782611 -0.00204175651495172
0.8 -0.0007108035491368966
0.8 -0.0007108035491368966
0.805625 -0.0004383102739209549
0.81125 -0.00017157791437491632
0.816875 8.894393165114465e-05
0.8225 0.0003428056663071536
0.828125 0.000589557691743036
0.83375 0.0008287504101087177
0.839375 0.0010599342235541242
0.845 0.0012826585335694207
0.8506250000000001 0.0014964455586523966
0.8562500000000001 0.0017007877950171817
0.8618750000000001 0.0018951762290898451
0.8675 0.0020791018472964494
0.873125 0.0022520556360630588
0.87875 0.002413528581815737
0.884375 0.002562996640233938
0.89 0.0026995878857395935
0.895625 0.0028220812993678852
0.90125 0.002929240588980632
0.906875 0.0030198294624396473
0.9125 0.0030926116276067464
0.918125 0.0031463408535091315
0.92375 0.003179224709484263
0.9293750000000001 0.003188651787244453
0.935 0.0031719433622228238
0.940625 0.0031264207098525075
0.94625 0.0030494048038437497
0.951875 0.0029379463625982113
0.9575 0.0027883287054705475
0.963125 0.002596699867505902
0.96875 0.0023592078837494155
0.974375 0.002071856501237405
0.98 0.0017299307678018622
0.98 0.0017299307678018622
0.985 0.0013761891040744386
0.99 0.0009719943445245125
0.995 0.000514242979202258
1.0 0.0
