1.0 0.0
0.995 0.0013049753941021033
0.99 0.0027070416244170804
0.985 0.004128601066954097
0.98 0.0055104158608175365
0.98 0.0055104158608175365
0.974375 0.007003178595061921
0.96875 0.00842480027209838
0.963125 0.009775873806310759
0.9575 0.011072609852221324
0.951875 0.012333500164943117
0.94625 0.013576926754500986
0.940625 0.014814811603502395
0.935 0.01604913469136822
0.9293750000000001 0.017281029020751976
0.92375 0.018511627594307196
0.918125 0.019742039017862954
0.9125 0.020972864240846375
0.906875 0.02220422459683577
0.90125 0.023436222636372062
0.895625 0.024668960909996176
0.89 0.025902541968249045
0.884375 0.02713705242936102
0.87875 0.028372475187248777
0.873125 0.029608751618233627
0.8675 0.03084582298853341
0.8618750000000001 0.032083630564365986
0.8562500000000001 0.03332211561194922
0.8506250000000001 0.0345612156367169
0.845 0.03580072571084275
0.839375 0.03704025803102384
0.83375 0.03827941278601438
0.828125 0.03951779016456856
0.8225 0.040754990355440585
0.816875 0.041990613547384634
0.81125 0.04322426100498095
0.805625 0.044455597320160196
0.8 0.04568438454585117
0.8 0.04568438454585117
0.7739130434782611 0.05134314160667838
0.7478260869565219 0.05691695587506075
0.7217391304347827 0.06236714051569267
0.6956521739130436 0.06765450794454464
0.6695652173913045 0.07275129738555615
0.6434782608695653 0.07762420637784143
0.6173913043478262 0.08222974644538691
0.5913043478260871 0.08653075227913651
0.5652173913043479 0.0904947412316427
0.5391304347826088 0.09407103595481785
0.5130434782608697 0.09719612417735131
0.4869565217391305 0.09979489760521643
0.46086956521739136 0.10179713051883314
0.4347826086956522 0.10316850242408918
0.4086956521739131 0.10389944515788334
0.3826086956521739 0.10401594207269513
0.35652173913043483 0.10354627052152825
0.3304347826086957 0.10251452434482086
0.30434782608695654 0.10093099382253742
0.27826086956521745 0.09879142044525559
0.2521739130434783 0.09606508834726908
0.22608695652173916 0.09270874708242309
0.2 0.08866836726848132
0.2 0.08866836726848132
0.19437500000000002 0.08770042487881347
0.18875 0.08669618800738041
0.183125 0.08565475927594549
0.17750000000000002 0.08457522053763958
0.171875 0.08345635667427116
0.16625 0.08229673081180772
0.16062500000000002 0.08109490075406937
0.155 0.0798494243048763
0.149375 0.07855885926804865
0.14375000000000002 0.07722175760396764
0.138125 0.07583627393594036
0.1325 0.07439991852673929
0.12687500000000002 0.0729101427415454
0.12125000000000001 0.07136439794553968
0.11562500000000002 0.06976013550390306
0.11000000000000001 0.06809471475321847
0.10437500000000001 0.06636411315027184
0.09875000000000002 0.06456324188727916
0.09312500000000001 0.06268698458417239
0.08750000000000001 0.06073022486088358
0.081875 0.05868774115532692
0.07625000000000001 0.05655205152382295
0.07062500000000001 0.054313498496856356
0.065 0.05196233640183498
0.05937500000000001 0.049488816987612184
0.053750000000000006 0.04688062376279266
0.048125 0.04411805267743447
0.0425 0.041180079461708805
0.036875000000000005 0.03804485922983402
0.03125 0.0346627430222203
0.025625000000000002 0.030950169710195614
0.02 0.02681945348245377
0.02 0.02681945348245377
0.015 0.022686498161556042
0.01 0.017979790829988653
0.005 0.01208363369686295
0.0 0.0003448785967342247
0.0 4.933183105574968e-05
0.005 -0.00727755763794272
0.01 -0.010800291216025524
0.015 -0.013627537773342089
0.02 -0.01607699167957116
0.02 -0.01607699167957116
0.025625000000000002 -0.018501605528175365
0.03125 -0.020674136617523035
0.036875000000000005 -0.02266780064302946
0.0425 -0.024510971496797603
0.048125 -0.026228178141016478
0.053750000000000006 -0.027843188342533874
0.05937500000000001 -0.02937044816922982
0.065 -0.030818157295149216
0.07062500000000001 -0.03219440033066906
0.07625000000000001 -0.03350726107995685
0.081875 -0.034763926220252754
0.08750000000000001 -0.03596896817486422
0.09312500000000001 -0.03712648577728647
0.09875000000000002 -0.038240577861014716
0.10437500000000001 -0.03931534325954415
0.11000000000000001 -0.04035472225072001
0.11562500000000002 -0.041361267905821536
0.12125000000000001 -0.042336815975168335
0.12687500000000002 -0.043283196188965485
0.1325 -0.044202238277418024
0.138125 -0.04509577197073103
0.14375000000000002 -0.04596557602831644
0.149375 -0.046812779775587385
0.155 -0.047638064845925525
0.16062500000000002 -0.04844210400881071
0.16625 -0.049225570033722736
0.171875 -0.04998913569014148
0.17750000000000002 -0.05073347374754675
0.183125 -0.05145923986066897
0.18875 -0.05216698769795248
0.19437500000000002 -0.052857233306561904
0.2 -0.05353049267416801
0.2 -0.05353049267416801
0.22608695652173916 -0.05644560327101141
0.2521739130434783 -0.05904338361899985
0.27826086956521745 -0.06133341183593616
0.30434782608695654 -0.06332970386632483
0.3304347826086957 -0.06505050793876602
0.35652173913043483 -0.06649635668156309
0.3826086956521739 -0.0676598993324054
0.4086956521739131 -0.06853588354675358
0.4347826086956522 -0.06911659507441044
0.46086956521739136 -0.06938446779361278
0.4869565217391305 -0.06931938387497655
0.5130434782608697 -0.0688996066627249
0.5391304347826088 -0.06808379288269042
0.5652173913043479 -0.06679551035377822
0.5913043478260871 -0.06490768802010763
0.6173913043478262 -0.06224246885606676
0.6434782608695653 -0.05870809732950949
0.6695652173913045 -0.05429797511312242
0.6956521739130436 -0.04912567512254429
0.7217391304347827 -0.043385580418267254
0.7478260869565219 -0.03737045187420629
0.7739130434782611 -0.031346412859436644
0.8 -0.0255131274667492
0.8 -0.0255131274667492
0.805625 -0.024294021287253748
0.81125 -0.023090453200207944
0.816875 -0.021903213239904143
0.8225 -0.02073309144063468
0.828125 -0.019580879342715615
0.83375 -0.018447488887104724
0.839375 -0.017334038327939203
0.845 -0.016241666186185257
0.8506250000000001 -0.015171510982809052
0.8562500000000001 -0.014124711238776825
0.8618750000000001 -0.013102405475054748
0.8675 -0.012105732212609013
0.873125 -0.011135824343414853
0.87875 -0.010193791136190173
0.884375 -0.009280735663536094
0.89 -0.008397760998029528
0.895625 -0.007545970212247395
0.90125 -0.006726466378766609
0.906875 -0.0059403550719280985
0.9125 -0.005188890068345406
0.918125 -0.004473553770237785
0.92375 -0.0037958481199380344
0.9293750000000001 -0.0031572750597789463
0.935 -0.002559336532093349
0.940625 -0.0020035869199552365
0.94625 -0.0014925010408075453
0.951875 -0.00102933883094332
0.9575 -0.0006173853896076769
0.963125 -0.00025992581604573526
0.96875 3.875954083291603e-05
0.974375 0.00026803584998234315
0.98 0.00041476958865912584
0.98 0.00041476958865912584
0.985 0.0004652472194005149
0.99 0.00042688286092488093
0.995 0.000278978975668406
1.0 0.0
