1.0 0.0
0.995 0.0017515646264486624
0.99 0.003563162797967416
0.985 0.005328090602776217
0.98 0.006987844300395053
0.98 0.006987844300395053
0.974375 0.008726493071516862
0.96875 0.01033192535996127
0.963125 0.011824451998922327
0.9575 0.013233622134455832
0.951875 0.014588991180465407
0.94625 0.015911964467749472
0.940625 0.01720886132050416
0.935 0.01848436711651955
0.9293750000000001 0.019743167233585702
0.92375 0.020989319107697045
0.918125 0.022223023252031664
0.9125 0.023443016750258863
0.906875 0.024648033885910248
0.90125 0.025836808942517435
0.895625 0.02700824875145194
0.89 0.028163954273228483
0.884375 0.029307659394829925
0.87875 0.03044315638737655
0.873125 0.03157423752198864
0.8675 0.03270469506978649
0.8618750000000001 0.033838145639402455
0.8562500000000001 0.03497490492406764
0.8506250000000001 0.03611235266948818
0.845 0.0372477662667411
0.839375 0.038378423106903384
0.83375 0.039501600581052065
0.828125 0.040614576080264204
0.8225 0.041714981148517245
0.816875 0.0428029484382088
0.81125 0.04387968766038345
0.805625 0.04494641273280232
0.8 0.04600433757322648
0.8 0.04600433757322648
0.7739130434782611 0.05082796485845137
0.7478260869565219 0.0555270873826458
0.7217391304347827 0.06006108705151063
0.6956521739130436 0.06441021191669782
0.6695652173913045 0.06856621377113316
0.6434782608695653 0.0725187544419616
0.6173913043478262 0.07625314458736833
0.5913043478260871 0.07974578216370029
0.5652173913043479 0.08297523246668133
0.5391304347826088 0.08592562268805878
0.5130434782608697 0.08857887889160546
0.4869565217391305 0.09091350217389366
0.46086956521739136 0.09290628487992712
0.4347826086956522 0.09453248710644054
0.4086956521739131 0.09576575597838023
0.3826086956521739 0.09657822488527495
0.35652173913043483 0.09693864944510323
0.3304347826086957 0.09681423132587305
0.30434782608695654 0.09617197524931223
0.27826086956521745 0.09496399986980614
0.2521739130434783 0.0931138078012528
0.22608695652173916 0.0905506423743318
0.2 0.0872137397292191
0.2 0.0872137397292191
0.19437500000000002 0.0863878578539279
0.18875 0.08552318363993698
0.183125 0.08461915424407211
0.17750000000000002 0.08367457430281568
0.171875 0.08268795997355048
0.16625 0.08165782594267634
0.16062500000000002 0.08058268689659297
0.155 0.07946105752170014
0.149375 0.07829144079007712
0.14375000000000002 0.07707197242473046
0.138125 0.0758003566013012
0.1325 0.07447427281642928
0.12687500000000002 0.07309140056675453
0.12125000000000001 0.07164941934891689
0.11562500000000002 0.07014590673748673
0.11000000000000001 0.06857717978800917
0.10437500000000001 0.06693870487986328
0.09875000000000002 0.0652259324334614
0.09312500000000001 0.06343431286921597
0.08750000000000001 0.06155920366029698
0.081875 0.05959360949901457
0.07625000000000001 0.057528056269394806
0.07062500000000001 0.055352951681221084
0.065 0.05305870344427679
0.05937500000000001 0.05063455328860338
0.053750000000000006 0.04806471732039614
0.048125 0.045332057909269814
0.0425 0.04241939143885819
0.036875000000000005 0.03929488287229323
0.03125 0.035891187683373654
0.025625000000000002 0.03213567847331607
0.02 0.027943022816927805
0.02 0.027943022816927805
0.015 0.023749511390659145
0.01 0.018970632914665893
0.005 0.012771817839795224
0.0 0.0010644993648206756
0.0 -0.010752195933701712
0.005 -0.008492816545457537
0.01 -0.012455162217876542
0.015 -0.015869156105459796
0.02 -0.018610801939807752
0.02 -0.018610801939807752
0.025625000000000002 -0.021295263638175445
0.03125 -0.023797010495257783
0.036875000000000005 -0.026129521204271616
0.0425 -0.02829202816964513
0.048125 -0.030290594303465458
0.053750000000000006 -0.03214625911423935
0.05937500000000001 -0.03388204837336984
0.065 -0.035520972823226284
0.07062500000000001 -0.03708112081994881
0.07625000000000001 -0.03856859032806872
0.081875 -0.039987688272932455
0.08750000000000001 -0.041342721579886506
0.09312500000000001 -0.04263798795703167
0.09875000000000002 -0.04387736554182247
0.10437500000000001 -0.04506414908892223
0.11000000000000001 -0.04620159025343265
0.11562500000000002 -0.04729294069045548
0.12125000000000001 -0.048341452055092445
0.12687500000000002 -0.04935011453718627
0.1325 -0.050320435167214524
0.138125 -0.05125339865067482
0.14375000000000002 -0.05214998910992208
0.149375 -0.05301119066731124
0.155 -0.053837987445197244
0.16062500000000002 -0.05463131868226054
0.16625 -0.05539176300042518
0.171875 -0.056119725348261644
0.17750000000000002 -0.05681560956123806
0.183125 -0.057479819474822544
0.18875 -0.05811275892448325
0.19437500000000002 -0.05871483164572729
0.2 -0.05928637208232642
0.2 -0.05928637208232642
0.22608695652173916 -0.0615415064159243
0.2521739130434783 -0.0631462177731557
0.27826086956521745 -0.06402484717768551
0.30434782608695654 -0.06409130184420876
0.3304347826086957 -0.06335995468415045
0.35652173913043483 -0.061865852774889596
0.3826086956521739 -0.05965006883952831
0.4086956521739131 -0.056789241960319266
0.4347826086956522 -0.05338832217867196
0.46086956521739136 -0.049591910843924135
0.4869565217391305 -0.04554865790283545
0.5130434782608697 -0.04135872496128966
0.5391304347826088 -0.03710223013362379
0.5652173913043479 -0.03283233173466732
0.5913043478260871 -0.02859485805209252
0.6173913043478262 -0.02443491477032038
0.6434782608695653 -0.020396427677894267
0.6695652173913045 -0.016517871633822023
0.6956521739130436 -0.012835428513705907
0.7217391304347827 -0.009382717995593181
0.7478260869565219 -0.006192813252728865
0.7739130434782611 -0.003302228133103946
0.8 -0.0007492363442806547
0.8 -0.0007492363442806547
0.805625 -0.0002468430997566769
0.81125 0.00023758736905371162
0.816875 0.0007036480083156755
0.8225 0.0011509317641943792
0.828125 0.0015790214938480964
0.83375 0.0019873785082338423
0.839375 0.0023753836292743453
0.845 0.002742416241163387
0.8506250000000001 0.0030878557280947547
0.8562500000000001 0.003411081474262216
0.8618750000000001 0.003711472863859557
0.8675 0.00398840928108056
0.873125 0.004241213505718209
0.87875 0.004468918671181027
0.884375 0.004670465511330195
0.89 0.004844794720040452
0.895625 0.004990846991186542
0.90125 0.005107563018643206
0.906875 0.0051938834777424175
0.9125 0.0052486128358016325
0.918125 0.00527009228901891
0.92375 0.005256564630237096
0.9293750000000001 0.005206272652299034
0.935 0.005117459148047572
0.940625 0.004988362839331915
0.94625 0.0048165269223243105
0.951875 0.004598017946752767
0.9575 0.004328713815221833
0.963125 0.004004492430336065
0.96875 0.003621114097186602
0.974375 0.003172187651725695
0.98 0.0026494392108772813
0.98 0.0026494392108772813
0.985 0.0021160593076244324
0.99 0.0015090875672227402
0.995 0.0008104236913380103
1.0 0.0
