1.0 0.0
0.995 0.0017981446099840594
0.99 0.003757340696974966
0.985 0.005780933482759515
0.98 0.007795688200656792
0.98 0.007795688200656792
0.974375 0.009999536869494324
0.96875 0.012086169982020036
0.963125 0.014042981623661587
0.9575 0.01588143722362174
0.951875 0.017613358821706445
0.94625 0.019252090249522954
0.940625 0.020813101253007598
0.935 0.02231201970689122
0.9293750000000001 0.023764460556514332
0.92375 0.02518264554046416
0.918125 0.02657087718453796
0.9125 0.027932330310706893
0.906875 0.029270179740942093
0.90125 0.03058759943507714
0.895625 0.0318871767716911
0.89 0.03316989255877405
0.884375 0.034436455022986236
0.87875 0.0356875723909879
0.873125 0.03692395288943931
0.8675 0.0381463047976594
0.8618750000000001 0.03935534103301455
0.8562500000000001 0.040551782712535685
0.8506250000000001 0.04173635179156985
0.845 0.04290977022546415
0.839375 0.04407275996956556
0.83375 0.04522604297922118
0.828125 0.04637029453593233
0.8225 0.04750576285952769
0.816875 0.048632467126846664
0.81125 0.04975042433096387
0.805625 0.050859651464953984
0.8 0.05196016552189164
0.8 0.05196016552189164
0.7739130434782611 0.05695101686821365
0.7478260869565219 0.06176198185602476
0.7217391304347827 0.06639929044953197
0.6956521739130436 0.070857450789264
0.6695652173913045 0.07512911853912693
0.6434782608695653 0.07920821893385165
0.6173913043478262 0.08308502956971246
0.5913043478260871 0.08674558946897284
0.5652173913043479 0.09017386534782462
0.5391304347826088 0.09335213200574756
0.5130434782608697 0.0962599555255904
0.4869565217391305 0.09887504564951648
0.46086956521739136 0.10117273921110638
0.4347826086956522 0.10312582051118152
0.4086956521739131 0.10469954927169776
0.3826086956521739 0.10585523915709988
0.35652173913043483 0.10654893920556707
0.3304347826086957 0.10672615052287876
0.30434782608695654 0.10631562342246079
0.27826086956521745 0.10524508999223885
0.2521739130434783 0.1034393029646537
0.22608695652173916 0.10080383929947523
0.2 0.09724349025850419
0.2 0.09724349025850419
0.19437500000000002 0.09634617092591939
0.18875 0.09540059183434028
0.183125 0.09440505557652298
0.17750000000000002 0.09335783330566769
0.171875 0.09225719617497462
0.16625 0.09110141533764397
0.16062500000000002 0.0898887619007162
0.155 0.08861742459560082
0.149375 0.08728533993742721
0.14375000000000002 0.08589039633528948
0.138125 0.08443048219828186
0.1325 0.08290348593549855
0.12687500000000002 0.08130729091238192
0.12125000000000001 0.0796394206885229
0.11562500000000002 0.07789680549120359
0.11000000000000001 0.07607632010378007
0.10437500000000001 0.0741748393096084
0.09875000000000002 0.07218923715245434
0.09312500000000001 0.07011523226323264
0.08750000000000001 0.06794505150818489
0.081875 0.06567026470698772
0.07625000000000001 0.06328244167931787
0.07062500000000001 0.06077311080580375
0.065 0.058132765070015094
0.05937500000000001 0.055350814161628986
0.053750000000000006 0.052416616745766316
0.048125 0.04931837082653696
0.0425 0.04601953283803243
0.036875000000000005 0.04245985665754193
0.03125 0.03857823694468634
0.025625000000000002 0.034327599353568425
0.02 0.029689717966996397
0.02 0.029689717966996397
0.015 0.025197371656251365
0.01 0.019835546940176977
0.005 0.012726408516895531
0.0 0.0029833233237155643
0.0 -0.001828743611941032
0.005 -0.010007576486446379
0.01 -0.014563047963011671
0.015 -0.017281267268520334
0.02 -0.019719931912499353
0.02 -0.019719931912499353
0.025625000000000002 -0.02247075155288724
0.03125 -0.025031196612375853
0.036875000000000005 -0.027250455374729594
0.0425 -0.029170814816252923
0.048125 -0.03087657868759936
0.053750000000000006 -0.03245031141908481
0.05937500000000001 -0.03393276373705279
0.065 -0.03532184206970108
0.07062500000000001 -0.03661350736774803
0.07625000000000001 -0.03780373278630701
0.081875 -0.0388924887265615
0.08750000000000001 -0.03988948244160076
0.09312500000000001 -0.040805875606010004
0.09875000000000002 -0.04165282989437446
0.10437500000000001 -0.04244150209997113
0.11000000000000001 -0.04318001723571112
0.11562500000000002 -0.04386830263073156
0.12125000000000001 -0.04450491370021095
0.12687500000000002 -0.0450884058593278
0.1325 -0.0456173345232606
0.138125 -0.04609030693588673
0.14375000000000002 -0.04650775780286433
0.149375 -0.04687239271966585
0.155 -0.04718705911019408
0.16062500000000002 -0.047454604398351884
0.16625 -0.04767787600804203
0.171875 -0.04785972129746214
0.17750000000000002 -0.048002617885626445
0.183125 -0.048107805606332134
0.18875 -0.04817626557199977
0.19437500000000002 -0.04820897889504993
0.2 -0.04820692668790318
0.2 -0.04820692668790318
0.22608695652173916 -0.04777165557747217
0.2521739130434783 -0.046713866152676455
0.27826086956521745 -0.045136150244847704
0.30434782608695654 -0.04311603209520244
0.3304347826086957 -0.0407206319266514
0.35652173913043483 -0.03801000865657266
0.3826086956521739 -0.03504616505739041
0.4086956521739131 -0.03189541212769423
0.4347826086956522 -0.02862957711760437
0.46086956521739136 -0.025326856983005217
0.4869565217391305 -0.022049038217523454
0.5130434782608697 -0.018833421290305154
0.5391304347826088 -0.015709506285193717
0.5652173913043479 -0.012695272026064958
0.5913043478260871 -0.009807524106330923
0.6173913043478262 -0.00706355544900147
0.6434782608695653 -0.004480725708605123
0.6695652173913045 -0.0020762853070784735
0.6956521739130436 0.00013252481669652532
0.7217391304347827 0.00212831498524336
0.7478260869565219 0.003893544954609133
0.7739130434782611 0.005409964345394949
0.8 0.006657002564960166
0.8 0.006657002564960166
0.805625 0.006887478462943196
0.81125 0.0071034430148899565
0.816875 0.007304496558368842
0.8225 0.007490239430948252
0.828125 0.0076602709955798255
0.83375 0.007814143641302755
0.839375 0.007951342888405667
0.845 0.008071349147387346
0.8506250000000001 0.008173642828746568
0.8562500000000001 0.008257704342982104
0.8618750000000001 0.008323014100592744
0.8675 0.00836905251207726
0.873125 0.008395279216988879
0.87875 0.008400913169890748
0.884375 0.008385018412981593
0.89 0.008346656423082742
0.895625 0.00828488867701553
0.90125 0.008198776651601276
0.906875 0.00808738182366132
0.9125 0.007949568084711842
0.918125 0.007782999033014811
0.92375 0.007584887477462997
0.9293750000000001 0.007352445420764508
0.935 0.007082884865627459
0.940625 0.0067734177053378536
0.94625 0.006420995186057638
0.951875 0.0060217493556132115
0.9575 0.005571651736896725
0.963125 0.005066673852800313
0.96875 0.004502756799517557
0.974375 0.0038749924716707444
0.98 0.0031775312099676257
0.98 0.0031775312099676257
0.985 0.002494286115266809
0.99 0.0017454846432082968
0.995 0.0009187248666360609
1.0 0.0
