1.0 0.0
0.995 0.0016804976196356138
0.99 0.003493621698547324
0.985 0.005392286528094313
0.98 0.007337191033102843
0.98 0.007337191033102843
0.974375 0.009546353480675424
0.96875 0.011742248687648251
0.963125 0.013900837831793699
0.9575 0.016010518843273532
0.951875 0.018060187946573845
0.94625 0.020041813678664294
0.940625 0.021957649834732144
0.935 0.023812100030570264
0.9293750000000001 0.025609567881971503
0.92375 0.027354573695060298
0.918125 0.029052408133645943
0.9125 0.030708674141965094
0.906875 0.03232897555379649
0.90125 0.033918916202918786
0.895625 0.035483734005942326
0.89 0.03702608998412599
0.884375 0.03854753824298445
0.87875 0.04004962861766942
0.873125 0.04153391094333264
0.8675 0.04300193504506299
0.8618750000000001 0.044455002179018405
0.8562500000000001 0.04589351978708833
0.8506250000000001 0.04731769448115516
0.845 0.04872773287310129
0.839375 0.050123841574809085
0.83375 0.05150622719816093
0.828125 0.052875097268649696
0.8225 0.05423067357670802
0.816875 0.055573189206238945
0.81125 0.056902877550279216
0.805625 0.058219972001865614
0.8 0.059524705954034904
0.8 0.059524705954034904
0.7739130434782611 0.06541918804320095
0.7478260869565219 0.07105553279163895
0.7217391304347827 0.07643015508093601
0.6956521739130436 0.08154758140542787
0.6695652173913045 0.08640287675876147
0.6434782608695653 0.09097568879452003
0.6173913043478262 0.09525238430511529
0.5913043478260871 0.09922446762688024
0.5652173913043479 0.10287530766047562
0.5391304347826088 0.10618246490797689
0.5130434782608697 0.1091144843335236
0.4869565217391305 0.11163276701556366
0.46086956521739136 0.11368536515441993
0.4347826086956522 0.11522493872909849
0.4086956521739131 0.11621785193147816
0.3826086956521739 0.11664396492622688
0.35652173913043483 0.1164949588965002
0.3304347826086957 0.11574717307746012
0.30434782608695654 0.11436574658061614
0.27826086956521745 0.11230878918183147
0.2521739130434783 0.10952481993504083
0.22608695652173916 0.10594914456318666
0.2 0.1015095086411279
0.2 0.1015095086411279
0.19437500000000002 0.10043105476901497
0.18875 0.09930715080883017
0.183125 0.09813656419385801
0.17750000000000002 0.09691806235738298
0.171875 0.09565041273268968
0.16625 0.09433235628768755
0.16062500000000002 0.09296234536403787
0.155 0.09153865474971663
0.149375 0.0900595566391718
0.14375000000000002 0.08852332322685148
0.138125 0.08692822670720363
0.1325 0.08527243037964957
0.12687500000000002 0.0835531100937241
0.12125000000000001 0.08176691595170398
0.11562500000000002 0.07991049316664336
0.11000000000000001 0.07798048695159633
0.10437500000000001 0.07597351965613978
0.09875000000000002 0.07388497245367524
0.09312500000000001 0.07170837426957453
0.08750000000000001 0.06943710277753595
0.081875 0.06706453565125761
0.07625000000000001 0.06458391224549885
0.07062500000000001 0.06198608897228202
0.065 0.05925991313455173
0.05937500000000001 0.056394169166205245
0.053750000000000006 0.053377236143969865
0.048125 0.050184350177667994
0.0425 0.04677504966688689
0.036875000000000005 0.04310795164639329
0.03125 0.039142453471461815
0.025625000000000002 0.03484127126013481
0.02 0.0301665279555657
0.02 0.0301665279555657
0.015 0.025510265704901305
0.01 0.019897585003793693
0.005 0.012821830518240904
0.0 0.00377634691424099
0.0 -6.868913723202717e-05
0.005 -0.010088528732488914
0.01 -0.012708832711225249
0.015 -0.013631020048731877
0.02 -0.015414083693720769
0.02 -0.015414083693720769
0.025625000000000002 -0.017856794473279036
0.03125 -0.01999130526048326
0.036875000000000005 -0.021591649903287012
0.0425 -0.02283840895010211
0.048125 -0.02392069598049845
0.053750000000000006 -0.024995007859937263
0.05937500000000001 -0.026076125842331658
0.065 -0.027140351786067867
0.07062500000000001 -0.028163986807413527
0.07625000000000001 -0.029123782441261726
0.081875 -0.030011236657591204
0.08750000000000001 -0.03083554249822593
0.09312500000000001 -0.03160693930045867
0.09875000000000002 -0.032335666401582266
0.10437500000000001 -0.03303196274248386
0.11000000000000001 -0.033704014825610924
0.11562500000000002 -0.03435317431648387
0.12125000000000001 -0.03497937191261216
0.12687500000000002 -0.03558253831150527
0.1325 -0.0361626042106727
0.138125 -0.03671950030762389
0.14375000000000002 -0.03725329653614147
0.149375 -0.03776472186143583
0.155 -0.03825470003977467
0.16062500000000002 -0.038724154856492714
0.16625 -0.039174010096924686
0.171875 -0.03960518954640532
0.17750000000000002 -0.04001861631899615
0.183125 -0.04041499366992729
0.18875 -0.040794489302490224
0.19437500000000002 -0.04115719092304732
0.2 -0.04150318623796095
0.2 -0.04150318623796095
0.22608695652173916 -0.04289196019774883
0.2521739130434783 -0.043933494765692006
0.27826086956521745 -0.044638316932130585
0.30434782608695654 -0.04499197938640588
0.3304347826086957 -0.04495841640869647
0.35652173913043483 -0.04447825622504794
0.3826086956521739 -0.04349386249842518
0.4086956521739131 -0.04198131766782594
0.4347826086956522 -0.039918335539061836
0.46086956521739136 -0.037271170343949514
0.4869565217391305 -0.03404954419278311
0.5130434782608697 -0.03033886164791748
0.5391304347826088 -0.02627023078227676
0.5652173913043479 -0.022027936529120003
0.5913043478260871 -0.0177603919084687
0.6173913043478262 -0.013560514188491109
0.6434782608695653 -0.00950344546245143
0.6695652173913045 -0.005642551580058377
0.6956521739130436 -0.0020285569082812726
0.7217391304347827 0.0012891864230174476
0.7478260869565219 0.004262044995779804
0.7739130434782611 0.006842652496481096
0.8 0.008982364516465786
0.8 0.008982364516465786
0.805625 0.009380945858132265
0.81125 0.009756088912232518
0.816875 0.010107268617102205
0.8225 0.010433932441208504
0.828125 0.01073529175306236
0.83375 0.011010437610527984
0.839375 0.01125846011403672
0.845 0.011478449364019913
0.8506250000000001 0.011669495460908908
0.8562500000000001 0.011830688505135039
0.8618750000000001 0.011961118597129658
0.8675 0.012059823476389673
0.873125 0.012125178153581133
0.87875 0.012155102933285014
0.884375 0.01214750922346708
0.89 0.012100308432093096
0.895625 0.012011411967128825
0.90125 0.011878731236540036
0.906875 0.01170017190759235
0.9125 0.011473435182624859
0.918125 0.011195966997964582
0.92375 0.010865197231921997
0.9293750000000001 0.01047855576280754
0.935 0.010033472468931694
0.940625 0.009527381456470972
0.94625 0.008958075390052568
0.951875 0.008323973245417175
0.9575 0.007623557056437089
0.963125 0.006855308856984603
0.96875 0.00601770115608594
0.974375 0.005108967442767168
0.98 0.0041270905484148334
0.98 0.0041270905484148334
0.985 0.0031912666457993583
0.99 0.00219415580965284
0.995 0.0011318728035130707
1.0 0.0
