1.0 0.0
0.995 0.0002704361024696622
0.99 0.0006076529665505843
0.985 0.0009919094473633276
0.98 0.001408316399234534
0.98 0.001408316399234534
0.974375 0.0019048744627311017
0.96875 0.0024205143304275954
0.963125 0.0029478618266044285
0.9575 0.0034845475894834713
0.951875 0.004028555915985332
0.94625 0.0045779197330239945
0.940625 0.00513176528354564
0.935 0.005690298321296846
0.9293750000000001 0.006253770468831443
0.92375 0.0068224333487032695
0.918125 0.007396557278942974
0.9125 0.007976654787422247
0.906875 0.00856340735114031
0.90125 0.009157499891861133
0.895625 0.009759617331348705
0.89 0.010370444591366997
0.884375 0.010990601001874233
0.87875 0.011620254280173756
0.873125 0.012259382011113826
0.8675 0.01290796111654142
0.8618750000000001 0.013565968518303502
0.8562500000000001 0.01423338113824704
0.8506250000000001 0.014910175944010808
0.845 0.015596358344518115
0.839375 0.016292010651577184
0.83375 0.01699722804699032
0.828125 0.017712105712559816
0.8225 0.01843673883008796
0.816875 0.019171222581377056
0.81125 0.01991565214822939
0.805625 0.020670109560763067
0.8 0.021434528315697105
0.8 0.021434528315697105
0.7739130434782611 0.025105222174501545
0.7478260869565219 0.028971243808654602
0.7217391304347827 0.03302655875174785
0.6956521739130436 0.03727128529685304
0.6695652173913045 0.04169816021568147
0.6434782608695653 0.04629627016206409
0.6173913043478262 0.05105617331491756
0.5913043478260871 0.055968122329541174
0.5652173913043479 0.0610158219804474
0.5391304347826088 0.06617970603331519
0.5130434782608697 0.07143658344532755
0.4869565217391305 0.07675641089355865
0.46086956521739136 0.08207510914373928
0.4347826086956522 0.08728477073347088
0.4086956521739131 0.09212753593989176
0.3826086956521739 0.09631025262304904
0.35652173913043483 0.09957277861613682
0.3304347826086957 0.10174937492786483
0.30434782608695654 0.10278979947958743
0.27826086956521745 0.10266790236009389
0.2521739130434783 0.1014001237862568
0.22608695652173916 0.09906878751842096
0.2 0.09571378300288384
0.2 0.09571378300288384
0.19437500000000002 0.09485574543659515
0.18875 0.09394844462822706
0.183125 0.0929910116583975
0.17750000000000002 0.09198257760772428
0.171875 0.09092227216780069
0.16625 0.08980896695546761
0.16062500000000002 0.088640974713153
0.155 0.08741653511922404
0.149375 0.08613388785204788
0.14375000000000002 0.08479127258999174
0.138125 0.08338692200102214
0.1325 0.0819188215688355
0.12687500000000002 0.08038464961434773
0.12125000000000001 0.07878206527462243
0.11562500000000002 0.0771087276867232
0.11000000000000001 0.07536229413826022
0.10437500000000001 0.07353916358554209
0.09875000000000002 0.07163228857733378
0.09312500000000001 0.06963403692223517
0.08750000000000001 0.06753677642884627
0.081875 0.06533291999403777
0.07625000000000001 0.06301671910007338
0.07062500000000001 0.06058486446101658
0.065 0.05803421502583948
0.05937500000000001 0.05536147568261975
0.053750000000000006 0.052545922969004656
0.048125 0.04953361854111326
0.0425 0.046266894837517135
0.036875000000000005 0.042698928448141195
0.03125 0.038875825034676334
0.025625000000000002 0.03489092894014565
0.02 0.030679171242805902
0.02 0.030679171242805902
0.015 0.026038334411170247
0.01 0.01986278671502139
0.005 0.01369164889516442
0.0 0.0009773358557171718
0.0 0.0003107260463629116
0.005 -0.007371940006278644
0.01 -0.010044084636640627
0.015 -0.011964514499565067
0.02 -0.013422658142163903
0.02 -0.013422658142163903
0.025625000000000002 -0.014734797671094495
0.03125 -0.015768621780329298
0.036875000000000005 -0.016582732936410573
0.0425 -0.017222472357313372
0.048125 -0.01771412473267111
0.053750000000000006 -0.018082498909053484
0.05937500000000001 -0.01835208311841506
0.065 -0.018539755380450086
0.07062500000000001 -0.018654649991762386
0.07625000000000001 -0.01870555392964278
0.081875 -0.018701254171382076
0.08750000000000001 -0.01865035260946733
0.09312500000000001 -0.018559457952332607
0.09875000000000002 -0.01843396442018645
0.10437500000000001 -0.018279248972107125
0.11000000000000001 -0.0181006885671729
0.11562500000000002 -0.017903660164462026
0.12125000000000001 -0.01769298684611593
0.12687500000000002 -0.017470784277601816
0.1325 -0.017238342153386318
0.138125 -0.01699694996608586
0.14375000000000002 -0.016747897208316882
0.149375 -0.01649247337269581
0.155 -0.01623196581398429
0.16062500000000002 -0.01596742612951301
0.16625 -0.015699459879455896
0.171875 -0.01542862299165809
0.17750000000000002 -0.015155471393964726
0.183125 -0.014880561014220951
0.18875 -0.0146044477802719
0.19437500000000002 -0.014327687619962719
0.2 -0.014050826742638505
0.2 -0.014050826742638505
0.22608695652173916 -0.012778244738041037
0.2521739130434783 -0.011555339485980531
0.27826086956521745 -0.01042005537250461
0.30434782608695654 -0.009404401845160108
0.3304347826086957 -0.00852310328204518
0.35652173913043483 -0.007772394248654687
0.3826086956521739 -0.0071354344192189
0.4086956521739131 -0.006581921888181819
0.4347826086956522 -0.006088538819656177
0.46086956521739136 -0.005642754285633207
0.4869565217391305 -0.005234769419965626
0.5130434782608697 -0.004858544058651761
0.5391304347826088 -0.00451051908872477
0.5652173913043479 -0.004192978042727265
0.5913043478260871 -0.003906856064754908
0.6173913043478262 -0.003644197615467379
0.6434782608695653 -0.003396821517905899
0.6695652173913045 -0.0031663976248805176
0.6956521739130436 -0.0029563707218818935
0.7217391304347827 -0.0027615702966100266
0.7478260869565219 -0.002575782491066727
0.7739130434782611 -0.0024025675177942805
0.8 -0.0022435827011277813
0.8 -0.0022435827011277813
0.805625 -0.0022100449138715422
0.81125 -0.0021764363763707127
0.816875 -0.0021426062931352145
0.8225 -0.0021084657201596636
0.828125 -0.002074057028180842
0.83375 -0.002039439363886525
0.839375 -0.0020046718739644863
0.845 -0.0019698137051024985
0.8506250000000001 -0.0019349240039883346
0.8562500000000001 -0.0019000619173097704
0.8618750000000001 -0.0018652125709612594
0.8675 -0.0018300634243323401
0.873125 -0.001794227122238963
0.87875 -0.0017573163094966586
0.884375 -0.0017189436309209595
0.89 -0.0016787217313273966
0.895625 -0.0016362495881843619
0.90125 -0.0015908770802641181
0.906875 -0.0015417366097725093
0.9125 -0.001487953272555932
0.918125 -0.0014286521644607832
0.92375 -0.0013629583813334607
0.9293750000000001 -0.001290011284989412
0.935 -0.0012090151021150973
0.940625 -0.0011191924853157678
0.94625 -0.0010197660884596032
0.951875 -0.0009099677244559484
0.9575 -0.0007899978324803438
0.963125 -0.0006618672924134777
0.96875 -0.00052778544353574
0.974375 -0.0003901704461560159
0.98 -0.00025611550698669894
0.98 -0.00025611550698669894
0.985 -0.00014939526913906358
0.99 -6.325189751372477e-05
0.995 -8.951667433405293e-06
1.0 0.0
