1.0 0.0
0.995 7.13445605877724e-05
0.99 0.0002721414449570419
0.985 0.0005616626409702712
0.98 0.0009043838090719796
0.98 0.0009043838090719796
0.974375 0.0013306315742427175
0.96875 0.001779294651429176
0.963125 0.0022314131903368108
0.9575 0.0026820513701252455
0.951875 0.0031311613791015934
0.94625 0.0035787004203346015
0.940625 0.00402482242076276
0.935 0.004471156148629066
0.9293750000000001 0.004919999679731512
0.92375 0.005373654428522469
0.918125 0.005834421809454277
0.9125 0.0063044945412417
0.906875 0.006784894794794404
0.90125 0.007275931502059199
0.895625 0.007777903457947061
0.89 0.008291109457368979
0.884375 0.00881584829523592
0.87875 0.009352397765737168
0.873125 0.009900741524829214
0.8675 0.010460646656829274
0.8618750000000001 0.011031875215827162
0.8562500000000001 0.011614189255912689
0.8506250000000001 0.012207350831175677
0.845 0.01281112199570595
0.839375 0.013425261868966686
0.83375 0.01404949826406436
0.828125 0.014683540054780935
0.8225 0.015327095851248532
0.816875 0.015979874263599272
0.81125 0.016641583901965278
0.805625 0.01731193337647866
0.8 0.01799063129842291
0.8 0.01799063129842291
0.7739130434782611 0.02124316810628789
0.7478260869565219 0.024665000716695997
0.7217391304347827 0.028243192909330674
0.6956521739130436 0.0319466601919223
0.6695652173913045 0.03574805956800502
0.6434782608695653 0.03962907186006109
0.6173913043478262 0.043570522811795485
0.5913043478260871 0.04755096877079293
0.5652173913043479 0.05154334813226891
0.5391304347826088 0.05551357860017245
0.5130434782608697 0.05943145794326206
0.4869565217391305 0.06327232413829466
0.46086956521739136 0.0670027577425299
0.4347826086956522 0.07057737837167818
0.4086956521739131 0.07394868975665626
0.3826086956521739 0.0770672658046869
0.35652173913043483 0.07987605090768474
0.3304347826086957 0.08230840495433073
0.30434782608695654 0.08427009984065885
0.27826086956521745 0.085642762516976
0.2521739130434783 0.08627143613409673
0.22608695652173916 0.08600096440009097
0.2 0.08469105970545748
0.2 0.08469105970545748
0.19437500000000002 0.08425972729185789
0.18875 0.08377279302397128
0.183125 0.08322898468278606
0.17750000000000002 0.08262646004507164
0.171875 0.0819626242026109
0.16625 0.08123483069468926
0.16062500000000002 0.0804404330605921
0.155 0.0795767848396048
0.149375 0.0786412619750242
0.14375000000000002 0.07763219446712182
0.138125 0.07654920201018185
0.1325 0.0753919957477875
0.12687500000000002 0.07416028682352194
0.12125000000000001 0.07285378638096833
0.11562500000000002 0.07147179332060423
0.11000000000000001 0.07001133092773945
0.10437500000000001 0.06846864157056717
0.09875000000000002 0.06683996691550385
0.09312500000000001 0.06512154862896602
0.08750000000000001 0.06330889569192431
0.081875 0.06139397390572524
0.07625000000000001 0.05936767946114863
0.07062500000000001 0.05722090832501414
0.065 0.054944417376930815
0.05937500000000001 0.05252661988699174
0.053750000000000006 0.049953980588509174
0.048125 0.04721290498728118
0.0425 0.0442845075615027
0.036875000000000005 0.0411147771658284
0.03125 0.03763539153350999
0.025625000000000002 0.03378126483406482
0.02 0.029515075678375736
0.02 0.029515075678375736
0.015 0.02535373329813608
0.01 0.020456205937267876
0.005 0.013795400568232103
0.0 0.0042801049636752376
0.0 0.00035688125238122917
0.005 -0.005661741793997833
0.01 -0.008391730481584278
0.015 -0.009502705431309235
0.02 -0.01048257205142729
0.02 -0.01048257205142729
0.025625000000000002 -0.011793740301785753
0.03125 -0.01311242151533159
0.036875000000000005 -0.014235430586069082
0.0425 -0.015135994599502165
0.048125 -0.01587878573530278
0.053750000000000006 -0.016529250360560747
0.05937500000000001 -0.017147717553513204
0.065 -0.017751178052043914
0.07062500000000001 -0.01833480701287603
0.07625000000000001 -0.018893613672422663
0.081875 -0.0194226072670969
0.08750000000000001 -0.01991774471180846
0.09312500000000001 -0.02038138084623677
0.09875000000000002 -0.020818517000237898
0.10437500000000001 -0.021234162919270484
0.11000000000000001 -0.021633328348793154
0.11562500000000002 -0.02202102303424909
0.12125000000000001 -0.022401435462732593
0.12687500000000002 -0.022775495263138566
0.1325 -0.0231433238415538
0.138125 -0.023505042604065086
0.14375000000000002 -0.023860772956759205
0.149375 -0.02421063630572294
0.155 -0.024554754664670587
0.16062500000000002 -0.02489327950361062
0.16625 -0.025226404323335696
0.171875 -0.02555432584722054
0.17750000000000002 -0.025877240798639862
0.183125 -0.026195345900968368
0.18875 -0.026508837877580776
0.19437500000000002 -0.026817913451231707
0.2 -0.027122730275368653
0.2 -0.027122730275368653
0.22608695652173916 -0.02848054474882784
0.2521739130434783 -0.029744827041857075
0.27826086956521745 -0.030909614204853345
0.30434782608695654 -0.03196575249151785
0.3304347826086957 -0.03290857996677704
0.35652173913043483 -0.033735875074201484
0.3826086956521739 -0.03444318902167709
0.4086956521739131 -0.03502651425008352
0.4347826086956522 -0.03549101750104818
0.46086956521739136 -0.035843897623879246
0.4869565217391305 -0.036082587352695754
0.5130434782608697 -0.03620094358533501
0.5391304347826088 -0.036194116738300405
0.5652173913043479 -0.036057590679163455
0.5913043478260871 -0.03578556714196657
0.6173913043478262 -0.035371877049237735
0.6434782608695653 -0.03481138890278011
0.6695652173913045 -0.03409564164340633
0.6956521739130436 -0.033196208167641
0.7217391304347827 -0.03208289858411369
0.7478260869565219 -0.030743076070698726
0.7739130434782611 -0.029162827740986125
0.8 -0.027318389706051462
0.8 -0.027318389706051462
0.805625 -0.02688405080465805
0.81125 -0.02643639364868107
0.816875 -0.02597527753695449
0.8225 -0.0255005617683123
0.828125 -0.02501210336586581
0.83375 -0.02450966028719294
0.839375 -0.02399285531040788
0.845 -0.02346130149566326
0.8506250000000001 -0.02291461190311168
0.8562500000000001 -0.022352399592905782
0.8618750000000001 -0.021774277625198186
0.8675 -0.021179853987974506
0.873125 -0.020568690675285856
0.87875 -0.01994032519266471
0.884375 -0.01929429481791089
0.89 -0.018630136828824202
0.895625 -0.017947388503204473
0.90125 -0.017245574339461188
0.906875 -0.016524115861215487
0.9125 -0.015782384876964293
0.918125 -0.015019752873414248
0.92375 -0.014235591337271987
0.9293750000000001 -0.01342907407242281
0.935 -0.012595826080743562
0.940625 -0.011728402745261452
0.94625 -0.010819258235399178
0.951875 -0.00986084845606711
0.9575 -0.008846377894122227
0.963125 -0.0077709644822965005
0.96875 -0.006630027508268898
0.974375 -0.005420526848724539
0.98 -0.004162801911204448
0.98 -0.004162801911204448
0.985 -0.003035453644917679
0.99 -0.0019301200440522536
0.995 -0.0008976034352203542
1.0 0.0
