1.0 0.0
0.995 0.0017237959598045537
0.99 0.0036005699710288204
0.985 0.005579564077922694
0.98 0.007615881352718833
0.98 0.007615881352718833
0.974375 0.009933055185876645
0.96875 0.01223357632891786
0.963125 0.014485431617092957
0.9575 0.016674922456184033
0.951875 0.01878955708654087
0.94625 0.02081919663281622
0.940625 0.022766308255729423
0.935 0.024637563148283095
0.9293750000000001 0.026439635408833113
0.92375 0.028179222948167427
0.918125 0.029863354914418674
0.9125 0.031499303201202915
0.906875 0.03309434527845902
0.90125 0.03465575861612587
0.895625 0.036190716446433915
0.89 0.03770380989515867
0.884375 0.03919694103781703
0.87875 0.040671886312413454
0.873125 0.04213042215695239
0.8675 0.0435743250094383
0.8618750000000001 0.045005339086677865
0.8562500000000001 0.04642455913812812
0.8506250000000001 0.04783247760335562
0.845 0.04922956414902423
0.839375 0.050616288441797636
0.83375 0.05199312014833967
0.828125 0.053360528935314115
0.8225 0.05471896321124762
0.816875 0.05606873565545464
0.81125 0.05741010557618834
0.805625 0.058743332154130724
0.8 0.060068674569963794
0.8 0.060068674569963794
0.7739130434782611 0.06611940604883398
0.7478260869565219 0.07202590267755227
0.7217391304347827 0.07779967173267281
0.6956521739130436 0.08343363376510013
0.6695652173913045 0.08891331150496413
0.6434782608695653 0.094229017244158
0.6173913043478262 0.09936878574572033
0.5913043478260871 0.1043121590429856
0.5652173913043479 0.10903635702793059
0.5391304347826088 0.11351664064705919
0.5130434782608697 0.11772293124695345
0.4869565217391305 0.12161817340691891
0.46086956521739136 0.12516002160648212
0.4347826086956522 0.12830059072385977
0.4086956521739131 0.130981506588766
0.3826086956521739 0.13313177810560647
0.35652173913043483 0.13464324754651508
0.3304347826086957 0.1354010902705655
0.30434782608695654 0.1353145857380663
0.27826086956521745 0.1342891028517049
0.2521739130434783 0.13221720199944215
0.22608695652173916 0.1289748338132234
0.2 0.12445407239833096
0.2 0.12445407239833096
0.19437500000000002 0.12330459774147438
0.18875 0.12209097382117083
0.183125 0.12081145033581486
0.17750000000000002 0.11946426618865141
0.171875 0.11804766028292545
0.16625 0.116559871521882
0.16062500000000002 0.11499912978154879
0.155 0.11336344512741524
0.149375 0.11165060082427584
0.14375000000000002 0.10985836971124707
0.138125 0.10798452462744543
0.1325 0.10602683841198722
0.12687500000000002 0.1039828603129695
0.12125000000000001 0.10184871594869245
0.11562500000000002 0.09961997256353847
0.11000000000000001 0.09729219608738861
0.10437500000000001 0.09486095245012399
0.09875000000000002 0.09232155623097897
0.09312500000000001 0.08966693006233208
0.08750000000000001 0.08688867267732397
0.081875 0.08397836879103382
0.07625000000000001 0.08092759940169365
0.07062500000000001 0.07772650240712824
0.065 0.07436159203857784
0.05937500000000001 0.07081882281527904
0.053750000000000006 0.06708410263493386
0.048125 0.06313210533254528
0.0425 0.05891174206160883
0.036875000000000005 0.05436832730741949
0.03125 0.04944776689502375
0.025625000000000002 0.04409963909717031
0.02 0.03827398928988618
0.02 0.03827398928988618
0.015 0.03247343465966082
0.01 0.025465552893155108
0.005 0.01658875128772439
0.0 0.005181437140724061
0.0 6e-05
0.005 -0.014483133849202395
0.01 -0.018170306832820924
0.015 -0.020012556969914688
0.02 -0.023098565467127453
0.02 -0.023098565467127453
0.025625000000000002 -0.02695199619805468
0.03125 -0.030105101271821377
0.036875000000000005 -0.032504590365349605
0.0425 -0.0344588717404006
0.048125 -0.03627016033928613
0.053750000000000006 -0.03807918650546098
0.05937500000000001 -0.03985694020008891
0.065 -0.04156635168243207
0.07062500000000001 -0.043170482040234645
0.07625000000000001 -0.04464913093664677
0.081875 -0.04601510721087215
0.08750000000000001 -0.04728508302492335
0.09312500000000001 -0.04847573054081287
0.09875000000000002 -0.049603676630092346
0.10437500000000001 -0.050680380533506174
0.11000000000000001 -0.051707429028259935
0.11562500000000002 -0.05268529714536614
0.12125000000000001 -0.05361445991583732
0.12687500000000002 -0.05449539237068604
0.1325 -0.05532860378628436
0.138125 -0.0561151557386016
0.14375000000000002 -0.05685655633589412
0.149375 -0.05755432647820488
0.155 -0.05820998706557689
0.16062500000000002 -0.05882505899805311
0.16625 -0.05940105818095499
0.171875 -0.05993912629242022
0.17750000000000002 -0.060439777473957436
0.183125 -0.06090346592686637
0.18875 -0.06133064585244677
0.19437500000000002 -0.06172177145199836
0.2 -0.06207729692682087
0.2 -0.06207729692682087
0.22608695652173916 -0.06326382779742827
0.2521739130434783 -0.06366338950609293
0.27826086956521745 -0.06317768616169736
0.30434782608695654 -0.0616312267556282
0.3304347826086957 -0.058968484994793215
0.35652173913043483 -0.055264118801151695
0.3826086956521739 -0.050813823452029415
0.4086956521739131 -0.045941263617185736
0.4347826086956522 -0.04091135274337841
0.46086956521739136 -0.03591989524622395
0.4869565217391305 -0.031043812458420555
0.5130434782608697 -0.02633073013716046
0.5391304347826088 -0.021790908024740124
0.5652173913043479 -0.017431271758990688
0.5913043478260871 -0.01326670471658679
0.6173913043478262 -0.009315035653994067
0.6434782608695653 -0.0056013182021149265
0.6695652173913045 -0.0021535091062564165
0.6956521739130436 0.0010010585876364076
0.7217391304347827 0.0038354448545167945
0.7478260869565219 0.006321741028422624
0.7739130434782611 0.008430826895497746
0.8 0.010126104435095248
0.8 0.010126104435095248
0.805625 0.01043300833290641
0.81125 0.010718082546313776
0.816875 0.010980860161146721
0.8225 0.011220820452680873
0.828125 0.011437395057088288
0.83375 0.011630013964921467
0.839375 0.011798107166732913
0.845 0.01194110465307512
0.8506250000000001 0.012058436414500594
0.8562500000000001 0.01214953244156183
0.8618750000000001 0.012213820644887389
0.8675 0.012250489566295755
0.873125 0.012258269331767784
0.87875 0.012235838290649665
0.884375 0.01218187479228759
0.89 0.012095057186027762
0.895625 0.011974063821216362
0.90125 0.011817573047199595
0.906875 0.011624050342623548
0.9125 0.011390811376032867
0.918125 0.01111478535527891
0.92375 0.010792901200511875
0.9293750000000001 0.010422087831881944
0.935 0.009999274169539331
0.940625 0.009521313522181413
0.94625 0.008984136282345206
0.951875 0.008383055865221036
0.9575 0.007713374390137003
0.963125 0.006970393976421214
0.96875 0.006149478799703529
0.974375 0.005246640702053755
0.98 0.0042582768329280036
0.98 0.0042582768329280036
0.985 0.0033050233318193943
0.99 0.0022789320959521265
0.995 0.0011779269648090128
1.0 0.0
