1.0 0.0
0.995 0.0013024214468978536
0.99 0.0027127202799150252
0.985 0.004175576915413309
0.98 0.005651261056666547
0.98 0.005651261056666547
0.974375 0.007299668639411332
0.96875 0.008908862569812768
0.963125 0.010470394107536736
0.9575 0.011988116212479145
0.951875 0.013466079022662858
0.94625 0.014908769053466959
0.940625 0.016321603873478405
0.935 0.017710120685943187
0.9293750000000001 0.01907985669410728
0.92375 0.02043576100007038
0.918125 0.02177978148071819
0.9125 0.023112911102890002
0.906875 0.024436142432544883
0.90125 0.025750468035641915
0.895625 0.027056724469640907
0.89 0.028354732627987045
0.884375 0.029643906865618557
0.87875 0.03092366045934558
0.873125 0.032193406685978275
0.8675 0.03345255886397142
0.8618750000000001 0.03470062654307599
0.8562500000000001 0.03593742093087357
0.8506250000000001 0.03716281218669402
0.845 0.03837667046986723
0.839375 0.03957886593972303
0.83375 0.04076926875559133
0.828125 0.041947683051718566
0.8225 0.04311333013266594
0.816875 0.044265127710339726
0.81125 0.04540199088134823
0.805625 0.046522834742299755
0.8 0.04762657438980262
0.8 0.04762657438980262
0.7739130434782611 0.052487214920863376
0.7478260869565219 0.05681659035627139
0.7217391304347827 0.06050887341457245
0.6956521739130436 0.0635546833214063
0.6695652173913045 0.06603181354047372
0.6434782608695653 0.06806627664439166
0.6173913043478262 0.06972847004516565
0.5913043478260871 0.07106044612044847
0.5652173913043479 0.0720792748889197
0.5391304347826088 0.07279795989571661
0.5130434782608697 0.07323018524821108
0.4869565217391305 0.07338862752155319
0.46086956521739136 0.07328407267572484
0.4347826086956522 0.07291654259983443
0.4086956521739131 0.07227649450581562
0.3826086956521739 0.07136425031123934
0.35652173913043483 0.07018561762072997
0.3304347826086957 0.06873084819031813
0.30434782608695654 0.0669829290646093
0.27826086956521745 0.0649272612838094
0.2521739130434783 0.06254690572089723
0.22608695652173916 0.059817533910329575
0.2 0.056708836009356126
0.2 0.056708836009356126
0.19437500000000002 0.055985389972830285
0.18875 0.05524205406377121
0.183125 0.054478072671121966
0.17750000000000002 0.05369268702160934
0.171875 0.05288513834196006
0.16625 0.05205466785890087
0.16062500000000002 0.05120051679915853
0.155 0.050321891376801924
0.149375 0.04941776010023427
0.14375000000000002 0.04848699265415907
0.138125 0.04752845840051944
0.1325 0.04654102670125857
0.12687500000000002 0.04552356691831966
0.12125000000000001 0.044474913040778136
0.11562500000000002 0.04339339325997024
0.11000000000000001 0.04227695807553435
0.10437500000000001 0.041123548922495895
0.09875000000000002 0.03993110723588033
0.09312500000000001 0.03869757437332459
0.08750000000000001 0.03742041712957734
0.081875 0.03609550518278132
0.07625000000000001 0.034718372586561616
0.07062500000000001 0.03328455339454331
0.065 0.03178956885628441
0.05937500000000001 0.030226902390952857
0.053750000000000006 0.02858578513057039
0.048125 0.02685491586721994
0.0425 0.02502297537619903
0.036875000000000005 0.023072229516696064
0.03125 0.02096907922668764
0.025625000000000002 0.018677515579189053
0.02 0.016145848762207576
0.02 0.016145848762207576
0.015 0.013589569419453782
0.01 0.010627026440109261
0.005 0.006876944788265742
0.0 0.0004821129259855409
0.0 7.245918841571447e-06
0.005 -0.006702093216784532
0.01 -0.009973286075573568
0.015 -0.012815286429302854
0.02 -0.015155351135390389
0.02 -0.015155351135390389
0.025625000000000002 -0.017387652551866088
0.03125 -0.01940022140281335
0.036875000000000005 -0.02125291153219572
0.0425 -0.022961198954963617
0.048125 -0.024540505744127247
0.053750000000000006 -0.026005752140604067
0.05937500000000001 -0.027371566213645282
0.065 -0.028652572403985013
0.07062500000000001 -0.029862804631927156
0.07625000000000001 -0.03100949802860057
0.081875 -0.03209553255193495
0.08750000000000001 -0.03312371696005263
0.09312500000000001 -0.034096860011076
0.09875000000000002 -0.03501768901825133
0.10437500000000001 -0.03588849256593992
0.11000000000000001 -0.03671141216133327
0.11562500000000002 -0.0374885892047866
0.12125000000000001 -0.03822216509665507
0.12687500000000002 -0.03891423855339998
0.1325 -0.03956572237837489
0.138125 -0.040176217540943415
0.14375000000000002 -0.04074525706197593
0.149375 -0.04127237396234285
0.155 -0.04175710126291454
0.16062500000000002 -0.04219899377403601
0.16625 -0.042598374595299325
0.171875 -0.04295652153858879
0.17750000000000002 -0.04327477204234785
0.183125 -0.043554463545019954
0.18875 -0.043796933485048574
0.19437500000000002 -0.044003519300877134
0.2 -0.04417551942262498
0.2 -0.04417551942262498
0.22608695652173916 -0.04454836942595926
0.2521739130434783 -0.04429613441324488
0.27826086956521745 -0.043632277215077654
0.30434782608695654 -0.04270781874398054
0.3304347826086957 -0.04101509787996532
0.35652173913043483 -0.03877111386373787
0.3826086956521739 -0.03791110104933266
0.4086956521739131 -0.03567211780624717
0.4347826086956522 -0.03274041954091324
0.46086956521739136 -0.030260316788754377
0.4869565217391305 -0.027786051718750277
0.5130434782608697 -0.02506668783057176
0.5391304347826088 -0.02225009668720522
0.5652173913043479 -0.019438414266163703
0.5913043478260871 -0.01663037141396723
0.6173913043478262 -0.013833060359639578
0.6434782608695653 -0.011079918247964487
0.6695652173913045 -0.008403580001096218
0.6956521739130436 -0.00583088053897521
0.7217391304347827 -0.0033908187219087505
0.7478260869565219 -0.0011175940258569925
0.7739130434782611 0.0009530905437097039
0.8 0.0027837746505218015
0.8 0.0027837746505218015
0.805625 0.0031430169148884586
0.81125 0.0034885390259222727
0.816875 0.003819817640909954
0.8225 0.004136329417138217
0.828125 0.0044375510118937755
0.83375 0.004722959082407957
0.839375 0.0049919831768365985
0.845 0.0052438703407348165
0.8506250000000001 0.005477823431008863
0.8562500000000001 0.005693045304564973
0.8618750000000001 0.0058887388183094065
0.8675 0.006064106829148404
0.873125 0.006218352193988217
0.87875 0.0063506578795518576
0.884375 0.006459941248569985
0.89 0.00654493042884777
0.895625 0.006604349484251412
0.90125 0.006636922478647124
0.906875 0.006641373475901112
0.9125 0.0066164262839083395
0.918125 0.0065603833121778326
0.92375 0.006470266804735523
0.9293750000000001 0.006342856808816382
0.935 0.00617493337165539
0.940625 0.005963276540487516
0.94625 0.005704623302250984
0.951875 0.0053948793088798765
0.9575 0.00502919867584412
0.963125 0.004602708468990461
0.96875 0.004110536286633926
0.974375 0.003548307076002807
0.98 0.002913065345967567
0.98 0.002913065345967567
0.985 0.0022849257260687704
0.99 0.0015945184770033243
0.995 0.000835536963767492
1.0 0.0
