1.0 9.727124689862734e-05
0.995 0.001586102976901468
0.99 0.00293558253226221
0.985 0.004186575427218841
0.98 0.005379947176009352
0.98 0.005379947176009352
0.974375 0.006704175392669546
0.96875 0.008042077214676459
0.963125 0.00939166348460244
0.9575 0.010747491513606051
0.951875 0.012104118612845861
0.94625 0.013456367376431595
0.940625 0.01480226681864645
0.935 0.016141974308563695
0.9293750000000001 0.01747568546893035
0.92375 0.01880359592249346
0.918125 0.020125901292000006
0.9125 0.021442797200197032
0.906875 0.022754479269831564
0.90125 0.02406114312365063
0.895625 0.025363037203833132
0.89 0.026660808215706155
0.884375 0.027955284503963163
0.87875 0.029247295339494495
0.873125 0.030537669993190464
0.8675 0.03182723773594141
0.8618750000000001 0.033116827838637654
0.8562500000000001 0.034407269572169524
0.8506250000000001 0.035699392207427336
0.845 0.03699388411400717
0.839375 0.03829063221624194
0.83375 0.03958924046269535
0.828125 0.040889312479401425
0.8225 0.042190451892394155
0.816875 0.04349226232770753
0.81125 0.04479434741137556
0.805625 0.046096310769432255
0.8 0.04739775602906195
0.8 0.04739775602906195
0.7739130434782611 0.05342718868576005
0.7478260869565219 0.05946865346660568
0.7217391304347827 0.06554254366633493
0.6956521739130436 0.07160418589962929
0.6695652173913045 0.07761356073401521
0.6434782608695653 0.08359102194645598
0.6173913043478262 0.08954697253034594
0.5913043478260871 0.0954594195542134
0.5652173913043479 0.10130005993305692
0.5391304347826088 0.107033208419852
0.5130434782608697 0.11253967168769566
0.4869565217391305 0.11761468960435106
0.46086956521739136 0.12207041178604923
0.4347826086956522 0.12574045070945167
0.4086956521739131 0.12847490500308048
0.3826086956521739 0.13014136956800576
0.35652173913043483 0.1306770293398316
0.3304347826086957 0.130060846727265
0.30434782608695654 0.12830154870261262
0.27826086956521745 0.1254238953547191
0.2521739130434783 0.12147510500792875
0.22608695652173916 0.11647584655426056
0.2 0.11032940471958844
0.2 0.11032940471958844
0.19437500000000002 0.1088422073182171
0.18875 0.10729666819607776
0.183125 0.10569337867957436
0.17750000000000002 0.10403293009511079
0.171875 0.10231591376909102
0.16625 0.10054292102791909
0.16062500000000002 0.09871454319799881
0.155 0.09683137160573425
0.149375 0.09489398042537642
0.14375000000000002 0.09290161197867497
0.138125 0.09085124829611502
0.1325 0.08873965212385651
0.12687500000000002 0.08656358620805936
0.12125000000000001 0.08431981329488347
0.11562500000000002 0.08200509613048872
0.11000000000000001 0.07961619746103514
0.10437500000000001 0.07714988003268254
0.09875000000000002 0.07460291438398137
0.09312500000000001 0.07197219949825663
0.08750000000000001 0.06925473966875854
0.081875 0.06644754229687917
0.07625000000000001 0.06354761478401064
0.07062500000000001 0.06055039883038882
0.065 0.05744310505617214
0.05937500000000001 0.054210324705103397
0.053750000000000006 0.05084417459825286
0.048125 0.04735032855080416
0.0425 0.043723594496424274
0.036875000000000005 0.039940791389978976
0.03125 0.035974036320620816
0.025625000000000002 0.03174788120857255
0.02 0.027142402536862474
0.02 0.027142402536862474
0.015 0.02260377756263582
0.01 0.01766401503019797
0.005 0.011354848173739308
0.0 0.0007270731594337564
0.0 0.0
0.005 -0.011104029762001668
0.01 -0.014777936945948334
0.015 -0.017519683897584997
0.02 -0.01986139833343009
0.02 -0.01986139833343009
0.025625000000000002 -0.022152585737919832
0.03125 -0.024181830312142147
0.036875000000000005 -0.026054410050695857
0.0425 -0.02784230796231667
0.048125 -0.029538223787396595
0.053750000000000006 -0.031123869942965857
0.05937500000000001 -0.03259617519053588
0.065 -0.03396870606645953
0.07062500000000001 -0.03525587424787188
0.07625000000000001 -0.036472091411908006
0.081875 -0.03763008777337831
0.08750000000000001 -0.03873518958544372
0.09312500000000001 -0.03979068583231307
0.09875000000000002 -0.04079986543745022
0.10437500000000001 -0.041765987783831456
0.11000000000000001 -0.04269155465082846
0.11562500000000002 -0.043578264058783865
0.12125000000000001 -0.044427775246345926
0.12687500000000002 -0.04524174745216293
0.1325 -0.04602183991488311
0.138125 -0.04676971187315473
0.14375000000000002 -0.04748702256562606
0.149375 -0.04817543123094534
0.155 -0.04883647753840964
0.16062500000000002 -0.04947072638666825
0.16625 -0.050078267407527764
0.171875 -0.050659187034153876
0.17750000000000002 -0.05121357169971224
0.183125 -0.05174150783736857
0.18875 -0.05224308188028855
0.19437500000000002 -0.05271838026163783
0.2 -0.0531674894145821
0.2 -0.0531674894145821
0.22608695652173916 -0.05492880561913296
0.2521739130434783 -0.05625226726114566
0.27826086956521745 -0.05722854337210876
0.30434782608695654 -0.057833850366201194
0.3304347826086957 -0.05801471644316665
0.35652173913043483 -0.0576985506361753
0.3826086956521739 -0.05684894142521735
0.4086956521739131 -0.05551061597097737
0.4347826086956522 -0.053741516207563775
0.46086956521739136 -0.05160376010751977
0.4869565217391305 -0.049111369223067185
0.5130434782608697 -0.04621903744250853
0.5391304347826088 -0.04291317404713448
0.5652173913043479 -0.03922080005941391
0.5913043478260871 -0.03525997355474986
0.6173913043478262 -0.031218435816082347
0.6434782608695653 -0.02721426782178244
0.6695652173913045 -0.023315649029566666
0.6956521739130436 -0.019550741305592135
0.7217391304347827 -0.015941367700461128
0.7478260869565219 -0.012596290441208866
0.7739130434782611 -0.009646509408274136
0.8 -0.00715284853119727
0.8 -0.00715284853119727
0.805625 -0.006678024487236683
0.81125 -0.00622443760393693
0.816875 -0.0057908757163404765
0.8225 -0.005376126659489789
0.828125 -0.004978978268427339
0.83375 -0.004598218378195588
0.839375 -0.004232634823837007
0.845 -0.0038810154403940613
0.8506250000000001 -0.0035421606714481557
0.8562500000000001 -0.0032159088807058494
0.8618750000000001 -0.0029038940549579186
0.8675 -0.002607928754191985
0.873125 -0.002329825538395671
0.87875 -0.0020713969675565974
0.884375 -0.0018344556016623875
0.89 -0.0016208140007006615
0.895625 -0.0014322847246590433
0.90125 -0.0012706441173988585
0.906875 -0.0011361513099129312
0.9125 -0.0010270288416624072
0.918125 -0.0009413563297434835
0.92375 -0.0008772133912523562
0.9293750000000001 -0.0008326796432852211
0.935 -0.0008058347029382761
0.940625 -0.000794758187307717
0.94625 -0.0007975297134897399
0.951875 -0.0008124329821149068
0.9575 -0.0008394498703231928
0.963125 -0.0008794045976139857
0.96875 -0.0009331274434972935
0.974375 -0.0009989840800202249
0.98 -0.001052516121021166
0.98 -0.001052516121021166
0.985 -0.0010599925444857525
0.99 -0.0010026950404366758
0.995 -0.0008546790464245525
1.0 -0.00059
