1.0 0.0
0.995 0.0016042582235601475
0.99 0.0033871435367497883
0.985 0.005176604521863689
0.98 0.00699065237138337
0.98 0.00699065237138337
0.974375 0.009149690138609322
0.96875 0.011315244494951202
0.963125 0.013459682828389066
0.9575 0.015594714589871514
0.951875 0.017719816228857738
0.94625 0.019828812500173886
0.940625 0.021917490718414104
0.935 0.023984301256622053
0.9293750000000001 0.026028063861779603
0.92375 0.02804990134237377
0.918125 0.03005250551295932
0.9125 0.03203845569909417
0.906875 0.03400796274469245
0.90125 0.0359592865405209
0.895625 0.03789063240729119
0.89 0.039801100384844926
0.884375 0.041691857810865256
0.87875 0.04356436309731564
0.873125 0.04542005942839292
0.8675 0.04726003457957434
0.8618750000000001 0.049085018021396164
0.8562500000000001 0.05089572341737164
0.8506250000000001 0.052692863674474455
0.845 0.054477135830596705
0.839375 0.05624922186136384
0.83375 0.05800980314736244
0.828125 0.059759560575327
0.8225 0.06149912764810813
0.816875 0.06322905184296025
0.81125 0.06494987154236305
0.805625 0.0666621251287963
0.8 0.06836627323431684
0.8 0.06836627323431684
0.7739130434782611 0.07615446811420587
0.7478260869565219 0.08372106398453574
0.7217391304347827 0.09102560724378621
0.6956521739130436 0.09803261260143535
0.6695652173913045 0.10470886986337796
0.6434782608695653 0.11101298280792746
0.6173913043478262 0.11692368194970026
0.5913043478260871 0.12241324235572434
0.5652173913043479 0.12744785302223124
0.5391304347826088 0.13201434660125433
0.5130434782608697 0.13604230549131138
0.4869565217391305 0.13949019363161747
0.46086956521739136 0.142332798160015
0.4347826086956522 0.14454690154223168
0.4086956521739131 0.14612121287662516
0.3826086956521739 0.14702358320730788
0.35652173913043483 0.1472046614753714
0.3304347826086957 0.14660554252704597
0.30434782608695654 0.14515943042089377
0.27826086956521745 0.1427948983321326
0.2521739130434783 0.13943772659585332
0.22608695652173916 0.13498292313907026
0.2 0.12931666880466117
0.2 0.12931666880466117
0.19437500000000002 0.1279272212253967
0.18875 0.1264762159385763
0.183125 0.1249617592012198
0.17750000000000002 0.12338186166505605
0.171875 0.12173453398181379
0.16625 0.12001786923787089
0.16062500000000002 0.11823074025192686
0.155 0.1163724493281769
0.149375 0.11444230324707043
0.14375000000000002 0.11243956306284353
0.138125 0.11036233235849435
0.1325 0.10820749524548319
0.12687500000000002 0.10597187769841239
0.12125000000000001 0.10365227631651537
0.11562500000000002 0.10124482183425162
0.11000000000000001 0.09874498450357101
0.10437500000000001 0.09614820627752968
0.09875000000000002 0.09344985933445983
0.09312500000000001 0.09064482029143696
0.08750000000000001 0.08772775128839268
0.081875 0.08469324065618233
0.07625000000000001 0.08153342925298734
0.07062500000000001 0.07823748667439948
0.065 0.07479434625767972
0.05937500000000001 0.07118995911876042
0.053750000000000006 0.06740589892769715
0.048125 0.06342251799268166
0.0425 0.05920765580958024
0.036875000000000005 0.05471969528807549
0.03125 0.049899879206656554
0.025625000000000002 0.044652670965049636
0.02 0.03882165232434888
0.02 0.03882165232434888
0.015 0.0329110457319936
0.01 0.026137623423733877
0.005 0.017791297891456528
0.0 0.004089396022675467
0.0 0.0
0.005 -0.015457264556860896
0.01 -0.02272548571456805
0.015 -0.028113623525045324
0.02 -0.03225908928694937
0.02 -0.03225908928694937
0.025625000000000002 -0.036486270688130165
0.03125 -0.04008427624784206
0.036875000000000005 -0.04314413235069545
0.0425 -0.04586260205908984
0.048125 -0.048322356506288494
0.053750000000000006 -0.050553231661367194
0.05937500000000001 -0.052584766797768794
0.065 -0.0544464847224223
0.07062500000000001 -0.056167053335892864
0.07625000000000001 -0.057764441418573884
0.081875 -0.05924932876425005
0.08750000000000001 -0.06063217868814996
0.09312500000000001 -0.06192218598691421
0.09875000000000002 -0.0631275005597747
0.10437500000000001 -0.06425623803266796
0.11000000000000001 -0.06531573237518919
0.11562500000000002 -0.06631151149689393
0.12125000000000001 -0.0672488490151813
0.12687500000000002 -0.0681329784339174
0.1325 -0.06896819702648697
0.138125 -0.06975785820646198
0.14375000000000002 -0.0705052737479836
0.149375 -0.07121370758863069
0.155 -0.07188542025216964
0.16062500000000002 -0.07252171986406027
0.16625 -0.07312387692501052
0.171875 -0.07369316123494479
0.17750000000000002 -0.07423077535535817
0.183125 -0.07473779977615722
0.18875 -0.0752153020816292
0.19437500000000002 -0.07566434985606137
0.2 -0.07608599261376973
0.2 -0.07608599261376973
0.22608695652173916 -0.07770829379429585
0.2521739130434783 -0.07883656417535184
0.27826086956521745 -0.07951936196944485
0.30434782608695654 -0.07978365470789295
0.3304347826086957 -0.0796702446884692
0.35652173913043483 -0.0792003439539768
0.3826086956521739 -0.07840706314794359
0.4086956521739131 -0.07730840861478391
0.4347826086956522 -0.07589744542019614
0.46086956521739136 -0.0741754028606396
0.4869565217391305 -0.0721164550178749
0.5130434782608697 -0.06972225559303169
0.5391304347826088 -0.06701483558297615
0.5652173913043479 -0.0640151306020938
0.5913043478260871 -0.06074112982005138
0.6173913043478262 -0.05722413609656655
0.6434782608695653 -0.05349318289013649
0.6695652173913045 -0.04959150322141074
0.6956521739130436 -0.045567971084146085
0.7217391304347827 -0.0414653513119471
0.7478260869565219 -0.03733507132269185
0.7739130434782611 -0.03319351494608132
0.8 -0.029091527453322677
0.8 -0.029091527453322677
0.805625 -0.028216727663411396
0.81125 -0.027346151479809552
0.816875 -0.02648021350706032
0.8225 -0.025619334379821515
0.828125 -0.02476393473275096
0.83375 -0.023914448713925847
0.839375 -0.023071438292066607
0.845 -0.022235535840968303
0.8506250000000001 -0.02140737446821335
0.8562500000000001 -0.020587541836308444
0.8618750000000001 -0.01977547525298165
0.8675 -0.018969400052077975
0.873125 -0.018167483788026146
0.87875 -0.01736788505597742
0.884375 -0.016568559367087562
0.89 -0.015767260790068956
0.895625 -0.014961734762673762
0.90125 -0.014149812276496554
0.906875 -0.013329931952475046
0.9125 -0.012500795391358711
0.918125 -0.011661135889108809
0.92375 -0.010810714793556792
0.9293750000000001 -0.00995054152042675
0.935 -0.009081706915838395
0.940625 -0.008205627823741048
0.94625 -0.007324199603156504
0.951875 -0.006439625194368028
0.9575 -0.005557973025893042
0.963125 -0.004688161544195975
0.96875 -0.0038311507080722564
0.974375 -0.0029706295616243167
0.98 -0.00213067868014851
0.98 -0.00213067868014851
0.985 -0.0015013698124438182
0.99 -0.0009041290438485541
0.995 -0.00032566601760733417
1.0 0.0
