1.0 0.0
0.995 0.00033305121466028966
0.99 0.0007220530433397146
0.985 0.0011597875961069039
0.98 0.0016349320668517092
0.98 0.0016349320668517092
0.974375 0.0022048073522204226
0.96875 0.0028117512809194166
0.963125 0.0034515691159950432
0.9575 0.004118607285845698
0.951875 0.004808712294133441
0.94625 0.005518463897840419
0.940625 0.006246041004438138
0.935 0.006991754065219949
0.9293750000000001 0.007755967316460107
0.92375 0.00853785737579658
0.918125 0.0093357917722509
0.9125 0.010148143128100839
0.906875 0.01097362682063639
0.90125 0.011811240559489754
0.895625 0.012659990901188375
0.89 0.013518992223913529
0.884375 0.014387608033717763
0.87875 0.01526523691370655
0.873125 0.016151274120770748
0.8675 0.01704503727955795
0.8618750000000001 0.017945765749848266
0.8562500000000001 0.01885269543867971
0.8506250000000001 0.019765064175514893
0.845 0.02068215011435709
0.839375 0.021603269683572242
0.83375 0.022527740823565387
0.828125 0.023454883188698844
0.8225 0.024384180883285797
0.816875 0.02531541657106304
0.81125 0.02624840447998576
0.805625 0.02718295883800914
0.8 0.028118874783023017
0.8 0.028118874783023017
0.7739130434782611 0.03246570554324315
0.7478260869565219 0.03678791505973687
0.7217391304347827 0.041033727438395055
0.6956521739130436 0.04516785452899038
0.6695652173913045 0.049178046676379615
0.6434782608695653 0.05300838676151422
0.6173913043478262 0.05663809047095921
0.5913043478260871 0.06005742732042542
0.5652173913043479 0.06322494303540689
0.5391304347826088 0.06610434201611239
0.5130434782608697 0.06869672476273568
0.4869565217391305 0.07098141088819855
0.46086956521739136 0.07290860013372376
0.4347826086956522 0.07444778735006362
0.4086956521739131 0.0756124217072837
0.3826086956521739 0.07635057753992615
0.35652173913043483 0.07664176132032056
0.3304347826086957 0.07648725477554408
0.30434782608695654 0.07584651803182933
0.27826086956521745 0.07465663810489286
0.2521739130434783 0.07292885427147892
0.22608695652173916 0.07062723082621404
0.2 0.0676686087707099
0.2 0.0676686087707099
0.19437500000000002 0.06694822130276512
0.18875 0.06620023099521764
0.183125 0.06542251731271101
0.17750000000000002 0.06461267269088727
0.171875 0.06376828956538845
0.16625 0.06288708242761874
0.16062500000000002 0.061967920269231834
0.155 0.06101030799384504
0.149375 0.060013757132781814
0.14375000000000002 0.05897774748913889
0.138125 0.05790095572691252
0.1325 0.05678121235060762
0.12687500000000002 0.05561630752507983
0.12125000000000001 0.054404036042050664
0.11562500000000002 0.05314229757250719
0.11000000000000001 0.051829095818950344
0.10437500000000001 0.05046243894119322
0.09875000000000002 0.04904032857250586
0.09312500000000001 0.047560719992669746
0.08750000000000001 0.04602154841984181
0.081875 0.04442069058997876
0.07625000000000001 0.04275406387225369
0.07062500000000001 0.041015206939935815
0.065 0.03919750211389531
0.05937500000000001 0.037293650348203825
0.053750000000000006 0.035295352454437136
0.048125 0.03319354405311046
0.0425 0.030969326442538667
0.036875000000000005 0.02859644452145762
0.03125 0.02604927612425069
0.025625000000000002 0.02330383433047923
0.02 0.020291744152520958
0.02 0.020291744152520958
0.015 0.01724711346422874
0.01 0.01376136011474511
0.005 0.009465204394546714
0.0 0.0022772676398435956
0.0 0.0
0.005 -0.007755942476733509
0.01 -0.010774977499992993
0.015 -0.012730700654631655
0.02 -0.014066801087271688
0.02 -0.014066801087271688
0.025625000000000002 -0.015432037694043235
0.03125 -0.01654642541249682
0.036875000000000005 -0.017440725651517226
0.0425 -0.018203098285263765
0.048125 -0.0188679246372517
0.053750000000000006 -0.01944470655400864
0.05937500000000001 -0.019944230874541544
0.065 -0.020379180401083226
0.07062500000000001 -0.020761947558607757
0.07625000000000001 -0.021099629937274003
0.081875 -0.021395717916606303
0.08750000000000001 -0.02165366291140502
0.09312500000000001 -0.021877420436403228
0.09875000000000002 -0.02207136124085897
0.10437500000000001 -0.022239865434897203
0.11000000000000001 -0.022386559632825955
0.11562500000000002 -0.022513329455356664
0.12125000000000001 -0.022621815392359895
0.12687500000000002 -0.022713644493357027
0.1325 -0.022790130116611636
0.138125 -0.022852269372863047
0.14375000000000002 -0.022901045421237547
0.149375 -0.02293744035935639
0.155 -0.022962414018842196
0.16062500000000002 -0.022976905097365535
0.16625 -0.022981851457694533
0.171875 -0.02297818883739816
0.17750000000000002 -0.022966649066464912
0.183125 -0.02294759378000384
0.18875 -0.022921345475481483
0.19437500000000002 -0.02288822665036434
0.2 -0.022848585660071044
0.2 -0.022848585660071044
0.22608695652173916 -0.022597002221250505
0.2521739130434783 -0.022270599599470073
0.27826086956521745 -0.021889376105168022
0.30434782608695654 -0.021456243654020657
0.3304347826086957 -0.020978620373995352
0.35652173913043483 -0.02047455954040257
0.3826086956521739 -0.019936253997137384
0.4086956521739131 -0.019359539313876843
0.4347826086956522 -0.01875900033233047
0.46086956521739136 -0.018131144629977343
0.4869565217391305 -0.017459507850483585
0.5130434782608697 -0.016754662219859044
0.5391304347826088 -0.01601128613557315
0.5652173913043479 -0.015211343703159349
0.5913043478260871 -0.014368400543935298
0.6173913043478262 -0.01347859464804814
0.6434782608695653 -0.012532422812472015
0.6695652173913045 -0.011539696502912056
0.6956521739130436 -0.010504829629664657
0.7217391304347827 -0.009414517269493931
0.7478260869565219 -0.008286103682001725
0.7739130434782611 -0.007115398506734915
0.8 -0.005937642305661175
0.8 -0.005937642305661175
0.805625 -0.005683795498703023
0.81125 -0.005429780262772779
0.816875 -0.0051758430302011335
0.8225 -0.004922264384886069
0.828125 -0.004669324910725581
0.83375 -0.004417297113555687
0.839375 -0.00416637709049226
0.845 -0.003916718851852784
0.8506250000000001 -0.003668475969310789
0.8562500000000001 -0.00342181298840037
0.8618750000000001 -0.0031771722368515334
0.8675 -0.0029352887040782105
0.873125 -0.0026969113317927397
0.87875 -0.002462780060383961
0.884375 -0.002233430793168474
0.89 -0.002009197045646603
0.895625 -0.0017904036618531906
0.90125 -0.001577405933185674
0.906875 -0.0013707753974474168
0.9125 -0.0011711771831147246
0.918125 -0.0009792938991266488
0.92375 -0.0007963820513735778
0.9293750000000001 -0.0006243948638585062
0.935 -0.00046530736300698546
0.940625 -0.00032004569517733624
0.94625 -0.00018799641082969278
0.951875 -6.853390022750104e-05
0.9575 3.737912006156755e-05
0.963125 0.0001275854348068727
0.96875 0.00019884507766061233
0.974375 0.0002456383242725184
0.98 0.00026321510457417594
0.98 0.00026321510457417594
0.985 0.000252566664501815
0.99 0.00021428880805290863
0.995 0.00013680764409597625
1.0 0.0
