1.0 0.0
0.995 0.0008062485736398749
0.99 0.001757218710711114
0.985 0.00277642646210726
0.98 0.0038592088257782048
0.98 0.0038592088257782048
0.974375 0.0051474661733113165
0.96875 0.0064873391874924234
0.963125 0.007872393254096445
0.9575 0.009302708347544136
0.951875 0.010774028799923757
0.94625 0.01228012757737969
0.940625 0.013816405049706524
0.935 0.015380450334266226
0.9293750000000001 0.016970023123788244
0.92375 0.018583109123819174
0.918125 0.020217848015594276
0.9125 0.021872354061290462
0.906875 0.023544270322533783
0.90125 0.02523085172612983
0.895625 0.026929343810706302
0.89 0.028637536973776148
0.884375 0.030354480539324002
0.87875 0.03207940108741699
0.873125 0.033811516503915805
0.8675 0.03554984175610115
0.8618750000000001 0.03729318723909265
0.8562500000000001 0.03904035432308037
0.8506250000000001 0.040790141349432575
0.845 0.0425412831273258
0.839375 0.04429245416384475
0.83375 0.04604232658382378
0.828125 0.047789575706995664
0.8225 0.04953318339566567
0.816875 0.051272688041182055
0.81125 0.05300768687210555
0.805625 0.054737777116996934
0.8 0.05646249763506769
0.8 0.05646249763506769
0.7739130434782611 0.06436084292980766
0.7478260869565219 0.07202900508028123
0.7217391304347827 0.07941423228885103
0.6956521739130436 0.0864532181604606
0.6695652173913045 0.09310051390131767
0.6434782608695653 0.09932471095424442
0.6173913043478262 0.10507967664290715
0.5913043478260871 0.11033081679593204
0.5652173913043479 0.11505726799530318
0.5391304347826088 0.11922126870895698
0.5130434782608697 0.12281073241006162
0.4869565217391305 0.12579161131983027
0.46086956521739136 0.1281402767483635
0.4347826086956522 0.1298477516217354
0.4086956521739131 0.13088445454915287
0.3826086956521739 0.1312234884033637
0.35652173913043483 0.13084692020484617
0.3304347826086957 0.12972140980406366
0.30434782608695654 0.1278086721119857
0.27826086956521745 0.12508829559878215
0.2521739130434783 0.12152693292384167
0.22608695652173916 0.11706196292249457
0.2 0.11167019708316683
0.2 0.11167019708316683
0.19437500000000002 0.11038052733469299
0.18875 0.10904366435740574
0.183125 0.10765835519477146
0.17750000000000002 0.1062233173035682
0.171875 0.10473726814057395
0.16625 0.10319887939379883
0.16062500000000002 0.10160638983392711
0.155 0.09995779977582067
0.149375 0.0982511070490678
0.14375000000000002 0.09648430140837931
0.138125 0.09465516820845561
0.1325 0.09276127745523761
0.12687500000000002 0.09080018888816983
0.12125000000000001 0.08876942810035517
0.11562500000000002 0.08666574667432353
0.11000000000000001 0.08448512843845164
0.10437500000000001 0.08222352432608433
0.09875000000000002 0.07987693336547078
0.09312500000000001 0.0774416961694604
0.08750000000000001 0.07491430118749895
0.081875 0.07229115158267702
0.07625000000000001 0.06956576933421556
0.07062500000000001 0.06672817862790248
0.065 0.06376815038950358
0.05937500000000001 0.06067323867879613
0.053750000000000006 0.057427743534540346
0.048125 0.05401497206378208
0.0425 0.050407709927245345
0.036875000000000005 0.04657082728592775
0.03125 0.0424614904984603
0.025625000000000002 0.03802044278785835
0.02 0.03312993367048484
0.02 0.03312993367048484
0.015 0.028198900870095515
0.01 0.02257042723100329
0.005 0.015607510584022297
0.0 0.0038071715727056236
0.0 0.0
0.005 -0.013285604969963357
0.01 -0.018611137099549275
0.015 -0.02213671636439154
0.02 -0.024611420660115766
0.02 -0.024611420660115766
0.025625000000000002 -0.027165564661721323
0.03125 -0.029297270606111456
0.036875000000000005 -0.03106021654967163
0.0425 -0.032605941091412065
0.048125 -0.03398983245871528
0.053750000000000006 -0.03522285723569053
0.05937500000000001 -0.03632053044671171
0.065 -0.037304764309377285
0.07062500000000001 -0.03819723636110359
0.07625000000000001 -0.03901109601949398
0.081875 -0.03975368275235066
0.08750000000000001 -0.04043217860174846
0.09312500000000001 -0.04105300565334899
0.09875000000000002 -0.041621960005544606
0.10437500000000001 -0.04214481562429823
0.11000000000000001 -0.04262647852522943
0.11562500000000002 -0.043069849276872414
0.12125000000000001 -0.04347754608202997
0.12687500000000002 -0.04385217633164746
0.1325 -0.044196095073140804
0.138125 -0.04451140295405205
0.14375000000000002 -0.04480018939878836
0.149375 -0.045064526546772246
0.155 -0.04530612396972603
0.16062500000000002 -0.0455263471053175
0.16625 -0.045726547796105854
0.171875 -0.04590807571572954
0.17750000000000002 -0.04607207243526993
0.183125 -0.04621930171493521
0.18875 -0.04635048737211502
0.19437500000000002 -0.046466353224198995
0.2 -0.04656762796303363
0.2 -0.04656762796303363
0.22608695652173916 -0.046869015305404944
0.2521739130434783 -0.04693761159323321
0.27826086956521745 -0.046805136928434556
0.30434782608695654 -0.04649788947350286
0.3304347826086957 -0.04601267345844224
0.35652173913043483 -0.045363984787150445
0.3826086956521739 -0.044560094118222995
0.4086956521739131 -0.04359288283981501
0.4347826086956522 -0.04245801679055284
0.46086956521739136 -0.041164298697957596
0.4869565217391305 -0.03970317482229756
0.5130434782608697 -0.03807626069710599
0.5391304347826088 -0.03628116872095899
0.5652173913043479 -0.03431334805681763
0.5913043478260871 -0.03218381875886266
0.6173913043478262 -0.02989409079552286
0.6434782608695653 -0.027462307357882198
0.6695652173913045 -0.02489217949252703
0.6956521739130436 -0.022199018507024906
0.7217391304347827 -0.01942531749734515
0.7478260869565219 -0.016578279293886868
0.7739130434782611 -0.013723868545709865
0.8 -0.010881401642537017
0.8 -0.010881401642537017
0.805625 -0.010276543888870669
0.81125 -0.009676915390188676
0.816875 -0.009083344952971976
0.8225 -0.008496636703103622
0.828125 -0.007917594766466677
0.83375 -0.007346984536089643
0.839375 -0.006785205038927922
0.845 -0.006232453503306737
0.8506250000000001 -0.00568892505433245
0.8562500000000001 -0.0051548430325759785
0.8618750000000001 -0.004631144998882371
0.8675 -0.004119520991797581
0.873125 -0.0036216969233487818
0.87875 -0.00313938455863126
0.884375 -0.0026739749878344544
0.89 -0.0022265412182954384
0.895625 -0.001798142628840798
0.90125 -0.0013898572682144886
0.906875 -0.0010028957845774655
0.9125 -0.0006385262146452628
0.918125 -0.00029803935090161137
0.92375 1.6518271009471873e-05
0.9293750000000001 0.00030218263374795615
0.935 0.0005559449172097318
0.940625 0.000775340204015333
0.94625 0.0009587019429951328
0.951875 0.0011043250961331032
0.9575 0.0012090382761640328
0.963125 0.0012685663115753853
0.96875 0.0012774452414903872
0.974375 0.0012277028249493016
0.98 0.0011142912103534526
0.98 0.0011142912103534526
0.985 0.0009618725276293403
0.99 0.0007414164443784949
0.995 0.0004218406952416371
1.0 0.0
