1.0 0.00065
0.995 0.0017500756773239112
0.99 0.0028567773013447426
0.985 0.0039697121084631215
0.98 0.0050884873350796715
0.98 0.0050884873350796715
0.974375 0.006353601554746493
0.96875 0.007625051236050968
0.963125 0.00890227715113383
0.9575 0.010184720072135818
0.951875 0.011471820771197658
0.94625 0.0127630200204601
0.940625 0.014057758592063867
0.935 0.015355477258149702
0.9293750000000001 0.01665561679085834
0.92375 0.017957617962330533
0.918125 0.01926092154470698
0.9125 0.02056496831012843
0.906875 0.021869199030735625
0.90125 0.023173054478669294
0.895625 0.0244760031008895
0.89 0.025777795961300205
0.884375 0.02707834945834802
0.87875 0.02837758207398554
0.873125 0.02967541229016532
0.8675 0.03097175858883996
0.8618750000000001 0.032266539451962034
0.8562500000000001 0.03355967336148412
0.8506250000000001 0.03485107879935878
0.845 0.036140674247538626
0.839375 0.03742837818797619
0.83375 0.03871410910262409
0.828125 0.03999778547343485
0.8225 0.04127932578236111
0.816875 0.042558648511355414
0.81125 0.04383567214237035
0.805625 0.045110315157358485
0.8 0.0463824960382724
0.8 0.0463824960382724
0.7739130434782611 0.05224487335693722
0.7478260869565219 0.05802490744505517
0.7217391304347827 0.06369432347276094
0.6956521739130436 0.06922483870563613
0.6695652173913045 0.07458184864406177
0.6434782608695653 0.07971302307976368
0.6173913043478262 0.08456294837636019
0.5913043478260871 0.08907656509894521
0.5652173913043479 0.09323326321568683
0.5391304347826088 0.09707523444276406
0.5130434782608697 0.10065134441849638
0.4869565217391305 0.10400919813195318
0.46086956521739136 0.10715504349664241
0.4347826086956522 0.1100454533431038
0.4086956521739131 0.11263405871732785
0.3826086956521739 0.114873153732524
0.35652173913043483 0.11669411723936168
0.3304347826086957 0.11801174856130081
0.30434782608695654 0.11874039193271789
0.27826086956521745 0.11879373184864947
0.2521739130434783 0.1180797500485097
0.22608695652173916 0.11650350858530893
0.2 0.11397004587419948
0.2 0.11397004587419948
0.19437500000000002 0.11328890894743357
0.18875 0.11255471151803244
0.183125 0.11176161216699208
0.17750000000000002 0.11090373087058376
0.171875 0.10997518760507866
0.16625 0.10897010234674791
0.16062500000000002 0.10788259507186279
0.155 0.10670678575669446
0.149375 0.10543679437751415
0.14375000000000002 0.10406749779126517
0.138125 0.10259980122973059
0.1325 0.10103749179341955
0.12687500000000002 0.09938437451011649
0.12125000000000001 0.09764425440760573
0.11562500000000002 0.09582093651367157
0.11000000000000001 0.09391822585609842
0.10437500000000001 0.0919399274626706
0.09875000000000002 0.08988984636117243
0.09312500000000001 0.08776576118820245
0.08750000000000001 0.08553638580709795
0.081875 0.08316168314842251
0.07625000000000001 0.08060161438240991
0.07062500000000001 0.07781734752963745
0.065 0.07479476540878638
0.05937500000000001 0.07154288482869553
0.053750000000000006 0.06807161285387053
0.048125 0.06439080778554393
0.0425 0.06047652582910666
0.036875000000000005 0.0562120051952261
0.03125 0.05146469274670883
0.025625000000000002 0.046102035346361425
0.02 0.03999147985699042
0.02 0.03999147985699042
0.015 0.03382485218925261
0.01 0.026869463050260972
0.005 0.019032216135155346
0.0 0.01022001513907556
0.0 0.0
0.005 -0.009794610461284287
0.01 -0.015489540486542589
0.015 -0.01809682026189728
0.02 -0.01862847997347074
0.02 -0.01862847997347074
0.025625000000000002 -0.01800563770204289
0.03125 -0.01717625863300652
0.036875000000000005 -0.01625515049112916
0.0425 -0.015139442855896051
0.048125 -0.01372626530679239
0.053750000000000006 -0.011922859363715486
0.05937500000000001 -0.009773338751474901
0.065 -0.0074202560935532225
0.07062500000000001 -0.005008326546773299
0.07625000000000001 -0.002682024059378358
0.081875 -0.0005414820683309648
0.08750000000000001 0.0014089498484737366
0.09312500000000001 0.003177408383654251
0.09875000000000002 0.004772030229829085
0.10437500000000001 0.0062013133928155665
0.11000000000000001 0.007476480211634795
0.11562500000000002 0.008609995535841805
0.12125000000000001 0.009614330550674118
0.12687500000000002 0.010501956441369255
0.1325 0.011285344393164745
0.138125 0.01197696559129811
0.14375000000000002 0.012589291221006875
0.149375 0.01313479246752856
0.155 0.013625064208417236
0.16062500000000002 0.014067394736945082
0.16625 0.014467751570095175
0.171875 0.014832101877278459
0.17750000000000002 0.015166412827905889
0.183125 0.0154766515913884
0.18875 0.015768785337136947
0.19437500000000002 0.016048781234562475
0.2 0.01632260633320659
0.2 0.01632260633320659
0.22608695652173916 0.01755971716390692
0.2521739130434783 0.01865396528660759
0.27826086956521745 0.01947410544177513
0.30434782608695654 0.01988915409813609
0.3304347826086957 0.01984073002018399
0.35652173913043483 0.0194417796658412
0.3826086956521739 0.018829951895828055
0.4086956521739131 0.018142013341235885
0.4347826086956522 0.01746605803839912
0.46086956521739136 0.016817090715210575
0.4869565217391305 0.0162040960616802
0.5130434782608697 0.015634935422620868
0.5391304347826088 0.015092890241811138
0.5652173913043479 0.014537340775476044
0.5913043478260871 0.013926679710704173
0.6173913043478262 0.013222644884612623
0.6434782608695653 0.012424591271271228
0.6695652173913045 0.011555553116193893
0.6956521739130436 0.010638933645554505
0.7217391304347827 0.009696151583120177
0.7478260869565219 0.00873573086003576
0.7739130434782611 0.007761043098357094
0.8 0.0067754463935951
0.8 0.0067754463935951
0.805625 0.006561820637768914
0.81125 0.00634786721057412
0.816875 0.006133609725266129
0.8225 0.005919071795100361
0.828125 0.005704277033332238
0.83375 0.005489249053217175
0.839375 0.005274011468010589
0.845 0.0050585878909679026
0.8506250000000001 0.004843001935344525
0.8562500000000001 0.004627277214395886
0.8618750000000001 0.0044114373413774
0.8675 0.0041955059295444835
0.873125 0.003979506592152556
0.87875 0.003763462942457034
0.884375 0.0035473985937133365
0.89 0.0033313371591768832
0.895625 0.003115302252103092
0.90125 0.002899317965948437
0.906875 0.0026834763992755074
0.9125 0.0024680074182064685
0.918125 0.002253157541838156
0.92375 0.0020391732892674048
0.9293750000000001 0.001826301179591048
0.935 0.0016147877319059283
0.940625 0.0014048794653088777
0.94625 0.001196822898896733
0.951875 0.0009908645517663287
0.9575 0.0007872509430145019
0.963125 0.0005862285917380876
0.96875 0.0003880440170339216
0.974375 0.00019294373799884031
0.98 1.1742737296790051e-06
0.98 1.1742737296790051e-06
0.985 -0.00016629194340146643
0.99 -0.0003307584868940284
0.995 -0.0004920522185071564
1.0 -0.00065
