1.0 0.00295
0.995 0.0040264994165147665
0.99 0.00507273337064704
0.985 0.006091303810595462
0.98 0.007084812684558674
0.98 0.007084812684558674
0.974375 0.008175793495098704
0.96875 0.009242053578902633
0.963125 0.01028729766299548
0.9575 0.011315230474402265
0.951875 0.012329556740148009
0.94625 0.01333398118725773
0.940625 0.014332208542756452
0.935 0.01532794353366919
0.9293750000000001 0.016324890887020972
0.92375 0.017326755329836834
0.918125 0.01833724158914175
0.9125 0.019360054391960774
0.906875 0.02039889846531892
0.90125 0.021457478536241203
0.895625 0.02253926874348564
0.89 0.02364450245687672
0.884375 0.024771021289411697
0.87875 0.02591661099565562
0.873125 0.027079057330173552
0.8675 0.028256146047530545
0.8618750000000001 0.029445662902291645
0.8562500000000001 0.030645393649021913
0.8506250000000001 0.0318531240422864
0.845 0.03306663983665018
0.839375 0.03428372678667827
0.83375 0.03550217064693575
0.828125 0.03671975717198765
0.8225 0.037934272116399034
0.816875 0.03914350123473497
0.81125 0.040345230281560514
0.805625 0.04153724501144069
0.8 0.04271733117894058
0.8 0.04271733117894058
0.7739130434782611 0.04801373537768178
0.7478260869565219 0.05308617038605591
0.7217391304347827 0.05803699685246096
0.6956521739130436 0.06296858182024977
0.6695652173913045 0.06793344547358258
0.6434782608695653 0.07281957509855151
0.6173913043478262 0.07748105831546702
0.5913043478260871 0.08177235855877277
0.5652173913043479 0.08562283933776785
0.5391304347826088 0.08912669105056199
0.5130434782608697 0.09240005635384792
0.4869565217391305 0.09555653605536088
0.46086956521739136 0.0985737874710792
0.4347826086956522 0.10122776685884297
0.4086956521739131 0.10327809194064816
0.3826086956521739 0.10449474619447897
0.35652173913043483 0.10488451002075737
0.3304347826086957 0.10469006672362975
0.30434782608695654 0.104164286558686
0.27826086956521745 0.1035324648359704
0.2521739130434783 0.1027010190830372
0.22608695652173916 0.10137143460777125
0.2 0.09924181673847743
0.2 0.09924181673847743
0.19437500000000002 0.09864855166417685
0.18875 0.0980016898231654
0.183125 0.0973000215704806
0.17750000000000002 0.09654245778699813
0.171875 0.09572790935359371
0.16625 0.09485528715114304
0.16062500000000002 0.09392350206052183
0.155 0.09293146496260575
0.149375 0.09187808673827051
0.14375000000000002 0.09076228473298538
0.138125 0.08958317799646372
0.1325 0.08834012204646297
0.12687500000000002 0.08703248587324858
0.12125000000000001 0.08565963846708599
0.11562500000000002 0.08422094881824078
0.11000000000000001 0.08271578591697837
0.10437500000000001 0.08114351875356422
0.09875000000000002 0.07950351631826384
0.09312500000000001 0.07779387186857116
0.08750000000000001 0.075996796721455
0.081875 0.07408373330262119
0.07625000000000001 0.07202591955219703
0.07062500000000001 0.06979457930548737
0.065 0.0673593677233524
0.05937500000000001 0.0646869649113653
0.053750000000000006 0.06174371893784973
0.048125 0.058495977871129264
0.0425 0.05491255770206703
0.036875000000000005 0.050975425349153336
0.03125 0.04667091068618816
0.025625000000000002 0.041985346452729555
0.02 0.0369050653883355
0.02 0.0369050653883355
0.015 0.0320468439858477
0.01 0.026856349779546908
0.005 0.021323983815597393
0.0 0.015440147140163282
0.0 0.0
0.005 -0.01278745349137628
0.01 -0.021637130146671527
0.015 -0.02742212007390927
0.02 -0.031015513381113018
0.02 -0.031015513381113018
0.025625000000000002 -0.033525537516569115
0.03125 -0.035476000662110124
0.036875000000000005 -0.03716231668314662
0.0425 -0.03857427885381556
0.048125 -0.03970113388116222
0.053750000000000006 -0.040532466931270716
0.05937500000000001 -0.041073713516579846
0.065 -0.041352608579020525
0.07062500000000001 -0.041398562639221904
0.07625000000000001 -0.04124098621781316
0.081875 -0.04091103478731068
0.08750000000000001 -0.040448792790383305
0.09312500000000001 -0.03989719308364389
0.09875000000000002 -0.03929916975637282
0.10437500000000001 -0.03869675639077978
0.11000000000000001 -0.03811024581035049
0.11562500000000002 -0.03753760250909003
0.12125000000000001 -0.03697577293358285
0.12687500000000002 -0.03642170353041345
0.1325 -0.035872340746166256
0.138125 -0.03532463102742577
0.14375000000000002 -0.03477552082077644
0.149375 -0.03422195657280273
0.155 -0.03366110393242481
0.16062500000000002 -0.03309295895487466
0.16625 -0.032519487346989985
0.171875 -0.03194269474154136
0.17750000000000002 -0.03136458677129934
0.183125 -0.03078716906903452
0.18875 -0.03021244726751746
0.19437500000000002 -0.029642426999518755
0.2 -0.029079113897808956
0.2 -0.029079113897808956
0.22608695652173916 -0.026577291668509306
0.2521739130434783 -0.024231850883548463
0.27826086956521745 -0.022000643594342964
0.30434782608695654 -0.019841570077192776
0.3304347826086957 -0.017743407035748983
0.35652173913043483 -0.015777840945989514
0.3826086956521739 -0.014030330706375937
0.4086956521739131 -0.012585411485081811
0.4347826086956522 -0.011462942734404452
0.46086956521739136 -0.010576820441097935
0.4869565217391305 -0.009831123005267024
0.5130434782608697 -0.009132262719157387
0.5391304347826088 -0.008444510639128185
0.5652173913043479 -0.0077924182730874075
0.5913043478260871 -0.007203355613849123
0.6173913043478262 -0.006702170344628188
0.6434782608695653 -0.006283173034542973
0.6695652173913045 -0.005920380047217709
0.6956521739130436 -0.005587441848732301
0.7217391304347827 -0.005259066131437805
0.7478260869565219 -0.004917195921942222
0.7739130434782611 -0.0045468039394813255
0.8 -0.004132873176972489
0.8 -0.004132873176972489
0.805625 -0.004036544338370293
0.81125 -0.003937882796697231
0.816875 -0.003837295184117024
0.8225 -0.003735188135356854
0.828125 -0.0036319682851439065
0.83375 -0.0035280422682053615
0.839375 -0.0034238167192684062
0.845 -0.003319698273060222
0.8506250000000001 -0.0032160935643079885
0.8562500000000001 -0.0031134092277388973
0.8618750000000001 -0.003012051898080126
0.8675 -0.0029124282100588595
0.873125 -0.002814944798402281
0.87875 -0.0027200082978375752
0.884375 -0.002628025343091923
0.89 -0.002539402568892509
0.895625 -0.002454546609966517
0.90125 -0.0023738654450747047
0.906875 -0.0022980364944136687
0.9125 -0.0022283309012834664
0.918125 -0.002166099003610795
0.92375 -0.0021126911393223556
0.9293750000000001 -0.002069457646344847
0.935 -0.0020377488626049673
0.940625 -0.0020189151260294174
0.94625 -0.0020143067745448957
0.951875 -0.0020252741460781015
0.9575 -0.0020531675785557335
0.963125 -0.0020993374099044925
0.96875 -0.0021651339780510747
0.974375 -0.0022519076209221818
0.98 -0.0023610086764445128
0.98 -0.0023610086764445128
0.985 -0.002477823024417747
0.99 -0.0026142941040114926
0.995 -0.00277137030071062
1.0 -0.00295
