1.0 0.0029
0.995 0.003887207719172358
0.99 0.004847139739980381
0.985 0.005781735696613263
0.98 0.006692935223260195
0.98 0.006692935223260195
0.974375 0.007692483717386837
0.96875 0.008667637660043992
0.963125 0.009621158756942447
0.9575 0.010555808713792985
0.951875 0.011474349236306386
0.94625 0.012379542030193437
0.940625 0.013274148801164924
0.935 0.014160931254931626
0.9293750000000001 0.015042651097204332
0.92375 0.01592207003369384
0.918125 0.0168019497701109
0.9125 0.017685052012166313
0.906875 0.018574138465570864
0.90125 0.019471970836035336
0.895625 0.02038103573294908
0.89 0.02130131772663662
0.884375 0.022231465987937283
0.87875 0.023170117165038057
0.873125 0.02411590790612589
0.8675 0.02506747485938775
0.8618750000000001 0.02602345467301062
0.8562500000000001 0.026982483995181442
0.8506250000000001 0.02794319947408722
0.845 0.02890423775791491
0.839375 0.029864235494851454
0.83375 0.030821829333083844
0.828125 0.031775655920799034
0.8225 0.032724351906183995
0.816875 0.033666553937425694
0.81125 0.03460089866271111
0.805625 0.03552602273022721
0.8 0.03644056278816097
0.8 0.03644056278816097
0.7739130434782611 0.04053327001561133
0.7478260869565219 0.04441389433667662
0.7217391304347827 0.04813034880960931
0.6956521739130436 0.051730521259568354
0.6695652173913045 0.05524951343045989
0.6434782608695653 0.0586889176256209
0.6173913043478262 0.06204490351026023
0.5913043478260871 0.06531320870804244
0.5652173913043479 0.06845715297145298
0.5391304347826088 0.07138566809150554
0.5130434782608697 0.07400248755618856
0.4869565217391305 0.07621414712770655
0.46086956521739136 0.07800341324877415
0.4347826086956522 0.07943646459282518
0.4086956521739131 0.08058372206810577
0.3826086956521739 0.08150933861479046
0.35652173913043483 0.08219393721808863
0.3304347826086957 0.08255871220130684
0.30434782608695654 0.08252358598035156
0.27826086956521745 0.08200656628627839
0.2521739130434783 0.0809113161898079
0.22608695652173916 0.07913499276007621
0.2 0.0765747206979152
0.2 0.0765747206979152
0.19437500000000002 0.07591008937683985
0.18875 0.07520429640072149
0.183125 0.07445762285049405
0.17750000000000002 0.07367035073390053
0.171875 0.07284276205868394
0.16625 0.07197513883258722
0.16062500000000002 0.07106776306335337
0.155 0.07012091675872537
0.149375 0.06913488192644619
0.14375000000000002 0.06810971174815449
0.138125 0.06704444370970525
0.1325 0.06593783358213802
0.12687500000000002 0.06478863712589462
0.12125000000000001 0.06359561010141696
0.11562500000000002 0.062357508269146884
0.11000000000000001 0.06107308738952624
0.10437500000000001 0.059741103222996916
0.09875000000000002 0.05836030820046416
0.09312500000000001 0.056924982282119604
0.08750000000000001 0.05541609879155697
0.081875 0.05381216752117898
0.07625000000000001 0.05209169826338844
0.07062500000000001 0.05023440366897176
0.065 0.04823366851929417
0.05937500000000001 0.046091552816080655
0.053750000000000006 0.04381025474905169
0.048125 0.041391784638087105
0.0425 0.03881454515088602
0.036875000000000005 0.03601061083874563
0.03125 0.03290666604754123
0.025625000000000002 0.02942939512314815
0.02 0.025505482411441686
0.02 0.025505482411441686
0.015 0.021583332109860888
0.01 0.017198859310090537
0.005 0.012300572084953915
0.0 0.006836978507274274
0.0 0.0
0.005 -0.00629314360742329
0.01 -0.010254506820506666
0.015 -0.012419333141037946
0.02 -0.013322866070804948
0.02 -0.013322866070804948
0.025625000000000002 -0.013498074623948182
0.03125 -0.013356454060684236
0.036875000000000005 -0.012997647388209218
0.0425 -0.012422830516139117
0.048125 -0.011633179354089904
0.053750000000000006 -0.010633239365618139
0.05937500000000001 -0.009470204232232587
0.065 -0.00822052908192818
0.07062500000000001 -0.006961241561605285
0.07625000000000001 -0.005769206177470366
0.081875 -0.004690650350905698
0.08750000000000001 -0.0037052904809253095
0.09312500000000001 -0.002784122663466575
0.09875000000000002 -0.0018981429944668624
0.10437500000000001 -0.0010208230580134024
0.11000000000000001 -0.00014552368562401174
0.11562500000000002 0.0007248156117668917
0.12125000000000001 0.0015871939318250045
0.12687500000000002 0.0024386103722160305
0.1325 0.0032760640306056625
0.138125 0.004096554004659604
0.14375000000000002 0.004897079392043556
0.149375 0.005674639290423212
0.155 0.006426490495777901
0.16062500000000002 0.00715127797850971
0.16625 0.00784811207333178
0.171875 0.00851610345299613
0.17750000000000002 0.009154362790254791
0.183125 0.009762000757859773
0.18875 0.010338128028563098
0.19437500000000002 0.010881855275116795
0.2 0.011392293177500637
0.2 0.011392293177500637
0.22608695652173916 0.013346148768752333
0.2521739130434783 0.01475825393789245
0.27826086956521745 0.015820470514452727
0.30434782608695654 0.016724452422939216
0.3304347826086957 0.01759913779856378
0.35652173913043483 0.01842303841291274
0.3826086956521739 0.019152578976053453
0.4086956521739131 0.019744359849135504
0.4347826086956522 0.020164881193351004
0.46086956521739136 0.020395631152443014
0.4869565217391305 0.02041934635085705
0.5130434782608697 0.02021998420752862
0.5391304347826088 0.019808403637699756
0.5652173913043479 0.019221727087617654
0.5913043478260871 0.018498170181918773
0.6173913043478262 0.017673051698737934
0.6434782608695653 0.016749024735212784
0.6695652173913045 0.01570813770903243
0.6956521739130436 0.014532116136214286
0.7217391304347827 0.013206894936075705
0.7478260869565219 0.011745826441618593
0.7739130434782611 0.01017324201484545
0.8 0.00851350220563547
0.8 0.00851350220563547
0.805625 0.008146635846415257
0.81125 0.007777555497643508
0.816875 0.0074069587025361126
0.8225 0.007035543004308967
0.828125 0.006664005946177961
0.83375 0.006293045071358989
0.839375 0.005923357923067945
0.845 0.005555642044520719
0.8506250000000001 0.005190594978933199
0.8562500000000001 0.0048289142695212926
0.8618750000000001 0.004471297459500883
0.8675 0.004118442092087868
0.873125 0.0037710457104981336
0.87875 0.0034298058579475777
0.884375 0.0030954200776520907
0.89 0.0027685859128275684
0.895625 0.002450000906689901
0.90125 0.0021403588261801197
0.906875 0.0018397757207581232
0.9125 0.0015471739598112775
0.918125 0.001261328205062498
0.92375 0.0009810131182346952
0.9293750000000001 0.0007050033610507775
0.935 0.00043207359523366763
0.940625 0.00016099848250627393
0.94625 -0.00010944731540849108
0.951875 -0.00038048913678771475
0.9575 -0.0006533523199084843
0.963125 -0.0009292622030478871
0.96875 -0.00120944412448301
0.974375 -0.0014951234224909403
0.98 -0.0017875254353487656
0.98 -0.0017875254353487656
0.985 -0.002054072676105012
0.99 -0.0023277604543084597
0.995 -0.002609449364194869
1.0 -0.0029
