1.0 0.0037
0.995 0.005531085864455922
0.99 0.007312604809715977
0.985 0.009047344521219728
0.98 0.01073809268440674
0.98 0.01073809268440674
0.974375 0.012591071715448918
0.96875 0.014395871292469664
0.963125 0.016156460600401497
0.9575 0.01787680882417691
0.951875 0.019560885148728405
0.94625 0.021212658758988496
0.940625 0.02283609883988967
0.935 0.02443517457636444
0.9293750000000001 0.02601385515334531
0.92375 0.027576109755764813
0.918125 0.029125907568555386
0.9125 0.03066721777664956
0.906875 0.03220400956497985
0.90125 0.033740252118478746
0.895625 0.03527984797644738
0.89 0.036824569880634685
0.884375 0.038373664485149936
0.87875 0.03992623181625592
0.873125 0.041481371900215384
0.8675 0.04303818476329111
0.8618750000000001 0.04459577043174587
0.8562500000000001 0.04615322893184241
0.8506250000000001 0.04770966028984355
0.845 0.04926416453201206
0.839375 0.05081584168461066
0.83375 0.05236379177390215
0.828125 0.05390711482614929
0.8225 0.055444910867614876
0.816875 0.05697627992456168
0.81125 0.058500322023252435
0.805625 0.060016137189949956
0.8 0.06152282545091698
0.8 0.06152282545091698
0.7739130434782611 0.06837801951572348
0.7478260869565219 0.07503169877787476
0.7217391304347827 0.08151390134581848
0.6956521739130436 0.0878547127495003
0.6695652173913045 0.09407310373953727
0.6434782608695653 0.10014061643979065
0.6173913043478262 0.10601614451787134
0.5913043478260871 0.11165858646228172
0.5652173913043479 0.11703424167089801
0.5391304347826088 0.12213168123888377
0.5130434782608697 0.1269436487316795
0.4869565217391305 0.13146276349340252
0.46086956521739136 0.13566117707200293
0.4347826086956522 0.1394679661443875
0.4086956521739131 0.14280676065198167
0.3826086956521739 0.1456006085951389
0.35652173913043483 0.14774298779137607
0.3304347826086957 0.1490843775398103
0.30434782608695654 0.14947187095752817
0.27826086956521745 0.14875771430692525
0.2521739130434783 0.14690522519154645
0.22608695652173916 0.1439848043413861
0.2 0.14007120765443928
0.2 0.14007120765443928
0.19437500000000002 0.13910440901456028
0.18875 0.1380955067146833
0.183125 0.13704302726133585
0.17750000000000002 0.13594400068950727
0.171875 0.13479542378724113
0.16625 0.13359429334258094
0.16062500000000002 0.13233760614357035
0.155 0.13102235897825282
0.149375 0.12964554863467193
0.14375000000000002 0.12820417190087127
0.138125 0.1266947255792778
0.1325 0.12511046948408316
0.12687500000000002 0.12344337432107663
0.12125000000000001 0.12168540747582199
0.11562500000000002 0.11982853633388306
0.11000000000000001 0.11786472828082355
0.10437500000000001 0.11578595070220728
0.09875000000000002 0.11358417098359802
0.09312500000000001 0.1112513479221789
0.08750000000000001 0.10877190518391898
0.081875 0.10610892540182815
0.07625000000000001 0.10322173926314572
0.07062500000000001 0.10006967745511108
0.065 0.09662134160573824
0.05937500000000001 0.09291543777013861
0.053750000000000006 0.08902272468723185
0.048125 0.08501412632902075
0.0425 0.08095187209746316
0.036875000000000005 0.0767074976991887
0.03125 0.0719668632566372
0.025625000000000002 0.0664081381681777
0.02 0.05970949183217934
0.02 0.05970949183217934
0.015 0.052537996454334886
0.01 0.043985504734711495
0.005 0.03382598475556559
0.0 0.02183340459915364
0.0 0.0
0.005 -0.010098868025049366
0.01 -0.016685799950752346
0.015 -0.020626832412598266
0.02 -0.022788002046076467
0.02 -0.022788002046076467
0.025625000000000002 -0.024170142696558587
0.03125 -0.025485110701746517
0.036875000000000005 -0.026968346632835382
0.0425 -0.028541089724157878
0.048125 -0.03012409124552692
0.053750000000000006 -0.03163887832631999
0.05937500000000001 -0.03304639747885103
0.065 -0.03436491309156673
0.07062500000000001 -0.03561720311947107
0.07625000000000001 -0.03682604551756804
0.081875 -0.03801053600936095
0.08750000000000001 -0.039166838938894485
0.09312500000000001 -0.04028230598948891
0.09875000000000002 -0.04134427054356349
0.10437500000000001 -0.04234015415185638
0.11000000000000001 -0.0432617792825099
0.11562500000000002 -0.04410732244889172
0.12125000000000001 -0.044875455551796305
0.12687500000000002 -0.045564850492018145
0.1325 -0.04617417917035174
0.138125 -0.046702113487591575
0.14375000000000002 -0.047147325344532115
0.149375 -0.04750848664196787
0.155 -0.047784369845768664
0.16062500000000002 -0.04797731120023852
0.16625 -0.048094085811202635
0.171875 -0.04814174701562468
0.17750000000000002 -0.04812734815046834
0.183125 -0.048057942552697325
0.18875 -0.04794058355927531
0.19437500000000002 -0.047782324507165984
0.2 -0.04759021873333304
0.2 -0.04759021873333304
0.22608695652173916 -0.04637443486354549
0.2521739130434783 -0.04464355623121305
0.27826086956521745 -0.04238639363975841
0.30434782608695654 -0.039591636059644
0.3304347826086957 -0.0362550970246537
0.35652173913043483 -0.03239493745435369
0.3826086956521739 -0.028033688324635913
0.4086956521739131 -0.023194342117769697
0.4347826086956522 -0.017941834789644884
0.46086956521739136 -0.012415988332227046
0.4869565217391305 -0.006764376989985932
0.5130434782608697 -0.0011323949655094535
0.5391304347826088 0.004386747336234932
0.5652173913043479 0.009753184097156213
0.5913043478260871 0.014929461734122533
0.6173913043478262 0.019859875168170785
0.6434782608695653 0.02430156651816888
0.6695652173913045 0.027901842369172307
0.6956521739130436 0.030306611808554842
0.7217391304347827 0.03123542278062981
0.7478260869565219 0.030807947486868756
0.7739130434782611 0.02927911051927853
0.8 0.026903937711760882
0.8 0.026903937711760882
0.805625 0.02630504386208936
0.81125 0.025679280844782288
0.816875 0.025027680769474186
0.8225 0.024351275745799587
0.828125 0.02365109788339302
0.83375 0.022928179291889002
0.839375 0.022183552080922066
0.845 0.02141824836012675
0.8506250000000001 0.020633300239137547
0.8562500000000001 0.01982973982758902
0.8618750000000001 0.019008599235115692
0.8675 0.018170910571352075
0.873125 0.0173177059459327
0.87875 0.0164500174684921
0.884375 0.015568877248664794
0.89 0.014675317396085318
0.895625 0.013770370020388192
0.90125 0.012855068036181295
0.906875 0.011930486243938363
0.9125 0.010997760926193144
0.918125 0.010058033271569504
0.92375 0.0091124444686913
0.9293750000000001 0.008162135706182379
0.935 0.00720824817266664
0.940625 0.006251923056767922
0.94625 0.005294301547110091
0.951875 0.004336524832317005
0.9575 0.0033797341010125257
0.963125 0.002425070541820515
0.96875 0.0014736753433648355
0.974375 0.0005266896942693461
0.98 -0.00041474521684208964
0.98 -0.00041474521684208964
0.985 -0.0012459938180194696
0.99 -0.002071153477768075
0.995 -0.002889422702843167
1.0 -0.0037
