1.0 0.0
0.995 0.0010301406951124792
0.99 0.002057739588289041
0.985 0.0030825386495599966
0.98 0.004104279848955657
0.98 0.004104279848955657
0.974375 0.005249762320202808
0.96875 0.006390680725505715
0.963125 0.007526667674536441
0.9575 0.008657355776967052
0.951875 0.00978237764246961
0.94625 0.01090136588071618
0.940625 0.012013953101378823
0.935 0.013119771914129608
0.9293750000000001 0.014218454928640593
0.92375 0.015309634754583874
0.918125 0.01639294400163146
0.9125 0.017468015279455434
0.906875 0.018534481197727878
0.90125 0.019591974366120837
0.895625 0.020640164838670524
0.89 0.02167904354929468
0.884375 0.02270876454494108
0.87875 0.023729483159000725
0.873125 0.024741354724864644
0.8675 0.02574453457592385
0.8618750000000001 0.026739178045569346
0.8562500000000001 0.027725440467192167
0.8506250000000001 0.02870347717418332
0.845 0.029673443499933835
0.839375 0.03063549477783469
0.83375 0.03158978634127693
0.828125 0.03253647352365157
0.8225 0.03347571165834962
0.816875 0.0344076560787621
0.81125 0.03533246211828002
0.805625 0.036250285110294406
0.8 0.03716128038819626
0.8 0.03716128038819626
0.7739130434782611 0.04130336308493241
0.7478260869565219 0.04532929933260916
0.7217391304347827 0.04926656303485618
0.6956521739130436 0.053142535649472265
0.6695652173913045 0.05694582908510522
0.6434782608695653 0.06056641982489671
0.6173913043478262 0.0638788291204035
0.5913043478260871 0.066758788056039
0.5652173913043479 0.06916403905310767
0.5391304347826088 0.07118517742729542
0.5130434782608697 0.07292492435173957
0.4869565217391305 0.07448371506950383
0.46086956521739136 0.07590457113380483
0.4347826086956522 0.07717027705651826
0.4086956521739131 0.07826076634119714
0.3826086956521739 0.07915104489779455
0.35652173913043483 0.07975457211779638
0.3304347826086957 0.0799429771437849
0.30434782608695654 0.07958709005617699
0.27826086956521745 0.07857441094277999
0.2521739130434783 0.07691047569465412
0.22608695652173916 0.0746517682556654
0.2 0.07185497383002201
0.2 0.07185497383002201
0.19437500000000002 0.07118669894573726
0.18875 0.07049531418144929
0.183125 0.06977997416363337
0.17750000000000002 0.06903983338130924
0.171875 0.06827404632349678
0.16625 0.0674817674792158
0.16062500000000002 0.06666215133748611
0.155 0.06581435238732752
0.149375 0.06493752507357008
0.14375000000000002 0.06402980761467225
0.138125 0.06308569373212679
0.1325 0.062098860455637055
0.12687500000000002 0.061062984814906456
0.12125000000000001 0.05997174383963832
0.11562500000000002 0.05881881455953607
0.11000000000000001 0.05759787400430304
0.10437500000000001 0.05630259920364263
0.09875000000000002 0.054926667564535625
0.09312500000000001 0.05346390297543343
0.08750000000000001 0.051908497143968474
0.081875 0.050254698591170946
0.07625000000000001 0.04849675583807107
0.07062500000000001 0.04662969348335251
0.065 0.04465594404521747
0.05937500000000001 0.0425820501134317
0.053750000000000006 0.040414598140659154
0.048125 0.03815979151987202
0.0425 0.035791346974032856
0.036875000000000005 0.03322623521320202
0.03125 0.03037571365659768
0.025625000000000002 0.027151039723438016
0.02 0.023463470832941206
0.02 0.023463470832941206
0.015 0.019725287957943944
0.01 0.015488916573595773
0.005 0.010692029929059538
0.0 0.0052723012734980645
0.0 0.0
0.005 -0.004393109205114339
0.01 -0.006792652280111635
0.015 -0.007730055184702133
0.02 -0.007736743878596082
0.02 -0.007736743878596082
0.025625000000000002 -0.00729331724544333
0.03125 -0.006920113756168668
0.036875000000000005 -0.006659116060809691
0.0425 -0.00645429475599788
0.048125 -0.006249620438364712
0.053750000000000006 -0.005992301270256116
0.05937500000000001 -0.0056681702216573905
0.065 -0.005288456852944898
0.07062500000000001 -0.004864835973746796
0.07625000000000001 -0.004408977243231059
0.081875 -0.003931661246065206
0.08750000000000001 -0.0034417763288265234
0.09312500000000001 -0.0029479683980893614
0.09875000000000002 -0.0024588833604280752
0.10437500000000001 -0.0019823957264072417
0.11000000000000001 -0.0015201822447050346
0.11562500000000002 -0.0010709348163115827
0.12125000000000001 -0.0006333262118160448
0.12687500000000002 -0.00020602920180757487
0.1325 0.00021228344312466756
0.138125 0.0006229389523915268
0.14375000000000002 0.0010272645554038479
0.149375 0.0014265874815724698
0.155 0.001822021291308577
0.16062500000000002 0.0022134904096001236
0.16625 0.0026005080020467374
0.171875 0.002982586839014605
0.17750000000000002 0.0033592396908699164
0.183125 0.0037299793279788533
0.18875 0.004094318520707606
0.19437500000000002 0.00445177003942236
0.2 0.004801846654508031
0.2 0.004801846654508031
0.22608695652173916 0.006327243808702082
0.2521739130434783 0.007708916787355807
0.27826086956521745 0.008972155884062152
0.30434782608695654 0.010142213610582321
0.3304347826086957 0.011231982771417145
0.35652173913043483 0.012224255936087652
0.3826086956521739 0.013097330616816541
0.4086956521739131 0.013829694691869286
0.4347826086956522 0.014410979338935682
0.46086956521739136 0.014847929495956771
0.4869565217391305 0.015148743898660586
0.5130434782608697 0.01532121239291326
0.5391304347826088 0.015363887499563092
0.5652173913043479 0.015266176327748366
0.5913043478260871 0.01501709547998329
0.6173913043478262 0.014608013195991733
0.6434782608695653 0.014057258664080597
0.6695652173913045 0.013400377953574768
0.6956521739130436 0.01267319622120159
0.7217391304347827 0.011905524190045605
0.7478260869565219 0.011087572570458911
0.7739130434782611 0.010193538117192326
0.8 0.009197572579529297
0.8 0.009197572579529297
0.805625 0.008967025961074114
0.81125 0.008730687010021538
0.816875 0.008488700080260593
0.8225 0.00824120952568029
0.828125 0.007988359700169648
0.83375 0.007730294957617688
0.839375 0.007467159651913422
0.845 0.007199098136945872
0.8506250000000001 0.006926254766604046
0.8562500000000001 0.006648773894776977
0.8618750000000001 0.006366799875353676
0.8675 0.006080477062223155
0.873125 0.005789949809274438
0.87875 0.00549536247039654
0.884375 0.0051968593994784805
0.89 0.004894584950409274
0.895625 0.004588683477077939
0.90125 0.004279302614756508
0.906875 0.003967092004634857
0.9125 0.0036537385327154305
0.918125 0.003341057435144278
0.92375 0.0030308639480674505
0.9293750000000001 0.0027249733076309913
0.935 0.0024252007499809634
0.940625 0.00213336151126341
0.94625 0.0018512708276243817
0.951875 0.001580743935209929
0.9575 0.0013235960701661017
0.963125 0.00108164246863895
0.96875 0.0008566983667745245
0.974375 0.0006505790007188747
0.98 0.00046509960661805127
0.98 0.00046509960661805127
0.985 0.0003190238790841125
0.99 0.00019196543656098658
0.995 8.519917741188016e-05
1.0 0.0
