1.0 0.003
0.995 0.0040829327542932494
0.99 0.00517735483735896
0.985 0.006282227252746689
0.98 0.00739651100400599
0.98 0.00739651100400599
0.974375 0.008660036039243485
0.96875 0.009932677964192924
0.963125 0.011212957426486385
0.9575 0.012499395073755951
0.951875 0.013790511553633703
0.94625 0.015084827513751715
0.940625 0.01638086360174208
0.935 0.01767714046523686
0.9293750000000001 0.01897217875186815
0.92375 0.02026449910926805
0.918125 0.0215526221850686
0.9125 0.02283506862690189
0.906875 0.024110359082400015
0.90125 0.025377014199195042
0.895625 0.0266337056461021
0.89 0.027880600474762422
0.884375 0.029118719773883427
0.87875 0.03034909462700113
0.873125 0.03157275611765156
0.8675 0.03279073532937074
0.8618750000000001 0.03400406334569466
0.8562500000000001 0.03521377125015935
0.8506250000000001 0.036420890126300835
0.845 0.037626451057655136
0.839375 0.038831485127758227
0.83375 0.040037023420146166
0.828125 0.041244097018354936
0.8225 0.04245373700592059
0.816875 0.04366697446637911
0.81125 0.04488484048326654
0.805625 0.046108366140118894
0.8 0.04733858252047217
0.8 0.04733858252047217
0.7739130434782611 0.053143397339745234
0.7478260869565219 0.05910428712340496
0.7217391304347827 0.06520818016708699
0.6956521739130436 0.07144195450816232
0.6695652173913045 0.07775822723737534
0.6434782608695653 0.08401566141051442
0.6173913043478262 0.09005695790110156
0.5913043478260871 0.09572548800681535
0.5652173913043479 0.10092555374981622
0.5391304347826088 0.1056702430976764
0.5130434782608697 0.10998390561174365
0.4869565217391305 0.1138894177998057
0.46086956521739136 0.11736329993534779
0.4347826086956522 0.12032749927834242
0.4086956521739131 0.1227008329491472
0.3826086956521739 0.12440663451240674
0.35652173913043483 0.12543634159105516
0.3304347826086957 0.1258340880906518
0.30434782608695654 0.12564537911507528
0.27826086956521745 0.12489662277574638
0.2521739130434783 0.12345532717564918
0.22608695652173916 0.12111018405154468
0.2 0.11764931818308036
0.2 0.11764931818308036
0.19437500000000002 0.1167365525772966
0.18875 0.1157626385961622
0.183125 0.11472928031340887
0.17750000000000002 0.11363819949667257
0.171875 0.11249111791358922
0.16625 0.11128975733179475
0.16062500000000002 0.11003583951892511
0.155 0.10873108624261615
0.149375 0.1073772192705039
0.14375000000000002 0.10597401095375078
0.138125 0.1045083641286064
0.1325 0.10296196470716469
0.12687500000000002 0.10131648374092253
0.12125000000000001 0.0995535922813769
0.11562500000000002 0.09765496138002472
0.11000000000000001 0.0956022620883629
0.10437500000000001 0.09337716545788836
0.09875000000000002 0.0909613425400981
0.09312500000000001 0.08834041825481545
0.08750000000000001 0.08551643465481117
0.081875 0.08249569416926882
0.07625000000000001 0.0792844992352837
0.07062500000000001 0.0758889136509325
0.065 0.07231108196468043
0.05937500000000001 0.06854994287176243
0.053750000000000006 0.06460434091570122
0.048125 0.06047302804628624
0.0425 0.056127144682949395
0.036875000000000005 0.05147174969954401
0.03125 0.04640222305114324
0.025625000000000002 0.0408139446928202
0.02 0.034602294579648016
0.02 0.034602294579648016
0.015 0.028472927135047905
0.01 0.02169487829171865
0.005 0.014194670048285011
0.0 0.005898824403371699
0.0 0.0
0.005 -0.007664955619474898
0.01 -0.012301488156846627
0.015 -0.014687916772535864
0.02 -0.015602560626963293
0.02 -0.015602560626963293
0.025625000000000002 -0.01584132187310438
0.03125 -0.01606673112278781
0.036875000000000005 -0.016352595602440546
0.0425 -0.016612717956897664
0.048125 -0.016760900830994227
0.053750000000000006 -0.01671718215720361
0.05937500000000001 -0.01648657468779751
0.065 -0.016135493238127546
0.07062500000000001 -0.01573171678652108
0.07625000000000001 -0.01534292690956534
0.081875 -0.01501092242266171
0.08750000000000001 -0.014716944048286421
0.09312500000000001 -0.014433584590400271
0.09875000000000002 -0.01413343685296407
0.10437500000000001 -0.01379167452347198
0.11000000000000001 -0.013406527052943188
0.11562500000000002 -0.012988351087506568
0.12125000000000001 -0.012547611392528437
0.12687500000000002 -0.012094772733375099
0.1325 -0.011640299875412874
0.138125 -0.011194657584008073
0.14375000000000002 -0.010768310624527006
0.149375 -0.010371723762335989
0.155 -0.01001373696584533
0.16062500000000002 -0.00969331987012093
0.16625 -0.009405735148345511
0.171875 -0.009146238844229045
0.17750000000000002 -0.008910087001481515
0.183125 -0.008692535663812914
0.18875 -0.008488840874933208
0.19437500000000002 -0.008294258678552388
0.2 -0.008104045118380435
0.2 -0.008104045118380435
0.22608695652173916 -0.007228244476989669
0.2521739130434783 -0.006394710248033556
0.27826086956521745 -0.0056562006444966055
0.30434782608695654 -0.005065409848664339
0.3304347826086957 -0.004652385469080617
0.35652173913043483 -0.004391235385027945
0.3826086956521739 -0.004247581695422215
0.4086956521739131 -0.004187057293655931
0.4347826086956522 -0.004175953598005247
0.46086956521739136 -0.004181589032107395
0.4869565217391305 -0.0041713711036270185
0.5130434782608697 -0.00411413529618689
0.5391304347826088 -0.004011917987857011
0.5652173913043479 -0.0039001562556406247
0.5913043478260871 -0.003815755113847294
0.6173913043478262 -0.0037918382327862127
0.6434782608695653 -0.003817202214712658
0.6695652173913045 -0.003851869384114861
0.6956521739130436 -0.0038553745168477325
0.7217391304347827 -0.003793905150618385
0.7478260869565219 -0.003678197686858149
0.7739130434782611 -0.0035372811056039143
0.8 -0.00340024030465118
0.8 -0.00340024030465118
0.805625 -0.0033739993000352275
0.81125 -0.003349492244678273
0.816875 -0.0033269198012613626
0.8225 -0.0033064826324549035
0.828125 -0.0032883814009292984
0.83375 -0.003272816769354954
0.839375 -0.003259989400402276
0.845 -0.0032500999567416683
0.8506250000000001 -0.003243349101043537
0.8562500000000001 -0.0032399374959782875
0.8618750000000001 -0.0032400658042163236
0.8675 -0.003243934688428052
0.873125 -0.0032517448112838777
0.87875 -0.0032636968354542053
0.884375 -0.0032799914236094395
0.89 -0.003300829238419987
0.895625 -0.003326410942556253
0.90125 -0.003356933891106268
0.906875 -0.0033920001494297638
0.9125 -0.003429932203946549
0.918125 -0.0034688866944064412
0.92375 -0.0035070202605592573
0.9293750000000001 -0.003542489542154819
0.935 -0.0035734511789429417
0.940625 -0.003598061810673446
0.94625 -0.003614478077096149
0.951875 -0.003620856617960872
0.9575 -0.00361535407301743
0.963125 -0.0035961270820156436
0.96875 -0.003561332284705331
0.974375 -0.003509126320836311
0.98 -0.0034376658301584016
0.98 -0.0034376658301584016
0.985 -0.0033564909028509955
0.99 -0.003257351389269079
0.995 -0.003138952638592224
1.0 -0.003
