1.0 0.003
0.995 0.0038447722917399098
0.99 0.004720142807140899
0.985 0.005623822854685073
0.98 0.006553523742854532
0.98 0.006553523742854532
0.974375 0.007627690588959262
0.96875 0.008728634732925396
0.963125 0.009853097471400306
0.9575 0.010997820101031357
0.951875 0.012159543918465916
0.94625 0.013335010220351355
0.940625 0.014520960303335039
0.935 0.015714135464064336
0.9293750000000001 0.016911276999186615
0.92375 0.018109126205349265
0.918125 0.01930442437919961
0.9125 0.020493912817385045
0.906875 0.021674332816552927
0.90125 0.022842425673350642
0.895625 0.023995196865275768
0.89 0.025131749912496584
0.884375 0.026252188833503356
0.87875 0.02735662380843886
0.873125 0.02844516501744586
0.8675 0.029517922640667105
0.8618750000000001 0.030575006858245376
0.8562500000000001 0.03161652785032343
0.8506250000000001 0.03264259579704402
0.845 0.03365332087854995
0.839375 0.034648813274983925
0.83375 0.03562918316648874
0.828125 0.03659454073320716
0.8225 0.037544996155281944
0.816875 0.03848065961285585
0.81125 0.03940164128607166
0.805625 0.04030805135507213
0.8 0.0412
0.8 0.0412
0.7739130434782611 0.04516021809979401
0.7478260869565219 0.04887982029766814
0.7217391304347827 0.05242685848805055
0.6956521739130436 0.0558692779184381
0.6695652173913045 0.05923887052663469
0.6434782608695653 0.06247880465057713
0.6173913043478262 0.06551891776179616
0.5913043478260871 0.06829013525230575
0.5652173913043479 0.0707886577431064
0.5391304347826088 0.07311186246012788
0.5130434782608697 0.07536582999316484
0.4869565217391305 0.07765149082448707
0.46086956521739136 0.07995132296329112
0.4347826086956522 0.08212935194570047
0.4086956521739131 0.08404445320031353
0.3826086956521739 0.08556406866183248
0.35652173913043483 0.08665522589841308
0.3304347826086957 0.08734920127398772
0.30434782608695654 0.08767834196575176
0.27826086956521745 0.08765245979462331
0.2521739130434783 0.0871315515329887
0.22608695652173916 0.08591449806701022
0.2 0.08379999999999999
0.2 0.08379999999999999
0.19437500000000002 0.08320673880975658
0.18875 0.08255905750924299
0.183125 0.08185362114612985
0.17750000000000002 0.08108709476808784
0.171875 0.08025614342278764
0.16625 0.0793574321578999
0.16062500000000002 0.07838762602109527
0.155 0.07734339006004443
0.149375 0.0762213900618746
0.14375000000000002 0.07501902831246793
0.138125 0.07373582564081155
0.1325 0.07237168147766228
0.12687500000000002 0.07092649525377688
0.12125000000000001 0.06940016639991207
0.11562500000000002 0.06779259434682469
0.11000000000000001 0.06610367852527142
0.10437500000000001 0.06433331836600911
0.09875000000000002 0.062481401930853726
0.09312500000000001 0.060545971249870593
0.08750000000000001 0.05852119722880701
0.081875 0.056400763330076605
0.07625000000000001 0.05417835301609296
0.07062500000000001 0.05184859753849976
0.065 0.049413655198103576
0.05937500000000001 0.04687927373655617
0.053750000000000006 0.044251223001380575
0.048125 0.04153470343685895
0.0425 0.038700751292818254
0.036875000000000005 0.03566744831768012
0.03125 0.03234832103393876
0.025625000000000002 0.02865689596408843
0.02 0.02450669963062336
0.02 0.02450669963062336
0.015 0.020362588601595937
0.01 0.01572693382583552
0.005 0.010539002216259866
0.0 0.004738060685786741
0.0 0.0
0.005 -0.005025194420165883
0.01 -0.008006597210082943
0.015 -0.00945340278991706
0.02 -0.00987480557983412
0.02 -0.00987480557983412
0.025625000000000002 -0.00975704437906977
0.03125 -0.00954200945377298
0.036875000000000005 -0.00930090265347619
0.0425 -0.0090182486176289
0.048125 -0.008678571985680608
0.053750000000000006 -0.00826819949109203
0.05937500000000001 -0.007794407210204357
0.065 -0.007277986924442939
0.07062500000000001 -0.006739955676984524
0.07625000000000001 -0.006201292865522866
0.081875 -0.005676865202448692
0.08750000000000001 -0.005168721113189342
0.09312500000000001 -0.004677294973088312
0.09875000000000002 -0.004203021157489081
0.10437500000000001 -0.0037462697095155474
0.11000000000000001 -0.0033068997656846805
0.11562500000000002 -0.002884526825331971
0.12125000000000001 -0.0024787648873329693
0.12687500000000002 -0.002089227950563228
0.1325 -0.0017155300138982999
0.138125 -0.001357285076213738
0.14375000000000002 -0.0010141071363850935
0.149375 -0.0006856101932879216
0.155 -0.00037128215342497814
0.16062500000000002 -6.990534781452645e-05
0.16625 0.0002199831815941202
0.171875 0.0004998466391258179
0.17750000000000002 0.000771148229105423
0.183125 0.001035351155857788
0.18875 0.001293918623707769
0.19437500000000002 0.0015483138369802218
0.2 0.0018
0.2 0.0018
0.22608695652173916 0.0029433934084082017
0.2521739130434783 0.004021417117067891
0.27826086956521745 0.004995497188257164
0.30434782608695654 0.005827106250272445
0.3304347826086957 0.006493502811625371
0.35652173913043483 0.007010641742063053
0.3826086956521739 0.00740029866362435
0.4086956521739131 0.007684143980091059
0.4347826086956522 0.007877534999820739
0.46086956521739136 0.007986043733263415
0.4869565217391305 0.008014400444812551
0.5130434782608697 0.007967498562837043
0.5391304347826088 0.007853984287140764
0.5652173913043479 0.0076862565889625626
0.5913043478260871 0.007476877603516728
0.6173913043478262 0.007237704175862584
0.6434782608695653 0.006972394153008078
0.6695652173913045 0.006679315705798963
0.6956521739130436 0.006356748843811626
0.7217391304347827 0.006002591421617035
0.7478260869565219 0.005612200727310098
0.7739130434782611 0.0051798976446110305
0.8 0.0047
0.8 0.0047
0.805625 0.00458978469833395
0.81125 0.004477337446012757
0.816875 0.004362903348410487
0.8225 0.004246727510901207
0.828125 0.004129055038858983
0.83375 0.004010131037657879
0.839375 0.0038902006126719612
0.845 0.0037695088692752962
0.8506250000000001 0.0036483009128419445
0.8562500000000001 0.0035268218487459783
0.8618750000000001 0.0034053167823614606
0.8675 0.003284030819062456
0.873125 0.0031632090642230316
0.87875 0.0030430966232172507
0.884375 0.0029239386014191814
0.89 0.0028059801042028872
0.895625 0.0026894662369424355
0.90125 0.002574639967725413
0.906875 0.0024613972227476716
0.9125 0.0023489061821595782
0.918125 0.0022362433899537864
0.92375 0.002122485390122951
0.9293750000000001 0.002006708726659725
0.935 0.001887989943556767
0.940625 0.0017654055848067298
0.94625 0.0016380321944022677
0.951875 0.0015049463163360362
0.9575 0.0013652244946006893
0.963125 0.0012179432731888825
0.96875 0.00106217919609327
0.974375 0.0008970088073065066
0.98 0.0007215086508212474
0.98 0.0007215086508212474
0.985 0.0005560900738103785
0.99 0.0003811314881159356
0.995 0.00019598432106883673
1.0 0.0
