1.0 0.0
0.995 0.0010912575427284125
0.99 0.0021830183152543293
0.985 0.003274685214154384
0.98 0.004365661136005208
0.98 0.004365661136005208
0.974375 0.0055914396508480735
0.96875 0.006814737766195084
0.963125 0.008034705309398515
0.9575 0.009250492107810641
0.951875 0.01046124798878374
0.94625 0.011666122779670086
0.940625 0.012864266307821956
0.935 0.014054828400591626
0.9293750000000001 0.01523695888533137
0.92375 0.016409807589393484
0.918125 0.017572524340130204
0.9125 0.01872425896489383
0.906875 0.01986416129103663
0.90125 0.020991381145910887
0.895625 0.02210517687935446
0.89 0.02320569414011652
0.884375 0.02429351226096548
0.87875 0.025369213521746564
0.873125 0.026433380202304974
0.8675 0.027486594582485948
0.8618750000000001 0.02852943894213467
0.8562500000000001 0.029562495561096375
0.8506250000000001 0.030586346719216274
0.845 0.0316015746963396
0.839375 0.03260876177231153
0.83375 0.0336084902269773
0.828125 0.034601342340182126
0.8225 0.03558790039177122
0.816875 0.0365687466615898
0.81125 0.037544463429483074
0.805625 0.038515632975296275
0.8 0.03948283757887459
0.8 0.03948283757887459
0.7739130434782611 0.043917108017725526
0.7478260869565219 0.048237999139020896
0.7217391304347827 0.052404506394354636
0.6956521739130436 0.05637565353612467
0.6695652173913045 0.06012091303829909
0.6434782608695653 0.06363576504562479
0.6173913043478262 0.06691966829914837
0.5913043478260871 0.0699723347797933
0.5652173913043479 0.07280940892594853
0.5391304347826088 0.07547166448895537
0.5130434782608697 0.07800208841459658
0.4869565217391305 0.08044046285495471
0.46086956521739136 0.08275013674260306
0.4347826086956522 0.0848164817106716
0.4086956521739131 0.0865213557438783
0.3826086956521739 0.08775493453024141
0.35652173913043483 0.08850710735529448
0.3304347826086957 0.08883355867304099
0.30434782608695654 0.08879113720536981
0.27826086956521745 0.08841115750299758
0.2521739130434783 0.08755060904153958
0.22608695652173916 0.08599364355484837
0.2 0.08352416855955112
0.2 0.08352416855955112
0.19437500000000002 0.08285176199978443
0.18875 0.08212849234758213
0.183125 0.08135611628487638
0.17750000000000002 0.08053639052762204
0.171875 0.07967107179177399
0.16625 0.07876191679328712
0.16062500000000002 0.0778106822481163
0.155 0.07681912487221643
0.149375 0.07578900067203048
0.14375000000000002 0.07472015022184289
0.138125 0.07360633053351176
0.1325 0.07244009359965123
0.12687500000000002 0.07121399141287542
0.12125000000000001 0.06992057596579844
0.11562500000000002 0.06855239925103443
0.11000000000000001 0.06710201326119747
0.10437500000000001 0.06556196998890174
0.09875000000000002 0.06392481919557096
0.09312500000000001 0.06218259789820578
0.08750000000000001 0.060326178956819874
0.081875 0.05834627454136925
0.07625000000000001 0.056233596821809936
0.07062500000000001 0.05397803676788543
0.065 0.051562406337529794
0.05937500000000001 0.04896590137219431
0.053750000000000006 0.046167688677569506
0.048125 0.04314699494453
0.0425 0.039887202927369435
0.036875000000000005 0.03637848369116448
0.03125 0.03261163469439327
0.025625000000000002 0.0285774533955339
0.02 0.024266737253064517
0.02 0.024266737253064517
0.015 0.020195397405218533
0.01 0.01589182650785927
0.005 0.011349561321948061
0.0 0.0065621386084461905
0.0 0.0
0.005 -0.0013828904940465004
0.01 -0.0022229357504759935
0.015 -0.0026155982168491318
0.02 -0.002656340340726569
0.02 -0.002656340340726569
0.025625000000000002 -0.0024003603750017144
0.03125 -0.0019327818213319902
0.036875000000000005 -0.0013004016201799825
0.0425 -0.0005381205314139784
0.048125 0.00031916068509773817
0.053750000000000006 0.0012384112948608935
0.05937500000000001 0.0022083396083540847
0.065 0.0032316791263609854
0.07062500000000001 0.00431139710283703
0.07625000000000001 0.005450367856846864
0.081875 0.006636674661517504
0.08750000000000001 0.007827536702940553
0.09312500000000001 0.008976309320379426
0.09875000000000002 0.01003634785309754
0.10437500000000001 0.010966279388790318
0.11000000000000001 0.01176587687831354
0.11562500000000002 0.012454245796227892
0.12125000000000001 0.013050603611526034
0.12687500000000002 0.013574167793200611
0.1325 0.014044155810244277
0.138125 0.014479785131649686
0.14375000000000002 0.01490027322640949
0.149375 0.015324837563516332
0.155 0.01576963389069246
0.16062500000000002 0.016234054246730526
0.16625 0.01671178253624404
0.171875 0.01719649787598431
0.17750000000000002 0.017681879382702676
0.183125 0.01816160617315046
0.18875 0.018629357364078968
0.19437500000000002 0.019078812072239545
0.2 0.01950364941528953
0.2 0.01950364941528953
0.22608695652173916 0.021098678277592167
0.2521739130434783 0.02217132748179141
0.27826086956521745 0.02286316013760615
0.30434782608695654 0.023315592591000536
0.3304347826086957 0.023622029830062032
0.35652173913043483 0.02375895229738989
0.3826086956521739 0.023685379358222874
0.4086956521739131 0.023361065842421157
0.4347826086956522 0.022789172430786736
0.46086956521739136 0.022039726959718443
0.4869565217391305 0.021188461403712607
0.5130434782608697 0.020308480006867306
0.5391304347826088 0.01941298969886868
0.5652173913043479 0.018455598834409063
0.5913043478260871 0.017387347786134405
0.6173913043478262 0.01616503615347302
0.6434782608695653 0.014812043363641655
0.6695652173913045 0.013394527973520637
0.6956521739130436 0.011979353677652316
0.7217391304347827 0.010621216814112131
0.7478260869565219 0.009294217077985494
0.7739130434782611 0.007939682783786524
0.8 0.0064988473018496185
0.8 0.0064988473018496185
0.805625 0.006171551714596357
0.81125 0.005839206035900583
0.816875 0.005503496886184918
0.8225 0.0051661108858719875
0.828125 0.0048287346553844155
0.83375 0.004493054815144825
0.839375 0.004160757985575839
0.845 0.003833530787100083
0.8506250000000001 0.003513059840140173
0.8562500000000001 0.003201031765118746
0.8618750000000001 0.002899133182458419
0.8675 0.0026090507125818164
0.873125 0.002332470975911561
0.87875 0.0020710805928702784
0.884375 0.00182656618388059
0.89 0.0016006143693651212
0.895625 0.001394911769746495
0.90125 0.0012111384652939944
0.906875 0.0010499125788781263
0.9125 0.0009096253111567248
0.918125 0.0007883874537131209
0.92375 0.0006843097981306442
0.9293750000000001 0.0005955031359926239
0.935 0.0005200782588823938
0.940625 0.00045614595838328254
0.94625 0.00040181702607862055
0.951875 0.00035520225355173824
0.9575 0.00031441243238596603
0.963125 0.00027755835416463443
0.96875 0.00024275081047107384
0.974375 0.00020810059288861474
0.98 0.0001717184930005875
0.98 0.0001717184930005875
0.985 0.0001363976614614837
0.99 9.688886975044065e-05
0.995 5.186526641432416e-05
1.0 0.0
