1.0 0.0
0.995 0.0007871437434327996
0.99 0.0015699894626236624
0.985 0.002348470271377248
0.98 0.0031225192834982165
0.98 0.0031225192834982165
0.974375 0.003987943759070453
0.96875 0.004847579354742455
0.963125 0.005701330836068125
0.9575 0.00654910296860136
0.951875 0.007390800517896063
0.94625 0.00822632824950613
0.940625 0.009055590928985467
0.935 0.009878493321887971
0.9293750000000001 0.010694940193767542
0.92375 0.011504836310178096
0.918125 0.0123080864366735
0.9125 0.013104595338807676
0.906875 0.013894267782134517
0.90125 0.014677008532207929
0.895625 0.015452783279352315
0.89 0.016222041559591414
0.884375 0.016985463641534644
0.87875 0.017743731214777334
0.873125 0.018497525968914817
0.8675 0.0192475295935424
0.8618750000000001 0.019994423778255416
0.8562500000000001 0.02073889021264919
0.8506250000000001 0.021481610586319044
0.845 0.022223266588860327
0.839375 0.022964539909868315
0.83375 0.023706112238938357
0.828125 0.024448665265665796
0.8225 0.025192880679645924
0.816875 0.025939440170474084
0.81125 0.026689025427745604
0.805625 0.027442318141055803
0.8 0.028199999999999996
0.8 0.028199999999999996
0.7739130434782611 0.03176253176587038
0.7478260869565219 0.035331415616730096
0.7217391304347827 0.03880393967464402
0.6956521739130436 0.04207753038604578
0.6695652173913045 0.04509650615838629
0.6434782608695653 0.04792013294957448
0.6173913043478262 0.050624967263617066
0.5913043478260871 0.05328623128313617
0.5652173913043479 0.05589908790767759
0.5391304347826088 0.05833460814801873
0.5130434782608697 0.06045318844386019
0.4869565217391305 0.06211973969958603
0.46086956521739136 0.06330300550729942
0.4347826086956522 0.06407556214682268
0.4086956521739131 0.06451450036266157
0.3826086956521739 0.06469160831938707
0.35652173913043483 0.06461703168982842
0.3304347826086957 0.06426114679730396
0.30434782608695654 0.06359366714264021
0.27826086956521745 0.0625750386286617
0.2521739130434783 0.061104096166675656
0.22608695652173916 0.059054540942207835
0.2 0.05629999999999999
0.2 0.05629999999999999
0.19437500000000002 0.055601982018413494
0.18875 0.054867386078511965
0.183125 0.05409828752903254
0.17750000000000002 0.0532967617187124
0.171875 0.052464883996288694
0.16625 0.051604729710498586
0.16062500000000002 0.05071837421007921
0.155 0.04980789284376774
0.149375 0.04887536015269336
0.14375000000000002 0.047922046300426735
0.138125 0.0469469076536459
0.1325 0.045948487083737825
0.12687500000000002 0.04492532746208945
0.12125000000000001 0.04387597166008772
0.11562500000000002 0.042798962549119586
0.11000000000000001 0.04169284300057197
0.10437500000000001 0.04055615588583186
0.09875000000000002 0.039387434513538044
0.09312500000000001 0.03818365944110106
0.08750000000000001 0.03693855511019176
0.081875 0.03564543595965482
0.07625000000000001 0.03429761642833482
0.07062500000000001 0.03288970743390756
0.065 0.031426616128264764
0.05937500000000001 0.0299181596516412
0.053750000000000006 0.028374185382844964
0.048125 0.0268040628818855
0.0425 0.025188492580851787
0.036875000000000005 0.023463737763556224
0.03125 0.02156223916342176
0.025625000000000002 0.019416437513871378
0.02 0.016958773548328056
0.02 0.016958773548328056
0.015 0.014457757204255154
0.01 0.01160950193556258
0.005 0.008366558710031632
0.0 0.004681478495443602
0.0 0.0
0.005 -0.004363857127721415
0.01 -0.006783928563860708
0.015 -0.007756071436139294
0.02 -0.0077761428722785885
0.02 -0.0077761428722785885
0.025625000000000002 -0.0072779365024690686
0.03125 -0.006744598155161773
0.036875000000000005 -0.006248469182854477
0.0425 -0.00577788237418425
0.048125 -0.005321170517788162
0.053750000000000006 -0.004866812240939484
0.05937500000000001 -0.004404981545057403
0.065 -0.00392694622133265
0.07062500000000001 -0.003423992290785483
0.07625000000000001 -0.002887443052522604
0.081875 -0.0023146748349365774
0.08750000000000001 -0.0017157571548531338
0.09312500000000001 -0.0011023578270541717
0.09875000000000002 -0.00048614466632158383
0.10437500000000001 0.00012202020452100365
0.11000000000000001 0.0007176732191932119
0.11562500000000002 0.0012994021054490424
0.12125000000000001 0.0018658133826916696
0.12687500000000002 0.002415513570324273
0.1325 0.0029471091877500246
0.138125 0.0034592067543721024
0.14375000000000002 0.003950412789593686
0.149375 0.004419333812817943
0.155 0.004864969470264575
0.16062500000000002 0.005288519229108995
0.16625 0.005691947311036872
0.171875 0.006077218705559694
0.17750000000000002 0.006446298402188948
0.183125 0.00680115139043612
0.18875 0.007143742659812695
0.19437500000000002 0.007476037199830159
0.2 0.0078
0.2 0.0078
0.22608695652173916 0.009216960890565541
0.2521739130434783 0.010492637179768994
0.27826086956521745 0.011622680883433833
0.30434782608695654 0.012602724055505181
0.3304347826086957 0.013421631673165164
0.35652173913043483 0.014051680392681284
0.3826086956521739 0.01446265163552642
0.4086956521739131 0.014624957576642523
0.4347826086956522 0.014546855599114143
0.46086956521739136 0.014295263158646897
0.4869565217391305 0.013942143738698771
0.5130434782608697 0.013557032414822432
0.5391304347826088 0.013153610880748455
0.5652173913043479 0.01268970744838531
0.5913043478260871 0.012120722021736169
0.6173913043478262 0.011406883056986887
0.6434782608695653 0.010564550929446909
0.6695652173913045 0.009646300155795751
0.6956521739130436 0.008705308821735765
0.7217391304347827 0.007788821960496892
0.7478260869565219 0.006904641672472481
0.7739130434782611 0.006044479619750716
0.8 0.0052
0.8 0.0052
0.805625 0.0050191383543811054
0.81125 0.00483841943347255
0.816875 0.0046576443867066015
0.8225 0.0044766143635155365
0.828125 0.00429513051333162
0.83375 0.00411299398558712
0.839375 0.00393000592971431
0.845 0.0037459674951454583
0.8506250000000001 0.00356067983131283
0.8562500000000001 0.0033739440876487036
0.8618750000000001 0.0031855614135853447
0.8675 0.002995332958555023
0.873125 0.002803059871990009
0.87875 0.0026085433033225707
0.884375 0.0024115844019849796
0.89 0.0022119843174095047
0.895625 0.0020095441990284155
0.90125 0.0018040700972861282
0.906875 0.0015961638644742138
0.9125 0.0013880961475198554
0.918125 0.0011823477242459786
0.92375 0.0009813993724755118
0.9293750000000001 0.0007877318700313795
0.935 0.0006038259947365161
0.940625 0.00043216252441384605
0.94625 0.00027522223688629627
0.951875 0.00013548590997679478
0.9575 1.5434321508269323e-05
0.963125 -8.245175069635267e-05
0.96875 -0.00015569152881414364
0.974375 -0.00020180423502217588
0.98 -0.00021830909149752172
0.98 -0.00021830909149752172
0.985 -0.00020611860850160225
0.99 -0.00016683181862314127
0.995 -9.870639230749011e-05
1.0 0.0
