1.0 0.0
0.995 0.00126432239582632
0.99 0.0025156127042546207
0.985 0.0037542245546085817
0.98 0.004980511576211886
0.98 0.004980511576211886
0.974375 0.0063457927635985
0.96875 0.007696426409087232
0.963125 0.009032916020054963
0.9575 0.010355765103878579
0.951875 0.011665477167934956
0.94625 0.012962555719600984
0.940625 0.014247504266253543
0.935 0.015520826315269513
0.9293750000000001 0.016783025374025783
0.92375 0.018034604949899252
0.918125 0.019276068550266756
0.9125 0.020507919682505208
0.906875 0.021730661853991487
0.90125 0.02294479857210248
0.895625 0.02415079864372744
0.89 0.025348826377298454
0.884375 0.026538888241305483
0.87875 0.027720989367942674
0.873125 0.028895134889404175
0.8675 0.03006132993788414
0.8618750000000001 0.031219579645576704
0.8562500000000001 0.03236988914467601
0.8506250000000001 0.03351226356737623
0.845 0.0346467080458715
0.839375 0.035773227712355936
0.83375 0.03689182769902373
0.828125 0.03800251313806899
0.8225 0.03910528916168589
0.816875 0.040200160902068564
0.81125 0.04128713349141116
0.805625 0.042366212061907826
0.8 0.043437401745752696
0.8 0.043437401745752696
0.7739130434782611 0.04829382163669138
0.7478260869565219 0.05292927829929305
0.7217391304347827 0.057291707930629876
0.6956521739130436 0.06132910211820686
0.6695652173913045 0.06501462425176967
0.6434782608695653 0.0683863283271123
0.6173913043478262 0.07149258314958103
0.5913043478260871 0.07438133027726357
0.5652173913043479 0.07707050839929167
0.5391304347826088 0.07952884940978285
0.5130434782608697 0.08172051996151958
0.4869565217391305 0.08360916585476284
0.46086956521739136 0.08514500242002138
0.4347826086956522 0.08626395532917791
0.4086956521739131 0.08690125735665673
0.3826086956521739 0.08699622832206384
0.35652173913043483 0.08654026771222391
0.3304347826086957 0.085560679156525
0.30434782608695654 0.08408547728567038
0.27826086956521745 0.08214062210012966
0.2521739130434783 0.0797373284870105
0.22608695652173916 0.07688037081897636
0.2 0.07357449652594795
0.2 0.07357449652594795
0.19437500000000002 0.07280297872119537
0.18875 0.07200854709608856
0.183125 0.07118868957518149
0.17750000000000002 0.07034089368416778
0.171875 0.06946264694874099
0.16625 0.06855143689459482
0.16062500000000002 0.06760475104742285
0.155 0.06662007693291865
0.149375 0.06559490206465542
0.14375000000000002 0.06452577257882218
0.138125 0.0634057305207222
0.1325 0.062227002789080915
0.12687500000000002 0.06098181628262382
0.12125000000000001 0.05966239790007634
0.11562500000000002 0.05826097454016393
0.11000000000000001 0.05676977310161204
0.10437500000000001 0.055181020483146125
0.09875000000000002 0.05348695165115612
0.09312500000000001 0.05168333553974909
0.08750000000000001 0.04977499725644267
0.081875 0.04776819215619239
0.07625000000000001 0.04566917559395392
0.07062500000000001 0.04348270095084177
0.065 0.04119892020856132
0.05937500000000001 0.03879976596919936
0.053750000000000006 0.036267078933231625
0.048125 0.033582762128008134
0.0425 0.030734084579878106
0.036875000000000005 0.027717733605781832
0.03125 0.02453135061604579
0.025625000000000002 0.021172577020996463
0.02 0.01763905423096032
0.02 0.01763905423096032
0.015 0.014349535340988278
0.01 0.01091842292306397
0.005 0.007344060464275403
0.0 0.0036247914517105627
0.0 0.0
0.005 -0.0025134583657881763
0.01 -0.004204931159638825
0.015 -0.005270395151051708
0.02 -0.005905827109526596
0.02 -0.005905827109526596
0.025625000000000002 -0.006350627370090545
0.03125 -0.0067160533210414075
0.036875000000000005 -0.007036688167801786
0.0425 -0.0073138160814850825
0.048125 -0.007548721233204712
0.053750000000000006 -0.007742081126098147
0.05937500000000001 -0.007887240592929112
0.065 -0.007972677192907184
0.07062500000000001 -0.007986781004012036
0.07625000000000001 -0.007917975371767581
0.081875 -0.007760799095477677
0.08750000000000001 -0.0075230015068932414
0.09312500000000001 -0.0072140540471411305
0.09875000000000002 -0.006843428157348194
0.10437500000000001 -0.006420392441894173
0.11000000000000001 -0.005952557076272682
0.11562500000000002 -0.005446721647689904
0.12125000000000001 -0.004909680235042215
0.12687500000000002 -0.004348226917225989
0.1325 -0.003769155773137599
0.138125 -0.003179260881673422
0.14375000000000002 -0.0025853363217298287
0.149375 -0.0019941761722031973
0.155 -0.0014116484641795851
0.16062500000000002 -0.0008384674803931614
0.16625 -0.0002735650931365717
0.171875 0.00028412853825106907
0.17750000000000002 0.000835683254430646
0.183125 0.0013821688960630354
0.18875 0.0019246553038091215
0.19437500000000002 0.00246421231832979
0.2 0.003001909780272556
0.2 0.003001909780272556
0.22608695652173916 0.00547249366101661
0.2521739130434783 0.007854756867302453
0.27826086956521745 0.010077500316732917
0.30434782608695654 0.012069590753651764
0.3304347826086957 0.013781053084778925
0.35652173913043483 0.015213271731565168
0.3826086956521739 0.016375273218495218
0.4086956521739131 0.017276254159359315
0.4347826086956522 0.017935259722526208
0.46086956521739136 0.018386398633686796
0.4869565217391305 0.018665052117430928
0.5130434782608697 0.018806045008177216
0.5391304347826088 0.01883172197210994
0.5652173913043479 0.018752121013598837
0.5913043478260871 0.018576758450258562
0.6173913043478262 0.018313651274871227
0.6434782608695653 0.017953721963834636
0.6695652173913045 0.0174770213504221
0.6956521739130436 0.01686342600200963
0.7217391304347827 0.016091321429740377
0.7478260869565219 0.015129334540550345
0.7739130434782611 0.01394216738298832
0.8 0.012494511309867866
0.8 0.012494511309867866
0.805625 0.012145147984548906
0.81125 0.011783681392364074
0.816875 0.011411729533318211
0.8225 0.01103091040741616
0.828125 0.010642842014662758
0.83375 0.010249142355062855
0.839375 0.009851429428621283
0.845 0.009451321235342891
0.8506250000000001 0.009050435775232506
0.8562500000000001 0.00865039104829499
0.8618750000000001 0.008252805054535172
0.8675 0.0078592957939579
0.873125 0.00747148126656801
0.87875 0.007090979472370346
0.884375 0.006719408411369746
0.89 0.006358386083571058
0.895625 0.006009530488979116
0.90125 0.005674451576088592
0.906875 0.00535355131930597
0.9125 0.005044748037698402
0.918125 0.004745654505094297
0.92375 0.004453883495322075
0.9293750000000001 0.004167047782210141
0.935 0.003882760139586921
0.940625 0.003598633341280825
0.94625 0.0033122801611202637
0.951875 0.0030213133729336543
0.9575 0.0027233457505494094
0.963125 0.0024159900677959427
0.96875 0.0020968590985016695
0.974375 0.0017635656164950025
0.98 0.0014137223956043566
0.98 0.0014137223956043566
0.985 0.0010869271702391226
0.99 0.0007434927793432196
0.995 0.0003817425976767961
1.0 0.0
