1.0 0.0
0.995 0.0011931783865157307
0.99 0.0023800899141317566
0.985 0.00356031978939249
0.98 0.004733453218842342
0.98 0.004733453218842342
0.974375 0.006044229390129287
0.96875 0.007344908554631473
0.963125 0.00863490011776077
0.9575 0.009913613484929043
0.951875 0.01118045806154816
0.94625 0.012434843253029989
0.940625 0.013676178464786394
0.935 0.01490387310222925
0.9293750000000001 0.016117336570770413
0.92375 0.017315978275821785
0.918125 0.018499207622795177
0.9125 0.01966643401710249
0.906875 0.020817066864155583
0.90125 0.02195051556936633
0.895625 0.02306632847775134
0.89 0.02416515734973058
0.884375 0.025248180133906454
0.87875 0.026316578019455215
0.873125 0.02737153219555314
0.8675 0.02841422385137648
0.8618750000000001 0.02944583417610151
0.8562500000000001 0.030467544358904492
0.8506250000000001 0.03148053558896169
0.845 0.032485989055449395
0.839375 0.03348508594754381
0.83375 0.03447900745442125
0.828125 0.03546893476525797
0.8225 0.03645604906923022
0.816875 0.03744153155551429
0.81125 0.03842656341328644
0.805625 0.03941232583172292
0.8 0.04039999999999999
0.8 0.04039999999999999
0.7739130434782611 0.04500456850834393
0.7478260869565219 0.049582840159280925
0.7217391304347827 0.05404199489537723
0.6956521739130436 0.058289315471070975
0.6695652173913045 0.06226693786538789
0.6434782608695653 0.06600243472293513
0.6173913043478262 0.06953623017231232
0.5913043478260871 0.07290807364714645
0.5652173913043479 0.07611723288270737
0.5391304347826088 0.07910022898181131
0.5130434782608697 0.08178818548749349
0.4869565217391305 0.08411412016980836
0.46086956521739136 0.0860546180202492
0.4347826086956522 0.08762983125174817
0.4086956521739131 0.08886180630425657
0.3826086956521739 0.08977054735882244
0.35652173913043483 0.09035231733674293
0.3304347826086957 0.09058806221754051
0.30434782608695654 0.09045847269837475
0.27826086956521745 0.08992060398115914
0.2521739130434783 0.0887743824954115
0.22608695652173916 0.08675563520754226
0.2 0.0836
0.2 0.0836
0.19437500000000002 0.08274610365095546
0.18875 0.08183116262619712
0.183125 0.08085928216629266
0.17750000000000002 0.07983456751180983
0.171875 0.07876112390331624
0.16625 0.07764305658137967
0.16062500000000002 0.07648447078656778
0.155 0.07528947175944828
0.149375 0.07406216135075691
0.14375000000000002 0.0728032651386148
0.138125 0.07150379683262795
0.1325 0.07015303454844792
0.12687500000000002 0.06874025640172624
0.12125000000000001 0.06725474050811438
0.11562500000000002 0.06568576498326391
0.11000000000000001 0.06402260794282634
0.10437500000000001 0.06225454750245321
0.09875000000000002 0.06037094957503512
0.09312500000000001 0.05837543615016179
0.08750000000000001 0.05630152417733686
0.081875 0.05418649491269051
0.07625000000000001 0.05206762961235289
0.07062500000000001 0.04997243245041709
0.065 0.04785076103692698
0.05937500000000001 0.04561544549048
0.053750000000000006 0.04317908789277478
0.048125 0.040455070160913514
0.0425 0.03740356433621195
0.036875000000000005 0.03405726715251701
0.03125 0.030455114026903995
0.025625000000000002 0.02663604037644826
0.02 0.022638981618225158
0.02 0.022638981618225158
0.015 0.018968096814175113
0.01 0.015214691175699787
0.005 0.011406110290649068
0.0 0.007569699746872844
0.0 0.0
0.005 -0.0032755651444379003
0.01 -0.005277782572218951
0.015 -0.00632221742778105
0.02 -0.006724434855562101
0.02 -0.006724434855562101
0.025625000000000002 -0.006802089483700429
0.03125 -0.00681080134546055
0.036875000000000005 -0.0067942007072206686
0.0425 -0.006742135263140048
0.048125 -0.00664445270737795
0.053750000000000006 -0.006491569302058237
0.05937500000000001 -0.006280510911893362
0.065 -0.006012567661330338
0.07062500000000001 -0.005689100745811749
0.07625000000000001 -0.005311477481180058
0.081875 -0.004882058983206277
0.08750000000000001 -0.004405290363816448
0.09312500000000001 -0.0038858791470809595
0.09875000000000002 -0.0033285328570701895
0.10437500000000001 -0.0027382898033629457
0.11000000000000001 -0.0021228152918206307
0.11562500000000002 -0.0014910273699240072
0.12125000000000001 -0.0008518518002677292
0.12687500000000002 -0.00021421434544645102
0.1325 0.0004129592319451675
0.138125 0.0010207431693124726
0.14375000000000002 0.0016002117040608103
0.149375 0.0021424390735955185
0.155 0.0026402256331852694
0.16062500000000002 0.0030960305812206476
0.16625 0.0035156709547482334
0.171875 0.0039049671621385605
0.17750000000000002 0.004269739611762164
0.183125 0.004615808711989576
0.18875 0.00494899487119133
0.19437500000000002 0.005275118497737961
0.2 0.005600000000000001
0.2 0.005600000000000001
0.22608695652173916 0.00714922100027226
0.2521739130434783 0.00871994214174797
0.27826086956521745 0.010235193435321697
0.30434782608695654 0.011618077930093904
0.3304347826086957 0.012816458626963791
0.35652173913043483 0.013838893275930082
0.3826086956521739 0.014703069402728508
0.4086956521739131 0.015426603745196202
0.4347826086956522 0.016022865767254285
0.46086956521739136 0.016498641658254074
0.4869565217391305 0.016860151304358105
0.5130434782608697 0.017112598196800808
0.5391304347826088 0.017237808743470532
0.5652173913043479 0.017194232268909537
0.5913043478260871 0.016939301702732005
0.6173913043478262 0.016435393077570016
0.6434782608695653 0.015702345998638827
0.6695652173913045 0.014797073343787985
0.6956521739130436 0.013777105878744285
0.7217391304347827 0.012696882982376862
0.7478260869565219 0.011590292493725151
0.7739130434782611 0.010482838410670657
0.8 0.009400000000000002
0.8 0.009400000000000002
0.805625 0.009172074287565305
0.81125 0.008945947055159767
0.816875 0.008721087661666163
0.8225 0.008496965465967267
0.828125 0.008273049826945844
0.83375 0.008048810103484664
0.839375 0.0078237156544665
0.845 0.007597235838774126
0.8506250000000001 0.0073688400152903
0.8562500000000001 0.0071379975428978075
0.8618750000000001 0.006904177780479414
0.8675 0.006666850086917886
0.873125 0.006425483821096002
0.87875 0.006179548341896524
0.884375 0.005928513008202228
0.89 0.005671847178895882
0.895625 0.005409020212860259
0.90125 0.005139503901346163
0.906875 0.004863164991363954
0.9125 0.0045806984512396605
0.918125 0.004292903537078767
0.92375 0.004000579504986766
0.9293750000000001 0.0037045256110691408
0.935 0.0034055411114313917
0.940625 0.0031044252621790043
0.94625 0.0028019773194174666
0.951875 0.00249899653925227
0.9575 0.002196282177788903
0.963125 0.001894633491132855
0.96875 0.0015948497353896174
0.974375 0.0012977301666646786
0.98 0.0010040740410635286
0.98 0.0010040740410635286
0.985 0.0007466000850512494
0.99 0.0004930555307976466
0.995 0.0002440017214111026
1.0 0.0
