1.0 0.0
0.995 0.0012672283750959567
0.99 0.0025079301989632055
0.985 0.003723391455964329
0.98 0.004914898130461911
0.98 0.004914898130461911
0.974375 0.006228311128605633
0.96875 0.0075148652029309575
0.963125 0.008776391374141641
0.9575 0.010014720662941443
0.951875 0.011231684090034118
0.94625 0.012429112676123417
0.940625 0.013608837441913102
0.935 0.014772689408106922
0.9293750000000001 0.015922499595408642
0.92375 0.017060099024522032
0.918125 0.018187318716150806
0.9125 0.019305989690998743
0.906875 0.020417942969769603
0.90125 0.021525009573167133
0.895625 0.022628819859287923
0.89 0.023729264137364262
0.884375 0.024825339507077927
0.87875 0.025916035767311246
0.873125 0.027000342716946547
0.8675 0.028077250154866198
0.8618750000000001 0.029145747879952506
0.8562500000000001 0.03020482569108781
0.8506250000000001 0.03125347338715446
0.845 0.0322906807670348
0.839375 0.03331543762961112
0.83375 0.034326733773765786
0.828125 0.03532355899838114
0.8225 0.036304903102339504
0.816875 0.03726975588452323
0.81125 0.03821710714381462
0.805625 0.03914594667909605
0.8 0.04005526428924984
0.8 0.04005526428924984
0.7739130434782611 0.04402264454609574
0.7478260869565219 0.04766028844721703
0.7217391304347827 0.05108237334675376
0.6956521739130436 0.054402925238401054
0.6695652173913045 0.057670776269431775
0.6434782608695653 0.06076816467894445
0.6173913043478262 0.06355109946398318
0.5913043478260871 0.06587681503251544
0.5652173913043479 0.06768634517121634
0.5391304347826088 0.06905689275078046
0.5130434782608697 0.07007814015443783
0.4869565217391305 0.07083706743759124
0.46086956521739136 0.07135265569181959
0.4347826086956522 0.07157247175647251
0.4086956521739131 0.07144069657112985
0.3826086956521739 0.07090524071390104
0.35652173913043483 0.06996053231664948
0.3304347826086957 0.06863258309556045
0.30434782608695654 0.0669480065288593
0.27826086956521745 0.06493119590289975
0.2521739130434783 0.06259091948011096
0.22608695652173916 0.05992923762306104
0.2 0.05694818488986493
0.2 0.05694818488986493
0.19437500000000002 0.05626345074350711
0.18875 0.05556200094274675
0.183125 0.054841722663470996
0.17750000000000002 0.054100502953710425
0.171875 0.0533362288614956
0.16625 0.05254678743485711
0.16062500000000002 0.05173006572182555
0.155 0.05088395077043146
0.149375 0.050006329651819434
0.14375000000000002 0.04909531760639772
0.138125 0.04814981834061623
0.1325 0.047168905752632585
0.12687500000000002 0.04615165374060439
0.12125000000000001 0.045097136202689216
0.11562500000000002 0.04400442703704471
0.11000000000000001 0.04287260014182847
0.10437500000000001 0.04170072941519806
0.09875000000000002 0.04048787035101415
0.09312500000000001 0.03922736779202215
0.08750000000000001 0.03789879578486232
0.081875 0.03647969431933
0.07625000000000001 0.034947603385220544
0.07062500000000001 0.03328364212259729
0.065 0.03150167858853578
0.05937500000000001 0.029633144836902707
0.053750000000000006 0.02770964038199236
0.048125 0.02576245566174142
0.0425 0.02379922369259451
0.036875000000000005 0.021787620481443205
0.03125 0.01969146960896752
0.025625000000000002 0.017474594655847494
0.02 0.015100819202763129
0.02 0.015100819202763129
0.015 0.012829832139165408
0.01 0.010380882617132034
0.005 0.007728562781118677
0.0 0.004847464775580962
0.0 0.0
0.005 -0.004394559177663594
0.01 -0.006787440255317876
0.015 -0.007715449021067229
0.02 -0.00771539126301604
0.02 -0.00771539126301604
0.025625000000000002 -0.007274234349973325
0.03125 -0.006916299686513675
0.036875000000000005 -0.006672204645371083
0.0425 -0.00647194539125975
0.048125 -0.006245518088893864
0.053750000000000006 -0.005928018622613329
0.05937500000000001 -0.005515383553652441
0.065 -0.005043553415941741
0.07062500000000001 -0.004549170087121195
0.07625000000000001 -0.004068789991402511
0.081875 -0.0036242185479812023
0.08750000000000001 -0.003205866266462211
0.09312500000000001 -0.0028001212334729355
0.09875000000000002 -0.0023933715356407727
0.10437500000000001 -0.0019730836387954276
0.11000000000000001 -0.0015353882194112467
0.11562500000000002 -0.0010805886455866572
0.12125000000000001 -0.0006090150289166534
0.12687500000000002 -0.00012099748099622811
0.1325 0.00038313388657962354
0.138125 0.0009030489622159088
0.14375000000000002 0.0014384176343176364
0.149375 0.0019889097912898085
0.155 0.0025540305400458692
0.16062500000000002 0.0031323679264889212
0.16625 0.0037221928333606457
0.171875 0.004321775838598783
0.17750000000000002 0.004929387520141067
0.183125 0.0055432984559252284
0.18875 0.006161779223889009
0.19437500000000002 0.00678310040197014
0.2 0.007405532568276064
0.2 0.007405532568276064
0.22608695652173916 0.010280917427235569
0.2521739130434783 0.01311539035311223
0.27826086956521745 0.015881063560472173
0.30434782608695654 0.018550027307846648
0.3304347826086957 0.02108747709374499
0.35652173913043483 0.023441944710911315
0.3826086956521739 0.025559494412563506
0.4086956521739131 0.02738674562722347
0.4347826086956522 0.02890194611769118
0.46086956521739136 0.030131424022142618
0.4869565217391305 0.031105535078941204
0.5130434782608697 0.0318536667961687
0.5391304347826088 0.03238379506767759
0.5652173913043479 0.03268295009425005
0.5913043478260871 0.032737287044757646
0.6173913043478262 0.032532237124340016
0.6434782608695653 0.03204507914968011
0.6695652173913045 0.031247954893739566
0.6956521739130436 0.030112925853814303
0.7217391304347827 0.02862204844443335
0.7478260869565219 0.026822166985183787
0.7739130434782611 0.024785955920797704
0.8 0.02258615664990789
0.8 0.02258615664990789
0.805625 0.022097202740931996
0.81125 0.021603487797164988
0.816875 0.021104509654646
0.8225 0.020599766149414164
0.828125 0.020088755117508628
0.83375 0.01957097439496852
0.839375 0.01904592181783298
0.845 0.018513095222141132
0.8506250000000001 0.01797199244393212
0.8562500000000001 0.017422111319245086
0.8618750000000001 0.01686294968411916
0.8675 0.016294005374593485
0.873125 0.015714776226707187
0.87875 0.01512476007649941
0.884375 0.014523454760009286
0.89 0.01391035811327595
0.895625 0.013284967972338541
0.90125 0.012646784990847546
0.906875 0.011995694219213118
0.9125 0.011332351864896851
0.918125 0.010657506269200211
0.92375 0.009971905773424671
0.9293750000000001 0.009276298718871687
0.935 0.008571433446842752
0.940625 0.007858058298639321
0.94625 0.007136921615562866
0.951875 0.006408771738914856
0.9575 0.005674357009996757
0.963125 0.004934425770110041
0.96875 0.0041897263605561764
0.974375 0.0034410071226366303
0.98 0.0026890163976528735
0.98 0.0026890163976528735
0.985 0.0020184387331822185
0.99 0.0013463930560737212
0.995 0.0006734049503415815
1.0 0.0
