1.0 0.0
0.995 0.001321982394211451
0.99 0.0025847791404040527
0.985 0.0037916580907096575
0.98 0.0049458870972601135
0.98 0.0049458870972601135
0.974375 0.006185530452590124
0.96875 0.007367327457983068
0.963125 0.008495930973212615
0.9575 0.009575993858052436
0.951875 0.010612168972276202
0.94625 0.011609109175657576
0.940625 0.012571467327970234
0.935 0.013503896288987842
0.9293750000000001 0.014411048918484074
0.92375 0.015297578076232613
0.918125 0.01616813662200709
0.9125 0.017027377415581205
0.906875 0.01787995331672861
0.90125 0.01873051718522299
0.895625 0.019583380967798707
0.89 0.020439811320304792
0.884375 0.02129947317159097
0.87875 0.022162017172844356
0.873125 0.02302709397525203
0.8675 0.023894354230001087
0.8618750000000001 0.02476344858827863
0.8562500000000001 0.025634027701271742
0.8506250000000001 0.02650574222016753
0.845 0.027378242796153095
0.839375 0.02825118008041549
0.83375 0.029124204724141848
0.828125 0.029996967378519254
0.8225 0.030869118694734802
0.816875 0.03174030932397558
0.81125 0.032610189917428686
0.805625 0.03347841112628122
0.8 0.03434462360172027
0.8 0.03434462360172027
0.7739130434782611 0.03832962453966049
0.7478260869565219 0.04225465271046655
0.7217391304347827 0.04611081137017079
0.6956521739130436 0.049889190988167575
0.6695652173913045 0.053574824599899463
0.6434782608695653 0.05713702638849887
0.6173913043478262 0.06054259395810846
0.5913043478260871 0.06375839645919622
0.5652173913043479 0.06675649521760314
0.5391304347826088 0.06951756420098111
0.5130434782608697 0.07202308843086751
0.4869565217391305 0.0742558110793024
0.46086956521739136 0.07623185588956134
0.4347826086956522 0.07800339972490902
0.4086956521739131 0.07962441310301328
0.3826086956521739 0.08114040898621641
0.35652173913043483 0.08248613777385749
0.3304347826086957 0.08351850021811952
0.30434782608695654 0.08409277973844931
0.27826086956521745 0.08407135864075857
0.2521739130434783 0.08336915187514708
0.22608695652173916 0.08192464609232356
0.2 0.07967643969749819
0.2 0.07967643969749819
0.19437500000000002 0.07908022076014924
0.18875 0.07844172426873317
0.183125 0.07775864414022776
0.17750000000000002 0.07702867335279844
0.171875 0.0762495048846105
0.16625 0.07541883171382938
0.16062500000000002 0.07453434681862038
0.155 0.07359374317714891
0.149375 0.07259471376758035
0.14375000000000002 0.07153463936828997
0.138125 0.07040955869664378
0.1325 0.06921514992402784
0.12687500000000002 0.06794709121718617
0.12125000000000001 0.06660106074286265
0.11562500000000002 0.06517273666780124
0.11000000000000001 0.06365779715874594
0.10437500000000001 0.06205192038244066
0.09875000000000002 0.06035078411512456
0.09312500000000001 0.05854965068531706
0.08750000000000001 0.05664257805802403
0.081875 0.054623407203296684
0.07625000000000001 0.05248597909118628
0.07062500000000001 0.05022585865075917
0.065 0.047857591397977586
0.05937500000000001 0.04540748296303044
0.053750000000000006 0.042902014279339415
0.048125 0.04036730770924858
0.0425 0.03778892176913476
0.036875000000000005 0.03507510855767837
0.03125 0.03212544055658855
0.025625000000000002 0.028839490247574442
0.02 0.025116830112345147
0.02 0.025116830112345147
0.015 0.021359991339526173
0.01 0.017108214295376033
0.005 0.012290965523975766
0.0 0.006837711569406378
0.0 0.0
0.005 -0.006880784633700211
0.01 -0.010767299731221959
0.015 -0.01243869243271045
0.02 -0.012674109878310899
0.02 -0.012674109878310899
0.025625000000000002 -0.012192510127335049
0.03125 -0.011734683848251382
0.036875000000000005 -0.011373975801024873
0.0425 -0.01103379536618633
0.048125 -0.010637551924266547
0.053750000000000006 -0.01011378372048638
0.05937500000000001 -0.00945509075265928
0.065 -0.008697613395594512
0.07062500000000001 -0.007878323785237095
0.07625000000000001 -0.007034133459287008
0.081875 -0.00619032579833417
0.08750000000000001 -0.005346814604938065
0.09312500000000001 -0.004500168300651588
0.09875000000000002 -0.003646955307027639
0.10437500000000001 -0.002784357578096947
0.11000000000000001 -0.0019145442286155057
0.11562500000000002 -0.0010421099759719873
0.12125000000000001 -0.00017166570492526176
0.12687500000000002 0.0006921776997658072
0.1325 0.001544809353342347
0.138125 0.0023816183710454924
0.14375000000000002 0.003197993868116379
0.149375 0.003989324959796129
0.155 0.004751393675977129
0.16062500000000002 0.005482133355004077
0.16625 0.006180209867464872
0.171875 0.0068442896983799606
0.17750000000000002 0.007473039332769795
0.183125 0.008065125255654814
0.18875 0.008619213952055475
0.19437500000000002 0.009133971906992222
0.2 0.009608065608845416
0.2 0.009608065608845416
0.22608695652173916 0.011296927558879784
0.2521739130434783 0.012308744934178304
0.27826086956521745 0.01286839294968602
0.30434782608695654 0.013200529961428025
0.3304347826086957 0.01346210777932126
0.35652173913043483 0.013646618527562947
0.3826086956521739 0.013723378687248811
0.4086956521739131 0.013661934183848578
0.4347826086956522 0.01344508028667064
0.46086956521739136 0.01307585668719362
0.4869565217391305 0.01255901083907585
0.5130434782608697 0.01190058352553914
0.5391304347826088 0.011135677433053793
0.5652173913043479 0.010328081789045162
0.5913043478260871 0.009542804074066083
0.6173913043478262 0.0088389763528046
0.6434782608695653 0.008208370476228296
0.6695652173913045 0.007599743014095387
0.6956521739130436 0.006961153254055584
0.7217391304347827 0.006249257102007731
0.7478260869565219 0.005477380855569974
0.7739130434782611 0.004681793186626257
0.8 0.0038988276427008787
0.8 0.0038988276427008787
0.805625 0.003735041182629145
0.81125 0.003573122577319144
0.816875 0.003412668984516284
0.8225 0.0032532775619659735
0.828125 0.003094545467413621
0.83375 0.002936069858604636
0.839375 0.0027774478932844284
0.845 0.0026182767291984045
0.8506250000000001 0.002458153524091972
0.8562500000000001 0.0022966754357105447
0.8618750000000001 0.0021334396217995294
0.8675 0.001968043240104334
0.873125 0.001800083448370368
0.87875 0.0016291574043430404
0.884375 0.001454862265767759
0.89 0.0012767951903899341
0.895625 0.0010945533359549729
0.90125 0.0009077409499664223
0.906875 0.000717090649880268
0.9125 0.0005256895930928859
0.918125 0.00033691969970236504
0.92375 0.00015416288980679487
0.9293750000000001 -1.919891649573846e-05
0.935 -0.00017978379910713852
0.940625 -0.0003242098379293198
0.94625 -0.0004490951128641927
0.951875 -0.0005510577038136679
0.9575 -0.0006267156906796563
0.963125 -0.0006726871533640679
0.96875 -0.0006855901717688138
0.974375 -0.0006620428257958047
0.98 -0.0005986631953469509
0.98 -0.0005986631953469509
0.985 -0.0005061523080018915
0.99 -0.0003771216333800039
0.995 -0.00020919594090485193
1.0 0.0
