1.0 0.0
0.995 0.0008514603997729751
0.99 0.001707325722974429
0.985 0.002567120781788088
0.98 0.0034303703883976763
0.98 0.0034303703883976763
0.974375 0.0044050637954784495
0.96875 0.005382851369256009
0.963125 0.006363056523952882
0.9575 0.007345002673791602
0.951875 0.0083280132329947
0.94625 0.009311411615784708
0.940625 0.010294521236384156
0.935 0.011276665509015578
0.9293750000000001 0.012257167847901504
0.92375 0.013235351667264483
0.918125 0.01421054038132701
0.9125 0.015182057404311639
0.906875 0.01614922615044089
0.90125 0.01711137003393731
0.895625 0.018067833516879222
0.89 0.019018204955054577
0.884375 0.01996222968184774
0.87875 0.020899655630221062
0.873125 0.021830230733136925
0.8675 0.022753702923557686
0.8618750000000001 0.0236698201344457
0.8562500000000001 0.024578330298763343
0.8506250000000001 0.025478981349472983
0.845 0.02637152121953699
0.839375 0.0272556978419177
0.83375 0.0281312591495775
0.828125 0.028997953075478745
0.8225 0.02985552755258381
0.816875 0.030703730513855058
0.81125 0.03154230989225484
0.805625 0.03237101362074553
0.8 0.0331895896322895
0.8 0.0331895896322895
0.7739130434782611 0.036851447398745366
0.7478260869565219 0.04029948593897341
0.7217391304347827 0.04354477212452782
0.6956521739130436 0.046598367780550806
0.6695652173913045 0.04946461728211932
0.6434782608695653 0.05212812559344504
0.6173913043478262 0.05456989027157974
0.5913043478260871 0.05677099167907832
0.5652173913043479 0.05872189772135059
0.5391304347826088 0.06043097794021689
0.5130434782608697 0.061908613292169026
0.4869565217391305 0.06316478681748743
0.46086956521739136 0.06419529207418988
0.4347826086956522 0.06497819781825291
0.4086956521739131 0.06549045683795801
0.3826086956521739 0.06571060347379629
0.35652173913043483 0.06564309738080694
0.3304347826086957 0.06531357888166515
0.30434782608695654 0.06474830875169463
0.27826086956521745 0.06396593449403545
0.2521739130434783 0.0629178469480846
0.22608695652173916 0.061520381454236724
0.2 0.05968957069750625
0.2 0.05968957069750625
0.19437500000000002 0.05922982351084032
0.18875 0.05874429235388547
0.183125 0.05823074303814096
0.17750000000000002 0.05768692901770613
0.171875 0.05711060374668042
0.16625 0.056499520679163244
0.16062500000000002 0.05585143326925396
0.155 0.055164094971052
0.149375 0.05443525923865673
0.14375000000000002 0.053662965794977646
0.138125 0.05284760179363416
0.1325 0.05199070456415059
0.12687500000000002 0.05109381932745599
0.12125000000000001 0.05015849130447953
0.11562500000000002 0.04918626571615031
0.11000000000000001 0.048178687783397484
0.10437500000000001 0.04713730272715018
0.09875000000000002 0.04606365576833751
0.09312500000000001 0.044956544355081035
0.08750000000000001 0.04380129834893157
0.081875 0.042579128126214
0.07625000000000001 0.04127124301830417
0.07062500000000001 0.039859155965807115
0.065 0.03833069750077007
0.05937500000000001 0.036679666792628574
0.053750000000000006 0.034900096758596844
0.048125 0.03298601271155474
0.0425 0.030925752199046332
0.036875000000000005 0.028691872944682006
0.03125 0.026254218436435946
0.025625000000000002 0.023582632162282326
0.02 0.020646957610195346
0.02 0.020646957610195346
0.015 0.01779138645299167
0.01 0.014682145702957106
0.005 0.011298055477845821
0.0 0.007617935895411948
0.0 0.0
0.005 -0.006927232236394297
0.01 -0.011603590879672141
0.015 -0.014563221977517098
0.02 -0.016340271577612735
0.02 -0.016340271577612735
0.025625000000000002 -0.01759097235570747
0.03125 -0.018652493140666384
0.036875000000000005 -0.019641560437420543
0.0425 -0.02054655106900966
0.048125 -0.02135584185847345
0.053750000000000006 -0.022058238755432953
0.05937500000000001 -0.02265116331859332
0.065 -0.023140008621279032
0.07062500000000001 -0.023530467800648353
0.07625000000000001 -0.023828234961461203
0.081875 -0.024042306984831164
0.08750000000000001 -0.024192365282938156
0.09312500000000001 -0.02430024789742263
0.09875000000000002 -0.024387792869925026
0.10437500000000001 -0.024475807550660325
0.11000000000000001 -0.02457100505259085
0.11562500000000002 -0.024669890160659274
0.12125000000000001 -0.024768739587699085
0.12687500000000002 -0.024863830046543786
0.1325 -0.02495143825002683
0.138125 -0.02502784091098172
0.14375000000000002 -0.025089314742241943
0.149375 -0.02513213645664096
0.155 -0.025153058980600624
0.16062500000000002 -0.02515325864431443
0.16625 -0.025136313098699417
0.171875 -0.025105823846091356
0.17750000000000002 -0.02506539238882599
0.183125 -0.025018620229239088
0.18875 -0.024969108869666398
0.19437500000000002 -0.02492045981244367
0.2 -0.024876274559906666
0.2 -0.024876274559906666
0.22608695652173916 -0.024760446337517953
0.2521739130434783 -0.02470539690820158
0.27826086956521745 -0.024581966488161678
0.30434782608695654 -0.0242610788724977
0.3304347826086957 -0.02366617226911172
0.35652173913043483 -0.022862165856728112
0.3826086956521739 -0.02193756445833389
0.4086956521739131 -0.02098040997045561
0.4347826086956522 -0.020044114976194547
0.46086956521739136 -0.01912405390319376
0.4869565217391305 -0.018210061461198298
0.5130434782608697 -0.017292218415935586
0.5391304347826088 -0.016366962227094727
0.5652173913043479 -0.015437500475888646
0.5913043478260871 -0.01450736958795109
0.6173913043478262 -0.013579864372216564
0.6434782608695653 -0.012655266096842007
0.6695652173913045 -0.011731809954652056
0.6956521739130436 -0.010807692154597525
0.7217391304347827 -0.009881407951256124
0.7478260869565219 -0.008953534258229876
0.7739130434782611 -0.008025532991046209
0.8 -0.007098869308413871
0.8 -0.007098869308413871
0.805625 -0.00689936975068514
0.81125 -0.006699983509898248
0.816875 -0.006500692119227593
0.8225 -0.006301477111362437
0.828125 -0.00610232001899204
0.83375 -0.0059032023748056646
0.839375 -0.005704105711492575
0.845 -0.0055050115617420285
0.8506250000000001 -0.005305901458243286
0.8562500000000001 -0.005106756933685617
0.8618750000000001 -0.004907559520758277
0.8675 -0.0047082907521505315
0.873125 -0.004508932160551639
0.87875 -0.004309465278650861
0.884375 -0.004109871639137462
0.89 -0.003910132774700701
0.895625 -0.003710230218029843
0.90125 -0.0035101455747743545
0.906875 -0.003309876094689092
0.9125 -0.0031094540186928643
0.918125 -0.002908916335766457
0.92375 -0.002708300034890658
0.9293750000000001 -0.002507642105046249
0.935 -0.002306979535214025
0.940625 -0.002106349314374768
0.94625 -0.0019057884315092652
0.951875 -0.0017053338755983025
0.9575 -0.0015050226356226664
0.963125 -0.0013048917005631443
0.96875 -0.0011049780594005218
0.974375 -0.0009053187011155857
0.98 -0.0007059506146891225
0.98 -0.0007059506146891225
0.985 -0.0005290089647746925
0.99 -0.00035235265999274004
0.995 -0.00017600767888669818
1.0 0.0
