1.0 0.0
0.995 0.0013123728629927086
0.99 0.002601954295566667
0.985 0.0038701766788795146
0.98 0.00511847239408889
0.98 0.00511847239408889
0.974375 0.006500769960630428
0.96875 0.007861700159834114
0.963125 0.009203302456277911
0.9575 0.010527616314539787
0.951875 0.011836681199197709
0.94625 0.01313253657482964
0.940625 0.014417221906013553
0.935 0.015692776657327406
0.9293750000000001 0.016961240293349174
0.92375 0.01822465227865684
0.918125 0.019485052077828326
0.9125 0.020744479155441628
0.906875 0.022004972976074694
0.90125 0.023268573004305515
0.895625 0.024537128654187553
0.89 0.025810980017241674
0.884375 0.027089747430961618
0.87875 0.028373046800175827
0.873125 0.02966049402971275
0.8675 0.030951705024400804
0.8618750000000001 0.03224629568906846
0.8562500000000001 0.033543881928544135
0.8506250000000001 0.0348440796476563
0.845 0.0361465047512334
0.839375 0.03745077314410382
0.83375 0.038756500731096044
0.828125 0.04006330341703854
0.8225 0.04137079710675968
0.816875 0.04267859770508796
0.81125 0.04398632111685182
0.805625 0.04529358324687969
0.8 0.0466
0.8 0.0466
0.7739130434782611 0.05262572846016513
0.7478260869565219 0.05852157307883283
0.7217391304347827 0.06418409360637709
0.6956521739130436 0.0695100318618054
0.6695652173913045 0.07445785093088442
0.6434782608695653 0.07913731293382542
0.6173913043478262 0.08368093857002817
0.5913043478260871 0.08821944070448971
0.5652173913043479 0.09277506213804491
0.5391304347826088 0.09720191707207736
0.5130434782608697 0.1013396570327489
0.4869565217391305 0.10503078007791988
0.46086956521739136 0.10818325449451258
0.4347826086956522 0.11077051879851128
0.4086956521739131 0.11276885803759858
0.3826086956521739 0.11415518092174312
0.35652173913043483 0.11491364623498732
0.3304347826086957 0.11503309022851789
0.30434782608695654 0.11450242711130736
0.27826086956521745 0.11329765718879309
0.2521739130434783 0.11130892913571011
0.22608695652173916 0.108391369120406
0.2 0.10439999999999999
0.2 0.10439999999999999
0.19437500000000002 0.10338453923964429
0.18875 0.10231062221282082
0.183125 0.10117645907226733
0.17750000000000002 0.09998025997072157
0.171875 0.09872023506092131
0.16625 0.0973945944956043
0.16062500000000002 0.09600154842750824
0.155 0.09453930700937095
0.149375 0.09300607985567555
0.14375000000000002 0.09139954047931678
0.138125 0.08971582029374078
0.1325 0.08795077512603505
0.12687500000000002 0.08610026080328706
0.12125000000000001 0.08416013315258425
0.11562500000000002 0.0821262480010141
0.11000000000000001 0.07999446117566407
0.10437500000000001 0.07776062850362168
0.09875000000000002 0.07542064518234386
0.09312500000000001 0.07297679917304285
0.08750000000000001 0.07044478404776133
0.081875 0.0678419813831365
0.07625000000000001 0.06518577275580544
0.07062500000000001 0.06248890546448073
0.065 0.05972732280476642
0.05937500000000001 0.056859417264616643
0.053750000000000006 0.05384347324387075
0.048125 0.050637685523458584
0.0425 0.04719487174974194
0.036875000000000005 0.04345951501050221
0.03125 0.039375381442245005
0.025625000000000002 0.034886237181475974
0.02 0.029962047143657352
0.02 0.029962047143657352
0.015 0.025312415123424258
0.01 0.020421770570391132
0.005 0.01380101761917149
0.0 0.0015162819067438074
0.0 0.0
0.005 -0.009749091169331677
0.01 -0.01324639170444094
0.015 -0.01550000599026801
0.02 -0.016796051489751485
0.02 -0.016796051489751485
0.025625000000000002 -0.017739415896294866
0.03125 -0.018671534968572653
0.036875000000000005 -0.019639066538925023
0.0425 -0.020596729742861832
0.048125 -0.02149924371589292
0.053750000000000006 -0.022303932924654293
0.05937500000000001 -0.022998408810123737
0.065 -0.023589822796725345
0.07062500000000001 -0.024085651975273955
0.07625000000000001 -0.02449339037720704
0.081875 -0.02482328276755952
0.08750000000000001 -0.02509134219336743
0.09312500000000001 -0.025314308030861543
0.09875000000000002 -0.025508919656272572
0.10437500000000001 -0.025690568747562748
0.11000000000000001 -0.025863943979535127
0.11562500000000002 -0.026028630061829972
0.12125000000000001 -0.02618418027089172
0.12687500000000002 -0.026330147883164852
0.1325 -0.02646608617509381
0.138125 -0.02659154842312307
0.14375000000000002 -0.0267060879036971
0.149375 -0.026809257893260337
0.155 -0.026900559216940085
0.16062500000000002 -0.026979199197864158
0.16625 -0.027044283124957425
0.171875 -0.02709491618470078
0.17750000000000002 -0.027130203563575102
0.183125 -0.027149250448061303
0.18875 -0.027151162024640258
0.19437500000000002 -0.02713504347979286
0.2 -0.027100000000000003
0.2 -0.027100000000000003
0.22608695652173916 -0.026696441653962052
0.2521739130434783 -0.025970829040201517
0.27826086956521745 -0.02502739275610228
0.30434782608695654 -0.02397027240248629
0.3304347826086957 -0.02287275974567901
0.35652173913043483 -0.021732528409036566
0.3826086956521739 -0.020535877445673038
0.4086956521739131 -0.01926921413680047
0.4347826086956522 -0.017925439449509722
0.46086956521739136 -0.01650751956400376
0.4869565217391305 -0.015019286485269422
0.5130434782608697 -0.013465568046143088
0.5391304347826088 -0.011874096120000985
0.5652173913043479 -0.01029550662075917
0.5913043478260871 -0.008781431290183255
0.6173913043478262 -0.007381084316729895
0.6434782608695653 -0.006115575831638753
0.6695652173913045 -0.004987884316332107
0.6956521739130436 -0.004000686058068621
0.7217391304347827 -0.0031555236285174507
0.7478260869565219 -0.0024464026581087687
0.7739130434782611 -0.0018642541405940374
0.8 -0.0014
0.8 -0.0014
0.805625 -0.0013144500745314463
0.81125 -0.0012337627450409183
0.816875 -0.0011577412871079018
0.8225 -0.0010861889763118806
0.828125 -0.0010189090882323389
0.83375 -0.0009557048984487606
0.839375 -0.0008963796825406308
0.845 -0.0008407367160874337
0.8506250000000001 -0.0007885792746686522
0.8562500000000001 -0.000739710633863773
0.8618750000000001 -0.0006939340692522794
0.8675 -0.0006510528564136556
0.873125 -0.0006108702709273861
0.87875 -0.0005731895883729551
0.884375 -0.000537814084329847
0.89 -0.0005045470343775462
0.895625 -0.0004731917140955369
0.90125 -0.00044355141142989784
0.906875 -0.00041543142235246524
0.9125 -0.0003886412536604518
0.918125 -0.0003629909423688028
0.92375 -0.00033829052549246366
0.9293750000000001 -0.0003143500400463791
0.935 -0.0002909795230454955
0.940625 -0.00026798901150475765
0.94625 -0.0002451885424391109
0.951875 -0.00022238815286350065
0.9575 -0.00019939787979287216
0.963125 -0.00017602776024217077
0.96875 -0.00015208783122634185
0.974375 -0.00012738812976033072
0.98 -0.00010173869285908271
0.98 -0.00010173869285908271
0.985 -7.798831601742847e-05
0.99 -5.3204019644312036e-05
0.995 -2.725238666381027e-05
1.0 0.0
