1.0 0.0
0.995 0.0020652817261645594
0.99 0.0041065952403550625
0.985 0.006124450311374274
0.98 0.008119356708024958
0.98 0.008119356708024958
0.974375 0.010336830288823817
0.96875 0.01252663045292464
0.963125 0.014689483023486044
0.9575 0.016826113823666663
0.951875 0.018937248676625107
0.94625 0.021023613405520017
0.940625 0.023085933833510017
0.935 0.025124935783753723
0.9293750000000001 0.027141345079409768
0.92375 0.029135887543636805
0.918125 0.031109288999593393
0.9125 0.033062275270438195
0.906875 0.03499557217932982
0.90125 0.03690990554942692
0.895625 0.03880597279390732
0.89 0.040684080172185354
0.884375 0.04254424930058856
0.87875 0.04438649536459703
0.873125 0.04621083354969084
0.8675 0.048017279041350065
0.8618750000000001 0.04980584702505479
0.8562500000000001 0.051576552686285075
0.8506250000000001 0.053329411210521024
0.845 0.05506443778324272
0.839375 0.05678164758993019
0.83375 0.05848105581606355
0.828125 0.06016267764712287
0.8225 0.06182652826858821
0.816875 0.06347262286593966
0.81125 0.06510097662465732
0.805625 0.06671160473022127
0.8 0.06830452236811152
0.8 0.06830452236811152
0.7739130434782611 0.07547114013593742
0.7478260869565219 0.08232867469970934
0.7217391304347827 0.0889532627697629
0.6956521739130436 0.09542102814255567
0.6695652173913045 0.10177061871071938
0.6434782608695653 0.1079230000299038
0.6173913043478262 0.11377609795974383
0.5913043478260871 0.11922807819956645
0.5652173913043479 0.12421396310736686
0.5391304347826088 0.12874501392142637
0.5130434782608697 0.13284193832650218
0.4869565217391305 0.1365244334214273
0.46086956521739136 0.13976730637337234
0.4347826086956522 0.14248358461840493
0.4086956521739131 0.14458179867547405
0.3826086956521739 0.14597209687773782
0.35652173913043483 0.14659623543477218
0.3304347826086957 0.14642474790937005
0.30434782608695654 0.14542921801145672
0.27826086956521745 0.14357560187489793
0.2521739130434783 0.14077228730086366
0.22608695652173916 0.13689393887853693
0.2 0.13181479450371963
0.2 0.13181479450371963
0.19437500000000002 0.13055006917515244
0.18875 0.1292228368095683
0.183125 0.12783271019041892
0.17750000000000002 0.12637932667581053
0.171875 0.1248623236238494
0.16625 0.12328133839264181
0.16062500000000002 0.12163600834029394
0.155 0.11992597082491209
0.149375 0.11815086320460254
0.14375000000000002 0.11630981910125461
0.138125 0.11439501285744255
0.1325 0.11239354263405085
0.12687500000000002 0.11029239126774192
0.12125000000000001 0.10807854159517821
0.11562500000000002 0.10573897645302222
0.11000000000000001 0.10326067867793637
0.10437500000000001 0.10063063110658316
0.09875000000000002 0.09783581657562501
0.09312500000000001 0.09486389565088385
0.08750000000000001 0.09170730166445584
0.081875 0.08836051810935261
0.07625000000000001 0.08481803638788799
0.07062500000000001 0.08107470314280207
0.065 0.07713682745870187
0.05937500000000001 0.07302437710873796
0.053750000000000006 0.06875811859153344
0.048125 0.0643588125640267
0.0425 0.05981932040111547
0.036875000000000005 0.055040084637852836
0.03125 0.04990243674351173
0.025625000000000002 0.044287708187365105
0.02 0.03807723043868588
0.02 0.03807723043868588
0.015 0.031960737423940705
0.01 0.025196421506136792
0.005 0.01770093798330948
0.0 0.00939094215349401
0.0 0.0
0.005 -0.005264983184859933
0.01 -0.00936164537238539
0.015 -0.012502535886127604
0.02 -0.014900204049637811
0.02 -0.014900204049637811
0.025625000000000002 -0.016973844025649734
0.03125 -0.01863352385386471
0.036875000000000005 -0.019977396918253086
0.0425 -0.021068249688946744
0.048125 -0.02196886863607757
0.053750000000000006 -0.022739939098947524
0.05937500000000001 -0.023407258583805438
0.065 -0.02396788697595195
0.07062500000000001 -0.024418027592222953
0.07625000000000001 -0.024753890330499063
0.081875 -0.024977117067477215
0.08750000000000001 -0.0251046154240501
0.09312500000000001 -0.02515595498042372
0.09875000000000002 -0.02515070531680407
0.10437500000000001 -0.025107384000187322
0.11000000000000001 -0.02503255102869027
0.11562500000000002 -0.024925179101259368
0.12125000000000001 -0.024784120058393755
0.12687500000000002 -0.024608225740592512
0.1325 -0.024396347988354758
0.138125 -0.024147338642179588
0.14375000000000002 -0.023860049542566115
0.149375 -0.023533332530013447
0.155 -0.023166551261868635
0.16062500000000002 -0.02276296189919216
0.16625 -0.022327609169039274
0.171875 -0.021865547220574672
0.17750000000000002 -0.021381830202963033
0.183125 -0.02088151226536905
0.18875 -0.020369647556957422
0.19437500000000002 -0.019851290226892818
0.2 -0.01933149442433994
0.2 -0.01933149442433994
0.22608695652173916 -0.01697217347132833
0.2521739130434783 -0.014722250580750816
0.27826086956521745 -0.012605064531472575
0.30434782608695654 -0.010643983836919892
0.3304347826086957 -0.008874381468182164
0.35652173913043483 -0.00736190525860991
0.3826086956521739 -0.0061769016290323595
0.4086956521739131 -0.0053890628969110455
0.4347826086956522 -0.00502738931896231
0.46086956521739136 -0.0050569627354064605
0.4869565217391305 -0.0054372665805936336
0.5130434782608697 -0.006126128743236297
0.5391304347826088 -0.007042322564308623
0.5652173913043479 -0.008065016223496159
0.5913043478260871 -0.009071612225370356
0.6173913043478262 -0.009942885702796396
0.6434782608695653 -0.010600043250079317
0.6695652173913045 -0.010990969817166726
0.6956521739130436 -0.011064022436583616
0.7217391304347827 -0.010783150710998496
0.7478260869565219 -0.01021927409563965
0.7739130434782611 -0.009488201508729905
0.8 -0.00870589581004312
0.8 -0.00870589581004312
0.805625 -0.008541405276409618
0.81125 -0.008379050627323253
0.816875 -0.008217883157088015
0.8225 -0.008056954144191133
0.828125 -0.007895314867119837
0.83375 -0.0077320166043613435
0.839375 -0.007566110634402886
0.845 -0.00739664823573169
0.8506250000000001 -0.007222680686834976
0.8562500000000001 -0.007043259266199976
0.8618750000000001 -0.006857435252313913
0.8675 -0.006664259923664016
0.873125 -0.006462784558737508
0.87875 -0.006252060436021615
0.884375 -0.006031138834003565
0.89 -0.005799071031170581
0.895625 -0.005554908306009891
0.90125 -0.0052977052507560424
0.906875 -0.005027226990330021
0.9125 -0.004744827897814482
0.918125 -0.004452077996413901
0.92375 -0.0041505473093327565
0.9293750000000001 -0.0038418058597755227
0.935 -0.0035274236709466884
0.940625 -0.0032089707660507266
0.94625 -0.0028880171682921156
0.951875 -0.002566132900875333
0.9575 -0.0022448879870048577
0.963125 -0.0019258524498851673
0.96875 -0.00161059631272074
0.974375 -0.0013006895987160549
0.98 -0.0009977023310755897
0.98 -0.0009977023310755897
0.985 -0.0007354584610514284
0.99 -0.0004810249975461463
0.995 -0.00023550461803668857
1.0 0.0
