1.0 0.0
0.995 0.001325424570326062
0.99 0.002625451907917578
0.985 0.0039012372608561645
0.98 0.005153935877223436
0.98 0.005153935877223436
0.974375 0.006537064375070963
0.96875 0.007894080707508674
0.963125 0.009226629749246528
0.9575 0.01053635637499448
0.951875 0.011824905459462492
0.94625 0.013093921877360516
0.940625 0.014345050503398514
0.935 0.015579936212286441
0.9293750000000001 0.01680022387873425
0.92375 0.018007558377451934
0.918125 0.019203584583149393
0.9125 0.020389947370536614
0.906875 0.021568291614323547
0.90125 0.02274026218922016
0.895625 0.023907326357541878
0.89 0.02506954083885577
0.884375 0.02622628970403943
0.87875 0.027376952881407332
0.873125 0.028520910299273932
0.8675 0.02965754188595367
0.8618750000000001 0.030786227569761033
0.8562500000000001 0.03190634727901046
0.8506250000000001 0.03301728094201643
0.845 0.03411840848709341
0.839375 0.03520910984255582
0.83375 0.03628876493671814
0.828125 0.037356753697894846
0.8225 0.038412456054400364
0.816875 0.039455251934549185
0.81125 0.04048452126665576
0.805625 0.04149964397903456
0.8 0.042499999999999996
0.8 0.042499999999999996
0.7739130434782611 0.046943674115194234
0.7478260869565219 0.05108647996839222
0.7217391304347827 0.054958489129843816
0.6956521739130436 0.05858974597200229
0.6695652173913045 0.06200107481427682
0.6434782608695653 0.06519069860710988
0.6173913043478262 0.06815344057637011
0.5913043478260871 0.07088409809792867
0.5652173913043479 0.0733759175478074
0.5391304347826088 0.0756197412522617
0.5130434782608697 0.07760620473756706
0.4869565217391305 0.07932591728683079
0.46086956521739136 0.08076888459029183
0.4347826086956522 0.0819245087453208
0.4086956521739131 0.08278216560612
0.3826086956521739 0.0833290565860553
0.35652173913043483 0.08352710522376684
0.3304347826086957 0.08332192675162008
0.30434782608695654 0.08265886459687595
0.27826086956521745 0.0814849609652829
0.2521739130434783 0.0797585515419739
0.22608695652173916 0.07744257909933996
0.2 0.0745
0.2 0.0745
0.19437500000000002 0.07377947990191552
0.18875 0.07302582387497095
0.183125 0.07223675184040516
0.17750000000000002 0.07140998371945718
0.171875 0.07054323943336596
0.16625 0.06963423890337049
0.16062500000000002 0.0686807020507097
0.155 0.06768034879662259
0.149375 0.06663089913923342
0.14375000000000002 0.06553014965444373
0.138125 0.06437611719459246
0.1325 0.06316685797730172
0.12687500000000002 0.06190042822019355
0.12125000000000001 0.06057488414088999
0.11562500000000002 0.05918828195701312
0.11000000000000001 0.057738677886184975
0.10437500000000001 0.05622412814602767
0.09875000000000002 0.05464271350177373
0.09312500000000001 0.05299650063691894
0.08750000000000001 0.05129591469635138
0.081875 0.049552433303761516
0.07625000000000001 0.04777753408283978
0.07062500000000001 0.0459764429393626
0.065 0.0441047365674508
0.05937500000000001 0.042094315330116275
0.053750000000000006 0.03987693377770828
0.048125 0.037384909608335654
0.0425 0.03458434938568631
0.036875000000000005 0.03149373241509579
0.03125 0.028136043183976743
0.025625000000000002 0.024534266179741884
0.02 0.02071138588980391
0.02 0.02071138588980391
0.015 0.01714623346984748
0.01 0.01344068548026145
0.005 0.009610884661176544
0.0 0.005672973752723478
0.0 0.0
0.005 -0.005225600365309831
0.01 -0.008684800182654917
0.015 -0.010819199817345084
0.02 -0.012070399634690171
0.02 -0.012070399634690171
0.025625000000000002 -0.012971995258279896
0.03125 -0.01379515767699153
0.036875000000000005 -0.014594779470703161
0.0425 -0.015349673036637972
0.048125 -0.016038650772019138
0.053750000000000006 -0.016641774055242458
0.05937500000000001 -0.017153623670835533
0.065 -0.01757814776212067
0.07062500000000001 -0.017919450595066742
0.07625000000000001 -0.01818166015424881
0.081875 -0.018372755732921475
0.08750000000000001 -0.01850879280974578
0.09312500000000001 -0.018606843798623054
0.09875000000000002 -0.01868398111345458
0.10437500000000001 -0.018755879708146888
0.11000000000000001 -0.018827116341195844
0.11562500000000002 -0.018896975349717644
0.12125000000000001 -0.018964708477009325
0.12687500000000002 -0.019029567466367928
0.1325 -0.019090804061090507
0.138125 -0.019147670004474114
0.14375000000000002 -0.01919941703981579
0.149375 -0.01924529691041258
0.155 -0.019284290628585263
0.16062500000000002 -0.019313864276484623
0.16625 -0.01933095727990915
0.171875 -0.019332508535885896
0.17750000000000002 -0.01931545694144193
0.183125 -0.0192767413936043
0.18875 -0.019213300789400065
0.19437500000000002 -0.019122074025856275
0.2 -0.019
0.2 -0.019
0.22608695652173916 -0.0180341483625075
0.2521739130434783 -0.01658620960931464
0.27826086956521745 -0.014903400679589491
0.30434782608695654 -0.013232687120061593
0.3304347826086957 -0.011735812440799702
0.35652173913043483 -0.010365613035456344
0.3826086956521739 -0.009043501242868127
0.4086956521739131 -0.007691493034175995
0.4347826086956522 -0.006267822318781888
0.46086956521739136 -0.00478686081039222
0.4869565217391305 -0.003267809281148229
0.5130434782608697 -0.0017316138271208975
0.5391304347826088 -0.00023936299476573462
0.5652173913043479 0.001107712219077259
0.5913043478260871 0.002206635493638317
0.6173913043478262 0.0029658135763687083
0.6434782608695653 0.003425981382789404
0.6695652173913045 0.003713246840079232
0.6956521739130436 0.003955140758944646
0.7217391304347827 0.004258445026114427
0.7478260869565219 0.004592002681713745
0.7739130434782611 0.004868385684040309
0.8 0.005
0.8 0.005
0.805625 0.005001090280742113
0.81125 0.004991475405338693
0.816875 0.004971253722598841
0.8225 0.004940523581331656
0.828125 0.004899383330346232
0.83375 0.004847931318451665
0.839375 0.004786265894457056
0.845 0.004714485407171498
0.8506250000000001 0.004632688205404087
0.8562500000000001 0.004540972637963924
0.8618750000000001 0.004439437053660106
0.8675 0.004328179801301726
0.873125 0.004207299229697886
0.87875 0.004076893687657679
0.884375 0.003937061523990203
0.89 0.0037879010875045568
0.895625 0.0036295107270098346
0.90125 0.0034619904746217294
0.906875 0.0032857136893640806
0.9125 0.0031016268961558888
0.918125 0.0029107487916863522
0.92375 0.0027140980726446744
0.9293750000000001 0.002512693435720053
0.935 0.0023075535776016956
0.940625 0.002099697194978801
0.94625 0.0018901429845405706
0.951875 0.0016799096429762064
0.9575 0.001470015866974909
0.963125 0.0012614803532258806
0.96875 0.0010553217984183225
0.974375 0.0008525588992414359
0.98 0.0006542103523844228
0.98 0.0006542103523844228
0.985 0.0004824299369823931
0.99 0.0003156577642883171
0.995 0.0001546092975461883
1.0 0.0
