1.0 0.0
0.995 0.00022509166162178464
0.99 0.0004757754300998478
0.985 0.0007518632935612697
0.98 0.0010531672401331302
0.98 0.0010531672401331302
0.974375 0.0014220411825549924
0.96875 0.0018223235810443422
0.963125 0.0022537467390086824
0.9575 0.0027160429598555164
0.951875 0.0032089445469923464
0.94625 0.0037321838038266754
0.940625 0.004285493033766007
0.935 0.004868604540217842
0.9293750000000001 0.005481250626589686
0.92375 0.006123163596289053
0.918125 0.006794075752723421
0.9125 0.007493719399300306
0.906875 0.008221826839427206
0.90125 0.008978130376511633
0.895625 0.009762336525945861
0.89 0.010573947002674737
0.884375 0.011412365857993635
0.87875 0.01227699654172816
0.873125 0.01316724250370395
0.8675 0.014082507193746601
0.8618750000000001 0.01502219406168175
0.8562500000000001 0.015985706557335014
0.8506250000000001 0.016972448130532003
0.845 0.017981822231098364
0.839375 0.019013232308859672
0.83375 0.020066081813641567
0.828125 0.02113977419526968
0.8225 0.02223371290356961
0.816875 0.023347301388366985
0.81125 0.024479943099487436
0.805625 0.025631041486756573
0.8 0.0268
0.8 0.0268
0.7739130434782611 0.032438263882990905
0.7478260869565219 0.03839300137118389
0.7217391304347827 0.04460937958754779
0.6956521739130436 0.051032535452241214
0.6695652173913045 0.057597367132769965
0.6434782608695653 0.0642136742613755
0.6173913043478262 0.07078748111902607
0.5913043478260871 0.07722542088146504
0.5652173913043479 0.08347066041094475
0.5391304347826088 0.08952299378380617
0.5130434782608697 0.09538708623459144
0.4869565217391305 0.10106397089363692
0.46086956521739136 0.10647114249454309
0.4347826086956522 0.1114425573741747
0.4086956521739131 0.11580853976519048
0.3826086956521739 0.11940530988644771
0.35652173913043483 0.1221376287963594
0.3304347826086957 0.12395447744982616
0.30434782608695654 0.12480557380002343
0.27826086956521745 0.12464529188593643
0.2521739130434783 0.12345895940501314
0.22608695652173916 0.12124453135941754
0.2 0.11799999999999998
0.2 0.11799999999999998
0.19437500000000002 0.11716402445184985
0.18875 0.1162729962177995
0.183125 0.11531984972885113
0.17750000000000002 0.11429751941600695
0.171875 0.11319893971026912
0.16625 0.11201704504263992
0.16062500000000002 0.11074476984412145
0.155 0.109375048545716
0.149375 0.10790081843770227
0.14375000000000002 0.10631786464982082
0.138125 0.10463016413917939
0.1325 0.10284315781248868
0.12687500000000002 0.10096228657645928
0.12125000000000001 0.09899299133780186
0.11562500000000002 0.09694071300322703
0.11000000000000001 0.0948108924794454
0.10437500000000001 0.09260897067316769
0.09875000000000002 0.09034029331207476
0.09312500000000001 0.08799475142890509
0.08750000000000001 0.08552982759679463
0.081875 0.08289892358798237
0.07625000000000001 0.0800554411747072
0.07062500000000001 0.07695982480253347
0.065 0.07362844965212313
0.05937500000000001 0.07010436271944345
0.053750000000000006 0.06643077526106407
0.048125 0.0626498609336775
0.0425 0.05874153740135145
0.036875000000000005 0.0545892255395852
0.03125 0.050068045424861304
0.025625000000000002 0.045053117133662376
0.02 0.039419560742471
0.02 0.039419560742471
0.015 0.03379165835525522
0.01 0.0274885856767053
0.005 0.020422635545173918
0.0 0.012506100799013715
0.0 0.0
0.005 -0.011414086811732671
0.01 -0.018785043405866335
0.015 -0.023122956594133666
0.02 -0.02543791318826734
0.02 -0.02543791318826734
0.025625000000000002 -0.02688151252749565
0.03125 -0.02814408910833074
0.036875000000000005 -0.02935857193916583
0.0425 -0.03048484662252781
0.048125 -0.031482798760943585
0.053750000000000006 -0.03231528826748962
0.05937500000000001 -0.032979751415381245
0.065 -0.03349593180695563
0.07062500000000001 -0.033883944833368644
0.07625000000000001 -0.03416391030039288
0.081875 -0.03435666483719148
0.08750000000000001 -0.034484548249922004
0.09312500000000001 -0.03457008962143413
0.09875000000000002 -0.03463581803457748
0.10437500000000001 -0.03470196105782833
0.11000000000000001 -0.03477046834376483
0.11562500000000002 -0.03483457331414594
0.12125000000000001 -0.03488745571109499
0.12687500000000002 -0.034922295276735425
0.1325 -0.034932271753190594
0.138125 -0.0349105648825839
0.14375000000000002 -0.034850354407038736
0.149375 -0.034744820068678475
0.155 -0.03458881151497941
0.16062500000000002 -0.03438652268801937
0.16625 -0.03414539601763303
0.171875 -0.033872877195188895
0.17750000000000002 -0.0335764119120555
0.183125 -0.033263445859601386
0.18875 -0.032941424729195076
0.19437500000000002 -0.0326177942122051
0.2 -0.0323
0.2 -0.0323
0.22608695652173916 -0.030987034511694486
0.2521739130434783 -0.029917642583984598
0.27826086956521745 -0.029049727454821928
0.30434782608695654 -0.028341247715930606
0.3304347826086957 -0.027768926887934135
0.35652173913043483 -0.027355487476457004
0.3826086956521739 -0.027130571208694273
0.4086956521739131 -0.027122836042157334
0.4347826086956522 -0.027301913753337643
0.46086956521739136 -0.027545945538145697
0.4869565217391305 -0.027725202435022734
0.5130434782608697 -0.027713974910784592
0.5391304347826088 -0.027479000284863983
0.5652173913043479 -0.027079462729310434
0.5913043478260871 -0.026578565844548145
0.6173913043478262 -0.026038203966997298
0.6434782608695653 -0.025505051239031466
0.6695652173913045 -0.02501596232299416
0.6956521739130436 -0.02460762822322838
0.7217391304347827 -0.024295004305939744
0.7478260869565219 -0.023948547414996527
0.7739130434782611 -0.02337976734363842
0.8 -0.022400000000000003
0.8 -0.022400000000000003
0.805625 -0.02211704169950996
0.81125 -0.021806886927986265
0.816875 -0.02147021948924584
0.8225 -0.02110772318710561
0.828125 -0.020720081825382482
0.83375 -0.020307979207893373
0.839375 -0.019872099138455206
0.845 -0.0194131254208849
0.8506250000000001 -0.018931741858999346
0.8562500000000001 -0.018428632256615503
0.8618750000000001 -0.01790448041755027
0.8675 -0.017359970145620553
0.873125 -0.016795785244643292
0.87875 -0.01621260951843538
0.884375 -0.015611126770813754
0.89 -0.014992020805595323
0.895625 -0.014355975426597006
0.90125 -0.013703673792099483
0.906875 -0.013035694241437327
0.9125 -0.012352395308857213
0.918125 -0.011654107851239737
0.92375 -0.010941162725465508
0.9293750000000001 -0.010213890788415114
0.935 -0.009472622896969186
0.940625 -0.008717689908008317
0.94625 -0.007949422678413105
0.951875 -0.0071681520650641595
0.9575 -0.006374208924842081
0.963125 -0.005567924114627474
0.96875 -0.004749628491300945
0.974375 -0.003919652911743095
0.98 -0.0030783282328345285
0.98 -0.0030783282328345285
0.985 -0.002321223903963351
0.99 -0.0015556461746258966
0.995 -0.0007818274161841261
1.0 0.0
