1.0 0.004575633551265125
0.995 0.005415336727360233
0.99 0.006258498426483916
0.985 0.007101755100446561
0.98 0.007941743201058551
0.98 0.007941743201058551
0.974375 0.00887863483600196
0.96875 0.0098023435776088
0.963125 0.0107080803113669
0.9575 0.011591536217551147
0.951875 0.01246175888898604
0.94625 0.013342577384505774
0.940625 0.014258586986972445
0.935 0.015229223365084713
0.9293750000000001 0.01624327734342631
0.92375 0.017278270084468996
0.918125 0.01831179862645047
0.9125 0.019330162780181712
0.906875 0.020335325352270235
0.90125 0.021330887064785076
0.895625 0.022320448639795282
0.89 0.02330731959644823
0.884375 0.024292556212966537
0.87875 0.025276163907713783
0.873125 0.02625814219853665
0.8675 0.02723848877753856
0.8618750000000001 0.028217054755978573
0.8562500000000001 0.029193439720607946
0.8506250000000001 0.03016721850568986
0.845 0.031137965945487553
0.839375 0.032105214683935915
0.83375 0.03306819240126023
0.828125 0.03402599272689847
0.8225 0.03497770871242969
0.816875 0.03592244242990565
0.81125 0.0368599439383235
0.805625 0.037791034407241936
0.8 0.03871663541105346
0.8 0.03871663541105346
0.7739130434782611 0.042961226063521846
0.7478260869565219 0.04716546139601909
0.7217391304347827 0.05135239230908709
0.6956521739130436 0.05548189847362762
0.6695652173913045 0.05954412757883959
0.6434782608695653 0.06350776400970487
0.6173913043478262 0.06731903919891565
0.5913043478260871 0.07097929210272604
0.5652173913043479 0.07446275482269923
0.5391304347826088 0.0777036682959937
0.5130434782608697 0.08069691581799579
0.4869565217391305 0.0833435691228905
0.46086956521739136 0.08575044018103223
0.4347826086956522 0.08784254239667383
0.4086956521739131 0.08954875201168931
0.3826086956521739 0.09087712604217206
0.35652173913043483 0.0917855189586391
0.3304347826086957 0.09221808007145828
0.30434782608695654 0.09211076266420258
0.27826086956521745 0.09144933353073571
0.2521739130434783 0.09012699073846246
0.22608695652173916 0.0880766367357791
0.2 0.08521857434691225
0.2 0.08521857434691225
0.19437500000000002 0.08448521263700039
0.18875 0.08370536874928243
0.183125 0.08288004696803834
0.17750000000000002 0.08201292717855604
0.171875 0.08110054080924334
0.16625 0.08013702014051914
0.16062500000000002 0.0791257501609201
0.155 0.07807012567264954
0.149375 0.07696211308366097
0.14375000000000002 0.07579476856278407
0.138125 0.07456888721237696
0.1325 0.07328365867590818
0.12687500000000002 0.071934696850705
0.12125000000000001 0.0705208090907591
0.11562500000000002 0.06904356252246971
0.11000000000000001 0.06750002016373181
0.10437500000000001 0.06588436394611293
0.09875000000000002 0.06418965191275394
0.09312500000000001 0.0624100104193999
0.08750000000000001 0.06054408213204469
0.081875 0.058590462188755146
0.07625000000000001 0.056545687639403645
0.07062500000000001 0.0543967458635437
0.065 0.052123494116810616
0.05937500000000001 0.04972415539397591
0.053750000000000006 0.04719895229565923
0.048125 0.04451831078512565
0.0425 0.041654864814384435
0.036875000000000005 0.03863234439894206
0.03125 0.03534908973665522
0.025625000000000002 0.031645921395061394
0.02 0.027867630631067477
0.02 0.027867630631067477
0.015 0.023992556975542603
0.01 0.019175109820778077
0.005 0.013070023163901292
0.0 0.0022825744834441106
0.0 0.0
0.005 -0.011750875033948394
0.01 -0.016447570047790003
0.015 -0.01973594647036514
0.02 -0.02220091374837071
0.02 -0.02220091374837071
0.025625000000000002 -0.02417308931291396
0.03125 -0.02599421501115266
0.036875000000000005 -0.02782803877072287
0.0425 -0.02932485390723868
0.048125 -0.030526378289025075
0.053750000000000006 -0.03155209754739422
0.05937500000000001 -0.03245651883391215
0.065 -0.03322079807781272
0.07062500000000001 -0.03385628126535451
0.07625000000000001 -0.034390227284147944
0.081875 -0.03483628474966441
0.08750000000000001 -0.035199383504313154
0.09312500000000001 -0.03548986328194524
0.09875000000000002 -0.03571981736537205
0.10437500000000001 -0.03589670322841506
0.11000000000000001 -0.036024708416301045
0.11562500000000002 -0.036102579069396026
0.12125000000000001 -0.036131298251579624
0.12687500000000002 -0.03611759589637058
0.1325 -0.03606602003197744
0.138125 -0.03597838883961264
0.14375000000000002 -0.035858922454216444
0.149375 -0.03571220854724488
0.155 -0.035536275507439256
0.16062500000000002 -0.03532963957654249
0.16625 -0.035098404378023466
0.171875 -0.03484687271311582
0.17750000000000002 -0.03457460803347914
0.183125 -0.03427899688381083
0.18875 -0.033956612477584094
0.19437500000000002 -0.033608742560150784
0.2 -0.033238849097300176
0.2 -0.033238849097300176
0.22608695652173916 -0.03130859872413014
0.2521739130434783 -0.029205834570520433
0.27826086956521745 -0.027089075093354908
0.30434782608695654 -0.024851297249491304
0.3304347826086957 -0.022313678303651382
0.35652173913043483 -0.01972523784151737
0.3826086956521739 -0.017029730524752318
0.4086956521739131 -0.01425703639588827
0.4347826086956522 -0.011487968482166298
0.46086956521739136 -0.008803236221535202
0.4869565217391305 -0.006299003138821056
0.5130434782608697 -0.0040197658626382
0.5391304347826088 -0.0020852293287642147
0.5652173913043479 -0.0004345901915814851
0.5913043478260871 0.000989643653479363
0.6173913043478262 0.0022312928893146833
0.6434782608695653 0.003299565123963522
0.6695652173913045 0.004190075784451125
0.6956521739130436 0.0049390657530080885
0.7217391304347827 0.005561127507377278
0.7478260869565219 0.006057709356905272
0.7739130434782611 0.006398635751864665
0.8 0.006482169506958685
0.8 0.006482169506958685
0.805625 0.0064571439063744315
0.81125 0.006416481942008479
0.816875 0.006360212371615903
0.8225 0.0062885310727274065
0.828125 0.006202056559420475
0.83375 0.006101473136555597
0.839375 0.005987465108993263
0.845 0.005860735452100343
0.8506250000000001 0.005722235953384937
0.8562500000000001 0.005573095421552235
0.8618750000000001 0.005414446453960277
0.8675 0.005247420953655532
0.873125 0.005072156199053077
0.87875 0.004885810133980218
0.884375 0.00468498521958838
0.89 0.004466283917028988
0.895625 0.004226520323673212
0.90125 0.003966141078112585
0.906875 0.0036886483705891107
0.9125 0.0033976395462463975
0.918125 0.003096711789376905
0.92375 0.0027848517428529732
0.9293750000000001 0.002444378965442697
0.935 0.002053848041597377
0.940625 0.0015923564355372524
0.94625 0.0010589769833972923
0.951875 0.0004780963099920599
0.9575 -0.00012426958606664632
0.963125 -0.0007243606605028455
0.96875 -0.0013160042066314233
0.974375 -0.0019012828138581421
0.98 -0.0024823266974692637
0.98 -0.0024823266974692637
0.985 -0.0029969771674317235
0.99 -0.0035114609342787794
0.995 -0.004027274116291044
1.0 -0.004545912831749128
