1.0 0.0
0.995 0.0004435653294442836
0.99 0.0009003537725923782
0.985 0.001369359551018331
0.98 0.0018495768862961891
0.98 0.0018495768862961891
0.974375 0.0024019703905283516
0.96875 0.0029658485274704697
0.963125 0.003539779241512156
0.9575 0.0041223304770430175
0.951875 0.004712070178452668
0.94625 0.005307450602904166
0.940625 0.005905579143551911
0.935 0.006502695539351174
0.9293750000000001 0.0070950250683539
0.92375 0.0076788088974604355
0.918125 0.008252868145326447
0.9125 0.008821434083480335
0.906875 0.009389419217824688
0.90125 0.009961736054262102
0.895625 0.010542685243229395
0.89 0.011131708268140809
0.884375 0.01172592941051545
0.87875 0.012322458681191
0.873125 0.012918435432841017
0.8675 0.01351275952829051
0.8618750000000001 0.014107059621099273
0.8562500000000001 0.014703199099513954
0.8506250000000001 0.01530304135178121
0.845 0.015908097457171866
0.839375 0.016517907078519623
0.83375 0.01713132452760367
0.828125 0.017747203428099698
0.8225 0.018364404007153008
0.816875 0.018981986762760066
0.81125 0.01959924372706988
0.805625 0.02021547982963301
0.8 0.02083
0.8 0.02083
0.7739130434782611 0.023647906736148146
0.7478260869565219 0.026407592316310433
0.7217391304347827 0.029096436557032833
0.6956521739130436 0.0316823327950537
0.6695652173913045 0.03414014760960426
0.6434782608695653 0.036471039743665494
0.6173913043478262 0.0386670995000521
0.5913043478260871 0.04069522884254741
0.5652173913043479 0.042527604326201826
0.5391304347826088 0.04414924049529312
0.5130434782608697 0.045551623922019474
0.4869565217391305 0.046733015429125696
0.46086956521739136 0.04769402423883465
0.4347826086956522 0.048437648027350434
0.4086956521739131 0.04897429947669665
0.3826086956521739 0.049317709896486775
0.35652173913043483 0.04945241955223839
0.3304347826086957 0.049346804419639866
0.30434782608695654 0.04895432169948355
0.27826086956521745 0.04827332868952889
0.2521739130434783 0.04735460782622333
0.22608695652173916 0.0462601701463802
0.2 0.044919999999999995
0.2 0.044919999999999995
0.19437500000000002 0.04458861660580157
0.18875 0.044239360693891484
0.183125 0.04387056749433586
0.17750000000000002 0.04348057223720082
0.171875 0.04306770293709191
0.16625 0.0426301580766663
0.16062500000000002 0.04216602409690918
0.155 0.04167338374448988
0.149375 0.04115031999458124
0.14375000000000002 0.04059514341179156
0.138125 0.04000681922311118
0.1325 0.0393844296492965
0.12687500000000002 0.038727056911103876
0.12125000000000001 0.03803376702062545
0.11562500000000002 0.0373034375642313
0.11000000000000001 0.03653482456330956
0.10437500000000001 0.035726682013165326
0.09875000000000002 0.03487775823235972
0.09312500000000001 0.03398587977814683
0.08750000000000001 0.033046940276448916
0.081875 0.03205658996278919
0.07625000000000001 0.031010479072690868
0.07062500000000001 0.029904078079531677
0.065 0.02873142984128296
0.05937500000000001 0.027485896425749803
0.053750000000000006 0.02616083570803421
0.048125 0.024749452498683905
0.0425 0.023235767734989695
0.036875000000000005 0.02158956640071115
0.03125 0.019778462780043037
0.025625000000000002 0.017767349455705204
0.02 0.015507430118655834
0.02 0.015507430118655834
0.015 0.013189053247583985
0.01 0.010447935625542294
0.005 0.007020000000000001
0.0 0.0015870820122620157
0.0 0.0
0.005 -0.00527
0.01 -0.007813691889917401
0.015 -0.009767456701748698
0.02 -0.011368299240206341
0.02 -0.011368299240206341
0.025625000000000002 -0.012831402844757223
0.03125 -0.014108454286671483
0.036875000000000005 -0.01524220978417794
0.0425 -0.016249458241771715
0.048125 -0.01715555159912446
0.053750000000000006 -0.01798769847371762
0.05937500000000001 -0.01876008803281373
0.065 -0.019478507870086998
0.07062500000000001 -0.02014860555298516
0.07625000000000001 -0.02077602442249785
0.081875 -0.021365721548480123
0.08750000000000001 -0.021921214891802723
0.09312500000000001 -0.022445841203945223
0.09875000000000002 -0.022942937236387184
0.10437500000000001 -0.023415642783221426
0.11000000000000001 -0.02386553346384276
0.11562500000000002 -0.0242934389861435
0.12125000000000001 -0.02470018446425766
0.12687500000000002 -0.02508659113610229
0.1325 -0.025453247666576046
0.138125 -0.025800382232399065
0.14375000000000002 -0.026128192000555692
0.149375 -0.026436874138030284
0.155 -0.026726733830573415
0.16062500000000002 -0.026998680704883343
0.16625 -0.02725383451791447
0.171875 -0.027493315237595396
0.17750000000000002 -0.027718238010541435
0.183125 -0.027929571761977093
0.18875 -0.028128116369831167
0.19437500000000002 -0.028314662295405017
0.2 -0.028489999999999998
0.2 -0.028489999999999998
0.22608695652173916 -0.02917470906001326
0.2521739130434783 -0.029687611624065528
0.27826086956521745 -0.030070539156878563
0.30434782608695654 -0.030308125488907732
0.3304347826086957 -0.03036489460860841
0.35652173913043483 -0.03021201929083629
0.3826086956521739 -0.029857000504871188
0.4086956521739131 -0.029323877879446764
0.4347826086956522 -0.02862857173304431
0.46086956521739136 -0.02777566346280199
0.4869565217391305 -0.0267653858506467
0.5130434782608697 -0.02559410511337197
0.5391304347826088 -0.024266351704379647
0.5652173913043479 -0.02279499513622054
0.5913043478260871 -0.021191835007276644
0.6173913043478262 -0.019469707995266133
0.6434782608695653 -0.01766690370216186
0.6695652173913045 -0.015834247271889135
0.6956521739130436 -0.013988834164144709
0.7217391304347827 -0.012135077793902709
0.7478260869565219 -0.010309331825553558
0.7739130434782611 -0.00855888589494908
0.8 -0.006920000000000001
0.8 -0.006920000000000001
0.805625 -0.00658435305903837
0.81125 -0.006255444212190213
0.816875 -0.005933303706573385
0.8225 -0.005617961789305728
0.828125 -0.005309497230706076
0.83375 -0.005008859889597313
0.839375 -0.004717753093067201
0.845 -0.0044379050120824
0.8506250000000001 -0.0041710427726902805
0.8562500000000001 -0.003917852761330696
0.8618750000000001 -0.003676027670692902
0.8675 -0.0034427251947923994
0.873125 -0.003215103027644697
0.87875 -0.0029906653254359547
0.884375 -0.0027709438670862297
0.89 -0.002560068897795506
0.895625 -0.002362213970535101
0.90125 -0.0021815321699016226
0.906875 -0.0020188530281483232
0.9125 -0.0018680365959400707
0.918125 -0.00172206534237609
0.92375 -0.0015739217365556065
0.9293750000000001 -0.0014175654359953464
0.935 -0.0012547166266356148
0.940625 -0.0010907962750416026
0.94625 -0.0009312481393450923
0.951875 -0.0007814798722935577
0.9575 -0.0006447328035759024
0.963125 -0.0005208904621402458
0.96875 -0.0004095475338602304
0.974375 -0.0003102987046095004
0.98 -0.00022273866026169877
0.98 -0.00022273866026169877
0.985 -0.00015439265545797289
0.99 -9.467732052339758e-05
0.995 -4.330799039254818e-05
1.0 0.0
