1.0 0.0
0.995 0.0005688828124829293
0.99 0.0011368552631291439
0.985 0.0017043518365871678
0.98 0.0022718070175055246
0.98 0.0022718070175055246
0.974375 0.002910685603322187
0.96875 0.0035506803278015685
0.963125 0.004192409822406122
0.9575 0.004836492718598293
0.951875 0.005483547647840533
0.94625 0.006134193241595291
0.940625 0.006789048131325014
0.935 0.007448730948492152
0.9293750000000001 0.008113860324559154
0.92375 0.008785054890988485
0.918125 0.009462933279242563
0.9125 0.010148114120783851
0.906875 0.010841216047074801
0.90125 0.011542857689577862
0.895625 0.012253433601172578
0.89 0.012971558771881915
0.884375 0.01369499956759124
0.87875 0.014421517127863326
0.873125 0.015148872592260923
0.8675 0.015874827100346784
0.8618750000000001 0.01659714179168366
0.8562500000000001 0.017313577805834313
0.8506250000000001 0.01802189628236149
0.845 0.018720396299422067
0.839375 0.019410387079844892
0.83375 0.020094224305130203
0.828125 0.020774264707439524
0.8225 0.021452865018934397
0.816875 0.02213238197177635
0.81125 0.02281517229812691
0.805625 0.023503592730147613
0.8 0.0242
0.8 0.0242
0.7739130434782611 0.027540033417971302
0.7478260869565219 0.03096405653199241
0.7217391304347827 0.03433358863960343
0.6956521739130436 0.0375102831190173
0.6695652173913045 0.04040124669653039
0.6434782608695653 0.043025007137546256
0.6173913043478262 0.045416852291569935
0.5913043478260871 0.04761163844123022
0.5652173913043479 0.04961832785657746
0.5391304347826088 0.05140574708816547
0.5130434782608697 0.05293927015153758
0.4869565217391305 0.05418581130171606
0.46086956521739136 0.05514771030173712
0.4347826086956522 0.05586273242265099
0.4086956521739131 0.05637018317498678
0.3826086956521739 0.05670277797605188
0.35652173913043483 0.05681662240945066
0.3304347826086957 0.05663235009146234
0.30434782608695654 0.05619122002419254
0.27826086956521745 0.05557223930886808
0.2521739130434783 0.0546901592323212
0.22608695652173916 0.05342241771247258
0.2 0.0518
0.2 0.0518
0.19437500000000002 0.05141074961310747
0.18875 0.05100534295230148
0.183125 0.050580382644824604
0.17750000000000002 0.05013247131791943
0.171875 0.04965821159882857
0.16625 0.04915420611479464
0.16062500000000002 0.048617057493060147
0.155 0.04804336836086777
0.149375 0.04742974231068308
0.14375000000000002 0.046773744297090546
0.138125 0.04607570463860096
0.1325 0.04533644784790673
0.12687500000000002 0.044556798437700225
0.12125000000000001 0.04373758092067383
0.11562500000000002 0.04287961980951991
0.11000000000000001 0.04198373961693085
0.10437500000000001 0.041050764855599046
0.09875000000000002 0.040081498399350705
0.09312500000000001 0.03907322951111737
0.08750000000000001 0.03801587941989903
0.081875 0.03689844158830857
0.07625000000000001 0.035709909478958884
0.07062500000000001 0.03443927655446285
0.065 0.03307553627743332
0.05937500000000001 0.03160768211048321
0.053750000000000006 0.030024707516225376
0.048125 0.02831576262820985
0.0425 0.026479397836215675
0.036875000000000005 0.024528733927176815
0.03125 0.022478145055524444
0.025625000000000002 0.020342005375689753
0.02 0.018076722605259766
0.02 0.018076722605259766
0.015 0.015660765602337673
0.01 0.012514425798246744
0.005 0.0083
0.0 0.0026797850146104713
0.0 0.0
0.005 -0.0064
0.01 -0.009261118729667237
0.015 -0.010885891302865191
0.02 -0.012409545146395912
0.02 -0.012409545146395912
0.025625000000000002 -0.013960355605974787
0.03125 -0.015264330339863706
0.036875000000000005 -0.016357095965987722
0.0425 -0.017294637962068815
0.048125 -0.018132941805828955
0.053750000000000006 -0.018925142022495504
0.05937500000000001 -0.01969123081454567
0.065 -0.020429818240746928
0.07062500000000001 -0.021139157990804916
0.07625000000000001 -0.021817503754425264
0.081875 -0.022463109221313615
0.08750000000000001 -0.023074228081175607
0.09312500000000001 -0.02364911402371687
0.09875000000000002 -0.024186020738643038
0.10437500000000001 -0.02468351642399761
0.11000000000000001 -0.025142667005848277
0.11562500000000002 -0.025565729507437275
0.12125000000000001 -0.025954968287478262
0.12687500000000002 -0.026312647704684923
0.1325 -0.026641032117770927
0.138125 -0.026942385885449935
0.14375000000000002 -0.027218973366435643
0.149375 -0.02747305891944169
0.155 -0.027706786041856588
0.16062500000000002 -0.027921621926973922
0.16625 -0.028118798655040647
0.171875 -0.028299548070246417
0.17750000000000002 -0.028465102016780933
0.183125 -0.028616692338833873
0.18875 -0.02875555088059491
0.19437500000000002 -0.028882909486253723
0.2 -0.029
0.2 -0.029
0.22608695652173916 -0.02941800552479691
0.2521739130434783 -0.029606026343153517
0.27826086956521745 -0.02955816295314017
0.30434782608695654 -0.0293611793095413
0.3304347826086957 -0.029081141365941636
0.35652173913043483 -0.02868920868315582
0.3826086956521739 -0.028150394123584103
0.4086956521739131 -0.02744570245813936
0.4347826086956522 -0.02656899929650801
0.46086956521739136 -0.02553126940911829
0.4869565217391305 -0.024344970182376247
0.5130434782608697 -0.023022578003534737
0.5391304347826088 -0.02157700627932325
0.5652173913043479 -0.020021605435947894
0.5913043478260871 -0.01836974490046156
0.6173913043478262 -0.01663403390515777
0.6434782608695653 -0.014818244418251775
0.6695652173913045 -0.012920446947263157
0.6956521739130436 -0.01093861697536662
0.7217391304347827 -0.008884799993316815
0.7478260869565219 -0.006864578902260121
0.7739130434782611 -0.005021694463899864
0.8 -0.0035
0.8 -0.0035
0.805625 -0.003227325365044547
0.81125 -0.0029742450464643423
0.816875 -0.002738731572223265
0.8225 -0.0025187574702851957
0.828125 -0.002312295268614014
0.83375 -0.002117317495173601
0.839375 -0.0019317966779278358
0.845 -0.0017537053448405998
0.8506250000000001 -0.0015810166402237995
0.8562500000000001 -0.001412317591028561
0.8618750000000001 -0.0012479610613157647
0.8675 -0.0010886154853383377
0.873125 -0.0009349492973492052
0.87875 -0.0007876309316012936
0.884375 -0.0006473288223475297
0.89 -0.0005147114038408396
0.895625 -0.0003904471103341494
0.90125 -0.00027520353400932245
0.906875 -0.0001695115357594229
0.9125 -7.361525128067683e-05
0.918125 1.2277287527500904e-05
0.92375 8.795804876569568e-05
0.9293750000000001 0.00015321900053449368
0.935 0.0002078521109344778
0.940625 0.0002516493480662346
0.94625 0.00028440268003034937
0.951875 0.0003059040749274073
0.9575 0.00031594550085799374
0.963125 0.0003143189259226939
0.96875 0.0003008163182220928
0.974375 0.00027522964585677615
0.98 0.00023735087692732882
0.98 0.00023735087692732882
0.985 0.000193193393393376
0.99 0.0001390131576954966
0.995 7.466406238170113e-05
1.0 0.0
