1.0 0.0
0.995 0.0009546537063990614
0.99 0.001928871608532082
0.985 0.002919762657465572
0.98 0.003924435804266041
0.98 0.003924435804266041
0.974375 0.0050675673135561995
0.96875 0.00622036644987055
0.963125 0.007378716856426844
0.9575 0.008538502176442819
0.951875 0.009695606053136229
0.94625 0.010846085540993635
0.940625 0.011988013600501581
0.935 0.01312076377666274
0.9293750000000001 0.01424373129088838
0.92375 0.015356315674031458
0.918125 0.016458616202533888
0.9125 0.017552199517721814
0.906875 0.018638817028232415
0.90125 0.01972022014270285
0.895625 0.02079794973610389
0.89 0.021871874690090692
0.884375 0.022941066559109536
0.87875 0.024004591987200494
0.873125 0.025061522958271916
0.8675 0.026111251848329377
0.8618750000000001 0.027153667641129156
0.8562500000000001 0.02818870203937381
0.8506250000000001 0.029216286745765905
0.845 0.03023642269010747
0.839375 0.031249498176497068
0.83375 0.03225603617737523
0.828125 0.03325655980039161
0.8225 0.03425155488218061
0.816875 0.03524037689936615
0.81125 0.03622107451359871
0.805625 0.037191623591577086
0.8 0.03815
0.8 0.03815
0.7739130434782611 0.04241800908310892
0.7478260869565219 0.04642502469589432
0.7217391304347827 0.050197262427699965
0.6956521739130436 0.053704403156340494
0.6695652173913045 0.05692535486633237
0.6434782608695653 0.05988842293276564
0.6173913043478262 0.06260453654287228
0.5913043478260871 0.06503669830368096
0.5652173913043479 0.06716105842650011
0.5391304347826088 0.0689825887146477
0.5130434782608697 0.07050353933360781
0.4869565217391305 0.0717200024866967
0.46086956521739136 0.0726351287358526
0.4347826086956522 0.07325984962831064
0.4086956521739131 0.07361049866915467
0.3826086956521739 0.07370380430805541
0.35652173913043483 0.07351952113588936
0.3304347826086957 0.0730514991831929
0.30434782608695654 0.07220818892198996
0.27826086956521745 0.07099558971137764
0.2521739130434783 0.06945943708487912
0.22608695652173916 0.06767130432917433
0.2 0.06551000000000001
0.2 0.06551000000000001
0.19437500000000002 0.0649774180556176
0.18875 0.0644165338219411
0.183125 0.06382472829766404
0.17750000000000002 0.06319938248148002
0.171875 0.06253789153272286
0.16625 0.06183790482253926
0.16062500000000002 0.061097291608496834
0.155 0.06031392839841099
0.149375 0.05948569175751598
0.14375000000000002 0.058610515440147594
0.138125 0.05768649770543682
0.1325 0.056711766210928265
0.12687500000000002 0.05568444861416662
0.12125000000000001 0.05460269974328716
0.11562500000000002 0.05346499028454195
0.11000000000000001 0.052269994703613126
0.10437500000000001 0.0510163908625067
0.09875000000000002 0.049702847138605774
0.09312500000000001 0.0483264918436488
0.08750000000000001 0.04688122377527434
0.081875 0.04536053507791379
0.07625000000000001 0.04375791789599849
0.07062500000000001 0.04206667924714677
0.065 0.04027865592903873
0.05937500000000001 0.03838498363226941
0.053750000000000006 0.03637679372960729
0.048125 0.03424507957626521
0.0425 0.03197255347411674
0.036875000000000005 0.029529084742379252
0.03125 0.026876117979393602
0.025625000000000002 0.02395404008979032
0.02 0.020702183195388097
0.02 0.020702183195388097
0.015 0.017483659269443647
0.01 0.013790522584742053
0.005 0.009239999999999998
0.0 0.00175687669021831
0.0 0.0
0.005 -0.0030499999999999998
0.01 -0.0044619293960545545
0.015 -0.005479376064791481
0.02 -0.006184218942060947
0.02 -0.006184218942060947
0.025625000000000002 -0.0066538962737316834
0.03125 -0.007005100971924004
0.036875000000000005 -0.007275142095599437
0.0425 -0.007464591452147159
0.048125 -0.0075948130251950385
0.053750000000000006 -0.0076931124495781015
0.05937500000000001 -0.007771845617228381
0.065 -0.00783371874252494
0.07062500000000001 -0.007881277211887637
0.07625000000000001 -0.007917065583401805
0.081875 -0.007943493914335655
0.08750000000000001 -0.007962690214054505
0.09312500000000001 -0.00797674697708128
0.09875000000000002 -0.007987756697938907
0.10437500000000001 -0.007997649321847874
0.11000000000000001 -0.008007063877702688
0.11562500000000002 -0.008016023792229175
0.12125000000000001 -0.00802454870091579
0.12687500000000002 -0.008032653154084536
0.1325 -0.008040046592070301
0.138125 -0.008045965534727969
0.14375000000000002 -0.008049605820580789
0.149375 -0.008050163288152029
0.155 -0.008046982134449257
0.16062500000000002 -0.008040236726514305
0.16625 -0.008030390035003013
0.171875 -0.008017905320333895
0.17750000000000002 -0.008003233717411186
0.183125 -0.007986458617026695
0.18875 -0.007967238259128193
0.19437500000000002 -0.007945207201018389
0.2 -0.00792
0.2 -0.00792
0.22608695652173916 -0.007762318099083207
0.2521739130434783 -0.00755000676455336
0.27826086956521745 -0.007285308486845974
0.30434782608695654 -0.006986324930527936
0.3304347826086957 -0.00661437676489665
0.35652173913043483 -0.006123099985239209
0.3826086956521739 -0.0054738661103990735
0.4086956521739131 -0.004685755681097309
0.4347826086956522 -0.003800460510284047
0.46086956521739136 -0.002819644960665632
0.4869565217391305 -0.0017471333304845049
0.5130434782608697 -0.0005943107106844292
0.5391304347826088 0.0006254944658333571
0.5652173913043479 0.0018972273071367438
0.5913043478260871 0.0032017416231058166
0.6173913043478262 0.004514940933708795
0.6434782608695653 0.005792742323179671
0.6695652173913045 0.006980720332669917
0.6956521739130436 0.008045931670730864
0.7217391304347827 0.008964488101290247
0.7478260869565219 0.009698525731198305
0.7739130434782611 0.010199123389206012
0.8 0.01039
0.8 0.01039
0.805625 0.010382635105818539
0.81125 0.010357867801714108
0.816875 0.010316649928856381
0.8225 0.010259933328415021
0.828125 0.010188550680521668
0.83375 0.010101195486353133
0.839375 0.0099947109144876
0.845 0.009865879123051783
0.8506250000000001 0.009711484168433293
0.8562500000000001 0.00953020077488075
0.8618750000000001 0.009326142184134467
0.8675 0.009104393547517924
0.873125 0.008870040016354604
0.87875 0.008627610054820123
0.884375 0.008375160638996267
0.89 0.008106573591355888
0.895625 0.007815661148478351
0.90125 0.007496265333025847
0.906875 0.007147064682857811
0.9125 0.0067768798970325545
0.918125 0.006395808752909114
0.92375 0.006013949027846532
0.9293750000000001 0.005639961059573644
0.935 0.005271089484499621
0.940625 0.004899135107897659
0.94625 0.004515865208752229
0.951875 0.004113116486666423
0.9575 0.0036868908783613576
0.963125 0.0032396464380910696
0.96875 0.002774396585058665
0.974375 0.0022941547384672527
0.98 0.0018019343175199394
0.98 0.0018019343175199394
0.985 0.0013567850556598948
0.99 0.0009066686350398795
0.995 0.00045370147627990965
1.0 0.0
