1.0 0.0
0.995 0.0009853210396022882
0.99 0.0019906947194697176
0.985 0.003013407879536003
0.98 0.0040507473597348595
0.98 0.0040507473597348595
0.974375 0.005231859096011063
0.96875 0.006424185351886154
0.963125 0.007623863053750132
0.9575 0.008827029127992986
0.951875 0.010029820501004717
0.94625 0.01122847246357829
0.940625 0.012420363792691114
0.935 0.01360361099834285
0.9293750000000001 0.014776342886083505
0.92375 0.015936697438958997
0.918125 0.017084302835904955
0.9125 0.018221912193196438
0.906875 0.019352672112243372
0.90125 0.020479729194455665
0.895625 0.021605839745424953
0.89 0.022730660461970288
0.884375 0.023852369923511443
0.87875 0.02496913760635873
0.873125 0.026079148967251727
0.8675 0.027181548288684985
0.8618750000000001 0.028276966033073343
0.8562500000000001 0.029366160506265605
0.8506250000000001 0.030449890014110595
0.845 0.03152876331631087
0.839375 0.032602552356730784
0.83375 0.033670738165247134
0.828125 0.03473280147965429
0.8225 0.03578820993128383
0.816875 0.03683603365702347
0.81125 0.03787488324840701
0.805625 0.03890334369840801
0.8 0.039920000000000004
0.8 0.039920000000000004
0.7739130434782611 0.04446774650224656
0.7478260869565219 0.048758392829570785
0.7217391304347827 0.05280523991576107
0.6956521739130436 0.05657821584450646
0.6695652173913045 0.060057611921573384
0.6434782608695653 0.06326962909336836
0.6173913043478262 0.0662231462940059
0.5913043478260871 0.0688802296170682
0.5652173913043479 0.07121551474399009
0.5391304347826088 0.07323132977302106
0.5130434782608697 0.07492602853420763
0.4869565217391305 0.07629063324293894
0.46086956521739136 0.07732926553499342
0.4347826086956522 0.07805920167580584
0.4086956521739131 0.07849126950346905
0.3826086956521739 0.07863168956644881
0.35652173913043483 0.07849235384750738
0.3304347826086957 0.07802688626126296
0.30434782608695654 0.07714822893133777
0.27826086956521745 0.07585640634767885
0.2521739130434783 0.07423722256237433
0.22608695652173916 0.07233661411107134
0.2 0.07004999999999999
0.2 0.07004999999999999
0.19437500000000002 0.06949371419300868
0.18875 0.06890970169151293
0.183125 0.0682938915944834
0.17750000000000002 0.06764221300089078
0.171875 0.06695066271560612
0.16625 0.06621645299982484
0.16062500000000002 0.06543784745196397
0.155 0.06461314433586149
0.149375 0.06374064182259584
0.14375000000000002 0.06281854569464501
0.138125 0.06184479597812132
0.1325 0.06081728520620191
0.12687500000000002 0.05973390591206394
0.12125000000000001 0.05859254752741672
0.11562500000000002 0.0573910634294059
0.11000000000000001 0.05612728373416826
0.10437500000000001 0.05479903817015715
0.09875000000000002 0.05340414891737973
0.09312500000000001 0.051939212476896174
0.08750000000000001 0.050398255103845616
0.081875 0.04877497941373759
0.07625000000000001 0.0470630880220816
0.07062500000000001 0.04525602880917154
0.065 0.04334522662694124
0.05937500000000001 0.04132114160124536
0.053750000000000006 0.03917422791659241
0.048125 0.03689478894191605
0.0425 0.034464079111657
0.036875000000000005 0.03184931926171895
0.03125 0.029008804630683015
0.025625000000000002 0.025878626497940593
0.02 0.0223906640348156
0.02 0.0223906640348156
0.015 0.018922216349302586
0.01 0.014942416110382464
0.005 0.01001
0.0 0.0019454183355192985
0.0 0.0
0.005 -0.00382
0.01 -0.0056150733303517225
0.015 -0.00691728099014362
0.02 -0.00787279809620991
0.02 -0.00787279809620991
0.025625000000000002 -0.008578542777616122
0.03125 -0.00913898898612251
0.036875000000000005 -0.00959577303711043
0.0425 -0.009950306541635891
0.048125 -0.010228378840655434
0.053750000000000006 -0.010462734584153094
0.05937500000000001 -0.010668463185221336
0.065 -0.010849258091986296
0.07062500000000001 -0.01100862281982467
0.07625000000000001 -0.011150058419192522
0.081875 -0.011276665699059007
0.08750000000000001 -0.011390706162919552
0.09312500000000001 -0.011494335630797678
0.09875000000000002 -0.011589709922716906
0.10437500000000001 -0.011678883126893014
0.11000000000000001 -0.011763101408963727
0.11562500000000002 -0.0118432256587118
0.12125000000000001 -0.011920114393166458
0.12687500000000002 -0.011994611636886745
0.1325 -0.012066691866220725
0.138125 -0.012134981757789433
0.14375000000000002 -0.012197992048452448
0.149375 -0.012254233475069347
0.155 -0.012302507911427119
0.16062500000000002 -0.01234324634712731
0.16625 -0.012377446124075576
0.171875 -0.012406105152804398
0.17750000000000002 -0.012430200127904455
0.183125 -0.01245006430423172
0.18875 -0.01246528705268304
0.19437500000000002 -0.012475416306768955
0.2 -0.01248
0.2 -0.01248
0.22608695652173916 -0.012436671645328107
0.2521739130434783 -0.01232890857676197
0.27826086956521745 -0.012167010839053645
0.30434782608695654 -0.011948584369353575
0.3304347826086957 -0.011632389059811616
0.35652173913043483 -0.011151929586633656
0.3826086956521739 -0.010468615287093539
0.4086956521739131 -0.009612069904732047
0.4347826086956522 -0.008648320561844445
0.46086956521739136 -0.0075600806686005806
0.4869565217391305 -0.006345786637883835
0.5130434782608697 -0.005032812865105593
0.5391304347826088 -0.0036362766280371977
0.5652173913043479 -0.0021583929591179464
0.5913043478260871 -0.0006199947110822732
0.6173913043478262 0.0009416097571689146
0.6434782608695653 0.0024769484409861518
0.6695652173913045 0.003931292451530109
0.6956521739130436 0.005269874800221403
0.7217391304347827 0.006465796823666421
0.7478260869565219 0.007475792548496284
0.7739130434782611 0.008245719107777803
0.8 0.0087
0.8 0.0087
0.805625 0.008748915466368629
0.81125 0.008780349506093788
0.816875 0.00879532930018051
0.8225 0.00879488202963382
0.828125 0.00877990875118163
0.83375 0.008749046338529146
0.839375 0.008698973207606583
0.845 0.008626303198714276
0.8506250000000001 0.008527652069346192
0.8562500000000001 0.008401545101864477
0.8618750000000001 0.00825200033841769
0.8675 0.008084017424299473
0.873125 0.007902596004803471
0.87875 0.007712174712666851
0.884375 0.007510670409657808
0.89 0.007291792363370998
0.895625 0.007049179714831523
0.90125 0.006776503130486669
0.906875 0.006472552217211372
0.9125 0.0061468509881353155
0.918125 0.005810275108864457
0.92375 0.005473700245004756
0.9293750000000001 0.00514643397566849
0.935 0.004825330621633362
0.940625 0.004501305890396342
0.94625 0.004165238916008495
0.951875 0.0038080839882408757
0.9575 0.00342530474006407
0.963125 0.003019354286407927
0.96875 0.0025932869879622313
0.974375 0.002150157205416773
0.98 0.0016930192994613386
0.98 0.0016930192994613386
0.985 0.0012773837740573425
0.99 0.0008552385989226771
0.995 0.00042872894919200784
1.0 0.0
