1.0 0.001801
0.995 0.002179734672865733
0.99 0.002572470727121143
0.985 0.0029665427320042844
0.98 0.0033499681481616835
0.98 0.0033499681481616835
0.974375 0.003765420640764457
0.96875 0.004169185139505435
0.963125 0.004564614514471484
0.9575 0.004951016711645316
0.951875 0.005327533937947678
0.94625 0.005694512373165835
0.940625 0.006052611854203965
0.935 0.006402330341248166
0.9293750000000001 0.006744061996895384
0.92375 0.007078100749547179
0.918125 0.007404606569038672
0.9125 0.007723706662854343
0.906875 0.008035456927900517
0.90125 0.008339920435351235
0.895625 0.008637317565205726
0.89 0.008927941130993901
0.884375 0.00921209780210693
0.87875 0.00949010704982807
0.873125 0.00976213670594218
0.8675 0.010028018314245086
0.8618750000000001 0.010287651919685763
0.8562500000000001 0.010541535469095252
0.8506250000000001 0.010790295666139883
0.845 0.01103360623635152
0.839375 0.011270426157723836
0.83375 0.011499129596954599
0.828125 0.011717182408829862
0.8225 0.011922553176774903
0.816875 0.012115351711878917
0.81125 0.012296087689065606
0.805625 0.012464447845715489
0.8 0.012619692950011538
0.8 0.012619692950011538
0.7739130434782611 0.013158487501909963
0.7478260869565219 0.013366106024119992
0.7217391304347827 0.013246400441667524
0.6956521739130436 0.012818213171332003
0.6695652173913045 0.012104946673562393
0.6434782608695653 0.01112482835393819
0.6173913043478262 0.011331417738266927
0.5913043478260871 0.01282488798260136
0.5652173913043479 0.014119511818510606
0.5391304347826088 0.015272453984149007
0.5130434782608697 0.016320824016111315
0.4869565217391305 0.01728163301636101
0.46086956521739136 0.018168919955236718
0.4347826086956522 0.018993796209553847
0.4086956521739131 0.019761212838339454
0.3826086956521739 0.02046817747964392
0.35652173913043483 0.021124847305905425
0.3304347826086957 0.021733903038474577
0.30434782608695654 0.022296948994797196
0.27826086956521745 0.02281470394685407
0.2521739130434783 0.023271667136065585
0.22608695652173916 0.023655796634939406
0.2 0.02393888702677202
0.2 0.02393888702677202
0.19437500000000002 0.023981221013629456
0.18875 0.024016036854516025
0.183125 0.024042639615447534
0.17750000000000002 0.02406023245023474
0.171875 0.02406778977460064
0.16625 0.024064240854411847
0.16062500000000002 0.02404848217116052
0.155 0.02401940728482471
0.149375 0.023976107935588034
0.14375000000000002 0.023917848367148737
0.138125 0.023843571060224656
0.1325 0.023751613106370903
0.12687500000000002 0.023640222301614375
0.12125000000000001 0.023507548995378155
0.11562500000000002 0.023351700480874968
0.11000000000000001 0.023170610915384325
0.10437500000000001 0.0229621059977894
0.09875000000000002 0.022723662891391192
0.09312500000000001 0.022452378877093084
0.08750000000000001 0.02214518688506522
0.081875 0.021798719401747577
0.07625000000000001 0.021409228928346596
0.07062500000000001 0.020971686726802975
0.065 0.02048069735917035
0.05937500000000001 0.019930452481857517
0.053750000000000006 0.019314537536621147
0.048125 0.01862248996002003
0.0425 0.017841141437409412
0.036875000000000005 0.016950564254522446
0.03125 0.01592555945278056
0.025625000000000002 0.014730619540540613
0.02 0.013316141591679374
0.02 0.013316141591679374
0.015 0.011790267614427707
0.01 0.009873018609272644
0.005 0.00719823746981013
0.0 0.00043236209526392516
0.0 1.2e-05
0.005 -0.007211767773571637
0.01 -0.009855415092496081
0.015 -0.011770069470030132
0.02 -0.013287032810463279
0.02 -0.013287032810463279
0.025625000000000002 -0.014708833019621219
0.03125 -0.01590422794329699
0.036875000000000005 -0.01692692846756449
0.0425 -0.017816998762432933
0.048125 -0.018598824206396556
0.053750000000000006 -0.019291421529328043
0.05937500000000001 -0.01990757273084911
0.065 -0.020457695559942514
0.07062500000000001 -0.02094872314441623
0.07625000000000001 -0.02138675540578836
0.081875 -0.02177671375566935
0.08750000000000001 -0.022123213283176252
0.09312500000000001 -0.022430380997497806
0.09875000000000002 -0.022702074573744128
0.10437500000000001 -0.022941032857369176
0.11000000000000001 -0.023149473590223273
0.11562500000000002 -0.023329993161601715
0.12125000000000001 -0.023485533272309244
0.12687500000000002 -0.02361855675472487
0.1325 -0.02373063566167416
0.138125 -0.023823245334567873
0.14375000000000002 -0.02389785003601235
0.149375 -0.023955894267624622
0.155 -0.02399866470497165
0.16062500000000002 -0.024027359350582717
0.16625 -0.02404308301389729
0.171875 -0.024046836457017
0.17750000000000002 -0.024039638357714083
0.183125 -0.024022564305681525
0.18875 -0.023996604155305575
0.19437500000000002 -0.023962213183539107
0.2 -0.023919680177809145
0.2 -0.023919680177809145
0.22608695652173916 -0.023636944697651038
0.2521739130434783 -0.023252942334222128
0.27826086956521745 -0.022796594729660172
0.30434782608695654 -0.02228004418614676
0.3304347826086957 -0.02171679893311236
0.35652173913043483 -0.021108852009695263
0.3826086956521739 -0.020453272367082366
0.4086956521739131 -0.019746084820873994
0.4347826086956522 -0.018979403079064504
0.46086956521739136 -0.01815563407432915
0.4869565217391305 -0.017267944026420814
0.5130434782608697 -0.01630779521138208
0.5391304347826088 -0.015259993489323246
0.5652173913043479 -0.014107384010977081
0.5913043478260871 -0.0128140122923564
0.6173913043478262 -0.011321187014622645
0.6434782608695653 -0.011115291328995617
0.6695652173913045 -0.012094877650911667
0.6956521739130436 -0.012809310587031515
0.7217391304347827 -0.013238186652784052
0.7478260869565219 -0.013358864745874098
0.7739130434782611 -0.013151350317521094
0.8 -0.012612810321103817
0.8 -0.012612810321103817
0.805625 -0.012457529383811563
0.81125 -0.012289697485761288
0.816875 -0.01210943747639982
0.8225 -0.01191670990655671
0.828125 -0.011711187709342073
0.83375 -0.011492992138023492
0.839375 -0.01126433995417002
0.845 -0.01102790656885475
0.8506250000000001 -0.010785106656837636
0.8562500000000001 -0.010536559013779607
0.8618750000000001 -0.010282562485773786
0.8675 -0.010023000273203924
0.873125 -0.009757648636315348
0.87875 -0.009486047686269863
0.884375 -0.009207778911617458
0.89 -0.008923067647847097
0.895625 -0.008632398693116026
0.90125 -0.008335531999703157
0.906875 -0.008031506909442128
0.9125 -0.007719748813857017
0.918125 -0.007400596493592846
0.92375 -0.007074385444173837
0.9293750000000001 -0.006740802373183406
0.935 -0.006399335048119207
0.940625 -0.006049641671044562
0.94625 -0.005691503177866905
0.951875 -0.005324523008330874
0.9575 -0.004948016882951727
0.963125 -0.004561606849118365
0.96875 -0.004166133308568085
0.974375 -0.0037622880894385984
0.98 -0.0033468474153783376
0.98 -0.0033468474153783376
0.985 -0.0029636678646383693
0.99 -0.0025700405201848314
0.995 -0.0021776883499504142
1.0 -0.001799
