1.0 0.0
0.995 0.0006117177463184382
0.99 0.0012241712239725014
0.985 0.0018372953944708404
0.98 0.0024510252193221077
0.98 0.0024510252193221077
0.974375 0.003142114237955088
0.96875 0.003833794869904689
0.963125 0.004525974511537722
0.9575 0.005218560559220996
0.951875 0.00591146040932132
0.94625 0.006604581458205508
0.940625 0.0072978311022403675
0.935 0.007991116737792708
0.9293750000000001 0.008684345761229343
0.92375 0.00937742556891709
0.918125 0.01007026355722274
0.9125 0.010762767122513112
0.906875 0.011454843661155014
0.90125 0.012146400569515265
0.895625 0.012837345243960664
0.89 0.013527585080858029
0.884375 0.014217027476574166
0.87875 0.014905579827475889
0.873125 0.015593149529930002
0.8675 0.016279643980303325
0.8618750000000001 0.016964970574962657
0.8562500000000001 0.017649036710274815
0.8506250000000001 0.01833174978260661
0.845 0.01901301718832486
0.839375 0.019692746323796355
0.83375 0.020370844585387918
0.828125 0.02104721936946635
0.8225 0.021721778072398463
0.816875 0.02239442809055108
0.81125 0.023065076820291
0.805625 0.02373363165798504
0.8 0.0244
0.8 0.0244
0.7739130434782611 0.02747370445906303
0.7478260869565219 0.030576530114687177
0.7217391304347827 0.03378661722866684
0.6956521739130436 0.037181951445247045
0.6695652173913045 0.04078810305943717
0.6434782608695653 0.04450215518272198
0.6173913043478262 0.04820186373291521
0.5913043478260871 0.05176590818759846
0.5652173913043479 0.055128381610420836
0.5391304347826088 0.05830926812343615
0.5130434782608697 0.06133594032684055
0.4869565217391305 0.06423480052483668
0.46086956521739136 0.06700993421377528
0.4347826086956522 0.06964311008215533
0.4086956521739131 0.07211512652248217
0.3826086956521739 0.0744070152536555
0.35652173913043483 0.07650252041390876
0.3304347826086957 0.0783871360894325
0.30434782608695654 0.08004638553221663
0.27826086956521745 0.08147269297362257
0.2521739130434783 0.08270436035587375
0.22608695652173916 0.08375334560826901
0.2 0.0844
0.2 0.0844
0.19437500000000002 0.08445819989608092
0.18875 0.08448072108152249
0.183125 0.0844642550462839
0.17750000000000002 0.08440549328032429
0.171875 0.0843011272736029
0.16625 0.08414784851607887
0.16062500000000002 0.08394234849771136
0.155 0.08368131870845959
0.149375 0.0833614494299191
0.14375000000000002 0.08297822741351943
0.138125 0.08252367744891737
0.1325 0.08198920564359607
0.12687500000000002 0.08136621810503863
0.12125000000000001 0.08064612094072814
0.11562500000000002 0.07982032025814775
0.11000000000000001 0.07888022216478055
0.10437500000000001 0.07781723276810971
0.09875000000000002 0.07662276650947689
0.09312500000000001 0.07528959104051718
0.08750000000000001 0.07381331169172543
0.081875 0.0721898911077849
0.07625000000000001 0.07041529193337877
0.07062500000000001 0.06848431766754129
0.065 0.06638256623278306
0.05937500000000001 0.06409124566765553
0.053750000000000006 0.06159153697524323
0.048125 0.05886438316381514
0.0425 0.05587644755271224
0.036875000000000005 0.05257225994343721
0.03125 0.04889444617896889
0.025625000000000002 0.044785632102286164
0.02 0.040188443556367935
0.02 0.040188443556367935
0.015 0.035645678321619495
0.01 0.03063140859150941
0.005 0.025105338661792407
0.0 0.019027172828223173
0.0 0.0
0.005 -0.005198277986606553
0.01 -0.008845138993303277
0.015 -0.011302861006696726
0.02 -0.012933722013393451
0.02 -0.012933722013393451
0.025625000000000002 -0.014231048734540501
0.03125 -0.015343273385181848
0.036875000000000005 -0.016349185535823187
0.0425 -0.017269635763666965
0.048125 -0.01812547464591562
0.053750000000000006 -0.01893663179817103
0.05937500000000001 -0.019712330657428816
0.065 -0.020454887448680514
0.07062500000000001 -0.021166503276717586
0.07625000000000001 -0.021849383481857526
0.081875 -0.022506421147951955
0.08750000000000001 -0.0231419515554553
0.09312500000000001 -0.02376049158299927
0.09875000000000002 -0.024366558109215487
0.10437500000000001 -0.02496434342119004
0.11000000000000001 -0.025555462000264723
0.11562500000000002 -0.02614029904376459
0.12125000000000001 -0.026719232178366355
0.12687500000000002 -0.02729263903074677
0.1325 -0.02786089722758256
0.138125 -0.028424384395550464
0.14375000000000002 -0.028983478161327233
0.149375 -0.029538556151589578
0.155 -0.030089780136446788
0.16062500000000002 -0.030636104016739014
0.16625 -0.031176061784827555
0.171875 -0.03170818701147879
0.17750000000000002 -0.03223101326745914
0.183125 -0.032743074123535026
0.18875 -0.03324290315047287
0.19437500000000002 -0.03372903391903905
0.2 -0.0342
0.2 -0.0342
0.22608695652173916 -0.03617393057878342
0.2521739130434783 -0.03782630202734152
0.27826086956521745 -0.03920400154196519
0.30434782608695654 -0.04038734193187046
0.3304347826086957 -0.041430571419913055
0.35652173913043483 -0.04230806235634851
0.3826086956521739 -0.042982172068478035
0.4086956521739131 -0.04341572502984401
0.4347826086956522 -0.04359957448845586
0.46086956521739136 -0.043568018292746966
0.4869565217391305 -0.043359091461079746
0.5130434782608697 -0.043009648458641046
0.5391304347826088 -0.04252939102758099
0.5652173913043479 -0.04190086818701295
0.5913043478260871 -0.04110544840287482
0.6173913043478262 -0.04012406616945786
0.6434782608695653 -0.0389326110606613
0.6695652173913045 -0.0375037178630347
0.6956521739130436 -0.035809967116671775
0.7217391304347827 -0.03382868581266351
0.7478260869565219 -0.031568755348330604
0.7739130434782611 -0.02905192949609835
0.8 -0.026300000000000004
0.8 -0.026300000000000004
0.805625 -0.025677918047360634
0.81125 -0.025046173651409445
0.816875 -0.024405022122302448
0.8225 -0.023754718770195637
0.828125 -0.023095518905245027
0.83375 -0.022427677837606613
0.839375 -0.02175145087743639
0.845 -0.021067093334890374
0.8506250000000001 -0.020374860520124542
0.8562500000000001 -0.019675007743294927
0.8618750000000001 -0.01896779031455752
0.8675 -0.01825346354406832
0.873125 -0.01753228274198333
0.87875 -0.016804503218458555
0.884375 -0.01607038028364999
0.89 -0.015330169247713646
0.895625 -0.014584125420805515
0.90125 -0.013832504113081609
0.906875 -0.013075560634697923
0.9125 -0.012313550295810464
0.918125 -0.011546728406575228
0.92375 -0.010775350277148224
0.9293750000000001 -0.009999671217685439
0.935 -0.009219946538342898
0.940625 -0.008436431549276594
0.94625 -0.007649381560642527
0.951875 -0.0068590518825966985
0.9575 -0.006065697825295113
0.963125 -0.00526957469889377
0.96875 -0.004470937813548672
0.974375 -0.003670042479415824
0.98 -0.0028671440066512246
0.98 -0.0028671440066512246
0.985 -0.0021519812241974218
0.99 -0.0014356167539491646
0.995 -0.0007182299083891307
1.0 0.0
