1.0 0.0
0.995 0.0019326023829757608
0.99 0.003966086642700579
0.985 0.006044956007252787
0.98 0.008127421577504042
0.98 0.008127421577504042
0.974375 0.01044130205521744
0.96875 0.012692000408090503
0.963125 0.014871534116376038
0.9575 0.016985464119583044
0.951875 0.019039487768083188
0.94625 0.021040212347266475
0.940625 0.022995528677952813
0.935 0.024913424390218836
0.9293750000000001 0.02680188259599998
0.92375 0.028667229046583333
0.918125 0.030511668870525283
0.9125 0.03233677761844993
0.906875 0.03414413084098134
0.90125 0.035935303112928633
0.895625 0.037711523724645424
0.89 0.03947316898377643
0.884375 0.04122048578980638
0.87875 0.04295372104221999
0.873125 0.04467312164050203
0.8675 0.04637893026615562
0.8618750000000001 0.04807127356615301
0.8562500000000001 0.04975015048507334
0.8506250000000001 0.05141555340922386
0.845 0.053067474724911926
0.839375 0.05470590681844475
0.83375 0.056330842011271434
0.828125 0.057942242907252466
0.8225 0.059539995395043566
0.816875 0.06112397315055655
0.81125 0.06269404984970325
0.805625 0.06425009916839552
0.8 0.06579199478254513
0.8 0.06579199478254513
0.7739130434782611 0.07275358542614883
0.7478260869565219 0.07939089872059114
0.7217391304347827 0.08568495047045206
0.6956521739130436 0.09161430603745661
0.6695652173913045 0.09714993761356042
0.6434782608695653 0.10226007753313636
0.6173913043478262 0.1069250805407985
0.5913043478260871 0.11113219006043815
0.5652173913043479 0.11487599060888826
0.5391304347826088 0.11815111438441517
0.5130434782608697 0.12095087350152675
0.4869565217391305 0.12326874130844326
0.46086956521739136 0.12509789714597241
0.4347826086956522 0.12642784396658427
0.4086956521739131 0.1272450035804418
0.3826086956521739 0.12753020250085964
0.35652173913043483 0.12726007920669266
0.3304347826086957 0.1264051776926715
0.30434782608695654 0.12492532697563381
0.27826086956521745 0.12276944133318066
0.2521739130434783 0.11987763884437802
0.22608695652173916 0.11617619287083768
0.2 0.1115692934880601
0.2 0.1115692934880601
0.19437500000000002 0.11044628180462658
0.18875 0.10927448291364948
0.183125 0.1080526318580636
0.17750000000000002 0.10677937534910854
0.171875 0.10545300299365194
0.16625 0.10407171416799556
0.16062500000000002 0.10263370824843712
0.155 0.10113718461127444
0.149375 0.09958034263280528
0.14375000000000002 0.09796122239547453
0.138125 0.0962771426159844
0.1325 0.09452521791325323
0.12687500000000002 0.09270256289343884
0.12125000000000001 0.09080629216269913
0.11562500000000002 0.08883346754843757
0.11000000000000001 0.08677965709889875
0.10437500000000001 0.08463876076650899
0.09875000000000002 0.08240459072841459
0.09312500000000001 0.08007095916176184
0.08750000000000001 0.07763163541880913
0.081875 0.07507955187189949
0.07625000000000001 0.07240687870723107
0.07062500000000001 0.06960575828597067
0.065 0.06666827643658105
0.05937500000000001 0.06357805576427533
0.053750000000000006 0.060301327653593084
0.048125 0.056802185376438864
0.0425 0.05304598458434538
0.036875000000000005 0.04901968149711583
0.03125 0.04472836656461534
0.025625000000000002 0.04016052494856149
0.02 0.035015040433896305
0.02 0.035015040433896305
0.015 0.029519243288481475
0.01 0.023084849798067658
0.005 0.016343835368374117
0.0 0.001788902009599721
0.0 0.00023374491323975964
0.005 -0.008144478363596807
0.01 -0.01038703902663739
0.015 -0.011961032709198582
0.02 -0.013177430642682869
0.02 -0.013177430642682869
0.025625000000000002 -0.014239147545474558
0.03125 -0.015070207305439788
0.036875000000000005 -0.015745104818736283
0.0425 -0.016290054546597113
0.048125 -0.016725260393541077
0.053750000000000006 -0.017070783746420234
0.05937500000000001 -0.017341359910782915
0.065 -0.017544926904674043
0.07062500000000001 -0.0176889804890012
0.07625000000000001 -0.017781016424671985
0.081875 -0.017828328442156528
0.08750000000000001 -0.01783574067252464
0.09312500000000001 -0.01780642455572815
0.09875000000000002 -0.017743521190812246
0.10437500000000001 -0.017650171676822122
0.11000000000000001 -0.017529517112799313
0.11562500000000002 -0.01738441472827757
0.12125000000000001 -0.017216594246411733
0.12687500000000002 -0.01702750549270348
0.1325 -0.016818598292654526
0.138125 -0.016591322471766545
0.14375000000000002 -0.016347127855541252
0.149375 -0.01608745158832888
0.155 -0.015813444513759906
0.16062500000000002 -0.015525974124372628
0.16625 -0.01522589582149927
0.171875 -0.014914065006472056
0.17750000000000002 -0.014591337080623207
0.183125 -0.014258567445284948
0.18875 -0.013916610828859685
0.19437500000000002 -0.01356620554335081
0.2 -0.01320784199901662
0.2 -0.01320784199901662
0.22608695652173916 -0.01145509437692877
0.2521739130434783 -0.009585827464706273
0.27826086956521745 -0.007636486176398806
0.30434782608695654 -0.005637458204829174
0.3304347826086957 -0.0036090967823159074
0.35652173913043483 -0.0015684348487908315
0.3826086956521739 0.0004666526030122388
0.4086956521739131 0.002478634290733241
0.4347826086956522 0.004454110529721914
0.46086956521739136 0.00638112061177385
0.4869565217391305 0.008245041335771546
0.5130434782608697 0.010029657682798652
0.5391304347826088 0.011719639764185365
0.5652173913043479 0.01330056441138298
0.5913043478260871 0.014756630025934421
0.6173913043478262 0.01606950577132791
0.6434782608695653 0.017220417668098946
0.6695652173913045 0.01819001456120474
0.6956521739130436 0.018958368258583443
0.7217391304347827 0.01950314778211835
0.7478260869565219 0.01980137656799806
0.7739130434782611 0.0198309870749209
0.8 0.01956848180285395
0.8 0.01956848180285395
0.805625 0.019470324244526112
0.81125 0.019356529722994543
0.816875 0.01922669317981895
0.8225 0.019080409556559045
0.828125 0.018917273379620497
0.83375 0.018736847929541823
0.839375 0.01853864401119856
0.845 0.01832216740720568
0.8506250000000001 0.01808692390017818
0.8562500000000001 0.017832419272731034
0.8618750000000001 0.017558159307479237
0.8675 0.017263649787037757
0.873125 0.016948378407819938
0.87875 0.01661146833721309
0.884375 0.01625170469594648
0.89 0.015867859824467933
0.895625 0.015458706063225313
0.90125 0.015023015752666461
0.906875 0.014559561233239234
0.9125 0.014067003110339963
0.918125 0.013542778019687514
0.92375 0.012983567130427698
0.9293750000000001 0.012386040471291077
0.935 0.01174686807100824
0.940625 0.011062719958309746
0.94625 0.010330098592576132
0.951875 0.009544577013508304
0.9575 0.008701407859953847
0.963125 0.007795843471242995
0.96875 0.006823136007920312
0.974375 0.005778523424162105
0.98 0.004657219379558677
0.98 0.004657219379558677
0.985 0.0035922504526486204
0.99 0.002460209556035481
0.995 0.0012620590090677594
1.0 0.0
