1.0 0.0
0.995 -0.000509101688608771
0.99 -0.0009498271502103436
0.985 -0.0013293143193474153
0.98 -0.001654960711220654
0.98 -0.001654960711220654
0.974375 -0.001966711175866522
0.96875 -0.002231438001824566
0.963125 -0.0024581381974917967
0.9575 -0.0026504025978145505
0.951875 -0.0028110099708242233
0.94625 -0.0029427390802623755
0.940625 -0.0030479965323014224
0.935 -0.003127799958199456
0.9293750000000001 -0.003182843012358515
0.92375 -0.0032138193491806407
0.918125 -0.0032214226230678697
0.9125 -0.003206312486214095
0.906875 -0.0031688777712988152
0.90125 -0.003109377845546946
0.895625 -0.0030280712708161094
0.89 -0.002925216608963928
0.884375 -0.002801072421848024
0.87875 -0.002655877026096718
0.873125 -0.0024893861523340942
0.8675 -0.0023008633388211554
0.8618750000000001 -0.0020895499570838423
0.8562500000000001 -0.0018546873786480969
0.8506250000000001 -0.0015955169750398602
0.845 -0.0013112801177850672
0.839375 -0.0010012209555855679
0.83375 -0.0006649326160021766
0.828125 -0.0003026930695049923
0.8225 8.514003301178366e-05
0.816875 0.0004982090406539506
0.81125 0.0009361563025273078
0.805625 0.0013986241677376536
0.8 0.0018852549853907883
0.8 0.0018852549853907883
0.7739130434782611 0.0044443791356152985
0.7478260869565219 0.007451095860191126
0.7217391304347827 0.010837676257292386
0.6956521739130436 0.014548773384088966
0.6695652173913045 0.01853520466693435
0.6434782608695653 0.02275797095116553
0.6173913043478262 0.02717277933801562
0.5913043478260871 0.03170705412895965
0.5652173913043479 0.036255828603643285
0.5391304347826088 0.04062303338259908
0.5130434782608697 0.04461905920008289
0.4869565217391305 0.048134200759585605
0.46086956521739136 0.05111621210869432
0.4347826086956522 0.05360871710843316
0.4086956521739131 0.055652011892185306
0.3826086956521739 0.05726000753833358
0.35652173913043483 0.05844049854190429
0.3304347826086957 0.05919718511232018
0.30434782608695654 0.059532288068649464
0.27826086956521745 0.05944376710631028
0.2521739130434783 0.05891247549701044
0.22608695652173916 0.057909758133282196
0.2 0.05639700068139321
0.2 0.05639700068139321
0.19437500000000002 0.055998581632761106
0.18875 0.055572914013299876
0.183125 0.05511925574159678
0.17750000000000002 0.05463686418875678
0.171875 0.05412486158857488
0.16625 0.053582058713748756
0.16062500000000002 0.05300722260744713
0.155 0.05239912031283869
0.149375 0.05175651887309221
0.14375000000000002 0.05107818533137635
0.138125 0.050362799516048634
0.1325 0.049608482856846416
0.12687500000000002 0.048813136652676864
0.12125000000000001 0.04797466166825635
0.11562500000000002 0.0470909586683012
0.11000000000000001 0.04615992771575464
0.10437500000000001 0.045178840290438074
0.09875000000000002 0.04414318298923681
0.09312500000000001 0.043048127753112994
0.08750000000000001 0.04188884652302882
0.081875 0.04066051120097461
0.07625000000000001 0.039357865928128
0.07062500000000001 0.03797416881820791
0.065 0.03650235550126855
0.05937500000000001 0.03493536160736413
0.053750000000000006 0.03326496474227661
0.048125 0.03147031332361897
0.0425 0.029522786694240865
0.036875000000000005 0.027393650718465327
0.03125 0.02505419406730556
0.025625000000000002 0.02247578136046341
0.02 0.019629071586471477
0.02 0.019629071586471477
0.015 0.016744224594956843
0.01 0.013178188445473913
0.005 0.008564224778610668
0.0 0.0025355952349551025
0.0 -0.00064
0.005 -0.007910778700967954
0.01 -0.011348759720122408
0.015 -0.013546822134545965
0.02 -0.015863084640316678
0.02 -0.015863084640316678
0.025625000000000002 -0.018431331321757522
0.03125 -0.020677567098805087
0.036875000000000005 -0.022577509497944136
0.0425 -0.024237925663521526
0.048125 -0.025764526795188397
0.053750000000000006 -0.0272115356108156
0.05937500000000001 -0.028577267210730475
0.065 -0.029857230018927153
0.07062500000000001 -0.03104705781426573
0.07625000000000001 -0.032147722512686994
0.081875 -0.03316741212268794
0.08750000000000001 -0.03411482632964274
0.09312500000000001 -0.03499866481892548
0.09875000000000002 -0.035827442154647254
0.10437500000000001 -0.03660623401923702
0.11000000000000001 -0.03733707867855392
0.11562500000000002 -0.038021909958300265
0.12125000000000001 -0.038662661684178416
0.12687500000000002 -0.03926126768189066
0.1325 -0.03981971178033296
0.138125 -0.04034018709834704
0.14375000000000002 -0.040824941503125656
0.149375 -0.04127622286204215
0.155 -0.041696279042469836
0.16062500000000002 -0.04208735791178207
0.16625 -0.04245161723929621
0.171875 -0.04279036257542289
0.17750000000000002 -0.04310443005863579
0.183125 -0.04339465093502638
0.18875 -0.04366185645068613
0.19437500000000002 -0.043906877851706494
0.2 -0.04413054638417892
0.2 -0.04413054638417892
0.22608695652173916 -0.04491340530507632
0.2521739130434783 -0.04534173460576803
0.27826086956521745 -0.04548362264069688
0.30434782608695654 -0.04537803217141366
0.3304347826086957 -0.0450555904174208
0.35652173913043483 -0.044542185300132396
0.3826086956521739 -0.04386132301717872
0.4086956521739131 -0.04303482245260101
0.4347826086956522 -0.04208093168853323
0.46086956521739136 -0.041015800939555
0.4869565217391305 -0.03985136498551176
0.5130434782608697 -0.03859802586577161
0.5391304347826088 -0.03726519700088295
0.5652173913043479 -0.035861429677561424
0.5913043478260871 -0.03439242716725967
0.6173913043478262 -0.03286235731658746
0.6434782608695653 -0.03127221203792435
0.6695652173913045 -0.029622087025521604
0.6956521739130436 -0.02791260745666572
0.7217391304347827 -0.026143603057545928
0.7478260869565219 -0.024311646667956707
0.7739130434782611 -0.022412821786126743
0.8 -0.02044369112565259
0.8 -0.02044369112565259
0.805625 -0.02000961566686352
0.81125 -0.019572140328792315
0.816875 -0.0191312501250225
0.8225 -0.01868693006913763
0.828125 -0.01823916517472124
0.83375 -0.017787951476931966
0.839375 -0.017333346349472624
0.845 -0.016875428379821734
0.8506250000000001 -0.016414276175844924
0.8562500000000001 -0.015949968345407853
0.8618750000000001 -0.015482583496376151
0.8675 -0.015012200116311575
0.873125 -0.014538742727167788
0.87875 -0.014061680144249135
0.884375 -0.013580397271931109
0.89 -0.01309427901458921
0.895625 -0.012602710276598929
0.90125 -0.012105075960959197
0.906875 -0.01160074806452958
0.9125 -0.011089054103366644
0.918125 -0.010569312017948456
0.92375 -0.0100408397487531
0.9293750000000001 -0.009502955236258636
0.935 -0.00895486204632588
0.940625 -0.008394946806712397
0.94625 -0.007821240801997935
0.951875 -0.007231773859680395
0.9575 -0.006624390285148337
0.963125 -0.005991463405669362
0.96875 -0.005319129124205157
0.974375 -0.00459318366486415
0.98 -0.0037954313328011206
0.98 -0.0037954313328011206
0.985 -0.002999358384342769
0.99 -0.0020951757772290076
0.995 -0.0010832004790917928
1.0 0.0
