1.0 0.0
0.995 0.0011656389509059751
0.99 0.0024254823228154073
0.985 0.0037485326888083794
0.98 0.005107574265364647
0.98 0.005107574265364647
0.974375 0.006661973779880383
0.96875 0.008227714069524286
0.963125 0.009790608101067053
0.9575 0.01134587322975835
0.951875 0.012891421963797927
0.94625 0.014425167067007005
0.940625 0.015945210482396326
0.935 0.017450289874855838
0.9293750000000001 0.018939276299774575
0.92375 0.02041104081254161
0.918125 0.021864459947538918
0.9125 0.023298729033285333
0.906875 0.024713531893870894
0.90125 0.02610859372270033
0.895625 0.027483639713178402
0.89 0.028838395058709828
0.884375 0.030172637661134285
0.87875 0.03148646186680892
0.873125 0.032780079571535975
0.8675 0.03405370286625553
0.8618750000000001 0.03530754384190763
0.8562500000000001 0.03654181458943234
0.8506250000000001 0.03775674462464775
0.845 0.03895274106689816
0.839375 0.040130314781829685
0.83375 0.04128997793660361
0.828125 0.04243224269838119
0.8225 0.043557621234323655
0.816875 0.04466662571159226
0.81125 0.04575974372060549
0.805625 0.04683733106928377
0.8 0.04789969958234718
0.8 0.04789969958234718
0.7739130434782611 0.05263669032570288
0.7478260869565219 0.05708098287290257
0.7217391304347827 0.06124909585453638
0.6956521739130436 0.06515651606462332
0.6695652173913045 0.06882063179695973
0.6434782608695653 0.07225059698829601
0.6173913043478262 0.07544773552378835
0.5913043478260871 0.07840864008222496
0.5652173913043479 0.0811271189535018
0.5391304347826088 0.0835962820117879
0.5130434782608697 0.08580909412297444
0.4869565217391305 0.08775954259555603
0.46086956521739136 0.08944124477234523
0.4347826086956522 0.09084378606260585
0.4086956521739131 0.09195513948226848
0.3826086956521739 0.09276203312051295
0.35652173913043483 0.09324903347047485
0.3304347826086957 0.09339486911092783
0.30434782608695654 0.09317429467788042
0.27826086956521745 0.09255595658970504
0.2521739130434783 0.09149992116835227
0.22608695652173916 0.08995455132887482
0.2 0.08784480709853547
0.2 0.08784480709853547
0.19437500000000002 0.08730673457114879
0.18875 0.08673575698895394
0.183125 0.08612999115619711
0.17750000000000002 0.0854875538771245
0.171875 0.08480656195598228
0.16625 0.08408513219701672
0.16062500000000002 0.08332130692522709
0.155 0.08251276928166841
0.149375 0.08165709426976804
0.14375000000000002 0.08075185687122167
0.138125 0.0797946320677249
0.1325 0.07878299484097337
0.12687500000000002 0.07771450748237646
0.12125000000000001 0.07658662425546976
0.11562500000000002 0.07539674481220261
0.11000000000000001 0.07414226838251234
0.10437500000000001 0.0728205941963364
0.09875000000000002 0.07142910864128243
0.09312500000000001 0.0699633125484052
0.08750000000000001 0.06841485121947234
0.081875 0.06677489872455324
0.07625000000000001 0.06503462913371727
0.07062500000000001 0.06318498578449298
0.065 0.06120846783214343
0.05937500000000001 0.05907689984739679
0.053750000000000006 0.05676142189163214
0.048125 0.05423256147506205
0.0425 0.05143305211804599
0.036875000000000005 0.04826703353725262
0.03125 0.04463584487444642
0.025625000000000002 0.04045927609698263
0.02 0.035703851362015905
0.02 0.035703851362015905
0.015 0.03092352911683254
0.01 0.024958413058992084
0.005 0.01673310935767041
0.0 0.005163813674770221
0.0 -0.0005760907676264105
0.005 -0.014132997312808268
0.01 -0.017018851138220048
0.015 -0.018473670147278406
0.02 -0.02114664589719931
0.02 -0.02114664589719931
0.025625000000000002 -0.024533309667548058
0.03125 -0.027299103803898224
0.036875000000000005 -0.029399731845184015
0.0425 -0.031109825786285353
0.048125 -0.03270110226500401
0.053750000000000006 -0.03431869277580528
0.05937500000000001 -0.03593768060909641
0.065 -0.03752120208338011
0.07062500000000001 -0.03903239351715907
0.07625000000000001 -0.0404428407858593
0.081875 -0.04175796658966886
0.08750000000000001 -0.04299166249525033
0.09312500000000001 -0.044157820069266746
0.09875000000000002 -0.0452703308783812
0.10437500000000001 -0.04634169708618234
0.11000000000000001 -0.04737509105787003
0.11562500000000002 -0.04836984453989972
0.12125000000000001 -0.049325277378332505
0.12687500000000002 -0.05024070941922945
0.1325 -0.05111546050865169
0.138125 -0.05194922653854938
0.14375000000000002 -0.05274346830327672
0.149375 -0.05350016391903801
0.155 -0.05422129156872791
0.16062500000000002 -0.054908829435241106
0.16625 -0.05556475570147224
0.171875 -0.05619103789208831
0.17750000000000002 -0.05678923804924172
0.183125 -0.05736039654583138
0.18875 -0.057905519395774256
0.19437500000000002 -0.058425612612987364
0.2 -0.05892168221138763
0.2 -0.05892168221138763
0.22608695652173916 -0.060934989044053645
0.2521739130434783 -0.06251668518477697
0.27826086956521745 -0.06370757744325094
0.30434782608695654 -0.0645407391641299
0.3304347826086957 -0.06504828845105459
0.35652173913043483 -0.06526442526243569
0.3826086956521739 -0.06521158028166857
0.4086956521739131 -0.06489505078808724
0.4347826086956522 -0.06431947683552125
0.46086956521739136 -0.06348984511120262
0.4869565217391305 -0.06240384647927924
0.5130434782608697 -0.06105169217325166
0.5391304347826088 -0.05941220526283358
0.5652173913043479 -0.05745564346561872
0.5913043478260871 -0.05516086869825614
0.6173913043478262 -0.052514938675311235
0.6434782608695653 -0.04952343192116479
0.6695652173913045 -0.04620399461403807
0.6956521739130436 -0.04258215363162574
0.7217391304347827 -0.03868931749402101
0.7478260869565219 -0.034568185543754903
0.7739130434782611 -0.030267333823427545
0.8 -0.02584226942651008
0.8 -0.02584226942651008
0.805625 -0.024877974437809498
0.81125 -0.02391184239984634
0.816875 -0.022944696689928806
0.8225 -0.021977360685365092
0.828125 -0.021010657763463392
0.83375 -0.020045412682272706
0.839375 -0.019082496717920543
0.845 -0.018122837732287185
0.8506250000000001 -0.017167367005786915
0.8562500000000001 -0.016217015818834057
0.8618750000000001 -0.015272715451842882
0.8675 -0.014335397185227689
0.873125 -0.013406000295412697
0.87875 -0.01248579161863604
0.884375 -0.011576473433495207
0.89 -0.010679778140792849
0.895625 -0.009797438141331608
0.90125 -0.008931185835914117
0.906875 -0.008082753625870475
0.9125 -0.007254091425299904
0.918125 -0.006447984378723367
0.92375 -0.005667418078797691
0.9293750000000001 -0.0049153781181796785
0.935 -0.004194850089526182
0.940625 -0.0035088451172347094
0.94625 -0.0028611999133441976
0.951875 -0.00225673597598214
0.9575 -0.0017003324853570785
0.963125 -0.0011968686216775543
0.96875 -0.000752048281432363
0.974375 -0.0003773789549866594
0.98 -8.68594520224533e-05
0.98 -8.68594520224533e-05
0.985 8.938323598347859e-05
0.99 0.0001751342598546453
0.995 0.00015176167369910655
1.0 0.0
