1.0 9.4e-05
0.995 0.0013246063796611073
0.99 0.0025522738934698687
0.985 0.0037771301061876815
0.98 0.004999302582575941
0.98 0.004999302582575941
0.974375 0.006371206565970173
0.96875 0.007740164190712097
0.963125 0.009106506064775342
0.9575 0.010470536754824462
0.951875 0.011832295481367217
0.94625 0.013191669190179315
0.940625 0.014548542412161263
0.935 0.015902771848479845
0.9293750000000001 0.01725417535923891
0.92375 0.0186025679193971
0.918125 0.01994772315711759
0.9125 0.02128922160335787
0.906875 0.022626587464483212
0.90125 0.023959360138071845
0.895625 0.025287411260069868
0.89 0.026610935362317772
0.884375 0.027930140268699652
0.87875 0.02924510980397618
0.873125 0.030555527075543914
0.8675 0.03186099439460366
0.8618750000000001 0.03316110506988456
0.8562500000000001 0.0344553341244418
0.8506250000000001 0.03574307325295903
0.845 0.03702371295433446
0.839375 0.03829675571779998
0.83375 0.03956195216149003
0.828125 0.0408190862095455
0.8225 0.04206793299587868
0.816875 0.04330819772352692
0.81125 0.044539552198009404
0.805625 0.04576166861422731
0.8 0.04697424978984308
0.8 0.04697424978984308
0.7739130434782611 0.05246647064569207
0.7478260869565219 0.057732788745204176
0.7217391304347827 0.06275728706166793
0.6956521739130436 0.0675300598041661
0.6695652173913045 0.07204133212807776
0.6434782608695653 0.07628071982717592
0.6173913043478262 0.08023495535393863
0.5913043478260871 0.08388913161135128
0.5652173913043479 0.08723104863886547
0.5391304347826088 0.09024374512762837
0.5130434782608697 0.09291182423831175
0.4869565217391305 0.09521946513588118
0.46086956521739136 0.09714657846892465
0.4347826086956522 0.09867560422612182
0.4086956521739131 0.09978123582694212
0.3826086956521739 0.1004406260089449
0.35652173913043483 0.100625706512956
0.3304347826086957 0.10030560834507285
0.30434782608695654 0.09944274259165395
0.27826086956521745 0.09799707679561834
0.2521739130434783 0.0959183996840575
0.22608695652173916 0.0931471682205829
0.2 0.08961438160586002
0.2 0.08961438160586002
0.19437500000000002 0.08874498684095578
0.18875 0.08783521067362471
0.183125 0.08688357042115705
0.17750000000000002 0.08588854175745819
0.171875 0.08484860017911013
0.16625 0.08376222053240465
0.16062500000000002 0.08262787751460324
0.155 0.0814439753552233
0.149375 0.0802084584931659
0.14375000000000002 0.07891908695389367
0.138125 0.07757361235041557
0.1325 0.07616970381516616
0.12687500000000002 0.07470498148202312
0.12125000000000001 0.0731770118707096
0.11562500000000002 0.07158260777546696
0.11000000000000001 0.06991802100902884
0.10437500000000001 0.0681794459701449
0.09875000000000002 0.06636241230258498
0.09312500000000001 0.06446193504036209
0.08750000000000001 0.06247290528165239
0.081875 0.06038894319456202
0.07625000000000001 0.05820285558732034
0.07062500000000001 0.05590694842149032
0.065 0.05349046927224909
0.05937500000000001 0.050941475406098564
0.053750000000000006 0.048246022462840224
0.048125 0.0453854392433729
0.0425 0.04233918893670056
0.036875000000000005 0.03907476256391118
0.03125 0.035551910795142895
0.025625000000000002 0.03171301725937838
0.02 0.027475665846253952
0.02 0.027475665846253952
0.015 0.023237887816930362
0.01 0.01836651972913485
0.005 0.012318999341887104
0.0 0.001416675432914829
0.0 -0.0005581255619332707
0.005 -0.009730054068782062
0.01 -0.013067563686513786
0.015 -0.015512370755422354
0.02 -0.017432435180653193
0.02 -0.017432435180653193
0.025625000000000002 -0.019236093629899732
0.03125 -0.020789508350407212
0.036875000000000005 -0.0221473931277441
0.0425 -0.02335210117399965
0.048125 -0.024440140668061945
0.053750000000000006 -0.025430906633566404
0.05937500000000001 -0.02633940798385394
0.065 -0.02717820766764116
0.07062500000000001 -0.027955628918951876
0.07625000000000001 -0.028679560713063438
0.081875 -0.029356604022771512
0.08750000000000001 -0.029990917071449658
0.09312500000000001 -0.030586385433111984
0.09875000000000002 -0.031146609709201155
0.10437500000000001 -0.031674191027065667
0.11000000000000001 -0.03217151151782986
0.11562500000000002 -0.032640893529412435
0.12125000000000001 -0.03308410644080363
0.12687500000000002 -0.03350262045939063
0.1325 -0.033897900549002886
0.138125 -0.03427129885678936
0.14375000000000002 -0.034624005945364314
0.149375 -0.03495719992177699
0.155 -0.03527197810960383
0.16062500000000002 -0.03556907052407235
0.16625 -0.03584910284051533
0.171875 -0.03611270081369456
0.17750000000000002 -0.03636049196440011
0.183125 -0.03659310546266063
0.18875 -0.03681117052892305
0.19437500000000002 -0.03701528077897559
0.2 -0.03720591644828326
0.2 -0.03720591644828326
0.22608695652173916 -0.03792643520087396
0.2521739130434783 -0.03840333698881385
0.27826086956521745 -0.03866535077816707
0.30434782608695654 -0.03873270719193
0.3304347826086957 -0.038627445152067966
0.35652173913043483 -0.0383621224946871
0.3826086956521739 -0.03794949085250233
0.4086956521739131 -0.03740139391260389
0.4347826086956522 -0.03672711721569851
0.46086956521739136 -0.03593870527079854
0.4869565217391305 -0.03504167648974268
0.5130434782608697 -0.0340407996870102
0.5391304347826088 -0.032934029325457026
0.5652173913043479 -0.03172237119362763
0.5913043478260871 -0.030407627003702087
0.6173913043478262 -0.028994283716445933
0.6434782608695653 -0.02748426454261776
0.6695652173913045 -0.02588039967317961
0.6956521739130436 -0.024185647900098382
0.7217391304347827 -0.022406113663573358
0.7478260869565219 -0.020553765491808894
0.7739130434782611 -0.018640997374249964
0.8 -0.016680050121684987
0.8 -0.016680050121684987
0.805625 -0.016251566564468013
0.81125 -0.015821097866236058
0.816875 -0.015388623375647987
0.8225 -0.014954122161144244
0.828125 -0.014517538411984133
0.83375 -0.014078728154736304
0.839375 -0.013637533699528201
0.845 -0.01319381107905003
0.8506250000000001 -0.012747608261601562
0.8562500000000001 -0.012299114403575158
0.8618750000000001 -0.011848521928248631
0.8675 -0.011396009763120078
0.873125 -0.010941714129161907
0.87875 -0.010485762819980367
0.884375 -0.010028292498534926
0.89 -0.009569612534150505
0.895625 -0.009110189224207272
0.90125 -0.008650494570693895
0.906875 -0.008190963128630133
0.9125 -0.007731875206053733
0.918125 -0.007273471401493667
0.92375 -0.006815988480492521
0.9293750000000001 -0.006359548048149985
0.935 -0.005904139189601046
0.940625 -0.005449743663655632
0.94625 -0.004996297201573482
0.951875 -0.004543502159610681
0.9575 -0.0040909871060014645
0.963125 -0.00363838475649121
0.96875 -0.00318543092294515
0.974375 -0.002731968584281303
0.98 -0.002277841176620994
0.98 -0.002277841176620994
0.985 -0.0018733472592759803
0.99 -0.0014676546867817264
0.995 -0.0010603450650518583
1.0 -0.000651
