1.0 0.004
0.995 0.005306686097292582
0.99 0.006620734479650663
0.985 0.007941327115400302
0.98 0.009267645972867548
0.98 0.009267645972867548
0.974375 0.010765580766617886
0.96875 0.012268562751887736
0.963125 0.013775427192172595
0.9575 0.015285009350967962
0.951875 0.016796144491769333
0.94625 0.018307667878072205
0.940625 0.019818414773372078
0.935 0.021327220441164446
0.9293750000000001 0.022832920144944802
0.92375 0.024334349148208683
0.918125 0.025830342714451518
0.9125 0.027319736107168837
0.906875 0.028801364589856136
0.90125 0.03027406342600892
0.895625 0.03173676603328689
0.89 0.033189185339388666
0.884375 0.03463140599871643
0.87875 0.03606351495498231
0.873125 0.03748559915189845
0.8675 0.038897745533176944
0.8618750000000001 0.040300041042529954
0.8562500000000001 0.041692572623669606
0.8506250000000001 0.04307542722030803
0.845 0.04444869177615738
0.839375 0.04581245323492972
0.83375 0.04716679854033722
0.828125 0.04851181463609204
0.8225 0.049847588465906256
0.816875 0.05117420697349203
0.81125 0.0524917571025615
0.805625 0.05380032579682679
0.8 0.0551
0.8 0.0551
0.7739130434782611 0.06101342192913746
0.7478260869565219 0.06674433802974535
0.7217391304347827 0.07229967596451518
0.6956521739130436 0.07768632997735435
0.6695652173913045 0.08289986534435208
0.6434782608695653 0.08790807633198987
0.6173913043478262 0.09267457985873365
0.5913043478260871 0.09716315249158927
0.5652173913043479 0.10134714970995631
0.5391304347826088 0.10521477430744473
0.5130434782608697 0.10875550626598368
0.4869565217391305 0.11195890408975576
0.46086956521739136 0.1148163322947727
0.4347826086956522 0.11732096140887538
0.4086956521739131 0.11946604048215807
0.3826086956521739 0.12124384889507595
0.35652173913043483 0.12263539361852888
0.3304347826086957 0.12361440910112298
0.30434782608695654 0.12415450858275938
0.27826086956521745 0.12421596993618078
0.2521739130434783 0.12367041751325906
0.22608695652173916 0.12235331015013198
0.2 0.1201
0.2 0.1201
0.19437500000000002 0.11947583164173027
0.18875 0.11880084991070222
0.183125 0.11807542453833257
0.17750000000000002 0.11729992525603819
0.171875 0.11647472179523594
0.16625 0.11560018388734264
0.16062500000000002 0.11467668126377513
0.155 0.11370458365595021
0.149375 0.1126842599836108
0.14375000000000002 0.11161527073922839
0.138125 0.11049485096935825
0.1325 0.10931982014348454
0.12687500000000002 0.10808699773109136
0.12125000000000001 0.10679320320166276
0.11562500000000002 0.1054352560246829
0.11000000000000001 0.10400997566963588
0.10437500000000001 0.10251418160600581
0.09875000000000002 0.10094467670545447
0.09312500000000001 0.0992955687682576
0.08750000000000001 0.09755531403621803
0.081875 0.09571165711951019
0.07625000000000001 0.09375234262830838
0.07062500000000001 0.09166393863877717
0.065 0.08942366955756918
0.05937500000000001 0.08700430405466435
0.053750000000000006 0.08437858335901618
0.048125 0.0815191953577267
0.0425 0.07839562742680828
0.036875000000000005 0.07497240615008458
0.03125 0.07121363137656714
0.025625000000000002 0.0670834029552676
0.02 0.06254582073519764
0.02 0.06254582073519764
0.015 0.058141416127375924
0.01 0.05336157235306979
0.005 0.048181075588814175
0.0 0.04257471201114394
0.0 0.0337
0.005 0.025009751105074716
0.01 0.019110875552537362
0.015 0.015337124447462642
0.02 0.013022248894925285
0.02 0.013022248894925285
0.025625000000000002 0.011332482828175167
0.03125 0.00991152775419812
0.036875000000000005 0.00863991643022107
0.0425 0.007508106060933595
0.048125 0.006506553851025265
0.053750000000000006 0.005625643876365745
0.05937500000000001 0.004854910090293311
0.065 0.004183337979996946
0.07062500000000001 0.0035999038915631456
0.07625000000000001 0.003093589935486047
0.081875 0.002654314217950566
0.08750000000000001 0.002273957625943516
0.09312500000000001 0.0019446481954293426
0.09875000000000002 0.0016585139623724872
0.10437500000000001 0.0014080867325262064
0.11000000000000001 0.0011891049265263306
0.11562500000000002 0.0009988361106520382
0.12125000000000001 0.000834557268553673
0.12687500000000002 0.0006935453838815785
0.1325 0.0005730774402860995
0.138125 0.0004704304214175798
0.14375000000000002 0.0003828813109263631
0.149375 0.0003077070924627945
0.155 0.00024244603810737593
0.16062500000000002 0.00018609851242577352
0.16625 0.0001381731676329465
0.171875 9.817916627281848e-05
0.17750000000000002 6.562567088931323e-05
0.183125 4.0021844026354967e-05
0.18875 2.0876848227867415e-05
0.19437500000000002 7.699846037774403e-06
0.2 -6.776263578034403e-21
0.2 -6.776263578034403e-21
0.22608695652173916 2.636081545953641e-05
0.2521739130434783 0.00013899954460144348
0.27826086956521745 0.0003169479270910315
0.30434782608695654 0.0005392463482727095
0.3304347826086957 0.0007878660787055718
0.35652173913043483 0.0010519629482802825
0.3826086956521739 0.0013217734967749246
0.4086956521739131 0.0015875705292987697
0.4347826086956522 0.0018418027708321503
0.46086956521739136 0.0020802916221555547
0.4869565217391305 0.002299148606698946
0.5130434782608697 0.0024946498794993976
0.5391304347826088 0.002666858122557525
0.5652173913043479 0.002819622544837483
0.5913043478260871 0.002956956986910542
0.6173913043478262 0.0030815502281503534
0.6434782608695653 0.0031806872115082985
0.6695652173913045 0.0032317149209536477
0.6956521739130436 0.003211814707805971
0.7217391304347827 0.0031026209350590757
0.7478260869565219 0.0029153715873171003
0.7739130434782611 0.0026733812168447182
0.8 0.0024000000000000002
0.8 0.0024000000000000002
0.805625 0.0023391480741359236
0.81125 0.002277855420657662
0.816875 0.002216055155993391
0.8225 0.002153680396571291
0.828125 0.002090664258819535
0.83375 0.002026939859166303
0.839375 0.001962440314039772
0.845 0.001897098739868118
0.8506250000000001 0.0018308482530795171
0.8562500000000001 0.00176362197010215
0.8618750000000001 0.0016953530073641923
0.8675 0.0016259744812938209
0.873125 0.001555419508319214
0.87875 0.001483621204868547
0.884375 0.0014105126873699989
0.89 0.0013360270722517459
0.895625 0.0012600974759419655
0.90125 0.001182657979612859
0.906875 0.001103799314747558
0.9125 0.0010239407081694366
0.918125 0.0009435427501019057
0.92375 0.0008630660307683769
0.9293750000000001 0.00078297114039226
0.935 0.0007037186691969697
0.940625 0.0006257692074059158
0.94625 0.0005495833452425092
0.951875 0.0004756216729301621
0.9575 0.0004043447806922852
0.963125 0.0003362132587522903
0.96875 0.00027168769733358866
0.974375 0.00021122868665959167
0.98 0.0001552968169537107
0.98 0.0001552968169537107
0.985 0.00010975250951165295
0.99 6.847261271528306e-05
0.995 3.178061379969932e-05
1.0 0.0
