1.0 0.0
0.995 0.0005621540227180465
0.99 0.0011935982516557025
0.985 0.0018915463883471258
0.98 0.0026532121343264747
0.98 0.0026532121343264747
0.974375 0.003582779285295888
0.96875 0.00458549541640419
0.963125 0.005657393317531071
0.9575 0.006794505778556217
0.951875 0.007992865589359324
0.94625 0.009248505539820076
0.940625 0.010557458419818167
0.935 0.011915757019233284
0.9293750000000001 0.013319434127945116
0.92375 0.01476452253583338
0.918125 0.016247055032777718
0.9125 0.017763064408657835
0.906875 0.019308583453353432
0.90125 0.020879644956744194
0.895625 0.022472707985778047
0.89 0.02408618021372425
0.884375 0.02571902578967417
0.87875 0.027370208905611215
0.873125 0.0290386937535188
0.8675 0.030723444525380308
0.8618750000000001 0.03242342541317917
0.8562500000000001 0.03413760060889877
0.8506250000000001 0.03586493406167338
0.845 0.03760434460032127
0.839375 0.03935465334324949
0.83375 0.04111466863476198
0.828125 0.04288319881916271
0.8225 0.044659052240755594
0.816875 0.04644103724384457
0.81125 0.04822796217273359
0.805625 0.0500186353717266
0.8 0.05181186996401666
0.8 0.05181186996401666
0.7739130434782611 0.060133404740593054
0.7478260869565219 0.06839594317099253
0.7217391304347827 0.07651653085309128
0.6956521739130436 0.08442967983237054
0.6695652173913045 0.09206274863121051
0.6434782608695653 0.09932837573981397
0.6173913043478262 0.10615444362838009
0.5913043478260871 0.11248776003963681
0.5652173913043479 0.11823214499124493
0.5391304347826088 0.12324807273724067
0.5130434782608697 0.1274222339890101
0.4869565217391305 0.13066913848090492
0.46086956521739136 0.13295908913358967
0.4347826086956522 0.13430826040551974
0.4086956521739131 0.13475503118925813
0.3826086956521739 0.1343542809837472
0.35652173913043483 0.13316277689657482
0.3304347826086957 0.1312357111059533
0.30434782608695654 0.1285964873750216
0.27826086956521745 0.12524658207658096
0.2521739130434783 0.12117874515183788
0.22608695652173916 0.11637647917193358
0.2 0.1107848556673236
0.2 0.1107848556673236
0.19437500000000002 0.10946843122098131
0.18875 0.1081110080702973
0.183125 0.1067116303128755
0.17750000000000002 0.10526930638504917
0.171875 0.10378304472315147
0.16625 0.10225185376351573
0.16062500000000002 0.10067474194247508
0.155 0.09905071769636284
0.149375 0.09737878946151218
0.14375000000000002 0.09565796565477888
0.138125 0.0938867735651988
0.1325 0.09206201042283116
0.12687500000000002 0.09018008473295348
0.12125000000000001 0.08823740500084323
0.11562500000000002 0.08623037973177791
0.11000000000000001 0.08415541743103498
0.10437500000000001 0.08200892660389196
0.09875000000000002 0.07978731575562627
0.09312500000000001 0.07748699292479767
0.08750000000000001 0.07510380972465028
0.081875 0.07263198365266688
0.07625000000000001 0.07006543375167396
0.07062500000000001 0.06739807906449803
0.065 0.0646232841527265
0.05937500000000001 0.06172817131238502
0.053750000000000006 0.058695930177243165
0.048125 0.0555096889589688
0.0425 0.05215248077383731
0.036875000000000005 0.04859945237002107
0.03125 0.04481207407192295
0.025625000000000002 0.04075045189443028
0.02 0.036374691852430426
0.02 0.036374691852430426
0.015 0.032160043247731245
0.01 0.027457244436720193
0.005 0.021881754565651973
0.0 0.01270682226426537
0.0 0.0
0.005 -0.009272130434037481
0.01 -0.014897510094690054
0.015 -0.018543489005255112
0.02 -0.021344843773599888
0.02 -0.021344843773599888
0.025625000000000002 -0.02403227502252333
0.03125 -0.026436940588717695
0.036875000000000005 -0.02870743218542092
0.0425 -0.030861220583736176
0.048125 -0.032898486180095984
0.053750000000000006 -0.03481940937093285
0.05937500000000001 -0.036624757042707914
0.065 -0.03832326165467023
0.07062500000000001 -0.03992939801003885
0.07625000000000001 -0.04145776777416625
0.081875 -0.042922968363541876
0.08750000000000001 -0.044336159707096784
0.09312500000000001 -0.04569886609923149
0.09875000000000002 -0.04701093620865877
0.10437500000000001 -0.048272218704091444
0.11000000000000001 -0.049482704659626876
0.11562500000000002 -0.050644084074131436
0.12125000000000001 -0.051759164023787926
0.12687500000000002 -0.05283077116921282
0.1325 -0.05386173217102258
0.138125 -0.05485487368983367
0.14375000000000002 -0.05581302238626253
0.149375 -0.05673900492092566
0.155 -0.057635647954439484
0.16062500000000002 -0.05850555736797023
0.16625 -0.059349775431495444
0.171875 -0.06016866938319253
0.17750000000000002 -0.06096260379221026
0.183125 -0.0617319432276973
0.18875 -0.06247705225880237
0.19437500000000002 -0.06319829545467419
0.2 -0.06389603738446147
0.2 -0.06389603738446147
0.22608695652173916 -0.06683501996803297
0.2521739130434783 -0.06931045811728878
0.27826086956521745 -0.07135211357805439
0.30434782608695654 -0.07296996561164416
0.3304347826086957 -0.07416849106432637
0.35652173913043483 -0.0749558928433767
0.3826086956521739 -0.0753139985455308
0.4086956521739131 -0.0751559983905468
0.4347826086956522 -0.07440794915889973
0.46086956521739136 -0.07303884801636713
0.4869565217391305 -0.07107652990333382
0.5130434782608697 -0.06861325104525531
0.5391304347826088 -0.06571619694584868
0.5652173913043479 -0.06243136784568294
0.5913043478260871 -0.058826325188281
0.6173913043478262 -0.054976426967586055
0.6434782608695653 -0.0509263421172132
0.6695652173913045 -0.04670787283215942
0.6956521739130436 -0.04235224587970361
0.7217391304347827 -0.03789469722945961
0.7478260869565219 -0.03338791227041899
0.7739130434782611 -0.02888139572440367
0.8 -0.02439779897016766
0.8 -0.02439779897016766
0.805625 -0.023436096878070016
0.81125 -0.022477697504476618
0.816875 -0.021523645936231475
0.8225 -0.020574987260178604
0.828125 -0.01963276656316203
0.83375 -0.01869802893202576
0.839375 -0.017771819453613818
0.845 -0.016855183214770215
0.8506250000000001 -0.01594915669878136
0.8562500000000001 -0.015054498780386165
0.8618750000000001 -0.01417163753494133
0.8675 -0.013300981693494465
0.873125 -0.012442939987093195
0.87875 -0.011597921146785142
0.884375 -0.010766333903617928
0.89 -0.009948586988639168
0.895625 -0.009145089132896486
0.90125 -0.0083562785960363
0.906875 -0.007583741561983245
0.9125 -0.0068305554089012005
0.918125 -0.006099897173974976
0.92375 -0.0053949438943893795
0.9293750000000001 -0.004718872607329215
0.935 -0.004074860349979318
0.940625 -0.0034660841595244886
0.94625 -0.0028957210731495376
0.951875 -0.0023669481280392773
0.9575 -0.001882942361378519
0.963125 -0.0014468808103520752
0.96875 -0.001061940512144757
0.974375 -0.0007312985039413774
0.98 -0.00045813182292674744
0.98 -0.00045813182292674744
0.985 -0.0002661362465979181
0.99 -0.00012429486082847908
0.995 -3.483900037648729e-05
1.0 0.0
