1.0 0.0
0.995 0.001158777698191824
0.99 0.002351331555721049
0.985 0.0035760960272719273
0.98 0.004831505567528713
0.98 0.004831505567528713
0.974375 0.006278522446624675
0.96875 0.007760114030059785
0.963125 0.00927405125038252
0.9575 0.01081810504014136
0.951875 0.01239004633188478
0.94625 0.013987646058161258
0.940625 0.015608675151519268
0.935 0.017250904544507294
0.9293750000000001 0.018912105169673808
0.92375 0.02059004795956733
0.918125 0.02228250384673625
0.9125 0.0239872437637291
0.906875 0.025702038643094345
0.90125 0.02742465941738047
0.895625 0.029153084339111606
0.89 0.030886143353383626
0.884375 0.03262288508221002
0.87875 0.034362358147753784
0.873125 0.03610361117217792
0.8675 0.03784569277764544
0.8618750000000001 0.039587651586319376
0.8562500000000001 0.04132853622036271
0.8506250000000001 0.043067395474439094
0.845 0.04480332825691801
0.839375 0.04653555280880352
0.83375 0.0482633047516859
0.828125 0.049985819707155474
0.8225 0.051702333296802475
0.816875 0.053412081142217196
0.81125 0.0551142988649899
0.805625 0.0568082220867109
0.8 0.05849308449479758
0.8 0.05849308449479758
0.7739130434782611 0.06615975440701109
0.7478260869565219 0.07350407646263744
0.7217391304347827 0.08042643963329763
0.6956521739130436 0.08685032859909628
0.6695652173913045 0.09270426798142285
0.6434782608695653 0.09791884743158802
0.6173913043478262 0.1023605604641496
0.5913043478260871 0.10579385966549806
0.5652173913043479 0.10820660850144541
0.5391304347826088 0.1099066946715455
0.5130434782608697 0.11108227601731405
0.4869565217391305 0.11175312660957187
0.46086956521739136 0.11194118408630446
0.4347826086956522 0.11167878619316535
0.4086956521739131 0.11097382055116337
0.3826086956521739 0.10981365686349065
0.35652173913043483 0.10819516922268843
0.3304347826086957 0.10612165620067314
0.30434782608695654 0.1035860936859923
0.27826086956521745 0.10057330014676476
0.2521739130434783 0.09705301051946362
0.22608695652173916 0.09298709841940697
0.2 0.08833679172055788
0.2 0.08833679172055788
0.19437500000000002 0.08725368782753856
0.18875 0.08614074175151573
0.183125 0.08499659336982077
0.17750000000000002 0.08381985276874275
0.171875 0.08260913003457086
0.16625 0.08136303525359426
0.16062500000000002 0.080080178512102
0.155 0.0787591698963833
0.149375 0.07739861949272724
0.14375000000000002 0.07599712688791624
0.138125 0.07455303925791522
0.1325 0.07306444514663113
0.12687500000000002 0.07152942135398467
0.12125000000000001 0.06994604467989661
0.11562500000000002 0.06831239192428767
0.11000000000000001 0.0666265398870786
0.10437500000000001 0.06488656536819012
0.09875000000000002 0.06309054516754299
0.09312500000000001 0.06123649849167767
0.08750000000000001 0.05932149174049377
0.081875 0.05734180829962655
0.07625000000000001 0.05529370833036933
0.07062500000000001 0.0531734477585244
0.065 0.05097491417615558
0.05937500000000001 0.04868568913706519
0.053750000000000006 0.046292316131657456
0.048125 0.04378133865033661
0.0425 0.04113862052478964
0.036875000000000005 0.03834351825947872
0.03125 0.035371769220675954
0.025625000000000002 0.03219907184721599
0.02 0.028798983816106804
0.02 0.028798983816106804
0.015 0.02547397912355091
0.01 0.021629509572941224
0.005 0.01681748411822571
0.0 0.009643252140060636
0.0 0.0
0.005 -0.009686332784284202
0.01 -0.014179998273976301
0.015 -0.01709241807122805
0.02 -0.01944351879063603
0.02 -0.01944351879063603
0.025625000000000002 -0.021676543623995403
0.03125 -0.0236760794364879
0.036875000000000005 -0.02554581011449404
0.0425 -0.02729957639557874
0.048125 -0.028948434626437092
0.053750000000000006 -0.030503441110704983
0.05937500000000001 -0.031975350160226616
0.065 -0.033373891662648224
0.07062500000000001 -0.03470857849029357
0.07625000000000001 -0.0359889235154864
0.081875 -0.03722415305257844
0.08750000000000001 -0.038418888578494376
0.09312500000000001 -0.03957403724811342
0.09875000000000002 -0.040690400344058394
0.10437500000000001 -0.04176877939675626
0.11000000000000001 -0.04281013549820074
0.11562500000000002 -0.04381586340273589
0.12125000000000001 -0.04478743083953189
0.12687500000000002 -0.04572630553775895
0.1325 -0.04663395522658726
0.138125 -0.04751184763518699
0.14375000000000002 -0.04836145049272838
0.149375 -0.04918423152838158
0.155 -0.04998165583541084
0.16062500000000002 -0.05075492096349971
0.16625 -0.05150473043190243
0.171875 -0.05223173441304622
0.17750000000000002 -0.052936583079358376
0.183125 -0.053619926603266185
0.18875 -0.05428241515719686
0.19437500000000002 -0.05492469891357773
0.2 -0.05554742804483602
0.2 -0.05554742804483602
0.22608695652173916 -0.05819616001222483
0.2521739130434783 -0.06048403143005234
0.27826086956521745 -0.0624497112509762
0.30434782608695654 -0.06411291032192738
0.3304347826086957 -0.06548512902153049
0.35652173913043483 -0.06656794141726251
0.3826086956521739 -0.06736139937102927
0.4086956521739131 -0.06786655637473786
0.4347826086956522 -0.06808534229155426
0.46086956521739136 -0.06802060080316184
0.4869565217391305 -0.06766050654348035
0.5130434782608697 -0.06697415027225251
0.5391304347826088 -0.06593857197833
0.5652173913043479 -0.06452798229484272
0.5913043478260871 -0.06253922553466408
0.6173913043478262 -0.059669938681104234
0.6434782608695653 -0.055975429508192426
0.6695652173913045 -0.05170403657131568
0.6956521739130436 -0.0469939821190277
0.7217391304347827 -0.04193633337102006
0.7478260869565219 -0.03663451580623411
0.7739130434782611 -0.031194064142383782
0.8 -0.025711852618515618
0.8 -0.025711852618515618
0.805625 -0.024533708971112535
0.81125 -0.023359912656474607
0.816875 -0.022192120033377196
0.8225 -0.021031987460595643
0.828125 -0.019881171296905316
0.83375 -0.01874132790108156
0.839375 -0.017614113631899724
0.845 -0.016501184848135175
0.8506250000000001 -0.015404185466874063
0.8562500000000001 -0.014324273184647986
0.8618750000000001 -0.013261972601168617
0.8675 -0.012217765856106363
0.873125 -0.011192135089131609
0.87875 -0.010185562439914751
0.884375 -0.00919853004812618
0.89 -0.008231520053436291
0.895625 -0.0072850145955154775
0.90125 -0.006359580358290082
0.906875 -0.005458472855809151
0.9125 -0.004588129327739426
0.918125 -0.003755171013416818
0.92375 -0.0029662191521772447
0.9293750000000001 -0.002227894983356604
0.935 -0.0015468197462908404
0.940625 -0.0009296146803158527
0.94625 -0.00038290102476755557
0.951875 8.66999810181365e-05
0.9575 0.0004725670977053097
0.963125 0.0007680790859580493
0.96875 0.0009666147064404415
0.974375 0.0010615527198165715
0.98 0.0010462718867505257
0.98 0.0010462718867505257
0.985 0.0009348068237902484
0.99 0.0007263733603523735
0.995 0.0004163211884259432
1.0 0.0
