1.0 0.0
0.995 0.000797504843022719
0.99 0.001756377782582638
0.985 0.002835756334615664
0.98 0.0039990302546013086
0.98 0.0039990302546013086
0.974375 0.0053829125553118895
0.96875 0.006823943814065674
0.963125 0.008300027705507538
0.9575 0.009796843634339636
0.951875 0.011303074545335778
0.94625 0.012807409823299162
0.940625 0.014299458312033926
0.935 0.01577353375410721
0.9293750000000001 0.017225450792975387
0.92375 0.018651024721618375
0.918125 0.02004608067612605
0.9125 0.021408196813442172
0.906875 0.02273871009649761
0.90125 0.024039443266407647
0.895625 0.025312219064287576
0.89 0.02655886023125267
0.884375 0.027781232430578593
0.87875 0.028981558480294777
0.873125 0.0301622383570336
0.8675 0.03132567331194843
0.8618750000000001 0.03247426459619263
0.8562500000000001 0.03361041346091958
0.8506250000000001 0.03473646732086199
0.845 0.03585381437466578
0.839375 0.03696301697423396
0.83375 0.0380646104964615
0.828125 0.039159130318243376
0.8225 0.04024711181647451
0.816875 0.04132909036804986
0.81125 0.04240557648086655
0.805625 0.04347678007638724
0.8 0.04454271155307298
0.8 0.04454271155307298
0.7739130434782611 0.04941743712708503
0.7478260869565219 0.054179853505511154
0.7217391304347827 0.058831984507670194
0.6956521739130436 0.06336663383374616
0.6695652173913045 0.06775798414571192
0.6434782608695653 0.07197921643744193
0.6173913043478262 0.07600335442192895
0.5913043478260871 0.07978419965602357
0.5652173913043479 0.0832544661969297
0.5391304347826088 0.08628777115525325
0.5130434782608697 0.08874723673068452
0.4869565217391305 0.09058604308618162
0.46086956521739136 0.09181023818325293
0.4347826086956522 0.09250247638624079
0.4086956521739131 0.09274304353189107
0.3826086956521739 0.0925771282908909
0.35652173913043483 0.09203218845920577
0.3304347826086957 0.09111774960114022
0.30434782608695654 0.08983720117180245
0.27826086956521745 0.08818872470234464
0.2521739130434783 0.08616163869097326
0.22608695652173916 0.08373385489438762
0.2 0.08086066616682579
0.2 0.08086066616682579
0.19437500000000002 0.08017649228168983
0.18875 0.07946731056299496
0.183125 0.07873214970701496
0.17750000000000002 0.07797003841002353
0.171875 0.0771799913200967
0.16625 0.07636051764444501
0.16062500000000002 0.07550949261625578
0.155 0.07462475129948144
0.149375 0.07370412875807456
0.14375000000000002 0.07274546005598756
0.138125 0.07174658022113613
0.1325 0.07070503318877439
0.12687500000000002 0.06961736757939221
0.12125000000000001 0.0684799194626663
0.11562500000000002 0.06728902490827328
0.11000000000000001 0.06604101998588989
0.10437500000000001 0.06473219605455229
0.09875000000000002 0.06335671428496836
0.09312500000000001 0.06190571770859839
0.08750000000000001 0.060370120269758895
0.081875 0.05874083591276641
0.07625000000000001 0.05700870853468844
0.07062500000000001 0.055161996688758486
0.065 0.053185678057368
0.05937500000000001 0.0510645186903292
0.053750000000000006 0.04878323339516581
0.048125 0.04631711729260233
0.0425 0.04362111720500644
0.036875000000000005 0.040647527374653
0.03125 0.03734790376906429
0.025625000000000002 0.033667853426712135
0.02 0.029550029943785583
0.02 0.029550029943785583
0.015 0.02535506981677801
0.01 0.020124036339668666
0.005 0.01326491860599939
0.0 0.004185705709312023
0.0 0.00012
0.005 -0.010967391996192377
0.01 -0.012933774224012186
0.015 -0.013809893744683097
0.02 -0.01581367405874241
0.02 -0.01581367405874241
0.025625000000000002 -0.01842900868948498
0.03125 -0.020497631384938472
0.036875000000000005 -0.021981182502182468
0.0425 -0.023126169225864676
0.048125 -0.02417767639168794
0.053750000000000006 -0.0252800237587189
0.05937500000000001 -0.026414509966379597
0.065 -0.02754757985656786
0.07062500000000001 -0.02864567827118159
0.07625000000000001 -0.029678658808158787
0.081875 -0.030644164421991586
0.08750000000000001 -0.03155338726439063
0.09312500000000001 -0.03241761067587412
0.09875000000000002 -0.0332481179969603
0.10437500000000001 -0.03405609277733313
0.11000000000000001 -0.034848018453935134
0.11562500000000002 -0.03562375042308746
0.12125000000000001 -0.03638264436723499
0.12687500000000002 -0.03712405596882269
0.1325 -0.037847340910295436
0.138125 -0.03855185708154499
0.14375000000000002 -0.0392374098314643
0.149375 -0.03990479295537487
0.155 -0.04055493247185008
0.16062500000000002 -0.04118875439946327
0.16625 -0.04180718475678778
0.171875 -0.042411149562396964
0.17750000000000002 -0.043001568409921614
0.183125 -0.04357904207095218
0.18875 -0.04414371208580438
0.19437500000000002 -0.044695684310441484
0.2 -0.04523506460082682
0.2 -0.04523506460082682
0.22608695652173916 -0.04757502167408754
0.2521739130434783 -0.049659025101831636
0.27826086956521745 -0.05150169450907617
0.30434782608695654 -0.05310548193796547
0.3304347826086957 -0.05446478882100854
0.35652173913043483 -0.05557816799617886
0.3826086956521739 -0.05644131298150006
0.4086956521739131 -0.057031576518217546
0.4347826086956522 -0.05732354027467762
0.46086956521739136 -0.057296991449449115
0.4869565217391305 -0.05691761397289148
0.5130434782608697 -0.056117700234439974
0.5391304347826088 -0.05477362416456932
0.5652173913043479 -0.0526827137591691
0.5913043478260871 -0.04978032691460564
0.6173913043478262 -0.04617481379275514
0.6434782608695653 -0.04209106652158353
0.6695652173913045 -0.03782110390644039
0.6956521739130436 -0.03353399121947786
0.7217391304347827 -0.02932640642969622
0.7478260869565219 -0.025251645959238355
0.7739130434782611 -0.021347717551912795
0.8 -0.01765468658392003
0.8 -0.01765468658392003
0.805625 -0.016889888218053883
0.81125 -0.016137094060537913
0.816875 -0.015396665429720737
0.8225 -0.014668963643950976
0.828125 -0.013954350021577251
0.83375 -0.013253185880948178
0.839375 -0.012565831964239415
0.845 -0.011892609026918542
0.8506250000000001 -0.011233772512119263
0.8562500000000001 -0.01058957183626025
0.8618750000000001 -0.00996025641576011
0.8675 -0.009346075667037487
0.873125 -0.008747279006511016
0.87875 -0.008164116142588934
0.884375 -0.007596897990369785
0.89 -0.007046071685370986
0.895625 -0.006512102742078781
0.90125 -0.005995456674979399
0.906875 -0.00549659899855908
0.9125 -0.005015995227304061
0.918125 -0.004554113037448583
0.92375 -0.0041114317186462905
0.9293750000000001 -0.0036884344436508253
0.935 -0.0032856043879674474
0.940625 -0.002903424727101394
0.94625 -0.0025422465957749335
0.951875 -0.00220004176488272
0.9575 -0.0018727191287360764
0.963125 -0.001556119242822565
0.96875 -0.001246127196594168
0.974375 -0.0009430044989464358
0.98 -0.0006550159596776705
0.98 -0.0006550159596776705
0.985 -0.0004191030085139595
0.99 -0.00021284948139829846
0.995 -6.29263691330713e-05
1.0 0.0
