1.0 0.0
0.995 0.0007198054889859381
0.99 0.0014009595088372712
0.985 0.0020473143696810464
0.98 0.0026627223816443114
0.98 0.0026627223816443114
0.974375 0.0033228618173512647
0.96875 0.003954194754953478
0.963125 0.004562206221956064
0.9575 0.005152381245864136
0.951875 0.0057302048541828035
0.94625 0.0063011620744171815
0.940625 0.00687073793407238
0.935 0.007444417460653515
0.9293750000000001 0.008027685681665692
0.92375 0.008626027624614042
0.918125 0.00924492831700365
0.9125 0.00988987278633964
0.906875 0.010566346060127126
0.90125 0.011279833165871219
0.895625 0.012035220500256212
0.89 0.012832722161552564
0.884375 0.013670356952734835
0.87875 0.014546130959304496
0.873125 0.015458050266763034
0.8675 0.01640412096061193
0.8618750000000001 0.01738234912635267
0.8562500000000001 0.018390740849486734
0.8506250000000001 0.019427302215515595
0.845 0.02049003930994077
0.839375 0.02157695821826369
0.83375 0.02268606502598585
0.828125 0.023815365818608745
0.8225 0.024962866681633847
0.816875 0.02612657370056265
0.81125 0.027304492960896622
0.805625 0.02849463054813725
0.8 0.029694992548265166
0.8 0.029694992548265166
0.7739130434782611 0.035362878194143264
0.7478260869565219 0.04115809562993334
0.7217391304347827 0.04703055510820423
0.6956521739130436 0.05293018590152675
0.6695652173913045 0.05881292478454314
0.6434782608695653 0.06464924366043154
0.6173913043478262 0.07041176937862269
0.5913043478260871 0.07607267219105603
0.5652173913043479 0.0815780397453669
0.5391304347826088 0.0868342692149194
0.5130434782608697 0.09174442831116832
0.4869565217391305 0.09621252254811939
0.46086956521739136 0.10016325949390174
0.4347826086956522 0.10354157804702868
0.4086956521739131 0.10629326074820346
0.3826086956521739 0.10836550484598481
0.35652173913043483 0.10972137265361034
0.3304347826086957 0.11033389275545157
0.30434782608695654 0.11017624815189754
0.27826086956521745 0.10921923816602988
0.2521739130434783 0.10741830314283567
0.22608695652173916 0.10472279335162499
0.2 0.10108204373627892
0.2 0.10108204373627892
0.19437500000000002 0.10016775508514005
0.18875 0.0992040866865509
0.183125 0.09818806761919144
0.17750000000000002 0.09711672696174166
0.171875 0.09598709379288152
0.16625 0.094796197191291
0.16062500000000002 0.09354106623565005
0.155 0.09221873000463865
0.149375 0.09082621447888638
0.14375000000000002 0.08935916733846258
0.138125 0.08780969521525982
0.1325 0.08616934394887042
0.12687500000000002 0.08442965937888659
0.12125000000000001 0.08258218734490068
0.11562500000000002 0.08061847368650495
0.11000000000000001 0.07853006424329166
0.10437500000000001 0.0763085048548531
0.09875000000000002 0.07394545755371419
0.09312500000000001 0.07144607244198202
0.08750000000000001 0.06884139368481702
0.081875 0.06616539882177071
0.07625000000000001 0.06345206539239465
0.07062500000000001 0.06072907835706144
0.065 0.05797827456320026
0.05937500000000001 0.05516119627347679
0.053750000000000006 0.05223929535418617
0.048125 0.049173841039881525
0.0425 0.04591665626312399
0.036875000000000005 0.04240573092882724
0.03125 0.038577954752555065
0.025625000000000002 0.03437021744987122
0.02 0.0297194087363395
0.02 0.0297194087363395
0.015 0.02516237616555502
0.01 0.020161073194064114
0.005 0.014671175452002087
0.0 0.00864835856950425
0.0 0.0
0.005 -0.008094343895076898
0.01 -0.013308493479439687
0.015 -0.01634196177562704
0.02 -0.017894261806177644
0.02 -0.017894261806177644
0.025625000000000002 -0.01874084347410456
0.03125 -0.019363983267917176
0.036875000000000005 -0.01988286926481173
0.0425 -0.02030357362128422
0.048125 -0.020632168493830632
0.053750000000000006 -0.020874934500372866
0.05937500000000001 -0.02104049908589894
0.065 -0.021138968209589094
0.07062500000000001 -0.021180470922728414
0.07625000000000001 -0.021175132247212153
0.081875 -0.021132484250595215
0.08750000000000001 -0.021060845841272168
0.09312500000000001 -0.020968387550302937
0.09875000000000002 -0.02086327990874744
0.10437500000000001 -0.020753031358446902
0.11000000000000001 -0.020640042035958667
0.11562500000000002 -0.02052433557603189
0.12125000000000001 -0.020405922408962305
0.12687500000000002 -0.020284812965045612
0.1325 -0.02016101767457754
0.138125 -0.020034546967853818
0.14375000000000002 -0.01990541127517015
0.149375 -0.019773621026822272
0.155 -0.019639196036061932
0.16062500000000002 -0.019502207211959513
0.16625 -0.019362742771816637
0.171875 -0.019220890946785547
0.17750000000000002 -0.019076739968018487
0.183125 -0.018930378066667686
0.18875 -0.0187818934738854
0.19437500000000002 -0.01863137442082386
0.2 -0.018478909138685114
0.2 -0.018478909138685114
0.22608695652173916 -0.017762810570430623
0.2521739130434783 -0.01709856158861784
0.27826086956521745 -0.0165778466726823
0.30434782608695654 -0.016292233970359594
0.3304347826086957 -0.016294783250096246
0.35652173913043483 -0.016544568280829855
0.3826086956521739 -0.016986593390320846
0.4086956521739131 -0.01756594359770308
0.4347826086956522 -0.018232492381803123
0.46086956521739136 -0.018943505005396755
0.4869565217391305 -0.01965687905209135
0.5130434782608697 -0.020331167326282616
0.5391304347826088 -0.020939857941404145
0.5652173913043479 -0.021471299829683994
0.5913043478260871 -0.021914482245973085
0.6173913043478262 -0.02225899049456302
0.6434782608695653 -0.0225012909790899
0.6695652173913045 -0.022642266847214553
0.6956521739130436 -0.022682873846942234
0.7217391304347827 -0.022614328221253747
0.7478260869565219 -0.022363486913463296
0.7739130434782611 -0.021831094788870787
0.8 -0.020917821971182235
0.8 -0.020917821971182235
0.805625 -0.020661704125510272
0.81125 -0.020384262384820873
0.816875 -0.020086482220456003
0.8225 -0.01976934910375763
0.828125 -0.019433848506067733
0.83375 -0.01908096589872828
0.839375 -0.018711686753081238
0.845 -0.01832699654046858
0.8506250000000001 -0.01792788073223227
0.8562500000000001 -0.017515324799714297
0.8618750000000001 -0.01709031421425662
0.8675 -0.016653834447201206
0.873125 -0.016206870969890038
0.87875 -0.015750409253665075
0.884375 -0.015285434769868295
0.89 -0.014812932989841673
0.895625 -0.01433388938492717
0.90125 -0.013849277937796493
0.906875 -0.01335831502451522
0.9125 -0.012856585453731226
0.918125 -0.012339224658791665
0.92375 -0.011801368073043685
0.9293750000000001 -0.011238151129834428
0.935 -0.01064470926251106
0.940625 -0.01001617790442072
0.94625 -0.009347692488910563
0.951875 -0.008634388449327731
0.9575 -0.007871401219019379
0.963125 -0.007053866231332655
0.96875 -0.006176918919614709
0.974375 -0.005235694717212693
0.98 -0.004225329057473752
0.98 -0.004225329057473752
0.985 -0.0032652489879514226
0.99 -0.002243278482291412
0.995 -0.001156000999854134
1.0 0.0
