1.0 0.0
0.995 0.0008952847140382707
0.99 0.001864070481574098
0.985 0.0028715545608719063
0.98 0.0038902223178475066
0.98 0.0038902223178475066
0.974375 0.005026966485583708
0.96875 0.006130643379166637
0.963125 0.0071915617147772165
0.9575 0.00821220023517489
0.951875 0.009195414852790235
0.94625 0.01014439585057356
0.940625 0.011063733029842893
0.935 0.011958382293224027
0.9293750000000001 0.012833299544550458
0.92375 0.013693340747694524
0.918125 0.014541240057784866
0.9125 0.01537770363501013
0.906875 0.016203356474387344
0.90125 0.017018823570933535
0.895625 0.01782472917907768
0.89 0.01862155071283546
0.884375 0.019409442822103898
0.87875 0.020188517227528277
0.873125 0.020958885649753886
0.8675 0.021720659809426016
0.8618750000000001 0.02247395154973211
0.8562500000000001 0.023218960924860376
0.8506250000000001 0.023956131459538673
0.845 0.024685948328352747
0.839375 0.0254088967058883
0.83375 0.026125461766731098
0.828125 0.026836128685466875
0.8225 0.027541378092514033
0.816875 0.02824140903562353
0.81125 0.028935978894163168
0.805625 0.0296248064383725
0.8 0.0303076104384911
0.8 0.0303076104384911
0.7739130434782611 0.033387623229967946
0.7478260869565219 0.03631845476078335
0.7217391304347827 0.039107324327876405
0.6956521739130436 0.04176927398981029
0.6695652173913045 0.04432040081139295
0.6434782608695653 0.046758396362609186
0.6173913043478262 0.04907338943551149
0.5913043478260871 0.051252852823181594
0.5652173913043479 0.053285764257595396
0.5391304347826088 0.05516746408514138
0.5130434782608697 0.056888276526719454
0.4869565217391305 0.058423385677428066
0.46086956521739136 0.0597544760083511
0.4347826086956522 0.060876055778506806
0.4086956521739131 0.061778402791337464
0.3826086956521739 0.06244243948644331
0.35652173913043483 0.06284631673053138
0.3304347826086957 0.06296563499406949
0.30434782608695654 0.06277459773054668
0.27826086956521745 0.0622452652326691
0.2521739130434783 0.061340569174997236
0.22608695652173916 0.060016247765189
0.2 0.05821897135916369
0.2 0.05821897135916369
0.19437500000000002 0.05776307936524549
0.18875 0.05728094339191188
0.183125 0.056771620605467116
0.17750000000000002 0.05623416817221539
0.171875 0.0556676431863534
0.16625 0.05507102429356897
0.16062500000000002 0.05444306213052757
0.155 0.05378246614069393
0.149375 0.05308794576753281
0.14375000000000002 0.05235821045450897
0.138125 0.05159196964508717
0.1325 0.05078784665642334
0.12687500000000002 0.04994381726393872
0.12125000000000001 0.04905756264619424
0.11562500000000002 0.04812676249595477
0.11000000000000001 0.047149096505985096
0.10437500000000001 0.04612224361601155
0.09875000000000002 0.04504329715987515
0.09312500000000001 0.043907717402839865
0.08750000000000001 0.04271068217008247
0.081875 0.04144736928677977
0.07625000000000001 0.04011295568476693
0.07062500000000001 0.038702110108418966
0.065 0.037208144708214125
0.05937500000000001 0.03562414770421021
0.053750000000000006 0.033943207316464996
0.048125 0.03215477594694472
0.0425 0.03022722611093337
0.036875000000000005 0.028121351727879468
0.03125 0.025798275794628164
0.025625000000000002 0.023233961038265933
0.02 0.02042466726466242
0.02 0.02042466726466242
0.015 0.01769747063322581
0.01 0.014416220030479248
0.005 0.010016922739773072
0.0 0.0039303952910519115
0.0 0.0
0.005 -0.004927692482334357
0.01 -0.007208994089897425
0.015 -0.009064700862316036
0.02 -0.01075906072926255
0.02 -0.01075906072926255
0.025625000000000002 -0.01235397106694551
0.03125 -0.013633734082663593
0.036875000000000005 -0.014710170869175379
0.0425 -0.015684703382352373
0.048125 -0.016584973025396174
0.053750000000000006 -0.01741161355338396
0.05937500000000001 -0.018165263684178007
0.065 -0.01884950760625211
0.07062500000000001 -0.01947262713173211
0.07625000000000001 -0.020043324018669158
0.081875 -0.020570299490574262
0.08750000000000001 -0.02106090026367833
0.09312500000000001 -0.021518193541930457
0.09875000000000002 -0.021944403408941708
0.10437500000000001 -0.022341753948323155
0.11000000000000001 -0.02271246890998752
0.11562500000000002 -0.023058611353923994
0.12125000000000001 -0.023381826209692563
0.12687500000000002 -0.023683691265099213
0.1325 -0.02396578430794994
0.138125 -0.024229683126050748
0.14375000000000002 -0.02447693883791345
0.149375 -0.02470863621158536
0.155 -0.024925463148421197
0.16062500000000002 -0.025128094890727728
0.16625 -0.025317206680811707
0.171875 -0.025493473760979896
0.17750000000000002 -0.02565757050996104
0.183125 -0.025810127946344186
0.18875 -0.02595171433753293
0.19437500000000002 -0.026082893042267137
0.2 -0.026204227419286703
0.2 -0.026204227419286703
0.22608695652173916 -0.026653835093705086
0.2521739130434783 -0.026940753047818653
0.27826086956521745 -0.027084225097178432
0.30434782608695654 -0.027105009092786167
0.3304347826086957 -0.027021691900303853
0.35652173913043483 -0.026846564724575472
0.3826086956521739 -0.026585211271050155
0.4086956521739131 -0.026237213615904094
0.4347826086956522 -0.0258072079264196
0.46086956521739136 -0.025302111410062205
0.4869565217391305 -0.02471660206090709
0.5130434782608697 -0.02404005880509335
0.5391304347826088 -0.0232682393427063
0.5652173913043479 -0.02239596859634154
0.5913043478260871 -0.021398413777947475
0.6173913043478262 -0.020237884177389316
0.6434782608695653 -0.018848728307289068
0.6695652173913045 -0.017180988980586665
0.6956521739130436 -0.015270428399690563
0.7217391304347827 -0.013188452641519986
0.7478260869565219 -0.011046578819176145
0.7739130434782611 -0.008935618827402214
0.8 -0.006907396593694067
0.8 -0.006907396593694067
0.805625 -0.006484680540812505
0.81125 -0.0060677841992836665
0.816875 -0.005656989589487356
0.8225 -0.0052525787318033895
0.828125 -0.00485487026346741
0.83375 -0.0044644589160190784
0.839375 -0.004082065341748366
0.845 -0.003708410835027441
0.8506250000000001 -0.003344216690228461
0.8562500000000001 -0.0029902042017236068
0.8618750000000001 -0.0026470946624451122
0.8675 -0.0023155805132900444
0.873125 -0.0019962512709223307
0.87875 -0.0016896735107919006
0.884375 -0.0013964138083486833
0.89 -0.001117038739042609
0.895625 -0.0008521148783236066
0.90125 -0.0006022128954297407
0.906875 -0.00036792232406336915
0.9125 -0.00014983812816202473
0.918125 5.144472784202968e-05
0.92375 0.00023533127951653066
0.9293750000000001 0.0004011930750005604
0.935 0.0005479437370514207
0.940625 0.0006741652172318918
0.94625 0.00077843205698345
0.951875 0.000859317905345076
0.9575 0.0009148421401921705
0.963125 0.0009415254359402788
0.96875 0.0009356376532076319
0.974375 0.000893363979348783
0.98 0.0008090846393200274
0.98 0.0008090846393200274
0.985 0.0006929668352925957
0.99 0.0005318204558054177
0.995 0.0003089083532866356
1.0 0.0
