1.0 0.0
0.995 0.0005749842196810941
0.99 0.0012252340598850823
0.985 0.001930031916041391
0.98 0.0026735842508645857
0.98 0.0026735842508645857
0.974375 0.003544641352654645
0.96875 0.00444003331632273
0.963125 0.005350570349835392
0.9575 0.0062707131312444335
0.951875 0.00719508946157364
0.94625 0.008118613175615023
0.940625 0.009038312076478873
0.935 0.009952161454132715
0.9293750000000001 0.010858141067821712
0.92375 0.01175423531188266
0.918125 0.012638876855223927
0.9125 0.013511314182082743
0.906875 0.014370882287897777
0.90125 0.015216916168107684
0.895625 0.016048750818151134
0.89 0.016865996108032154
0.884375 0.017669449843476345
0.87875 0.018460230673343236
0.873125 0.01923945725158448
0.8675 0.020008248232151714
0.8618750000000001 0.020767722268996577
0.8562500000000001 0.021518898642533493
0.8506250000000001 0.022262326279563913
0.845 0.022998415083659587
0.839375 0.02372757493764697
0.83375 0.024450215724352548
0.828125 0.025166747326602814
0.8225 0.0258775786464363
0.816875 0.026582982256226486
0.81125 0.027282955885425564
0.805625 0.027977464233400542
0.8 0.028666471999518404
0.8 0.028666471999518404
0.7739130434782611 0.03178887737261125
0.7478260869565219 0.03478494580553122
0.7217391304347827 0.037641659546471494
0.6956521739130436 0.04034199442151857
0.6695652173913045 0.04286628007903235
0.6434782608695653 0.04519303800944063
0.6173913043478262 0.04730288499203574
0.5913043478260871 0.04918523059748438
0.5652173913043479 0.050833756452343115
0.5391304347826088 0.05224786001615604
0.5130434782608697 0.05343294440053543
0.4869565217391305 0.05440357880874319
0.46086956521739136 0.05517132816994144
0.4347826086956522 0.055741952108960345
0.4086956521739131 0.05611855184720832
0.3826086956521739 0.05630151294323349
0.35652173913043483 0.05628960077526646
0.3304347826086957 0.0560791516607792
0.30434782608695654 0.05565376219031845
0.27826086956521745 0.05498965442391822
0.2521739130434783 0.054069470708612816
0.22608695652173916 0.052868475834571674
0.2 0.05133397479735266
0.2 0.05133397479735266
0.19437500000000002 0.05095296947430297
0.18875 0.05055234843585527
0.183125 0.05013126377438698
0.17750000000000002 0.04968886758227543
0.171875 0.04922429832183543
0.16625 0.04873597230420672
0.16062500000000002 0.048221238293871566
0.155 0.04767735902031599
0.149375 0.04710159721302609
0.14375000000000002 0.04649121560148792
0.138125 0.04584347691519508
0.1325 0.04515565220260424
0.12687500000000002 0.04442504482621924
0.12125000000000001 0.04364896599351508
0.11562500000000002 0.04282472691196676
0.11000000000000001 0.04194963878904923
0.10437500000000001 0.041021013061589874
0.09875000000000002 0.040036173617132596
0.09312500000000001 0.038992462923835125
0.08750000000000001 0.03788722496711906
0.081875 0.03671780373240597
0.07625000000000001 0.035481528973287955
0.07062500000000001 0.03417504051909951
0.065 0.03279399375566613
0.05937500000000001 0.03133396858961344
0.053750000000000006 0.02979054245946099
0.048125 0.028153589572807485
0.0425 0.026395106125254225
0.036875000000000005 0.024483594486099765
0.03125 0.02238800445254899
0.025625000000000002 0.020085597409604174
0.02 0.017560976010979588
0.02 0.017560976010979588
0.015 0.015077909148802048
0.01 0.011999653933002247
0.005 0.007808645046063443
0.0 0.0019864159418777954
0.0 -0.0008364866509802031
0.005 -0.006117461689980339
0.01 -0.008541461637051414
0.015 -0.00982877129847607
0.02 -0.011111359414609506
0.02 -0.011111359414609506
0.025625000000000002 -0.012536724583306996
0.03125 -0.013764575191982544
0.036875000000000005 -0.014732297639929339
0.0425 -0.015507279846537105
0.048125 -0.016163107399359215
0.053750000000000006 -0.01676323031589119
0.05937500000000001 -0.017322607611656087
0.065 -0.017841713540827267
0.07062500000000001 -0.018321019783536344
0.07625000000000001 -0.018761064270205935
0.081875 -0.019163977605129553
0.08750000000000001 -0.019533522321554458
0.09312500000000001 -0.019873535055494572
0.09875000000000002 -0.02018785244296379
0.10437500000000001 -0.020480308572809698
0.11000000000000001 -0.020753997548504998
0.11562500000000002 -0.021010251392610663
0.12125000000000001 -0.021250145483734623
0.12687500000000002 -0.021474755200484794
0.1325 -0.0216851559214691
0.138125 -0.021882422994951495
0.14375000000000002 -0.022067497776490762
0.149375 -0.022240880092482665
0.155 -0.022402978955670408
0.16062500000000002 -0.022554203378797204
0.16625 -0.02269496237460624
0.171875 -0.022825664955840742
0.17750000000000002 -0.02294672029502793
0.183125 -0.023058562009425822
0.18875 -0.023161674224004204
0.19437500000000002 -0.02325654731362873
0.2 -0.023343671653165046
0.2 -0.023343671653165046
0.22608695652173916 -0.023660406320256327
0.2521739130434783 -0.02385317363473948
0.27826086956521745 -0.02392695745139893
0.30434782608695654 -0.023894803407486745
0.3304347826086957 -0.0237778364067408
0.35652173913043483 -0.023586399647484477
0.3826086956521739 -0.023324535904504434
0.4086956521739131 -0.022995222522969393
0.4347826086956522 -0.0226010480176729
0.46086956521739136 -0.022144987784461327
0.4869565217391305 -0.02162983188114306
0.5130434782608697 -0.021055848173337114
0.5391304347826088 -0.020422162243069444
0.5652173913043479 -0.019727633255126227
0.5913043478260871 -0.018970219743411756
0.6173913043478262 -0.01814129685824339
0.6434782608695653 -0.017228326139333266
0.6695652173913045 -0.016213912138783575
0.6956521739130436 -0.015080590665446444
0.7217391304347827 -0.01382576410704031
0.7478260869565219 -0.012454988341718423
0.7739130434782611 -0.010983102969604334
0.8 -0.009428745132136044
0.8 -0.009428745132136044
0.805625 -0.009084850561472011
0.81125 -0.00873834321249837
0.816875 -0.008389454664770086
0.8225 -0.0080384819689004
0.828125 -0.0076857448772442195
0.83375 -0.007331563164458268
0.839375 -0.006976256605199262
0.845 -0.006620144974123922
0.8506250000000001 -0.0062635480458889566
0.8562500000000001 -0.005906819068183348
0.8618750000000001 -0.005550614819012241
0.8675 -0.0051957536848164605
0.873125 -0.004843055554925555
0.87875 -0.004493340318669074
0.884375 -0.004147427865376566
0.89 -0.003806137934749332
0.895625 -0.0034702716317722626
0.90125 -0.003140593581582821
0.906875 -0.0028178641774766183
0.9125 -0.0025028438127492635
0.918125 -0.0021962928806963703
0.92375 -0.0018989988040507002
0.9293750000000001 -0.0016123370052018972
0.935 -0.0013382527836344614
0.940625 -0.0010787148426440447
0.94625 -0.0008356918855263043
0.951875 -0.0006111712024425028
0.9575 -0.00040738912440788436
0.963125 -0.00022675983445001043
0.96875 -7.170135688349839e-05
0.974375 5.488998767137593e-05
0.98 0.0001451104143708132
0.98 0.0001451104143708132
0.985 0.00018597039584156342
0.99 0.0001816995574137002
0.995 0.00012315864534120016
1.0 3.168309935351097e-07
