1.0 0.0
0.995 0.001572312759730702
0.99 0.0031463822543100774
0.985 0.004522356283702622
0.98 0.0057349419957548045
0.98 0.0057349419957548045
0.974375 0.006955267762094526
0.96875 0.008074050752998831
0.963125 0.009123113605138925
0.9575 0.010128689981425562
0.951875 0.011103032581461102
0.94625 0.012048936561225724
0.940625 0.012969041767239927
0.935 0.013866204144812544
0.9293750000000001 0.014743397236816426
0.92375 0.0156035842288899
0.918125 0.016448964825827736
0.9125 0.017280512350908647
0.906875 0.018099089443077674
0.90125 0.01890555443396037
0.895625 0.019700633785499872
0.89 0.020484900793786395
0.884375 0.02125892015840995
0.87875 0.022023256621363917
0.873125 0.022778507261741646
0.8675 0.023525359104375487
0.8618750000000001 0.024264514687764922
0.8562500000000001 0.02499667655040944
0.8506250000000001 0.02572253864310349
0.845 0.026442440943843626
0.839375 0.02715625161327663
0.83375 0.027863806043598786
0.828125 0.02856493962700635
0.8225 0.02925948991835642
0.816875 0.029947503630367862
0.81125 0.030629408122355668
0.805625 0.03130567111840021
0.8 0.03197676034258186
0.8 0.03197676034258186
0.7739130434782611 0.03503098713419818
0.7478260869565219 0.03798814735197363
0.7217391304347827 0.04085460107526226
0.6956521739130436 0.04364799087354826
0.6695652173913045 0.04637255338906967
0.6434782608695653 0.04902004235657204
0.6173913043478262 0.05159227621917986
0.5913043478260871 0.05410158669375725
0.5652173913043479 0.05653597712444564
0.5391304347826088 0.0588872554862309
0.5130434782608697 0.061149471032330815
0.4869565217391305 0.06329862553742945
0.46086956521739136 0.06532347585516834
0.4347826086956522 0.0672121354547712
0.4086956521739131 0.06892353839159036
0.3826086956521739 0.07041483684112394
0.35652173913043483 0.07164520078520906
0.3304347826086957 0.07256966392713911
0.30434782608695654 0.07311737176904712
0.27826086956521745 0.07317748499521542
0.2521739130434783 0.07266535437659075
0.22608695652173916 0.07154003853484368
0.2 0.06968041814048215
0.2 0.06968041814048215
0.19437500000000002 0.06916734331487703
0.18875 0.06861159807782181
0.183125 0.068013642325657
0.17750000000000002 0.06737401722638493
0.171875 0.06669326394800792
0.16625 0.06597182086298979
0.16062500000000002 0.06520850396533909
0.155 0.06440083579485242
0.149375 0.06354630294112586
0.14375000000000002 0.0626423920012695
0.138125 0.061686613506320355
0.1325 0.06067655500794196
0.12687500000000002 0.05960981952066858
0.12125000000000001 0.05848401005903447
0.11562500000000002 0.05729675946578598
0.11000000000000001 0.056045869783938454
0.10437500000000001 0.0547292026438511
0.09875000000000002 0.053344619708101476
0.09312500000000001 0.05188883204514619
0.08750000000000001 0.050354369167179086
0.081875 0.048732810942183624
0.07625000000000001 0.047015817663077684
0.07062500000000001 0.045196614458096016
0.065 0.043269847668694274
0.05937500000000001 0.041230009250089475
0.053750000000000006 0.03906402673647021
0.048125 0.036749250600028344
0.0425 0.03426200849981718
0.036875000000000005 0.03157367349579696
0.03125 0.02865208304364645
0.025625000000000002 0.025445837485470055
0.02 0.021870055595264646
0.02 0.021870055595264646
0.015 0.018298712576925825
0.01 0.01423200263284525
0.005 0.00902571023359425
0.0 0.0016198543276563773
0.0 0.00016
0.005 -0.006283211795802164
0.01 -0.00702664126302381
0.015 -0.009088812392091021
0.02 -0.009932916496253783
0.02 -0.009932916496253783
0.025625000000000002 -0.010320660794662274
0.03125 -0.010844276696798952
0.036875000000000005 -0.011393094923361527
0.0425 -0.011802387358148394
0.048125 -0.012068902625096838
0.053750000000000006 -0.012250034525954391
0.05937500000000001 -0.012396383392976851
0.065 -0.012517870206178776
0.07062500000000001 -0.012609563348599386
0.07625000000000001 -0.01266659204867433
0.081875 -0.012688047285963209
0.08750000000000001 -0.012678646444637754
0.09312500000000001 -0.012643535410467859
0.09875000000000002 -0.01258782746225819
0.10437500000000001 -0.012515017838015422
0.11000000000000001 -0.012426271149741461
0.11562500000000002 -0.012322570909229365
0.12125000000000001 -0.012204900628272205
0.12687500000000002 -0.012074233501600353
0.1325 -0.011931483557885973
0.138125 -0.011777543772862636
0.14375000000000002 -0.011613307096757498
0.149375 -0.011439666479797715
0.155 -0.011257489781407493
0.16062500000000002 -0.011067526736539157
0.16625 -0.01087049234994254
0.171875 -0.010667101621639457
0.17750000000000002 -0.010458069551651725
0.183125 -0.010244093777791818
0.18875 -0.01002559693107395
0.19437500000000002 -0.009802781878865
0.2 -0.009575845349406597
0.2 -0.009575845349406597
0.22608695652173916 -0.008475611903876431
0.2521739130434783 -0.0073196347413087524
0.27826086956521745 -0.006136927613462234
0.30434782608695654 -0.004942204402813949
0.3304347826086957 -0.0037488187217400953
0.35652173913043483 -0.002569483595083292
0.3826086956521739 -0.0014147192201855478
0.4086956521739131 -0.00028933693891522124
0.4347826086956522 0.0007982634447921607
0.46086956521739136 0.0018330814362303393
0.4869565217391305 0.002815070681490934
0.5130434782608697 0.0037477345682102336
0.5391304347826088 0.004625632102547122
0.5652173913043479 0.005450704203959165
0.5913043478260871 0.006229467521449742
0.6173913043478262 0.006957541899791413
0.6434782608695653 0.007592342668807012
0.6695652173913045 0.00805119246874291
0.6956521739130436 0.008285188187328653
0.7217391304347827 0.008283830903634394
0.7478260869565219 0.008077441929210597
0.7739130434782611 0.007705371667501091
0.8 0.007199810313472629
0.8 0.007199810313472629
0.805625 0.0070751200096795894
0.81125 0.006944851286424675
0.816875 0.006808809833723917
0.8225 0.006666801341593344
0.828125 0.006518631500048987
0.83375 0.006364113468430514
0.839375 0.006203317271003176
0.845 0.006036628424326896
0.8506250000000001 0.005864451795329101
0.8562500000000001 0.005687192250937239
0.8618750000000001 0.005505254655391024
0.8675 0.005318874525048383
0.873125 0.005127660358335867
0.87875 0.004931075568993844
0.884375 0.004728583570762681
0.89 0.0045196480124271455
0.895625 0.004304081360769723
0.90125 0.004082744762006707
0.906875 0.003856695626742011
0.9125 0.0036269913655795484
0.918125 0.003394598697437616
0.92375 0.003159433444086106
0.9293750000000001 0.0029207350371220756
0.935 0.002677731706996301
0.940625 0.002430008727246106
0.94625 0.002180104962289875
0.951875 0.0019320171625355211
0.9575 0.0016897100243417138
0.963125 0.0014556625960812574
0.96875 0.0012305120913681915
0.974375 0.001014228547433028
0.98 0.0007994776898570357
0.98 0.0007994776898570357
0.985 0.000600041204385562
0.99 0.0003986242243027528
0.995 0.0002198985092069688
1.0 0.0
