1.0 0.0
0.995 0.0003505569626085469
0.99 0.0007662186288386003
0.985 0.0012351394547481453
0.98 0.0017470199823137434
0.98 0.0017470199823137434
0.974375 0.002364515201832795
0.96875 0.0030157140561036513
0.963125 0.0036929589436327788
0.9575 0.004394157242598587
0.951875 0.005117792278850689
0.94625 0.005862342414502198
0.940625 0.0066260425642868034
0.935 0.007406778630475602
0.9293750000000001 0.008202409576077499
0.92375 0.009010794364101418
0.918125 0.00982982056946088
0.9125 0.010658000737417888
0.906875 0.011494454527891888
0.90125 0.012338326640628127
0.895625 0.013188761775371873
0.89 0.014044904631868383
0.884375 0.014905930088427347
0.87875 0.015771215058472315
0.873125 0.016640219396409486
0.8675 0.017512403209880525
0.8618750000000001 0.01838722660652712
0.8562500000000001 0.019264149693990925
0.8506250000000001 0.02014263320737546
0.845 0.02102215914141818
0.839375 0.021902235420880555
0.83375 0.02278237154362718
0.828125 0.023662077007522632
0.8225 0.024540861310431497
0.816875 0.025418233950218357
0.81125 0.026293706532911743
0.805625 0.027166876170587714
0.8 0.028037453149924174
0.8 0.028037453149924174
0.7739130434782611 0.032032863249037764
0.7478260869565219 0.03593921328937708
0.7217391304347827 0.0397342744743907
0.6956521739130436 0.043396238621323
0.6695652173913045 0.04690019902419836
0.6434782608695653 0.05022956622304696
0.6173913043478262 0.05337997400400043
0.5913043478260871 0.05634309814871238
0.5652173913043479 0.05910433673082287
0.5391304347826088 0.06162778701782361
0.5130434782608697 0.06386481809995531
0.4869565217391305 0.06578621169373375
0.46086956521739136 0.06737471781889441
0.4347826086956522 0.0686221822358934
0.4086956521739131 0.06952411642386894
0.3826086956521739 0.07007641330310051
0.35652173913043483 0.07027395228085186
0.3304347826086957 0.07010842687472126
0.30434782608695654 0.06956915797836913
0.27826086956521745 0.06864165287124584
0.2521739130434783 0.06729694963020727
0.22608695652173916 0.06549234383803051
0.2 0.06317423904918043
0.2 0.06317423904918043
0.19437500000000002 0.06260099271293916
0.18875 0.06199987315525
0.183125 0.06137000056771757
0.17750000000000002 0.060710495141946465
0.171875 0.06002047706954125
0.16625 0.05929901039209236
0.16062500000000002 0.05854474652815766
0.155 0.05775615287714471
0.149375 0.05693169598997475
0.14375000000000002 0.05606984241756903
0.138125 0.055169058710848776
0.1325 0.05422777329041033
0.12687500000000002 0.05324385001650724
0.12125000000000001 0.052214721189179865
0.11562500000000002 0.05113780818139176
0.11000000000000001 0.05001053236610653
0.10437500000000001 0.04883031509615381
0.09875000000000002 0.047593954154184624
0.09312500000000001 0.046295987122271266
0.08750000000000001 0.04493043965349352
0.081875 0.043491337400931175
0.07625000000000001 0.04197270550930358
0.07062500000000001 0.04036825895991893
0.065 0.03867087622698774
0.05937500000000001 0.03687329617623571
0.053750000000000006 0.03496825767338853
0.048125 0.03294404058796006
0.0425 0.03076787602863634
0.036875000000000005 0.028400790103277142
0.03125 0.02580434948654341
0.025625000000000002 0.022953361608968402
0.02 0.019836327444534858
0.02 0.019836327444534858
0.015 0.016797305055222485
0.01 0.013152726004487851
0.005 0.008397519754895463
0.0 0.0020254379972786366
0.0 -0.0012580150516724418
0.005 -0.006509709310091335
0.01 -0.009533643296950183
0.015 -0.011398055325257063
0.02 -0.013011739675161997
0.02 -0.013011739675161997
0.025625000000000002 -0.014725455394291993
0.03125 -0.016266338671075003
0.036875000000000005 -0.017592242772122985
0.0425 -0.018736677915540373
0.048125 -0.019747085310089504
0.053750000000000006 -0.02067015761859622
0.05937500000000001 -0.02153206978656698
0.065 -0.022336457988877467
0.07062500000000001 -0.02308580452508306
0.07625000000000001 -0.023782591694739116
0.081875 -0.024429598097794675
0.08750000000000001 -0.025030942372653322
0.09312500000000001 -0.025591121803621886
0.09875000000000002 -0.026114633697965586
0.10437500000000001 -0.02660597536294966
0.11000000000000001 -0.02706950569711019
0.11562500000000002 -0.02750774779108872
0.12125000000000001 -0.027921922917301934
0.12687500000000002 -0.028313224708504663
0.1325 -0.028682846797451762
0.138125 -0.029031982816898092
0.14375000000000002 -0.029361817939499376
0.149375 -0.029673366135874693
0.155 -0.029967482236639312
0.16062500000000002 -0.030245015028753226
0.16625 -0.03050681329917647
0.171875 -0.03075372583486907
0.17750000000000002 -0.03098660142279104
0.183125 -0.03120626609502411
0.18875 -0.031413324672695746
0.19437500000000002 -0.03160825745347113
0.2 -0.03179154334270761
0.2 -0.03179154334270761
0.22608695652173916 -0.032503121907677346
0.2521739130434783 -0.033014079830912715
0.27826086956521745 -0.03334570924059043
0.30434782608695654 -0.03351567275771419
0.3304347826086957 -0.033539942090731543
0.35652173913043483 -0.033428496041521406
0.3826086956521739 -0.03318724600262959
0.4086956521739131 -0.0328214274406533
0.4347826086956522 -0.03233527475737784
0.46086956521739136 -0.031727774408997836
0.4869565217391305 -0.03099627258551095
0.5130434782608697 -0.03014380179261367
0.5391304347826088 -0.029174908939951998
0.5652173913043479 -0.028086106832885108
0.5913043478260871 -0.026871208627417216
0.6173913043478262 -0.025531737679146425
0.6434782608695653 -0.024072563465555585
0.6695652173913045 -0.022496952934530315
0.6956521739130436 -0.02080877884623503
0.7217391304347827 -0.019019271961035002
0.7478260869565219 -0.01714435334398608
0.7739130434782611 -0.015207799566601097
0.8 -0.013229695155636274
0.8 -0.013229695155636274
0.805625 -0.01279864392636192
0.81125 -0.01236616082037267
0.816875 -0.011932333377139873
0.8225 -0.011497289118971521
0.828125 -0.011061165999490072
0.83375 -0.010624101972346728
0.839375 -0.010186234991192708
0.845 -0.009747703009679228
0.8506250000000001 -0.00930864398145749
0.8562500000000001 -0.008869235660334238
0.8618750000000001 -0.008429951633032132
0.8675 -0.00799139874164769
0.873125 -0.007554184471162468
0.87875 -0.007118916306558031
0.884375 -0.006686201732815944
0.89 -0.0062566476606908
0.895625 -0.005830811934451761
0.90125 -0.005409166485024642
0.906875 -0.00499217456680474
0.9125 -0.004580299434187351
0.918125 -0.004174004341567768
0.92375 -0.003773784128381681
0.9293750000000001 -0.003380734052820099
0.935 -0.0029964871402492995
0.940625 -0.002622695423037459
0.94625 -0.002261010933552767
0.951875 -0.001913136239344904
0.9575 -0.001581382725006453
0.963125 -0.0012684649394850386
0.96875 -0.0009771046332193924
0.974375 -0.0007102393242394679
0.98 -0.0004728786738002806
0.98 -0.0004728786738002806
0.985 -0.0002916441691838641
0.99 -0.00014357380237134745
0.995 -4.0814838561036994e-05
1.0 0.0
