1.0 0.0
0.995 0.0014200067523803153
0.99 0.0028318514078475715
0.985 0.004234683871129005
0.98 0.005627654046951849
0.98 0.005627654046951849
0.974375 0.007181898511039571
0.96875 0.008721374726174631
0.963125 0.010244872302798743
0.9575 0.011751180851353613
0.951875 0.013239089982280945
0.94625 0.014707389306022452
0.940625 0.01615486843301984
0.935 0.01758031697371482
0.9293750000000001 0.018982524538549102
0.92375 0.020360280737964413
0.918125 0.02171237518240242
0.9125 0.023037597482304842
0.906875 0.0243347372481134
0.90125 0.025602584090269803
0.895625 0.026840105905287938
0.89 0.028047931640762323
0.884375 0.029227594162177413
0.87875 0.030380635386270487
0.873125 0.03150859722977884
0.8675 0.03261302160943977
0.8618750000000001 0.03369545044199056
0.8562500000000001 0.03475742564416848
0.8506250000000001 0.03580048913271086
0.845 0.036826182824354986
0.839375 0.03783604863583811
0.83375 0.038831628483897526
0.828125 0.03981446428527055
0.8225 0.04078609795669448
0.816875 0.04174807141490656
0.81125 0.04270192657664411
0.805625 0.043649205358644416
0.8 0.04459144967764477
0.8 0.04459144967764477
0.7739130434782611 0.048906334008034034
0.7478260869565219 0.05309003654342776
0.7217391304347827 0.05708264343144932
0.6956521739130436 0.06082428437911991
0.6695652173913045 0.06427762398422328
0.6434782608695653 0.0674645819151994
0.6173913043478262 0.07041670117005733
0.5913043478260871 0.07316541303591546
0.5652173913043479 0.07573376666787097
0.5391304347826088 0.07813074838910647
0.5130434782608697 0.08036400042275552
0.4869565217391305 0.08244177548318969
0.46086956521739136 0.08438880582782689
0.4347826086956522 0.08624778370917142
0.4086956521739131 0.08806230864845954
0.3826086956521739 0.08986343437588888
0.35652173913043483 0.09151550943324713
0.3304347826086957 0.09276451784763012
0.30434782608695654 0.09335392283456816
0.27826086956521745 0.09304975086422906
0.2521739130434783 0.09178727926678543
0.22608695652173916 0.08957863125177072
0.2 0.08643631417382186
0.2 0.08643631417382186
0.19437500000000002 0.08563767995326416
0.18875 0.08479705650708083
0.183125 0.08391541971853521
0.17750000000000002 0.08299374607148709
0.171875 0.08203301204979634
0.16625 0.08103419413732278
0.16062500000000002 0.07999826881792627
0.155 0.0789262125754666
0.149375 0.07781900189380364
0.14375000000000002 0.0766759070117156
0.138125 0.07548862461801314
0.1325 0.0742467507910032
0.12687500000000002 0.07293988152997115
0.12125000000000001 0.07155761283420231
0.11562500000000002 0.07008954070298211
0.11000000000000001 0.06852526113559587
0.10437500000000001 0.06685437013132897
0.09875000000000002 0.06506646628573719
0.09312500000000001 0.06315463568964332
0.08750000000000001 0.06112234054030628
0.081875 0.05897496402092748
0.07625000000000001 0.056717889314708246
0.07062500000000001 0.054356042061937435
0.065 0.051889011772012356
0.05937500000000001 0.04931293710698168
0.053750000000000006 0.04662389884604306
0.048125 0.04381770211319749
0.0425 0.04085672412781595
0.036875000000000005 0.03763838050826643
0.03125 0.03405261766473193
0.025625000000000002 0.029989382007395426
0.02 0.025338619946439885
0.02 0.025338619946439885
0.015 0.02062240839164397
0.01 0.015277728367430365
0.005 0.009227285720182742
0.0 0.002393786296284707
0.0 0.0
0.005 -0.00683671971934435
0.01 -0.010897817488587362
0.015 -0.012923121572091472
0.02 -0.0136524602342191
0.02 -0.0136524602342191
0.025625000000000002 -0.013844936893366012
0.03125 -0.01413608674850674
0.036875000000000005 -0.014549096487130058
0.0425 -0.014956053121734997
0.048125 -0.015229043664820597
0.053750000000000006 -0.015248668681557975
0.05937500000000001 -0.01500545828299967
0.065 -0.014566441457993459
0.07062500000000001 -0.014000197870162141
0.07625000000000001 -0.013375208890411196
0.081875 -0.012738392454687768
0.08750000000000001 -0.012088194426207512
0.09312500000000001 -0.011416445731844773
0.09875000000000002 -0.010714977298473892
0.10437500000000001 -0.009976652951428988
0.11000000000000001 -0.009203084137350978
0.11562500000000002 -0.008400285665838931
0.12125000000000001 -0.007574305836653924
0.12687500000000002 -0.006731192949557034
0.1325 -0.005876995304309341
0.138125 -0.005017761200671923
0.14375000000000002 -0.004159538938405853
0.149375 -0.0033083768172722174
0.155 -0.0024697441843950013
0.16062500000000002 -0.0016458173096348169
0.16625 -0.0008376097370683742
0.171875 -4.6133685522501314e-05
0.17750000000000002 0.0007275986261759723
0.183125 0.0014825749792002079
0.18875 0.002217783154723378
0.19437500000000002 0.002932210933918651
0.2 0.0036248460979717272
0.2 0.0036248460979717272
0.22608695652173916 0.006526390968150363
0.2521739130434783 0.00885738159555621
0.27826086956521745 0.010537720081700189
0.30434782608695654 0.011487514059074586
0.3304347826086957 0.011691788493107511
0.35652173913043483 0.011292635590685628
0.3826086956521739 0.010455434003158478
0.4086956521739131 0.009344542002511894
0.4347826086956522 0.00806475143187853
0.46086956521739136 0.006629466173041067
0.4869565217391305 0.005044337625338007
0.5130434782608697 0.0033167621381567317
0.5391304347826088 0.0014939824184918504
0.5652173913043479 -0.00033707153624683154
0.5913043478260871 -0.0020877565921985737
0.6173913043478262 -0.0036721648001583193
0.6434782608695653 -0.005036317798904639
0.6695652173913045 -0.00614690032300342
0.6956521739130436 -0.006970944349853659
0.7217391304347827 -0.007481378131491866
0.7478260869565219 -0.007690708586222924
0.7739130434782611 -0.0076277297921401865
0.8 -0.007321286203642949
0.8 -0.007321286203642949
0.805625 -0.00722606746942334
0.81125 -0.00712100258482676
0.816875 -0.007006221723732111
0.8225 -0.006881855059941764
0.828125 -0.0067480327672581
0.83375 -0.006604885019483491
0.839375 -0.006452541990420315
0.845 -0.00629113385387095
0.8506250000000001 -0.006120790783637764
0.8562500000000001 -0.005941642953523143
0.8618750000000001 -0.005753820537329459
0.8675 -0.005557453708859089
0.873125 -0.005352672641914406
0.87875 -0.005139607510297789
0.884375 -0.004918388487811613
0.89 -0.0046891457482582544
0.895625 -0.004452009465440088
0.90125 -0.0042071119218943746
0.906875 -0.003954964924558043
0.9125 -0.0036968960704042504
0.918125 -0.0034343386912355526
0.92375 -0.003168726118854504
0.9293750000000001 -0.0029014916850636555
0.935 -0.002634068721665572
0.940625 -0.002367890560462806
0.94625 -0.0021043905332579107
0.951875 -0.0018450019718534425
0.9575 -0.0015911582080519555
0.963125 -0.001344292573656007
0.96875 -0.0011058384004681509
0.974375 -0.0008772290202909431
0.98 -0.0006598977649269393
0.98 -0.0006598977649269393
0.985 -0.0004773412067908329
0.99 -0.00030583494343330766
0.995 -0.00014638564959086346
1.0 0.0
