1.0 0.0002
0.995 0.0019038862365740425
0.99 0.0035764399773878615
0.985 0.005218587055303704
0.98 0.006831253303183815
0.98 0.006831253303183815
0.974375 0.008611416797806389
0.96875 0.010356758600999591
0.963125 0.012068596939631738
0.9575 0.013748250040571145
0.951875 0.015397036130686133
0.94625 0.017016273436845013
0.940625 0.018607280185916106
0.935 0.020171374604767728
0.9293750000000001 0.021709874920268196
0.92375 0.02322409935928585
0.918125 0.024715366148688956
0.9125 0.02618499351534586
0.906875 0.027634299686124873
0.90125 0.02906460288789432
0.895625 0.030477154076358683
0.89 0.031872669960428764
0.884375 0.033251612481546525
0.87875 0.03461444201214722
0.873125 0.03596161892466611
0.8675 0.03729360359153838
0.8618750000000001 0.03861085638519934
0.8562500000000001 0.03991383767808417
0.8506250000000001 0.04120300784262815
0.845 0.04247882725126654
0.839375 0.04374175627643451
0.83375 0.044992255290567336
0.828125 0.04623078466610028
0.8225 0.04745780477546857
0.816875 0.048673775991107435
0.81125 0.04987915868545214
0.805625 0.05107441323093792
0.8 0.05226
0.8 0.05226
0.7739130434782611 0.05762595296359585
0.7478260869565219 0.06272368853444531
0.7217391304347827 0.06748302296156138
0.6956521739130436 0.0718339256421498
0.6695652173913045 0.07575828321075691
0.6434782608695653 0.07936524845009969
0.6173913043478262 0.08278311766698826
0.5913043478260871 0.08613863318740497
0.5652173913043479 0.08946529848766484
0.5391304347826088 0.09265209682709859
0.5130434782608697 0.09557557961841466
0.4869565217391305 0.09811582731058584
0.46086956521739136 0.10023408818666336
0.4347826086956522 0.1019727783637772
0.4086956521739131 0.10337784299532142
0.3826086956521739 0.10448997897890368
0.35652173913043483 0.1052888722386119
0.3304347826086957 0.10571484678013417
0.30434782608695654 0.10570757057718536
0.27826086956521745 0.10519028070643324
0.2521739130434783 0.10397698164097641
0.22608695652173916 0.10183711726112182
0.2 0.09854
0.2 0.09854
0.19437500000000002 0.0976562513924535
0.18875 0.09671280076373626
0.183125 0.09571447719105217
0.17750000000000002 0.0946661097516053
0.171875 0.09357252752259962
0.16625 0.09243855958123917
0.16062500000000002 0.0912690350047279
0.155 0.09006878287026983
0.149375 0.08884262777682321
0.14375000000000002 0.08759093399059975
0.138125 0.08630123560379588
0.1325 0.08495877384679464
0.12687500000000002 0.08354878994997902
0.12125000000000001 0.082056525143732
0.11562500000000002 0.08046722065843659
0.11000000000000001 0.07876611772447577
0.10437500000000001 0.07693845757223255
0.09875000000000002 0.0749695288587086
0.09312500000000001 0.07285232113812246
0.08750000000000001 0.07059597272837094
0.081875 0.06821165536362923
0.07625000000000001 0.06571054077807235
0.07062500000000001 0.06309864171899658
0.065 0.06034099985422916
0.05937500000000001 0.05738311888088129
0.053750000000000006 0.05417038216983958
0.048125 0.05064852420409809
0.0425 0.04678434619309213
0.036875000000000005 0.042577302772241254
0.03125 0.03802965747382374
0.025625000000000002 0.03314367383011796
0.02 0.027921615373402243
0.02 0.027921615373402243
0.015 0.022999478623757293
0.01 0.01781517950213033
0.005 0.012370307759586528
0.0 0.006666453147191034
0.0 0.0
0.005 -0.007204599807122671
0.01 -0.011364299903561336
0.015 -0.013303700096438664
0.02 -0.013847400192877331
0.02 -0.013847400192877331
0.025625000000000002 -0.013817195649254965
0.03125 -0.013946092996572937
0.036875000000000005 -0.014277490343890904
0.0425 -0.014704885896707206
0.048125 -0.015121777860520172
0.053750000000000006 -0.015429131506272942
0.05937500000000001 -0.015614716740704648
0.065 -0.015722306461390525
0.07062500000000001 -0.01579660694908641
0.07625000000000001 -0.015882197938623544
0.081875 -0.016003111270325495
0.08750000000000001 -0.016140289897187993
0.09312500000000001 -0.01626925111568936
0.09875000000000002 -0.01636551222230789
0.10437500000000001 -0.016406908704749732
0.11000000000000001 -0.016389686409043425
0.11562500000000002 -0.01631887057015322
0.12125000000000001 -0.01619954049164341
0.12687500000000002 -0.016036775477078297
0.1325 -0.01583565483002219
0.138125 -0.015601257854039397
0.14375000000000002 -0.015338663852694216
0.149375 -0.015052952129550951
0.155 -0.014748782653945455
0.16062500000000002 -0.014428468925360965
0.16625 -0.014093508707164429
0.171875 -0.01374539894371063
0.17750000000000002 -0.013385636579354343
0.183125 -0.01301571855845036
0.18875 -0.012637141825353453
0.19437500000000002 -0.012251403324418403
0.2 -0.011859999999999999
0.2 -0.011859999999999999
0.22608695652173916 -0.010004036845913384
0.2521739130434783 -0.008147734151745863
0.27826086956521745 -0.006380395482387397
0.30434782608695654 -0.00479131510722202
0.3304347826086957 -0.0034666361191263155
0.35652173913043483 -0.0024847770455559584
0.3826086956521739 -0.0019229944757264178
0.4086956521739131 -0.0018571873186074938
0.4347826086956522 -0.002281793668429089
0.46086956521739136 -0.003064987356574256
0.4869565217391305 -0.004064080772460732
0.5130434782608697 -0.005138100676120735
0.5391304347826088 -0.006185504351719572
0.5652173913043479 -0.007144179607555647
0.5913043478260871 -0.007953728622541852
0.6173913043478262 -0.008558354491055744
0.6434782608695653 -0.008955745949751747
0.6695652173913045 -0.00917809860126936
0.6956521739130436 -0.009258183162681156
0.7217391304347827 -0.009227010931639135
0.7478260869565219 -0.00910389658548726
0.7739130434782611 -0.008903383256100886
0.8 -0.008640000000000002
0.8 -0.008640000000000002
0.805625 -0.00857621625014542
0.81125 -0.008509380551396583
0.816875 -0.008438688522076002
0.8225 -0.008363335780506184
0.828125 -0.008282517945009634
0.83375 -0.00819543063390886
0.839375 -0.008101269465526367
0.845 -0.007999230058184665
0.8506250000000001 -0.007888508030206255
0.8562500000000001 -0.007768298999913652
0.8618750000000001 -0.007637798585629359
0.8675 -0.007496202405675881
0.873125 -0.007342706078375731
0.87875 -0.007176505222051407
0.884375 -0.0069967954550254246
0.89 -0.006802772395620288
0.895625 -0.006593631662158501
0.90125 -0.006368570884458518
0.906875 -0.006127114308992537
0.9125 -0.0058694710966013764
0.918125 -0.005595936651014404
0.92375 -0.005306806375960994
0.9293750000000001 -0.005002375675170511
0.935 -0.004682939952372339
0.940625 -0.004348794611295842
0.94625 -0.004000235055670393
0.951875 -0.0036375566892253627
0.9575 -0.003261054915690123
0.963125 -0.002871025138794046
0.96875 -0.0024677627622665026
0.974375 -0.0020515631898368643
0.98 -0.0016227218252345028
0.98 -0.0016227218252345028
0.985 -0.001231155446897702
0.99 -0.0008300413689258773
0.995 -0.00041958706279973966
1.0 0.0
