1.0 0.0
0.995 0.002731992046839473
0.99 0.005381098637092529
0.985 0.007951144045964368
0.98 0.01044595254866019
0.98 0.01044595254866019
0.974375 0.013167442170567185
0.96875 0.015803995291996643
0.963125 0.01836105702354347
0.9575 0.020844072475802562
0.951875 0.02325848675936883
0.94625 0.02560974498483718
0.940625 0.027903292262802505
0.935 0.030144573703859718
0.9293750000000001 0.03233903441860372
0.92375 0.034492119517629455
0.918125 0.03660927411153174
0.9125 0.038695943310905534
0.906875 0.040757572226345705
0.90125 0.042799605968447216
0.895625 0.044827361369789945
0.89 0.046843549071537274
0.884375 0.048848451514768264
0.87875 0.05084225851666533
0.873125 0.05282515989441092
0.8675 0.0547973454651874
0.8618750000000001 0.056759005046177244
0.8562500000000001 0.05871032845456283
0.8506250000000001 0.06065150550752662
0.845 0.06258272602225105
0.839375 0.06450417981591844
0.83375 0.06641605670571127
0.828125 0.06831854650881199
0.8225 0.07021183904240293
0.816875 0.07209612412366662
0.81125 0.07397159156978539
0.805625 0.07583843119794172
0.8 0.07769683282531799
0.8 0.07769683282531799
0.7739130434782611 0.08620645077843239
0.7478260869565219 0.09452641415884398
0.7217391304347827 0.10264113277728679
0.6956521739130436 0.11053501051862731
0.6695652173913045 0.11816560955782833
0.6434782608695653 0.1253924158465876
0.6173913043478262 0.13205252112149102
0.5913043478260871 0.1379832446001727
0.5652173913043479 0.14310295086216912
0.5391304347826088 0.14753046240151454
0.5130434782608697 0.15141505477807238
0.4869565217391305 0.15490462540421293
0.46086956521739136 0.15804789140086706
0.4347826086956522 0.1607295237479328
0.4086956521739131 0.16281880322535552
0.3826086956521739 0.1641862587698349
0.35652173913043483 0.16473671814467475
0.3304347826086957 0.16441273570388196
0.30434782608695654 0.16315880146154932
0.27826086956521745 0.16091790711192963
0.2521739130434783 0.15761315771995218
0.22608695652173916 0.15315354959570815
0.2 0.14744777915473414
0.2 0.14744777915473414
0.19437500000000002 0.14604531583123914
0.18875 0.14458085630882844
0.183125 0.14305740854092128
0.17750000000000002 0.14147842744482614
0.171875 0.13984736793785132
0.16625 0.1381676849373055
0.16062500000000002 0.13644283336049698
0.155 0.13467626812473418
0.149375 0.13287144414732563
0.14375000000000002 0.1310316641250294
0.138125 0.12915181364582534
0.1325 0.1272141276920208
0.12687500000000002 0.12519979801470474
0.12125000000000001 0.1230900163649661
0.11562500000000002 0.12086597449389383
0.11000000000000001 0.11850886415257694
0.10437500000000001 0.11599987709210441
0.09875000000000002 0.11332020506356517
0.09312500000000001 0.11045283166169348
0.08750000000000001 0.10741149583070908
0.081875 0.10423580671235458
0.07625000000000001 0.10096617908885308
0.07062500000000001 0.09764287007909044
0.065 0.09427271217443678
0.05937500000000001 0.09078796310770174
0.053750000000000006 0.08711079015810522
0.048125 0.08316336060486719
0.0425 0.07886468743842041
0.036875000000000005 0.07411353192180573
0.03125 0.06880065140799009
0.025625000000000002 0.06281678353276131
0.02 0.056052665931907206
0.02 0.056052665931907206
0.015 0.04929676333829237
0.01 0.04176129792681325
0.005 0.03336953124688461
0.0 0.02404472484792121
0.0 0.0
0.005 -0.007134217729874929
0.01 -0.01231754430419362
0.015 -0.016029154329355387
0.02 -0.01874822241175955
0.02 -0.01874822241175955
0.025625000000000002 -0.021217404547036144
0.03125 -0.02358179353507129
0.036875000000000005 -0.025855742119010584
0.0425 -0.027925476784323264
0.048125 -0.02967722401647863
0.053750000000000006 -0.031002237115379628
0.05937500000000001 -0.031900236160738386
0.065 -0.032475578518133714
0.07062500000000001 -0.03283688215858061
0.07625000000000001 -0.03309276172240953
0.081875 -0.033326186463872275
0.08750000000000001 -0.0335326695639751
0.09312500000000001 -0.0336890978189326
0.09875000000000002 -0.03377235802495935
0.10437500000000001 -0.03376066408278482
0.11000000000000001 -0.03365194816890562
0.11562500000000002 -0.03345925077795618
0.12125000000000001 -0.03319599697258776
0.12687500000000002 -0.032875611815451594
0.1325 -0.03251152036919894
0.138125 -0.03211714769648103
0.14375000000000002 -0.031705918859949125
0.149375 -0.03129125892225445
0.155 -0.030885442662538443
0.16062500000000002 -0.03048999550713924
0.16625 -0.030100579065777504
0.171875 -0.02971279575619566
0.17750000000000002 -0.0293222479961361
0.183125 -0.028924538203341246
0.18875 -0.028515268795553505
0.19437500000000002 -0.02809004219051528
0.2 -0.027644460805968978
0.2 -0.027644460805968978
0.22608695652173916 -0.02528339234575438
0.2521739130434783 -0.02258100176392143
0.27826086956521745 -0.01974800177908413
0.30434782608695654 -0.01699500315255482
0.3304347826086957 -0.014484279830113318
0.35652173913043483 -0.01225322368169835
0.3826086956521739 -0.010319328245189508
0.4086956521739131 -0.008699622635284147
0.4347826086956522 -0.007381416347773239
0.46086956521739136 -0.0063048544213678
0.4869565217391305 -0.005405893507959301
0.5130434782608697 -0.004622230570288934
0.5391304347826088 -0.003932319521795455
0.5652173913043479 -0.0033557808425267906
0.5913043478260871 -0.0029140572491311127
0.6173913043478262 -0.0026265024398656437
0.6434782608695653 -0.0024880496418611176
0.6695652173913045 -0.0024778122960544885
0.6956521739130436 -0.002574637260732471
0.7217391304347827 -0.002755225883948119
0.7478260869565219 -0.002981929873344112
0.7739130434782611 -0.0032112151264676305
0.8 -0.003399529654655993
0.8 -0.003399529654655993
0.805625 -0.0034307617948296574
0.81125 -0.0034589362173135254
0.816875 -0.003484943919375333
0.8225 -0.0035096758989217446
0.828125 -0.0035340231538594233
0.83375 -0.003558876682095032
0.839375 -0.003585127481535235
0.845 -0.0036136665500866956
0.8506250000000001 -0.0036453848856560786
0.8562500000000001 -0.0036811734861500454
0.8618750000000001 -0.0037219233494752597
0.8675 -0.0037685254735383865
0.873125 -0.0038218708562460886
0.87875 -0.0038828504955050296
0.884375 -0.003952355389221874
0.89 -0.004031276535303282
0.895625 -0.004120504931655922
0.90125 -0.004220919229506453
0.906875 -0.004330750708735986
0.9125 -0.004442309274847626
0.918125 -0.004547101343281206
0.92375 -0.00463663332947656
0.9293750000000001 -0.0047024116488735244
0.935 -0.004735942716911931
0.940625 -0.004728732949031614
0.94625 -0.004672288760672409
0.951875 -0.004558116567274149
0.9575 -0.00437772278427667
0.963125 -0.004122613827119804
0.96875 -0.003784296111243386
0.974375 -0.0033542760520872505
0.98 -0.0028240600650912308
0.98 -0.0028240600650912308
0.985 -0.0022617755384626696
0.99 -0.0016076475626746651
0.995 -0.0008557108218221363
1.0 0.0
