1.0 -0.00197
0.995 -0.0006259564267216781
0.99 0.0006398159926390879
0.985 0.0018404253388120749
0.98 0.0029889796925270606
0.98 0.0029889796925270606
0.974375 0.004235396612327763
0.96875 0.0054528027082160315
0.963125 0.006661758136803567
0.9575 0.007877937786782916
0.951875 0.009103529731649549
0.94625 0.010338420824523147
0.940625 0.01158335445878019
0.935 0.012840817875954461
0.9293750000000001 0.014113510355031058
0.92375 0.015404071244136296
0.918125 0.016714928356227694
0.9125 0.0180484628559438
0.906875 0.019406812448442202
0.90125 0.020789347588920405
0.895625 0.022193682861166086
0.89 0.023617421578854325
0.884375 0.025059333960938655
0.87875 0.02652010074944149
0.873125 0.028000579537318986
0.8675 0.029501183685216866
0.8618750000000001 0.031020155093146873
0.8562500000000001 0.032555073198068885
0.8506250000000001 0.034103581992283596
0.845 0.035664513995384874
0.839375 0.03723774420964807
0.83375 0.038823182438153796
0.828125 0.04042050484680109
0.8225 0.04202879192027544
0.816875 0.04364703058736027
0.81125 0.04527413305642882
0.805625 0.04690833802467167
0.8 0.04854752733132556
0.8 0.04854752733132556
0.7739130434782611 0.05616883821728313
0.7478260869565219 0.06373672377475606
0.7217391304347827 0.07113662748232238
0.6956521739130436 0.07824061575035357
0.6695652173913045 0.08491794096453607
0.6434782608695653 0.0910392681837774
0.6173913043478262 0.09647483027895437
0.5913043478260871 0.10118491361891509
0.5652173913043479 0.10517765246302364
0.5391304347826088 0.10846986153341315
0.5130434782608697 0.11109831856490276
0.4869565217391305 0.11310101883751664
0.46086956521739136 0.11451795247224619
0.4347826086956522 0.11538539658991347
0.4086956521739131 0.11570954385992134
0.3826086956521739 0.1155280523628774
0.35652173913043483 0.11481326170881977
0.3304347826086957 0.11354057480733779
0.30434782608695654 0.11167204126408989
0.27826086956521745 0.10915665002258099
0.2521739130434783 0.10593963875593758
0.22608695652173916 0.10199067062815455
0.2 0.09723658157730261
0.2 0.09723658157730261
0.19437500000000002 0.096100660896698
0.18875 0.09492322394942752
0.183125 0.09370274576383143
0.17750000000000002 0.09243794251859933
0.171875 0.09112772856921275
0.16625 0.08977101974525949
0.16062500000000002 0.08836645540953961
0.155 0.08691223921372826
0.149375 0.08540653621738846
0.14375000000000002 0.08384730214459928
0.138125 0.08223190593034309
0.1325 0.08055761446765805
0.12687500000000002 0.07882173986368297
0.12125000000000001 0.07702179438289057
0.11562500000000002 0.07515534565838757
0.11000000000000001 0.07321976016706715
0.10437500000000001 0.07121123490736209
0.09875000000000002 0.06912554534454518
0.09312500000000001 0.06695829882884519
0.08750000000000001 0.06470408205912706
0.081875 0.0623570974297238
0.07625000000000001 0.05991089819542082
0.07062500000000001 0.057355918621302376
0.065 0.054681655916628116
0.05937500000000001 0.05187735864179704
0.053750000000000006 0.04893161546603432
0.048125 0.04583242852376581
0.0425 0.042557093957891146
0.036875000000000005 0.03907235789475187
0.03125 0.035340850950927316
0.025625000000000002 0.03131479847597373
0.02 0.026915552012861298
0.02 0.026915552012861298
0.015 0.022554481348633887
0.01 0.01760208821594848
0.005 0.011548561511176881
0.0 0.0012511095289493527
0.0 -0.0008307052444659044
0.005 -0.009806144558845506
0.01 -0.01345114974449166
0.015 -0.016017996259628485
0.02 -0.018055728354246788
0.02 -0.018055728354246788
0.025625000000000002 -0.01992618444992305
0.03125 -0.021523139048034573
0.036875000000000005 -0.02291101291509826
0.0425 -0.024135058690237264
0.048125 -0.025228316618213804
0.053750000000000006 -0.026220281164152866
0.05937500000000001 -0.027126874353669464
0.065 -0.02795996398301218
0.07062500000000001 -0.02873034029373434
0.07625000000000001 -0.029444644004196618
0.081875 -0.030108516470180643
0.08750000000000001 -0.030727463663294808
0.09312500000000001 -0.03130606723750215
0.09875000000000002 -0.031848522629638026
0.10437500000000001 -0.03235898152863622
0.11000000000000001 -0.03284059642459939
0.11562500000000002 -0.03329550778369567
0.12125000000000001 -0.03372581100581671
0.12687500000000002 -0.03413350214163397
0.1325 -0.03452026905432524
0.138125 -0.03488774002593711
0.14375000000000002 -0.03523751024526829
0.149375 -0.03557072998904434
0.155 -0.03588823105288555
0.16062500000000002 -0.03619083812645742
0.16625 -0.03647927068434588
0.171875 -0.036753968050452425
0.17750000000000002 -0.037015323431899824
0.183125 -0.03726375588394423
0.18875 -0.03750003552524979
0.19437500000000002 -0.03772518555444083
0.2 -0.03794023461258208
0.2 -0.03794023461258208
0.22608695652173916 -0.038817535492252794
0.2521739130434783 -0.039509531904732595
0.27826086956521745 -0.04004131176832707
0.30434782608695654 -0.04043587415341539
0.3304347826086957 -0.04071126297944176
0.35652173913043483 -0.04087598076908511
0.3826086956521739 -0.040953048194096606
0.4086956521739131 -0.040942043134229084
0.4347826086956522 -0.0408595360164377
0.46086956521739136 -0.04069650030696743
0.4869565217391305 -0.04046298099077238
0.5130434782608697 -0.04013385713197791
0.5391304347826088 -0.03971175342313599
0.5652173913043479 -0.03917188626640874
0.5913043478260871 -0.038490598628053124
0.6173913043478262 -0.03765533498350488
0.6434782608695653 -0.0366365371479027
0.6695652173913045 -0.03540142166314553
0.6956521739130436 -0.033909635719736805
0.7217391304347827 -0.03212093588419007
0.7478260869565219 -0.02996913226556119
0.7739130434782611 -0.02736259470466185
0.8 -0.02417230122631266
0.8 -0.02417230122631266
0.805625 -0.0233955669266275
0.81125 -0.022585412965918154
0.816875 -0.021740908780729488
0.8225 -0.02086183694401694
0.828125 -0.019949812176570172
0.83375 -0.019006739354620727
0.839375 -0.0180346803360835
0.845 -0.017036915163932655
0.8506250000000001 -0.0160172934233415
0.8562500000000001 -0.014979719119187766
0.8618750000000001 -0.013930288039677876
0.8675 -0.012878065783008949
0.873125 -0.011832329256284455
0.87875 -0.010802311675871564
0.884375 -0.009797054388496955
0.89 -0.00882554608631155
0.895625 -0.007896577025295082
0.90125 -0.007016223956667094
0.906875 -0.006188598264796975
0.9125 -0.005417773670400256
0.918125 -0.004708106621290471
0.92375 -0.004064345754131229
0.9293750000000001 -0.0034912658090826324
0.935 -0.0029930537297466714
0.940625 -0.0025725850079705626
0.94625 -0.0022325575441563923
0.951875 -0.0019754201426980846
0.9575 -0.001802860919159476
0.963125 -0.0017164211539684986
0.96875 -0.0017118695159331714
0.974375 -0.0017666404076254008
0.98 -0.0018545138099454093
0.98 -0.0018545138099454093
0.985 -0.00193732152718463
0.99 -0.0020001023821251754
0.995 -0.0020189604984894856
1.0 -0.00197
