1.0 -1e-05
0.995 0.0017228720544811135
0.99 0.0030654798689779537
0.985 0.004258520746132064
0.98 0.005393466791686227
0.98 0.005393466791686227
0.974375 0.006663794234879761
0.96875 0.007932273919324155
0.963125 0.009192649122305867
0.9575 0.010441489855184075
0.951875 0.011677100900710786
0.94625 0.012897779515376254
0.940625 0.014101533491152164
0.935 0.015286219471704037
0.9293750000000001 0.01644970187478465
0.92375 0.017591277112674573
0.918125 0.018713222342445428
0.9125 0.01981818679549729
0.906875 0.02090881796302317
0.90125 0.021987056923763546
0.895625 0.02305305737100821
0.89 0.02410669460550412
0.884375 0.025147843927998216
0.87875 0.026176395435731768
0.873125 0.02719247785967467
0.8675 0.028196412865329406
0.8618750000000001 0.02918852764518374
0.8562500000000001 0.030169149391725426
0.8506250000000001 0.03113860130055635
0.845 0.032097132034905516
0.839375 0.033044924273632925
0.83375 0.03398215841627006
0.828125 0.034909014862348396
0.8225 0.03582567396238237
0.816875 0.03673225896823333
0.81125 0.03762872587871442
0.805625 0.03851500022844865
0.8 0.03939100755205902
0.8 0.03939100755205902
0.7739130434782611 0.04331747364682245
0.7478260869565219 0.047017118165386784
0.7217391304347827 0.05049143802117218
0.6956521739130436 0.053747576167424746
0.6695652173913045 0.05678714944231833
0.6434782608695653 0.05960644938651889
0.6173913043478262 0.0622006777683066
0.5913043478260871 0.06457114916594894
0.5652173913043479 0.06671617295132849
0.5391304347826088 0.06863069950915417
0.5130434782608697 0.07030853091773359
0.4869565217391305 0.07174130620150342
0.46086956521739136 0.07291774813424239
0.4347826086956522 0.07382296757463676
0.4086956521739131 0.07444142759413475
0.3826086956521739 0.07475235175228961
0.35652173913043483 0.07472725239969673
0.3304347826086957 0.07434388982008193
0.30434782608695654 0.07357606432527357
0.27826086956521745 0.07239370848997337
0.2521739130434783 0.07077858005927797
0.22608695652173916 0.0687086603538867
0.2 0.06614786112070535
0.2 0.06614786112070535
0.19437500000000002 0.0655261281622434
0.18875 0.06487780722169202
0.183125 0.0642018884616358
0.17750000000000002 0.06349736204465929
0.171875 0.06276320069525124
0.16625 0.06199807334389447
0.16062500000000002 0.06120039099157938
0.155 0.06036855645119448
0.149375 0.059500972535628235
0.14375000000000002 0.058596025630266446
0.138125 0.0576516969367101
0.1325 0.056665546668698774
0.12687500000000002 0.055635115450203186
0.12125000000000001 0.05455794390519411
0.11562500000000002 0.05343143373321098
0.11000000000000001 0.05225187691699265
0.10437500000000001 0.051015033627915596
0.09875000000000002 0.04971666069588662
0.09312500000000001 0.04835249636228187
0.08750000000000001 0.04691778063314396
0.081875 0.04540721251681065
0.07625000000000001 0.04381546386243242
0.07062500000000001 0.042136985292523625
0.065 0.04036279782522106
0.05937500000000001 0.03848121993200334
0.053750000000000006 0.03648049456894032
0.048125 0.034348071056829334
0.0425 0.03206944586252824
0.036875000000000005 0.02962969534242454
0.03125 0.026992951718129696
0.025625000000000002 0.024079100761232312
0.02 0.02080951816233991
0.02 0.02080951816233991
0.015 0.017587005418028236
0.01 0.014005968485824232
0.005 0.009258563793187916
0.0 0.0020669772748436554
0.0 -8e-05
0.005 -0.006553451770843996
0.01 -0.0072244387001354875
0.015 -0.008641003282954246
0.02 -0.009178369533024644
0.02 -0.009178369533024644
0.025625000000000002 -0.009325304512648767
0.03125 -0.00956343219000768
0.036875000000000005 -0.009838233446738322
0.0425 -0.010027489465087573
0.048125 -0.010117993385661873
0.053750000000000006 -0.010148139350886043
0.05937500000000001 -0.010152530364484772
0.065 -0.010138630509159524
0.07062500000000001 -0.010102874673595582
0.07625000000000001 -0.010041746436769326
0.081875 -0.00995470242353629
0.08750000000000001 -0.009844972133914229
0.09312500000000001 -0.009716028437239588
0.09875000000000002 -0.009571281487658507
0.10437500000000001 -0.009412892183451246
0.11000000000000001 -0.009241870912632837
0.11562500000000002 -0.00905918513913411
0.12125000000000001 -0.008865800976141014
0.12687500000000002 -0.008662469559133686
0.1325 -0.008449493435260464
0.138125 -0.008227118993306692
0.14375000000000002 -0.00799559262205772
0.149375 -0.007755169067501211
0.155 -0.007506282673494224
0.16062500000000002 -0.007249540639577128
0.16625 -0.006985557173436503
0.171875 -0.00671494648275891
0.17750000000000002 -0.006438320837262634
0.183125 -0.006156231459651206
0.18875 -0.005869157670353699
0.19437500000000002 -0.005577574662532913
0.2 -0.005281957629351654
0.2 -0.005281957629351654
0.22608695652173916 -0.003869970680274961
0.2521739130434783 -0.00240965947901205
0.27826086956521745 -0.0009290595715655882
0.30434782608695654 0.0005426236782717367
0.3304347826086957 0.0019831083350855087
0.35652173913043483 0.0033781429672422097
0.3826086956521739 0.0047184595203169505
0.4086956521739131 0.005991609756021597
0.4347826086956522 0.007173390302954369
0.46086956521739136 0.008265421782718054
0.4869565217391305 0.009273075596985219
0.5130434782608697 0.010179092805583352
0.5391304347826088 0.010977666504980135
0.5652173913043479 0.011662612019620796
0.5913043478260871 0.01221804019968661
0.6173913043478262 0.012640025747197907
0.6434782608695653 0.012929507524805438
0.6695652173913045 0.013085174938486361
0.6956521739130436 0.013096278209404568
0.7217391304347827 0.012948576294209778
0.7478260869565219 0.0126292760573321
0.7739130434782611 0.012131796954388922
0.8 0.011448537253238881
0.8 0.011448537253238881
0.805625 0.011275877825052414
0.81125 0.011093935394929795
0.816875 0.010902568498846134
0.8225 0.01070163567277655
0.828125 0.010491008860474169
0.83375 0.010270633616437541
0.839375 0.010040480625196972
0.845 0.009800520592855966
0.8506250000000001 0.009550724225518023
0.8562500000000001 0.009291058936381972
0.8618750000000001 0.009021396812223116
0.8675 0.008741502264246689
0.873125 0.00845113392942926
0.87875 0.008150050444747387
0.884375 0.00783801915853727
0.89 0.007515111512960832
0.895625 0.007181775072808398
0.90125 0.00683848072436956
0.906875 0.006485699353933904
0.9125 0.00612389013722043
0.918125 0.00575343706365443
0.92375 0.00537469440745114
0.9293750000000001 0.004988016369624046
0.935 0.004593805476037053
0.940625 0.00419285139037868
0.94625 0.003786129763157934
0.951875 0.0033746217266594648
0.9575 0.002959803453130342
0.963125 0.0025440991671514443
0.96875 0.002130038418361554
0.974375 0.0017200298229843912
0.98 0.001316284941535755
0.98 0.001316284941535755
0.985 0.000965023091482867
0.99 0.000626118672154118
0.995 0.00030267040822048097
1.0 -2e-05
