1.0 0.0
0.995 0.0008455069046871884
0.99 0.0018197042952410303
0.985 0.0028697249813248982
0.98 0.0039507077447932405
0.98 0.0039507077447932405
0.974375 0.005176769063304443
0.96875 0.006388969544542691
0.963125 0.007567198042876359
0.9575 0.008709851073476708
0.951875 0.009819417442421645
0.94625 0.010898387029270255
0.940625 0.01194995364671651
0.935 0.012979229204062324
0.9293750000000001 0.01399164926681629
0.92375 0.014992649400487027
0.918125 0.0159876548035664
0.9125 0.016980689411895806
0.906875 0.017972972905092414
0.90125 0.018965390907562066
0.895625 0.019958829043710605
0.89 0.02095417293794388
0.884375 0.02195229920167246
0.87875 0.022953739524116668
0.873125 0.023958580660585746
0.8675 0.02496687994370033
0.8618750000000001 0.02597869470608107
0.8562500000000001 0.026994082280348573
0.8506250000000001 0.02801309999912351
0.845 0.029035797636410718
0.839375 0.030062154331256682
0.83375 0.03109211069104464
0.828125 0.03212560693420207
0.8225 0.0331625832791564
0.816875 0.03420297994433512
0.81125 0.03524673714816566
0.805625 0.036293794963060975
0.8 0.03734408435448987
0.8 0.03734408435448987
0.7739130434782611 0.042254806850318384
0.7478260869565219 0.047224262018513236
0.7217391304347827 0.0522339939748749
0.6956521739130436 0.057258436290192394
0.6695652173913045 0.0622806813390567
0.6434782608695653 0.0672866772056665
0.6173913043478262 0.07224948337113904
0.5913043478260871 0.07713806021658058
0.5652173913043479 0.08192809425330871
0.5391304347826088 0.08659560396462838
0.5130434782608697 0.09110604782373585
0.4869565217391305 0.09542141848776929
0.46086956521739136 0.09950340833408514
0.4347826086956522 0.10331281480844351
0.4086956521739131 0.1068072781310384
0.3826086956521739 0.10993796396336182
0.35652173913043483 0.11263971459968686
0.3304347826086957 0.11484516585387183
0.30434782608695654 0.11648724213726444
0.27826086956521745 0.11747935974384871
0.2521739130434783 0.1177121691390415
0.22608695652173916 0.11704865718830063
0.2 0.11531535910052162
0.2 0.11531535910052162
0.19437500000000002 0.11478042327356262
0.18875 0.11418329861701237
0.183125 0.11352158379157766
0.17750000000000002 0.11279286747054938
0.171875 0.11199473832721848
0.16625 0.11112478503487586
0.16062500000000002 0.11018059501254185
0.155 0.1091589766517803
0.149375 0.10805463191823748
0.14375000000000002 0.106861910259068
0.138125 0.1055751611214265
0.1325 0.10418873395246754
0.12687500000000002 0.10269691774420225
0.12125000000000001 0.10109282061182645
0.11562500000000002 0.09936847568303636
0.11000000000000001 0.0975158768668611
0.10437500000000001 0.09552701807232984
0.09875000000000002 0.09339398101056609
0.09312500000000001 0.09111058268447708
0.08750000000000001 0.08867223082397702
0.081875 0.08607439197952384
0.07625000000000001 0.08331252915545462
0.07062500000000001 0.08037756700968751
0.065 0.07724699762474035
0.05937500000000001 0.07389583969398807
0.053750000000000006 0.07029915020835623
0.048125 0.06643751490680956
0.0425 0.06230277562165297
0.036875000000000005 0.05788814285760195
0.03125 0.05313960309407147
0.025625000000000002 0.047793528424393855
0.02 0.04153349447959342
0.02 0.04153349447959342
0.015 0.03519825269397223
0.01 0.02851919471113689
0.005 0.01980524790813533
0.0 0.0018894304424969576
0.0 0.0
0.005 -0.017925992992828564
0.01 -0.019547565901140828
0.015 -0.023310768314855616
0.02 -0.02848253061846743
0.02 -0.02848253061846743
0.025625000000000002 -0.03311029897985903
0.03125 -0.03623170278209635
0.036875000000000005 -0.03863280580439858
0.0425 -0.04098877359609769
0.048125 -0.04338126451442825
0.053750000000000006 -0.04569809324689531
0.05937500000000001 -0.04782733512516982
0.065 -0.049704310429576994
0.07062500000000001 -0.05135750847006122
0.07625000000000001 -0.05282632285895282
0.081875 -0.05415014720858214
0.08750000000000001 -0.05536383666463266
0.09312500000000001 -0.05647685046078974
0.09875000000000002 -0.05748981909483987
0.10437500000000001 -0.05840336420037687
0.11000000000000001 -0.05921810741099456
0.11562500000000002 -0.05993503846628189
0.12125000000000001 -0.060557452231774174
0.12687500000000002 -0.061089533976621424
0.1325 -0.061535470879129264
0.138125 -0.0618994501176033
0.14375000000000002 -0.06218565888213357
0.149375 -0.06239829062549269
0.155 -0.06254155534824436
0.16062500000000002 -0.0626196657525236
0.16625 -0.06263683454046547
0.171875 -0.06259727441420494
0.17750000000000002 -0.06250519807587712
0.183125 -0.06236479905313953
0.18875 -0.06218008332592399
0.19437500000000002 -0.06195495078991457
0.2 -0.061693300136353504
0.2 -0.061693300136353504
0.22608695652173916 -0.06011456381094576
0.2521739130434783 -0.05814060670287401
0.27826086956521745 -0.05591763255794021
0.30434782608695654 -0.053533365567113536
0.3304347826086957 -0.05103754455519396
0.35652173913043483 -0.048467882734787325
0.3826086956521739 -0.04585444824905879
0.4086956521739131 -0.04321787483211758
0.4347826086956522 -0.04057344076585271
0.46086956521739136 -0.03793729133208462
0.4869565217391305 -0.03532583177118694
0.5130434782608697 -0.03274819664249103
0.5391304347826088 -0.030206990211793367
0.5652173913043479 -0.027709042408674788
0.5913043478260871 -0.025267071549162357
0.6173913043478262 -0.022890357611405968
0.6434782608695653 -0.020580701063987634
0.6695652173913045 -0.018340918755613993
0.6956521739130436 -0.016178858981444045
0.7217391304347827 -0.014103116706264539
0.7478260869565219 -0.012122012092887725
0.7739130434782611 -0.010243046377163601
0.8 -0.008471563853320584
0.8 -0.008471563853320584
0.805625 -0.008104318476299183
0.81125 -0.007742612574734252
0.816875 -0.007386616150537988
0.8225 -0.007036499205622601
0.828125 -0.006692431741900292
0.83375 -0.006354583761283266
0.839375 -0.0060231250990417816
0.845 -0.005698207967011394
0.8506250000000001 -0.005379951637405149
0.8562500000000001 -0.005068471771614893
0.8618750000000001 -0.004763884031032456
0.8675 -0.00446630407704967
0.873125 -0.004175847571058375
0.87875 -0.0038926301804537737
0.884375 -0.0036167760446877383
0.89 -0.003348434641098665
0.895625 -0.0030877601634761334
0.90125 -0.0028349068056097216
0.906875 -0.0025900287612890104
0.9125 -0.0023532802243035784
0.918125 -0.002124726818751901
0.92375 -0.001903806897671525
0.9293750000000001 -0.0016896880128186597
0.935 -0.001481536645220115
0.940625 -0.0012785192759026892
0.94625 -0.0010798386553789712
0.951875 -0.0008855061873059302
0.9575 -0.0006963279863602625
0.963125 -0.0005131436480151306
0.96875 -0.0003368268655018834
0.974375 -0.00017242299072224977
0.98 -3.310412470130923e-05
0.98 -3.310412470130923e-05
0.985 5.826971846681138e-05
0.99 0.00010709078642380964
0.995 9.4574041247181e-05
1.0 0.0
