1.0 0.0
0.995 0.0005061751548901326
0.99 0.001121244013558633
0.985 0.0018108462622037393
0.98 0.0025441290452162366
0.98 0.0025441290452162366
0.974375 0.003397413702252802
0.96875 0.004257566082711423
0.963125 0.00510374049100399
0.9575 0.005932195024865938
0.951875 0.006744903981298964
0.94625 0.007543845689712637
0.940625 0.008331111145815657
0.935 0.00910952011608075
0.9293750000000001 0.009882182359350594
0.92375 0.010652208377862722
0.918125 0.011422708673854629
0.9125 0.012196603600286795
0.906875 0.012975274425180624
0.90125 0.013759356538618515
0.895625 0.014549480429391843
0.89 0.015346276586291998
0.884375 0.016150375498110357
0.87875 0.016962347361017965
0.873125 0.01778221998059129
0.8675 0.018609734239213756
0.8618750000000001 0.01944462840995818
0.8562500000000001 0.02028664076589738
0.8506250000000001 0.021135509580104163
0.845 0.02199097312565136
0.839375 0.02285279588982318
0.83375 0.023720904307961407
0.828125 0.02459528659389084
0.8225 0.025475931083821058
0.816875 0.02636282611396167
0.81125 0.027255960020522236
0.805625 0.028155321139712353
0.8 0.02906089729649639
0.8 0.02906089729649639
0.7739130434782611 0.03333752685619086
0.7478260869565219 0.03772441078085896
0.7217391304347827 0.04219848775674942
0.6956521739130436 0.04673504503288533
0.6695652173913045 0.0513127490281224
0.6434782608695653 0.05591454247909136
0.6173913043478262 0.060518115685368495
0.5913043478260871 0.06509518469368204
0.5652173913043479 0.06961750803073073
0.5391304347826088 0.07405712570547945
0.5130434782608697 0.0783843061154736
0.4869565217391305 0.0825672095541612
0.46086956521739136 0.08656799484195027
0.4347826086956522 0.0903428595597852
0.4086956521739131 0.09384884831190882
0.3826086956521739 0.09704303385433756
0.35652173913043483 0.09986895642294798
0.3304347826086957 0.10225987833508733
0.30434782608695654 0.10414513997316421
0.27826086956521745 0.10544717732922002
0.2521739130434783 0.10606899193379946
0.22608695652173916 0.10589101315275148
0.2 0.10476156774750046
0.2 0.10476156774750046
0.19437500000000002 0.10437477711699546
0.18875 0.1039323420974897
0.183125 0.10343207964954067
0.17750000000000002 0.10287172420016391
0.171875 0.10224878807484868
0.16625 0.10156074661908429
0.16062500000000002 0.1008050751783599
0.155 0.09997924909816487
0.149375 0.09908074358108081
0.14375000000000002 0.09810613490591334
0.138125 0.0970489694330824
0.1325 0.09590215581255072
0.12687500000000002 0.0946586026942811
0.12125000000000001 0.0933112187282362
0.11562500000000002 0.09185282772138052
0.11000000000000001 0.09027492334206084
0.10437500000000001 0.08856794338909137
0.09875000000000002 0.08672229659065413
0.09312500000000001 0.08472839167493108
0.08750000000000001 0.08257683356441721
0.081875 0.08025991264897687
0.07625000000000001 0.0777707778546717
0.07062500000000001 0.07510258493000094
0.065 0.07224803299545547
0.05937500000000001 0.06919002167303309
0.053750000000000006 0.06590202639831641
0.048125 0.06235714107718242
0.0425 0.05852702062099232
0.036875000000000005 0.05437444326160729
0.03125 0.04985880570348649
0.025625000000000002 0.04491380280836498
0.02 0.0392949630807186
0.02 0.0392949630807186
0.015 0.03347610208410284
0.01 0.02664711887353269
0.005 0.01858310866242871
0.0 0.009059166664211502
0.0 0.0
0.005 -0.014655495228781864
0.01 -0.02103274735906071
0.015 -0.02417620775021637
0.02 -0.02764895624475752
0.02 -0.02764895624475752
0.025625000000000002 -0.03190043248814116
0.03125 -0.03578300808384371
0.036875000000000005 -0.038997182310446195
0.0425 -0.041731253354992684
0.048125 -0.044196498490307656
0.053750000000000006 -0.04654096631500791
0.05937500000000001 -0.04876691185249283
0.065 -0.05085611008665976
0.07062500000000001 -0.05279038186550817
0.07625000000000001 -0.05456091544171955
0.081875 -0.05617962690683182
0.08750000000000001 -0.05766121048822705
0.09312500000000001 -0.05902036041328728
0.09875000000000002 -0.06027144785381258
0.10437500000000001 -0.06142301638301481
0.11000000000000001 -0.06247855383419804
0.11562500000000002 -0.06344138033436864
0.12125000000000001 -0.064314816010533
0.12687500000000002 -0.06510217979688514
0.1325 -0.06580665090786712
0.138125 -0.06643113964648283
0.14375000000000002 -0.06697852575806006
0.149375 -0.06745168898792654
0.155 -0.0678535090814101
0.16062500000000002 -0.06818686774497124
0.16625 -0.06845479254496548
0.171875 -0.06866055502988837
0.17750000000000002 -0.06880744997701116
0.183125 -0.0688987721636051
0.18875 -0.06893781636694145
0.19437500000000002 -0.06892787736429148
0.2 -0.06887225825764905
0.2 -0.06887225825764905
0.22608695652173916 -0.06811620249275899
0.2521739130434783 -0.06678797357899931
0.27826086956521745 -0.06510627186681878
0.30434782608695654 -0.06318203202334678
0.3304347826086957 -0.061073503127773765
0.35652173913043483 -0.05881896876518505
0.3826086956521739 -0.056458398315612585
0.4086956521739131 -0.05402698707196622
0.4347826086956522 -0.051539713044664835
0.46086956521739136 -0.04900780652780748
0.4869565217391305 -0.046447261405409
0.5130434782608697 -0.04387398228051271
0.5391304347826088 -0.04129648853013989
0.5652173913043479 -0.038720637421443015
0.5913043478260871 -0.03615106904199532
0.6173913043478262 -0.03359222302795938
0.6434782608695653 -0.031052078754204113
0.6695652173913045 -0.02854030632557742
0.6956521739130436 -0.026061908043945807
0.7217391304347827 -0.023618881048747903
0.7478260869565219 -0.02121545895543201
0.7739130434782611 -0.01885704347096392
0.8 -0.016545810796362748
0.8 -0.016545810796362748
0.805625 -0.016053691307017108
0.81125 -0.015563869741338351
0.816875 -0.015076445274626963
0.8225 -0.01459151719069774
0.828125 -0.014109184773365492
0.83375 -0.013629547306445009
0.839375 -0.013152704073751098
0.845 -0.012678754149144442
0.8506250000000001 -0.012207723416986787
0.8562500000000001 -0.011739457440373958
0.8618750000000001 -0.011273774506255494
0.8675 -0.010810492901580924
0.873125 -0.0103494309132998
0.87875 -0.009890406828361656
0.884375 -0.009433239894038848
0.89 -0.00897783925773765
0.895625 -0.008524276054275927
0.90125 -0.008072638382608383
0.906875 -0.007623014341689714
0.9125 -0.007175492030474628
0.918125 -0.006730152105432277
0.92375 -0.006286179033216723
0.9293750000000001 -0.005841019081806243
0.935 -0.005391919136775593
0.940625 -0.004936126083699512
0.94625 -0.004470888851344284
0.951875 -0.003994102888575556
0.9575 -0.003505228430115589
0.963125 -0.0030039577902044503
0.96875 -0.0024899857120147485
0.974375 -0.0019667721390388454
0.98 -0.0014491469024360984
0.98 -0.0014491469024360984
0.985 -0.001007443833746124
0.99 -0.0005983699180507449
0.995 -0.0002512592692809096
1.0 0.0
