1.0 0.0
0.995 0.0008518506334093926
0.99 0.0017971941669727527
0.985 0.0028088894391717196
0.98 0.003863959861098106
0.98 0.003863959861098106
0.974375 0.0050829760354851585
0.96875 0.006315163577991097
0.963125 0.007545027955037678
0.9575 0.008766220731425255
0.951875 0.009973147704249515
0.94625 0.01116049380848324
0.940625 0.012326722306023236
0.935 0.013473013842777678
0.9293750000000001 0.014600608760908983
0.92375 0.01571074741439134
0.918125 0.01680475299798746
0.9125 0.017884229721079416
0.906875 0.01895084132354293
0.90125 0.020006251545253744
0.895625 0.02105212412608757
0.89 0.022090079590706385
0.884375 0.023121216130419897
0.87875 0.024146285222560158
0.873125 0.02516603211284624
0.8675 0.02618120204699719
0.8618750000000001 0.02719254027073209
0.8562500000000001 0.028200774472024813
0.8506250000000001 0.029206202978504563
0.845 0.030208680074832624
0.839375 0.031208039550359553
0.83375 0.03220411519443598
0.828125 0.03319674079641248
0.8225 0.03418575014563967
0.816875 0.035170988034909666
0.81125 0.036152439922385225
0.805625 0.03713018846391662
0.8 0.03810431825118248
0.8 0.03810431825118248
0.7739130434782611 0.04257713852017289
0.7478260869565219 0.046976473263908615
0.7217391304347827 0.05129135215999129
0.6956521739130436 0.05551324643285949
0.6695652173913045 0.0596368395669658
0.6434782608695653 0.06364235736665119
0.6173913043478262 0.06750197987140577
0.5913043478260871 0.0711918254334191
0.5652173913043479 0.07468124803790069
0.5391304347826088 0.07790564913390859
0.5130434782608697 0.08079938425243294
0.4869565217391305 0.08331834913688599
0.46086956521739136 0.0854229842016846
0.4347826086956522 0.08707529095419157
0.4086956521739131 0.0882398585334868
0.3826086956521739 0.08888456595550147
0.35652173913043483 0.08898169912130502
0.3304347826086957 0.0885062695938935
0.30434782608695654 0.08743104425848928
0.27826086956521745 0.08574149081408029
0.2521739130434783 0.08345616538396294
0.22608695652173916 0.08057321600055439
0.2 0.0770595707329318
0.2 0.0770595707329318
0.19437500000000002 0.07621334663818852
0.18875 0.07533406998887957
0.183125 0.07442100064725622
0.17750000000000002 0.07347329586300416
0.171875 0.07249003088597564
0.16625 0.07147027867534719
0.16062500000000002 0.07041311219029535
0.155 0.06931760438999664
0.149375 0.06818282506022036
0.14375000000000002 0.06700745915686157
0.138125 0.06578944378263629
0.1325 0.06452663005298513
0.12687500000000002 0.06321686908334852
0.12125000000000001 0.061858011989166975
0.11562500000000002 0.06044788026053145
0.11000000000000001 0.05898351530030346
0.10437500000000001 0.057461119297324365
0.09875000000000002 0.05587685296993703
0.09312500000000001 0.05422687703648433
0.08750000000000001 0.0525073386580185
0.081875 0.050713424507994063
0.07625000000000001 0.04883874116357259
0.07062500000000001 0.04687674801341551
0.065 0.0448209044461841
0.05937500000000001 0.04266325887283608
0.053750000000000006 0.040385923188091574
0.048125 0.03796674101622634
0.0425 0.03538353950619746
0.036875000000000005 0.0326135323304093
0.03125 0.02963165568539899
0.025625000000000002 0.02641231737743708
0.02 0.022885556827824376
0.02 0.022885556827824376
0.015 0.019281804084243567
0.01 0.01500626608445642
0.005 0.009837651981777567
0.0 0.0035546709295216196
0.0 0.0017655884638255188
0.005 -0.009915138621200434
0.01 -0.01045496765758607
0.015 -0.011715868998750609
0.02 -0.014358678592753322
0.02 -0.014358678592753322
0.025625000000000002 -0.017070799027801033
0.03125 -0.018759882484859547
0.036875000000000005 -0.01983047122422396
0.0425 -0.0207272744233203
0.048125 -0.021701585126239542
0.053750000000000006 -0.022715371532181595
0.05937500000000001 -0.023706898417657815
0.065 -0.024614739763957626
0.07062500000000001 -0.025405123816771655
0.07625000000000001 -0.026093405517310642
0.081875 -0.02669999322731727
0.08750000000000001 -0.027245295308534225
0.09312500000000001 -0.027749523356051315
0.09875000000000002 -0.028224417364546145
0.10437500000000001 -0.028670211567450678
0.11000000000000001 -0.029086318716107697
0.11562500000000002 -0.029472151561859998
0.12125000000000001 -0.029827122856050353
0.12687500000000002 -0.030150795117876734
0.1325 -0.030444318585067024
0.138125 -0.030709799429692538
0.14375000000000002 -0.03094935694686703
0.149375 -0.03116511043170423
0.155 -0.031359179179317895
0.16062500000000002 -0.031533677520445016
0.16625 -0.03169017692564544
0.171875 -0.03182922430543709
0.17750000000000002 -0.03195125290400471
0.183125 -0.03205669596553307
0.18875 -0.03214598673420695
0.19437500000000002 -0.03221955845421109
0.2 -0.03227784445613539
0.2 -0.03227784445613539
0.22608695652173916 -0.03236360767843869
0.2521739130434783 -0.03218821575999342
0.27826086956521745 -0.03179096458737041
0.30434782608695654 -0.031184104485902937
0.3304347826086957 -0.030362705935599386
0.35652173913043483 -0.02931342218129466
0.3826086956521739 -0.028055024537918728
0.4086956521739131 -0.02662537445769354
0.4347826086956522 -0.025073047003752798
0.46086956521739136 -0.02344929138039612
0.4869565217391305 -0.02178722259705477
0.5130434782608697 -0.02011055712433027
0.5391304347826088 -0.018436730606705313
0.5652173913043479 -0.01677923172348115
0.5913043478260871 -0.015146010128244757
0.6173913043478262 -0.013541540597520075
0.6434782608695653 -0.011976841551223636
0.6695652173913045 -0.010468168679353355
0.6956521739130436 -0.009023903401324227
0.7217391304347827 -0.0076451674303095254
0.7478260869565219 -0.006338683135306435
0.7739130434782611 -0.005116110624555829
0.8 -0.003985838861023309
0.8 -0.003985838861023309
0.805625 -0.0037548142906592996
0.81125 -0.0035284527800264797
0.816875 -0.003306869136489471
0.8225 -0.003090179641063244
0.828125 -0.0028785005747627708
0.83375 -0.002671948218603023
0.839375 -0.002470638853598972
0.845 -0.0022746887607655894
0.8506250000000001 -0.002084216959904523
0.8562500000000001 -0.001899358612987305
0.8618750000000001 -0.0017202547757160676
0.8675 -0.0015470465124553536
0.873125 -0.0013798748875697045
0.87875 -0.0012188809654236643
0.884375 -0.0010642058070635591
0.89 -0.0009159239858653648
0.895625 -0.0007738728928904414
0.90125 -0.0006378370526392795
0.906875 -0.0005076009896123708
0.9125 -0.0003829492283102066
0.918125 -0.00026366630528123347
0.92375 -0.00014962525670807251
0.9293750000000001 -4.1000124002258433e-05
0.935 6.197111494509615e-05
0.940625 0.000159050482242885
0.94625 0.00025
0.951875 0.0003339612556051263
0.9575 0.0004075940975661239
0.963125 0.0004669379396706467
0.96875 0.0005080321957063479
0.974375 0.0005260639708210417
0.98 0.00051206536269966
0.98 0.00051206536269966
0.985 0.00046446064058046653
0.99 0.0003751362596412907
0.995 0.0002272275201657875
1.0 0.0
