1.0 0.0
0.995 0.000779188879312396
0.99 0.0017044956145735456
0.985 0.0027159994747565576
0.98 0.003762646449802839
0.98 0.003762646449802839
0.974375 0.004949545100925403
0.96875 0.0061161622074120325
0.963125 0.007238582185177896
0.9575 0.00831568832201488
0.951875 0.009350677264947777
0.94625 0.010346756429920759
0.940625 0.011308300775001582
0.935 0.012241883345919006
0.9293750000000001 0.01315432030422164
0.92375 0.014052427811458126
0.918125 0.014942919839740058
0.9125 0.015829866525783078
0.906875 0.01671452005597812
0.90125 0.017597995559882167
0.895625 0.01848140816705218
0.89 0.019365873007045138
0.884375 0.020252419779982246
0.87875 0.021141354683741585
0.873125 0.022032619720854168
0.8675 0.022926154123931466
0.8618750000000001 0.023821897125584968
0.8562500000000001 0.024719787958426123
0.8506250000000001 0.02561976634600005
0.845 0.026521863225188586
0.839375 0.027426307060138676
0.83375 0.02833335213858805
0.828125 0.029243252748274405
0.8225 0.030156263176935455
0.816875 0.03107263771230889
0.81125 0.031992630642132425
0.805625 0.032916419840089764
0.8 0.033843814641367015
0.8 0.033843814641367015
0.7739130434782611 0.0381831869294528
0.7478260869565219 0.042565474634089356
0.7217391304347827 0.046981283045976215
0.6956521739130436 0.051427702550396776
0.6695652173913045 0.055881307630962995
0.6434782608695653 0.060315132305643074
0.6173913043478262 0.06471313822607513
0.5913043478260871 0.0690580693020604
0.5652173913043479 0.07332213750820545
0.5391304347826088 0.0774751261495261
0.5130434782608697 0.08148545675829508
0.4869565217391305 0.08532066744184796
0.46086956521739136 0.08894673706562287
0.4347826086956522 0.09232123791069831
0.4086956521739131 0.09538721013078127
0.3826086956521739 0.09808637012661739
0.35652173913043483 0.10035931471203162
0.3304347826086957 0.10212569383658053
0.30434782608695654 0.10327921361727174
0.27826086956521745 0.10365496846008897
0.2521739130434783 0.10309017847810664
0.22608695652173916 0.10147729837327754
0.2 0.09873117342575187
0.2 0.09873117342575187
0.19437500000000002 0.09798300220993696
0.18875 0.09717747402252061
0.183125 0.09631362530922284
0.17750000000000002 0.09539049251576358
0.171875 0.0944071120878627
0.16625 0.09336248195985075
0.16062500000000002 0.09225524017868326
0.155 0.0910838284712577
0.149375 0.0898466865827293
0.14375000000000002 0.08854225425825321
0.138125 0.08716897124298473
0.1325 0.08572492286273718
0.12687500000000002 0.08420651691002302
0.12125000000000001 0.0826096653459396
0.11562500000000002 0.08093028005759567
0.11000000000000001 0.07916427293209988
0.10437500000000001 0.07730767012659505
0.09875000000000002 0.07535774007351106
0.09312500000000001 0.07331251359168367
0.08750000000000001 0.07117003256055683
0.081875 0.0689283388595745
0.07625000000000001 0.06658094811448319
0.07062500000000001 0.06410283114308633
0.065 0.06146420995526233
0.05937500000000001 0.05863530655851565
0.053750000000000006 0.05559062385772404
0.048125 0.05232760049949176
0.0425 0.04885132405337958
0.036875000000000005 0.045166583757558644
0.03125 0.04127246350256873
0.025625000000000002 0.03716297264682085
0.02 0.03276910870937414
0.02 0.03276910870937414
0.015 0.028014291529743034
0.01 0.0216229458034441
0.005 0.01460960191234589
0.0 0.0016129513313120488
0.0 0.0006110793026891548
0.005 -0.0072045317896553066
0.01 -0.009207919835032056
0.015 -0.010701459127195946
0.02 -0.011881754664255187
0.02 -0.011881754664255187
0.025625000000000002 -0.012991549713388317
0.03125 -0.013937135328534106
0.036875000000000005 -0.01475226037546156
0.0425 -0.015470308152763984
0.048125 -0.01611454233631963
0.053750000000000006 -0.01669613991669273
0.05937500000000001 -0.01722556846590951
0.065 -0.017713295555996225
0.07062500000000001 -0.018168795426338615
0.07625000000000001 -0.01859712138889032
0.081875 -0.01900209729972732
0.08750000000000001 -0.01938754696515356
0.09312500000000001 -0.019757294191473
0.09875000000000002 -0.020115097725122447
0.10437500000000001 -0.020463357091533897
0.11000000000000001 -0.020803184689755973
0.11562500000000002 -0.021135642291321328
0.12125000000000001 -0.021461791667762586
0.12687500000000002 -0.02178269459061242
0.1325 -0.02209941150594131
0.138125 -0.02241267569051979
0.14375000000000002 -0.022722466369486147
0.149375 -0.023028656898183092
0.155 -0.023331120631953337
0.16062500000000002 -0.02362973092613959
0.16625 -0.023924361136084576
0.171875 -0.024214884654031803
0.17750000000000002 -0.02450124850388609
0.183125 -0.024783627522892773
0.18875 -0.02506224047211164
0.19437500000000002 -0.02533730611260245
0.2 -0.025609043205424953
0.2 -0.025609043205424953
0.22608695652173916 -0.02683138795575566
0.2521739130434783 -0.02798361391887331
0.27826086956521745 -0.02903623092607105
0.30434782608695654 -0.029982505155476437
0.3304347826086957 -0.030831627696856632
0.35652173913043483 -0.031582448398714436
0.3826086956521739 -0.03222919012731156
0.4086956521739131 -0.03277206229070125
0.4347826086956522 -0.03321369409853698
0.46086956521739136 -0.03355463526406185
0.4869565217391305 -0.03379380856059381
0.5130434782608697 -0.03392450431669812
0.5391304347826088 -0.03393797619763094
0.5652173913043479 -0.03383237581597182
0.5913043478260871 -0.03360856316787275
0.6173913043478262 -0.03325688503253271
0.6434782608695653 -0.03276155085952639
0.6695652173913045 -0.03210578991802093
0.6956521739130436 -0.031271870241389145
0.7217391304347827 -0.03023878556407191
0.7478260869565219 -0.028975451937681574
0.7739130434782611 -0.02741465204915951
0.8 -0.025426692170397586
0.8 -0.025426692170397586
0.805625 -0.024920363772551295
0.81125 -0.024381239756143754
0.816875 -0.023808116050875922
0.8225 -0.02320095497544492
0.828125 -0.022559771812037124
0.83375 -0.021884581842838927
0.839375 -0.02117540035003671
0.845 -0.020432242615816838
0.8506250000000001 -0.019655341335644116
0.8562500000000001 -0.018847307783338752
0.8618750000000001 -0.01801221995408804
0.8675 -0.017154177413421692
0.873125 -0.01627727972686943
0.87875 -0.015385626459960992
0.884375 -0.014483310752851418
0.89 -0.013574149107322145
0.895625 -0.012661582306881483
0.90125 -0.011749024309708611
0.906875 -0.010839889073982725
0.9125 -0.009937590557883009
0.918125 -0.009045523958664372
0.92375 -0.008166827926460623
0.9293750000000001 -0.00730445529665606
0.935 -0.006461354753204758
0.940625 -0.00564047498006075
0.94625 -0.004844854807652878
0.951875 -0.0040791823135146255
0.9575 -0.003349588807085597
0.963125 -0.0026622543111348893
0.96875 -0.0020234071901643154
0.974375 -0.0014421949628485712
0.98 -0.0009323005934073608
0.98 -0.0009323005934073608
0.985 -0.0005503109171675107
0.99 -0.0002492758519601203
0.995 -5.591733517395855e-05
1.0 0.0
