1.0 0.0
0.995 0.0008402610056801656
0.99 0.0018286697277544806
0.985 0.0029072196198434534
0.98 0.004024898328484563
0.98 0.004024898328484563
0.974375 0.005294035843783675
0.96875 0.006543099293048235
0.963125 0.007744851019527478
0.9575 0.008897339393294392
0.951875 0.01000473519230049
0.94625 0.011071210408101861
0.940625 0.012101540687947368
0.935 0.013102080487897468
0.9293750000000001 0.014079439188185886
0.92375 0.015040226169046385
0.918125 0.01599102284334654
0.9125 0.016936521749386063
0.906875 0.017878359540854503
0.90125 0.018817894432111865
0.895625 0.019756484637518147
0.89 0.020695488371433344
0.884375 0.021636228868656168
0.87875 0.022579382049181154
0.873125 0.023525053414513337
0.8675 0.024473328943002706
0.8618750000000001 0.02542429461299925
0.8562500000000001 0.026378036402852946
0.8506250000000001 0.0273346402909138
0.845 0.02829419520191765
0.839375 0.029256804081392924
0.83375 0.03022257404096829
0.828125 0.03119161219295182
0.8225 0.03216402564965155
0.816875 0.03313992152337552
0.81125 0.0341194069264318
0.805625 0.03510257793865047
0.8 0.03608937343107821
0.8 0.03608937343107821
0.7739130434782611 0.0407079987095936
0.7478260869565219 0.0453830926895145
0.7217391304347827 0.0501022615952949
0.6956521739130436 0.05485547684455889
0.6695652173913045 0.05962381037300254
0.6434782608695653 0.06438458304823348
0.6173913043478262 0.06911517880583044
0.5913043478260871 0.0737925309027189
0.5652173913043479 0.07839168385148661
0.5391304347826088 0.0828848148202776
0.5130434782608697 0.08723575895417197
0.4869565217391305 0.09140632749621784
0.46086956521739136 0.09535768606535577
0.4347826086956522 0.09904618337778429
0.4086956521739131 0.10241687094127923
0.3826086956521739 0.10540735775640796
0.35652173913043483 0.10794463395585059
0.3304347826086957 0.1099344079399398
0.30434782608695654 0.11125403180448373
0.27826086956521745 0.11171694994166491
0.2521739130434783 0.11112922722266026
0.22608695652173916 0.10935815711384368
0.2 0.106332391243903
0.2 0.106332391243903
0.19437500000000002 0.10551135241794309
0.18875 0.1046284595495209
0.183125 0.10368254572564672
0.17750000000000002 0.10267244403333095
0.171875 0.10159698755958387
0.16625 0.10045498612576781
0.16062500000000002 0.09924502948828397
0.155 0.0979655861892321
0.149375 0.09661512350737222
0.14375000000000002 0.09519210872146444
0.138125 0.09369500911026879
0.1325 0.0921220507133604
0.12687500000000002 0.09047046588731952
0.12125000000000001 0.08873723117390861
0.11562500000000002 0.08691932311465785
0.11000000000000001 0.08501371825109749
0.10437500000000001 0.08301701097358553
0.09875000000000002 0.08092261579740785
0.09312500000000001 0.07872236993216017
0.08750000000000001 0.07640809923992725
0.081875 0.07397163008064665
0.07625000000000001 0.07140563051583569
0.07062500000000001 0.06870533229227575
0.065 0.06586645349903031
0.05937500000000001 0.06288471220835837
0.053750000000000006 0.05974455402191763
0.048125 0.056386870748643785
0.0425 0.05274203677603591
0.036875000000000005 0.04874602493000091
0.03125 0.04443234001724055
0.025625000000000002 0.039917294187004466
0.02 0.03520010339193036
0.02 0.03520010339193036
0.015 0.030066835528809347
0.01 0.023097085046397365
0.005 0.01583970063330161
0.0 0.0017165981515175972
0.0 -0.0001068952343830468
0.005 -0.008110432837879357
0.01 -0.010285549319451267
0.015 -0.011906216268799508
0.02 -0.013206502730934938
0.02 -0.013206502730934938
0.025625000000000002 -0.014438775822198248
0.03125 -0.015487260658794258
0.036875000000000005 -0.016394405115532626
0.0425 -0.01720115561815388
0.048125 -0.017930428955460317
0.053750000000000006 -0.01859323076328677
0.05937500000000001 -0.019200355232363697
0.065 -0.019762584924431184
0.07062500000000001 -0.02028885159009463
0.07625000000000001 -0.02078422494098072
0.081875 -0.02125329120358856
0.08750000000000001 -0.021700636604417258
0.09312500000000001 -0.022130847369965904
0.09875000000000002 -0.022548180306152407
0.10437500000000001 -0.022954552573991482
0.11000000000000001 -0.023350868744531406
0.11562500000000002 -0.02373802933597995
0.12125000000000001 -0.024116934866544912
0.12687500000000002 -0.024488485854434083
0.1325 -0.024853569108872067
0.138125 -0.02521276325454912
0.14375000000000002 -0.025566342637159702
0.149375 -0.025914568674562637
0.155 -0.026257702784616754
0.16062500000000002 -0.02659600638518087
0.16625 -0.026929740894113804
0.171875 -0.02725916411462674
0.17750000000000002 -0.027584411378597695
0.183125 -0.027905468641644757
0.18875 -0.028222312797139937
0.19437500000000002 -0.028534920738455285
0.2 -0.028843269358962826
0.2 -0.028843269358962826
0.22608695652173916 -0.0302166894759223
0.2521739130434783 -0.03148941989051792
0.27826086956521745 -0.032648486142280365
0.30434782608695654 -0.03369148392816539
0.3304347826086957 -0.03462126833940648
0.35652173913043483 -0.035435224891375426
0.3826086956521739 -0.03612995274789626
0.4086956521739131 -0.03671018557225186
0.4347826086956522 -0.037181516590664605
0.46086956521739136 -0.037538270627264704
0.4869565217391305 -0.03777211977668479
0.5130434782608697 -0.03788289173128371
0.5391304347826088 -0.03787230721809275
0.5652173913043479 -0.03773349383767059
0.5913043478260871 -0.03745601201785353
0.6173913043478262 -0.03702999877604607
0.6434782608695653 -0.03644503709031882
0.6695652173913045 -0.03568515604228631
0.6956521739130436 -0.03473029473964996
0.7217391304347827 -0.03355114110978014
0.7478260869565219 -0.03210780413782792
0.7739130434782611 -0.03033490073220598
0.8 -0.02806920203425922
0.8 -0.02806920203425922
0.805625 -0.027487665038754085
0.81125 -0.026866947175506157
0.816875 -0.026207804256066773
0.8225 -0.025512007213123578
0.828125 -0.0247813273799697
0.83375 -0.024017536089898203
0.839375 -0.023222404676202194
0.845 -0.022397703298928182
0.8506250000000001 -0.02154400783215734
0.8562500000000001 -0.020658449869476018
0.8618750000000001 -0.01973754380367614
0.8675 -0.01877780402754966
0.873125 -0.017775744933888536
0.87875 -0.016727880915484702
0.884375 -0.01563415571355972
0.89 -0.014520820061988718
0.895625 -0.013426302795590723
0.90125 -0.012389098997009742
0.906875 -0.011447703748889787
0.9125 -0.010640612133874858
0.918125 -0.009989330773497108
0.92375 -0.009441356149304084
0.9293750000000001 -0.008924035586035245
0.935 -0.008364715982102451
0.940625 -0.0076907442359175175
0.94625 -0.006829467245892282
0.951875 -0.00570823425056319
0.9575 -0.004326870804524485
0.963125 -0.0029479010600558116
0.96875 -0.0018838667891576343
0.974375 -0.0012193392900749932
0.98 -0.0008053005346341184
0.98 -0.0008053005346341184
0.985 -0.0005185557271331083
0.99 -0.0002383335264777699
0.995 -3.422198623109273e-05
1.0 0.0
