1.0 0.0
0.995 0.0004136348442634356
0.99 0.000846211662688206
0.985 0.0012963813569803221
0.98 0.001766029040784129
0.98 0.001766029040784129
0.974375 0.0023227014088033106
0.96875 0.002913876066861802
0.963125 0.0035377969769068546
0.9575 0.004190295868821732
0.951875 0.004867206484963098
0.94625 0.005565033946170435
0.940625 0.006281556670054161
0.935 0.0070146951831661745
0.9293750000000001 0.007762370012058372
0.92375 0.00852257711122072
0.918125 0.009294025892433794
0.9125 0.010075818747927285
0.906875 0.01086706216571631
0.90125 0.011666862633815988
0.895625 0.012474330188808962
0.89 0.013288762878315088
0.884375 0.014109736684216813
0.87875 0.014936849987486206
0.873125 0.01576970116909533
0.8675 0.016607888610016233
0.8618750000000001 0.017451011034451052
0.8562500000000001 0.018298728294586782
0.8506250000000001 0.01915083131249188
0.845 0.020007127949361037
0.839375 0.02086742606638889
0.83375 0.02173153352477012
0.828125 0.0225992581856994
0.8225 0.023470407989224874
0.816875 0.024344793908868553
0.81125 0.025222230840354947
0.805625 0.026102533939694503
0.8 0.026985518362897674
0.8 0.026985518362897674
0.7739130434782611 0.031110210225573344
0.7478260869565219 0.03526938441630505
0.7217391304347827 0.03944341514682928
0.6956521739130436 0.04362055981297522
0.6695652173913045 0.04779242733507329
0.6434782608695653 0.05193959167665145
0.6173913043478262 0.05604080778606251
0.5913043478260871 0.060082497631671214
0.5652173913043479 0.06404700560054137
0.5391304347826088 0.06790264407495823
0.5130434782608697 0.07161516496411416
0.4869565217391305 0.07514862158250908
0.46086956521739136 0.07843714153215124
0.4347826086956522 0.08137970993707146
0.4086956521739131 0.08389446177275804
0.3826086956521739 0.08591631249598576
0.35652173913043483 0.08738095307220585
0.3304347826086957 0.08822724383637168
0.30434782608695654 0.08840267385633833
0.27826086956521745 0.08784622504132118
0.2521739130434783 0.08648871790868419
0.22608695652173916 0.08428060811953385
0.2 0.08119659621039453
0.2 0.08119659621039453
0.19437500000000002 0.08041653844499493
0.18875 0.07959519950255202
0.183125 0.0787319869066862
0.17750000000000002 0.07782630748025797
0.171875 0.07687756804612779
0.16625 0.07588517542715613
0.16062500000000002 0.07484847849128383
0.155 0.07376614139692257
0.149375 0.0726363812824117
0.14375000000000002 0.07145740759527701
0.138125 0.07022742978304432
0.1325 0.06894465729323947
0.12687500000000002 0.06760715163041284
0.12125000000000001 0.06621237618114734
0.11562500000000002 0.06475764319904104
0.11000000000000001 0.06324026493768525
0.10437500000000001 0.06165755365067133
0.09875000000000002 0.06000655617889517
0.09312500000000001 0.05828272468335817
0.08750000000000001 0.05648091852480404
0.081875 0.05459599607502341
0.07625000000000001 0.05262277575391382
0.07062500000000001 0.05055328423409309
0.065 0.048374977382237325
0.05937500000000001 0.04607488796031784
0.053750000000000006 0.043640025973690696
0.048125 0.04105637136216633
0.0425 0.03830847519572028
0.036875000000000005 0.03538077257090658
0.03125 0.03223355109649125
0.025625000000000002 0.02875160085253149
0.02 0.02480810429095598
0.02 0.02480810429095598
0.015 0.02088243057609208
0.01 0.016594073370211106
0.005 0.010958127204807287
0.0 0.0012878780375745642
0.0 -0.0016005148402888642
0.005 -0.004172181702609921
0.01 -0.004750872384659648
0.015 -0.004278449195938779
0.02 -0.003558431738678349
0.02 -0.003558431738678349
0.025625000000000002 -0.0026279917469825254
0.03125 -0.0015086900268386362
0.036875000000000005 -0.00016831876318683178
0.0425 0.001349632861719106
0.048125 0.002990557194512535
0.053750000000000006 0.0047010903102884275
0.05937500000000001 0.00645225722806554
0.065 0.008237336551409161
0.07062500000000001 0.010050422416183293
0.07625000000000001 0.011885608958251935
0.081875 0.013737020764344564
0.08750000000000001 0.015599001779874179
0.09312500000000001 0.0174659920834216
0.09875000000000002 0.01933243216214026
0.10437500000000001 0.0211927625031836
0.11000000000000001 0.023041423593705056
0.11562500000000002 0.024873302803713037
0.12125000000000001 0.0266859799058768
0.12687500000000002 0.02847803810586334
0.1325 0.030248062313011463
0.138125 0.03199463743665997
0.14375000000000002 0.03371634838614768
0.149375 0.03541178007081338
0.155 0.03707954551138983
0.16062500000000002 0.038718656923631155
0.16625 0.04032842321783291
0.171875 0.0419081603480236
0.17750000000000002 0.04345718426823176
0.183125 0.044974810932485836
0.18875 0.046460356294814355
0.19437500000000002 0.0479131363092458
0.2 0.04933246692983847
0.2 0.04933246692983847
0.22608695652173916 0.05546206212877527
0.2521739130434783 0.06081473119985393
0.27826086956521745 0.06534414594787466
0.30434782608695654 0.06898284738061489
0.3304347826086957 0.07165768446237811
0.35652173913043483 0.07335356375954312
0.3826086956521739 0.07411791624024391
0.4086956521739131 0.07401411082951403
0.4347826086956522 0.07317061516966236
0.46086956521739136 0.0717358062663339
0.4869565217391305 0.06982604310868955
0.5130434782608697 0.06751213698439092
0.5391304347826088 0.06485718312911043
0.5652173913043479 0.0619007501481507
0.5913043478260871 0.05867431843614219
0.6173913043478262 0.055209890408061055
0.6434782608695653 0.05153994525815305
0.6695652173913045 0.04769409840897763
0.6956521739130436 0.04369658845845942
0.7217391304347827 0.03957168210529856
0.7478260869565219 0.035345264082514295
0.7739130434782611 0.031045450879682142
0.8 0.026705100046028336
0.8 0.026705100046028336
0.805625 0.025767026313296124
0.81125 0.024828809626905025
0.816875 0.02389072649247826
0.8225 0.02295305341563904
0.828125 0.02201606690201062
0.83375 0.021080043457987845
0.839375 0.020145344260216726
0.845 0.019212648180604558
0.8506250000000001 0.018282708589733916
0.8562500000000001 0.017356278858187413
0.8618750000000001 0.016434112356547622
0.8675 0.015516962455397118
0.873125 0.014605582914860176
0.87875 0.013700788878819991
0.884375 0.012803523263519318
0.89 0.011914744934508278
0.895625 0.011035412757336993
0.90125 0.010166485597555586
0.906875 0.009308927331292858
0.9125 0.008464108261914374
0.918125 0.007634098448522168
0.92375 0.006821037111878782
0.9293750000000001 0.006027063472746743
0.935 0.005254337751940623
0.940625 0.0045074162712092644
0.94625 0.0037954329662974874
0.951875 0.0031280372618058914
0.9575 0.0025148781618125715
0.963125 0.0019653185552456834
0.96875 0.0014879376984480797
0.974375 0.0010911818915055702
0.98 0.0007797841213082738
0.98 0.0007797841213082738
0.985 0.0005615368798445503
0.99 0.0003806804498154261
0.995 0.00020922985214356492
1.0 0.0
