1.0 0.0
0.995 0.0014580739078603082
0.99 0.003029792693265759
0.985 0.0046595102851643725
0.98 0.0063038231161815245
0.98 0.0063038231161815245
0.974375 0.008145853651434939
0.96875 0.009955321790787565
0.963125 0.011717808640508323
0.9575 0.01343497979427977
0.951875 0.015109809974749023
0.94625 0.01674541393321225
0.940625 0.01834643354626014
0.935 0.01991845012937901
0.9293750000000001 0.021467058720445954
0.92375 0.022997852776414147
0.918125 0.02451538906652564
0.9125 0.02602139956447945
0.906875 0.027517139593003847
0.90125 0.029003864474827102
0.895625 0.03048282953267749
0.89 0.0319552103871664
0.884375 0.03342144233008431
0.87875 0.0348815587530037
0.873125 0.03633558905557284
0.8675 0.037783562637439996
0.8618750000000001 0.039225508898253436
0.8562500000000001 0.04066146449175673
0.8506250000000001 0.042091583923607866
0.845 0.043516117432191755
0.839375 0.04493531802614313
0.83375 0.04634943871409681
0.828125 0.04775873250468754
0.8225 0.049163452406550116
0.816875 0.05056381715538225
0.81125 0.051959770121828563
0.805625 0.05335112206047693
0.8 0.054737682875956165
0.8 0.054737682875956165
0.7739130434782611 0.0611000110239919
0.7478260869565219 0.06734139404586971
0.7217391304347827 0.073457969066836
0.6956521739130436 0.07943751420541822
0.6695652173913045 0.08525845007951029
0.6434782608695653 0.09089280940203495
0.6173913043478262 0.09630733920358678
0.5913043478260871 0.10145852463105376
0.5652173913043479 0.10628171998109112
0.5391304347826088 0.11066826264661311
0.5130434782608697 0.11452487700725233
0.4869565217391305 0.11779122875898401
0.46086956521739136 0.12042825031541335
0.4347826086956522 0.12241299427038697
0.4086956521739131 0.12372252456857624
0.3826086956521739 0.12433468059431241
0.35652173913043483 0.1242310923195591
0.3304347826086957 0.12339199284127973
0.30434782608695654 0.12179490577495251
0.27826086956521745 0.11943131147456412
0.2521739130434783 0.11629556340339464
0.22608695652173916 0.11235467901144597
0.2 0.10754952767319614
0.2 0.10754952767319614
0.19437500000000002 0.10639230044137012
0.18875 0.10518976915294237
0.183125 0.1039405771715857
0.17750000000000002 0.10264336786097296
0.171875 0.10129678458477698
0.16625 0.09989947070667053
0.16062500000000002 0.09845001362625858
0.155 0.096946449988297
0.149375 0.09538650340413829
0.14375000000000002 0.09376789387660557
0.138125 0.09208834140852194
0.1325 0.09034556600271047
0.12687500000000002 0.08853713899012891
0.12125000000000001 0.08665978836189603
0.11562500000000002 0.08470994510971509
0.11000000000000001 0.08268403989370837
0.10437500000000001 0.0805785033739982
0.09875000000000002 0.07838956814671626
0.09312500000000001 0.07611069270370474
0.08750000000000001 0.0737332929859011
0.081875 0.07124873749268688
0.07625000000000001 0.06864839472344356
0.07062500000000001 0.06592369547143168
0.065 0.06306635528894651
0.05937500000000001 0.060068171048720434
0.053750000000000006 0.05692093962975384
0.048125 0.05360777874284999
0.0425 0.05006994720715187
0.036875000000000005 0.04623610080707027
0.03125 0.04204013650892941
0.025625000000000002 0.03749468970290122
0.02 0.032673150695635346
0.02 0.032673150695635346
0.015 0.028041607807271385
0.01 0.02215786074266195
0.005 0.01423028389290669
0.0 0.0008544795500721653
0.0 -0.00026786398213855193
0.005 -0.007948186861067479
0.01 -0.010668139620103904
0.015 -0.012771604687492583
0.02 -0.014504313349496934
0.02 -0.014504313349496934
0.025625000000000002 -0.01612853130706127
0.03125 -0.01752798079087314
0.036875000000000005 -0.01877551400258977
0.0425 -0.01989360404030217
0.048125 -0.020902601554481134
0.053750000000000006 -0.021822074296007316
0.05937500000000001 -0.02266453315367465
0.065 -0.023438749958295223
0.07062500000000001 -0.024153462347544022
0.07625000000000001 -0.024817407886777863
0.081875 -0.025438269029138635
0.08750000000000001 -0.026020013909992624
0.09312500000000001 -0.026565793761170856
0.09875000000000002 -0.02707875981450438
0.10437500000000001 -0.02756206330182425
0.11000000000000001 -0.028018827741447185
0.11562500000000002 -0.02845141702155238
0.12125000000000001 -0.02886136057445986
0.12687500000000002 -0.029250145112412425
0.1325 -0.02961925734765288
0.138125 -0.02997018399242403
0.14375000000000002 -0.0303044116988781
0.149375 -0.030623248196899343
0.155 -0.030927428452434607
0.16062500000000002 -0.03121757305916739
0.16625 -0.031494302610781164
0.171875 -0.03175823770095941
0.17750000000000002 -0.03200999892338564
0.183125 -0.032250206871743306
0.18875 -0.03247943358411726
0.19437500000000002 -0.03269803091452198
0.2 -0.032906288335758906
0.2 -0.032906288335758906
0.22608695652173916 -0.03374532017564632
0.2521739130434783 -0.034396679465497966
0.27826086956521745 -0.034887152893478914
0.30434782608695654 -0.03523657502713535
0.3304347826086957 -0.03544943508927484
0.35652173913043483 -0.03552856766167253
0.3826086956521739 -0.03547770809250609
0.4086956521739131 -0.035297343918172984
0.4347826086956522 -0.034982925097216136
0.46086956521739136 -0.034526010327480185
0.4869565217391305 -0.03391292506664555
0.5130434782608697 -0.03312264207302137
0.5391304347826088 -0.03212319610815569
0.5652173913043479 -0.030859276241377565
0.5913043478260871 -0.029241461299265765
0.6173913043478262 -0.02722215630380043
0.6434782608695653 -0.024819899222318233
0.6695652173913045 -0.022070303278159842
0.6956521739130436 -0.019024318510136473
0.7217391304347827 -0.015745680892118558
0.7478260869565219 -0.012313963067611212
0.7739130434782611 -0.008863045481626282
0.8 -0.0055573047247235025
0.8 -0.0055573047247235025
0.805625 -0.004875993074851669
0.81125 -0.0042081824667448845
0.816875 -0.0035549241384392077
0.8225 -0.0029172693279706906
0.828125 -0.0022962702088571017
0.83375 -0.0016929871149062264
0.839375 -0.0011084845893063562
0.845 -0.0005438272102644736
0.8506250000000001 -7.955598755032128e-08
0.8562500000000001 0.00052169379531741
0.8618750000000001 0.0010204282654434353
0.8675 0.0014950586657705189
0.873125 0.0019443576013923323
0.87875 0.0023667181621224932
0.884375 0.002760479241596059
0.89 0.003123979733448089
0.895625 0.003455558531313643
0.90125 0.003753554528827779
0.906875 0.004016295160201978
0.9125 0.00424147028117054
0.918125 0.004425809219410628
0.92375 0.00456596183337707
0.9293750000000001 0.0046585779815246885
0.935 0.0047003075223083085
0.940625 0.004687779685096923
0.94625 0.004616938356783759
0.951875 0.00448289927744125
0.9575 0.004280728676066846
0.963125 0.004005492781657994
0.96875 0.0036522040986505695
0.974375 0.0032152040883199565
0.98 0.002688378129005834
0.98 0.002688378129005834
0.985 0.002139728852178452
0.99 0.0015111455211354223
0.995 0.0007990573566105839
1.0 0.0
