1.0 0.0
0.995 0.001708981191771115
0.99 0.00357325513736405
0.985 0.00550540722014446
0.98 0.007437488918455587
0.98 0.007437488918455587
0.974375 0.009563621507673805
0.96875 0.011592672613182793
0.963125 0.013508056717801337
0.9575 0.015318919083535693
0.951875 0.017035130498878535
0.94625 0.018667560473122107
0.940625 0.02022950515396852
0.935 0.021734622149584326
0.9293750000000001 0.023196569068136115
0.92375 0.024627781516713063
0.918125 0.026033512454630668
0.9125 0.027416399092510913
0.906875 0.028779074867468092
0.90125 0.030124173216616482
0.895625 0.03145422033453616
0.89 0.03277061965331269
0.884375 0.03407410505328486
0.87875 0.035365401478442866
0.873125 0.0366452338727769
0.8675 0.03791432718027721
0.8618750000000001 0.039173384733373465
0.8562500000000001 0.04042290606380784
0.8506250000000001 0.041663278718829536
0.845 0.042894889087785
0.839375 0.0441181235600206
0.83375 0.04533336852488279
0.828125 0.04654101036605096
0.8225 0.04774138495602964
0.816875 0.04893465454145494
0.81125 0.05012094409173111
0.805625 0.05130037857626247
0.8 0.052473082964453265
0.8 0.052473082964453265
0.7739130434782611 0.057826844789379314
0.7478260869565219 0.0630394290557502
0.7217391304347827 0.06810277984906603
0.6956521739130436 0.07301268094011942
0.6695652173913045 0.07776320598423817
0.6434782608695653 0.08233738270087632
0.6173913043478262 0.08671818374321204
0.5913043478260871 0.0908928420736104
0.5652173913043479 0.0948442267151751
0.5391304347826088 0.09854819649494441
0.5130434782608697 0.10197825888480593
0.4869565217391305 0.10510587181798338
0.46086956521739136 0.10790089713821366
0.4347826086956522 0.11033114477480835
0.4086956521739131 0.11235599808485616
0.3826086956521739 0.11392914486927314
0.35652173913043483 0.11499923190606477
0.3304347826086957 0.11550506058310216
0.30434782608695654 0.11536107982164483
0.27826086956521745 0.11447032607390459
0.2521739130434783 0.11272670782073817
0.22608695652173916 0.11002416233588234
0.2 0.10624537217400826
0.2 0.10624537217400826
0.19437500000000002 0.10527596112136539
0.18875 0.10424861756399588
0.183125 0.10316238296289541
0.17750000000000002 0.1020163784064859
0.171875 0.10080972498318931
0.16625 0.09954154378142753
0.16062500000000002 0.09821095588962246
0.155 0.09681692724348927
0.149375 0.09535749668501436
0.14375000000000002 0.09383036018560734
0.138125 0.09223321316464021
0.1325 0.090563751041485
0.12687500000000002 0.08881966771769202
0.12125000000000001 0.08699823822686446
0.11562500000000002 0.08509575016210502
0.11000000000000001 0.08310834890807775
0.10437500000000001 0.08103217984944666
0.09875000000000002 0.07886338832501992
0.09312500000000001 0.07659725989233424
0.08750000000000001 0.07422602112963474
0.081875 0.07174121860693419
0.07625000000000001 0.06913439889424533
0.07062500000000001 0.06639702875351876
0.065 0.06351859799502989
0.05937500000000001 0.06048653759743467
0.053750000000000006 0.057288182346883196
0.048125 0.05390944999499092
0.0425 0.0503108196894093
0.036875000000000005 0.04643076686553738
0.03125 0.04220717763380727
0.025625000000000002 0.03758940257285381
0.02 0.032546769657013835
0.02 0.032546769657013835
0.015 0.027637835733467772
0.01 0.021746298997262197
0.005 0.013980145373086663
0.0 0.0034427512524263116
0.0 -0.0016924534474515058
0.005 -0.011227232889195736
0.01 -0.016134571016378746
0.015 -0.018944522887231967
0.02 -0.021656726951091037
0.02 -0.021656726951091037
0.025625000000000002 -0.024772843897194505
0.03125 -0.0276356375075557
0.036875000000000005 -0.030057360071195655
0.0425 -0.032123829226147566
0.048125 -0.033950760743927076
0.053750000000000006 -0.03564304731388406
0.05937500000000001 -0.03722957736899953
0.065 -0.03870667320685273
0.07062500000000001 -0.0400705330358333
0.07625000000000001 -0.04131788916471168
0.081875 -0.04245290338244424
0.08750000000000001 -0.04348518213205976
0.09312500000000001 -0.04442445693058869
0.09875000000000002 -0.04528045929506148
0.10437500000000001 -0.046062473887916046
0.11000000000000001 -0.04677522206522052
0.11562500000000002 -0.047420755590196276
0.12125000000000001 -0.04800109258450085
0.12687500000000002 -0.04851825116979183
0.1325 -0.04897424953414072
0.138125 -0.049371186920591184
0.14375000000000002 -0.04971140123445533
0.149375 -0.049997274088838244
0.155 -0.05023118709684506
0.16062500000000002 -0.05041552187158094
0.16625 -0.05055266002615094
0.171875 -0.050644885880381726
0.17750000000000002 -0.050693857355825794
0.183125 -0.050700984178570684
0.18875 -0.050667675454089074
0.19437500000000002 -0.050595340287853605
0.2 -0.0504853877853369
0.2 -0.0504853877853369
0.22608695652173916 -0.04952426213690063
0.2521739130434783 -0.04792296098956714
0.27826086956521745 -0.04580731713294742
0.30434782608695654 -0.04327187622181428
0.3304347826086957 -0.040406887725378655
0.35652173913043483 -0.037303419023667836
0.3826086956521739 -0.0340519972307699
0.4086956521739131 -0.030741233950059683
0.4347826086956522 -0.027433609605528042
0.46086956521739136 -0.024167741587865693
0.4869565217391305 -0.02097255923793608
0.5130434782608697 -0.017867135802257895
0.5391304347826088 -0.014868783873905224
0.5652173913043479 -0.011992795039564534
0.5913043478260871 -0.009253524943868701
0.6173913043478262 -0.006663365934214413
0.6434782608695653 -0.00423459798357147
0.6695652173913045 -0.001980382257974976
0.6956521739130436 8.555588182626711e-05
0.7217391304347827 0.0019473749403937607
0.7478260869565219 0.003588420213375183
0.7739130434782611 0.004992273823264656
0.8 0.00614102316730227
0.8 0.00614102316730227
0.805625 0.006352633261292432
0.81125 0.006550690333144711
0.816875 0.0067348546949723975
0.8225 0.006904786658888786
0.828125 0.0070601455036938855
0.83375 0.007200528509390945
0.839375 0.007325436857848212
0.845 0.00743436346442771
0.8506250000000001 0.007526801244491459
0.8562500000000001 0.0076022431134014695
0.8618750000000001 0.007660181986519764
0.8675 0.007700110779208359
0.873125 0.007721509434350955
0.87875 0.007723690948611148
0.884375 0.007705852415974621
0.89 0.007667188594741454
0.895625 0.0076068942432117315
0.90125 0.0075241641196855304
0.906875 0.007418192982462937
0.9125 0.007288008475149356
0.918125 0.007131577150678357
0.92375 0.006946450440066005
0.9293750000000001 0.006730178811923419
0.935 0.0064803127348617255
0.940625 0.006194402589927303
0.94625 0.005869813653693904
0.951875 0.005503335492657533
0.9575 0.0050916460717966286
0.963125 0.004631423356089627
0.96875 0.004119273586809252
0.974375 0.003549955492993646
0.98 0.002916263183137163
0.98 0.002916263183137163
0.985 0.0022930362796029853
0.99 0.00160679091338167
0.995 0.0008464850382981246
1.0 0.0
