1.0 0.0
0.995 0.0016715331813060858
0.99 0.0034801286078662867
0.985 0.005359689511208228
0.98 0.007256999936526464
0.98 0.007256999936526464
0.974375 0.009375247562029568
0.96875 0.011438840110101945
0.963125 0.013428738415459216
0.9575 0.01534978181981833
0.951875 0.017208221581948447
0.94625 0.01901074077488738
0.940625 0.020766602718634425
0.935 0.0224860249956724
0.9293750000000001 0.024179226724891343
0.92375 0.025856325468729804
0.918125 0.027523839879263448
0.9125 0.029183805988499883
0.906875 0.030837978854489932
0.90125 0.032488113535284434
0.895625 0.034135964801988
0.89 0.03578301365602874
0.884375 0.03742995766544108
0.87875 0.0390773551528258
0.873125 0.04072576444078364
0.8675 0.042375743851915365
0.8618750000000001 0.04402785167636166
0.8562500000000001 0.045682558573620156
0.8506250000000001 0.04734005688140838
0.845 0.049000483808051394
0.839375 0.05066397656187414
0.83375 0.05233067235120166
0.828125 0.05400070838435898
0.8225 0.055674215576809856
0.816875 0.0573511339933359
0.81125 0.05903118305527157
0.805625 0.06071406989320679
0.8 0.0623995016377314
0.8 0.0623995016377314
0.7739130434782611 0.07023546978267763
0.7478260869565219 0.07791081719436306
0.7217391304347827 0.08503406312899789
0.6956521739130436 0.09127797989138409
0.6695652173913045 0.09651158674747923
0.6434782608695653 0.10090744474274159
0.6173913043478262 0.10460668268060538
0.5913043478260871 0.10769785008391483
0.5652173913043479 0.1102350405415213
0.5391304347826088 0.11225970375914339
0.5130434782608697 0.11380818181875113
0.4869565217391305 0.11490138946451343
0.46086956521739136 0.11553913087999576
0.4347826086956522 0.11572563352074036
0.4086956521739131 0.11546852905486757
0.3826086956521739 0.11475631848877395
0.35652173913043483 0.11356855454847609
0.3304347826086957 0.11189200185891249
0.30434782608695654 0.10970982070076858
0.27826086956521745 0.1069915177959611
0.2521739130434783 0.1036955621159577
0.22608695652173916 0.0997694387365195
0.2 0.09514992916577479
0.2 0.09514992916577479
0.19437500000000002 0.09405558043554056
0.18875 0.09292400555725633
0.183125 0.09175405651738924
0.17750000000000002 0.09054458530240639
0.171875 0.08929444389877493
0.16625 0.08800238720170053
0.16062500000000002 0.0866667178851864
0.155 0.08528560706320704
0.149375 0.0838572258349769
0.14375000000000002 0.0823797452997103
0.138125 0.08085133655662162
0.1325 0.07927005918108926
0.12687500000000002 0.07763327243643282
0.12125000000000001 0.07593806438520986
0.11562500000000002 0.07418152249920519
0.11000000000000001 0.07236073425020342
0.10437500000000001 0.07047276229616836
0.09875000000000002 0.06851328870571076
0.09312500000000001 0.06647591565475924
0.08750000000000001 0.06435407323946535
0.081875 0.06214119155598065
0.07625000000000001 0.05983064082631328
0.07062500000000001 0.05741423539600182
0.065 0.05488212741687948
0.05937500000000001 0.052224387874061654
0.053750000000000006 0.0494309653726791
0.048125 0.04648102959251477
0.0425 0.04333469401058083
0.036875000000000005 0.03995012383856863
0.03125 0.036286327298992616
0.025625000000000002 0.03230843739372088
0.02 0.027984255299795695
0.02 0.027984255299795695
0.015 0.023713304570296134
0.01 0.018545342746342418
0.005 0.011921995512835482
0.0 0.0032848885546762742
0.0 0.0
0.005 0.0004773501038385137
0.01 -0.0017310942456903002
0.015 -0.017011392020723052
0.02 -0.02210420414373966
0.02 -0.02210420414373966
0.025625000000000002 -0.019898165401921103
0.03125 -0.016897727381876657
0.036875000000000005 -0.016899127134295734
0.0425 -0.01885867175224747
0.048125 -0.02145485125233818
0.053750000000000006 -0.023467921571874887
0.05937500000000001 -0.02463490690473621
0.065 -0.025217286099537207
0.07062500000000001 -0.025481917698993044
0.07625000000000001 -0.02569561350520808
0.081875 -0.02605581984649401
0.08750000000000001 -0.026551444081674938
0.09312500000000001 -0.027132364699720288
0.09875000000000002 -0.027748460189599467
0.10437500000000001 -0.0283496090402819
0.11000000000000001 -0.028887862886894062
0.11562500000000002 -0.029349083401655797
0.12125000000000001 -0.029745837039072902
0.12687500000000002 -0.03009141750992132
0.1325 -0.030399118524976947
0.138125 -0.030682233795015754
0.14375000000000002 -0.03095400526097229
0.149375 -0.03122266803644329
0.155 -0.03148734530508475
0.16062500000000002 -0.03174619399755532
0.16625 -0.03199737104451366
0.171875 -0.03223903337661844
0.17750000000000002 -0.0324693379245283
0.183125 -0.03268644654710497
0.18875 -0.032889346007881036
0.19437500000000002 -0.03307876575891188
0.2 -0.03325565660314693
0.2 -0.03325565660314693
0.22608695652173916 -0.0339397320086603
0.2521739130434783 -0.0344537156861947
0.27826086956521745 -0.03481894654597372
0.30434782608695654 -0.03504476682599984
0.3304347826086957 -0.03514247754330251
0.35652173913043483 -0.035122022144304633
0.3826086956521739 -0.03499095771943491
0.4086956521739131 -0.034750078288630075
0.4347826086956522 -0.03439227905855423
0.46086956521739136 -0.03391329388234331
0.4869565217391305 -0.03331268170000238
0.5130434782608697 -0.03258319011933133
0.5391304347826088 -0.031708400727322734
0.5652173913043479 -0.030666945917154704
0.5913043478260871 -0.029431347154419914
0.6173913043478262 -0.02796651832294715
0.6434782608695653 -0.026226150142406236
0.6695652173913045 -0.024115874935558244
0.6956521739130436 -0.02149125502459323
0.7217391304347827 -0.01831432087526516
0.7478260869565219 -0.014654804265415341
0.7739130434782611 -0.0106989700638006
0.8 -0.006691320991352311
0.8 -0.006691320991352311
0.805625 -0.005843694209005847
0.81125 -0.005007234625403742
0.816875 -0.004184340244250269
0.8225 -0.003377400641485797
0.828125 -0.0025886512054881174
0.83375 -0.001820192397364756
0.839375 -0.001074120124030282
0.845 -0.00035253029239926944
0.8506250000000001 0.0003424811906137236
0.8562500000000001 0.0010088184180940985
0.8618750000000001 0.0016443854831272964
0.8675 0.0022470938706136046
0.873125 0.00281489198334461
0.87875 0.0033457397264169625
0.884375 0.003837597008663098
0.89 0.004288423738915455
0.895625 0.0046961798260064715
0.90125 0.005058825178768582
0.906875 0.00537410577801764
0.9125 0.005638636857701986
0.918125 0.005848661438246661
0.92375 0.006000422313981964
0.9293750000000001 0.006090162279238194
0.935 0.0061141241283456495
0.940625 0.006068420948068508
0.94625 0.005948117610526783
0.951875 0.005747771672741715
0.9575 0.005461937375647841
0.963125 0.005085168960179695
0.96875 0.004612065538467788
0.974375 0.004037554088828485
0.98 0.0033567070816619363
0.98 0.0033567070816619363
0.985 0.002658257362929447
0.99 0.0018683964065453395
0.995 0.0009835183657800335
1.0 0.0
