1.0 0.0
0.995 0.001547316369427451
0.99 0.003161245931484548
0.985 0.004800875206783766
0.98 0.0064381323143023785
0.98 0.0064381323143023785
0.974375 0.008250670242663086
0.96875 0.010009713468427751
0.963125 0.011706112801938335
0.9575 0.013332558689147692
0.951875 0.014884721540568548
0.94625 0.016366308696331704
0.940625 0.01778236881640773
0.935 0.019137956700550546
0.9293750000000001 0.020438556182585926
0.92375 0.021690353535095217
0.918125 0.022899600053140644
0.9125 0.02407254703178449
0.906875 0.02521514753489646
0.90125 0.02633060937572924
0.895625 0.02742066086297916
0.89 0.028487015965149968
0.884375 0.029531388650745432
0.87875 0.030555476644436447
0.873125 0.03156040778763588
0.8675 0.03254660340796377
0.8618750000000001 0.03351444086684966
0.8562500000000001 0.03446429752572311
0.8506250000000001 0.03539655074601363
0.845 0.03631158042162901
0.839375 0.0372098493582922
0.83375 0.03809191985224833
0.828125 0.03895836008253769
0.8225 0.039809738228200546
0.816875 0.04064662246827716
0.81125 0.04146958098180781
0.805625 0.042279124049546306
0.8 0.04307538501633389
0.8 0.04307538501633389
0.7739130434782611 0.046594040723951326
0.7478260869565219 0.04982605930102274
0.7217391304347827 0.05277816661548615
0.6956521739130436 0.05545863566064632
0.6695652173913045 0.057873147644402996
0.6434782608695653 0.060025000176749777
0.6173913043478262 0.06191584171868861
0.5913043478260871 0.06355059703475668
0.5652173913043479 0.06493485766411324
0.5391304347826088 0.06606797817336214
0.5130434782608697 0.06694927328321489
0.4869565217391305 0.06758542883179935
0.46086956521739136 0.06798247669450133
0.4347826086956522 0.06814066854184558
0.4086956521739131 0.06805738760292349
0.3826086956521739 0.06772637772952922
0.35652173913043483 0.06713658909898458
0.3304347826086957 0.06627189744674603
0.30434782608695654 0.06511911446258019
0.27826086956521745 0.0636648853942879
0.2521739130434783 0.06188052701836815
0.22608695652173916 0.059729559707764265
0.2 0.05717021324894401
0.2 0.05717021324894401
0.19437500000000002 0.056560178467095955
0.18875 0.055928272967251655
0.183125 0.055273934502293655
0.17750000000000002 0.05459660082510451
0.171875 0.05389559188612584
0.16625 0.053169650253795
0.16062500000000002 0.052417341886090964
0.155 0.05163723269619369
0.149375 0.0508278885972832
0.14375000000000002 0.04998787550253945
0.138125 0.049115752365447365
0.1325 0.04820998975817968
0.12687500000000002 0.047268997470182345
0.12125000000000001 0.046291184094564584
0.11562500000000002 0.04527495822443556
0.11000000000000001 0.04421872845290447
0.10437500000000001 0.04312049156863397
0.09875000000000002 0.04197645989164196
0.09312500000000001 0.04078236250048991
0.08750000000000001 0.039533928465270714
0.081875 0.03822688685607723
0.07625000000000001 0.036856709491068534
0.07062500000000001 0.03541775046038839
0.065 0.033904060362575705
0.05937500000000001 0.0323096897903162
0.053750000000000006 0.03062772149083889
0.048125 0.028840480351550412
0.0425 0.026923578001792736
0.036875000000000005 0.024852524042251384
0.03125 0.022602889940365457
0.025625000000000002 0.020150420582507732
0.02 0.017468947202001102
0.02 0.017468947202001102
0.015 0.014770116981204524
0.01 0.011499755975453359
0.005 0.007377947330111927
0.0 0.0021247741905445414
0.0 0.0004103183214327949
0.005 -0.004922211647372858
0.01 -0.004960415235345362
0.015 -0.00498267508514644
0.02 -0.0056046421211964695
0.02 -0.0056046421211964695
0.025625000000000002 -0.0062484204565332714
0.03125 -0.006426035860587618
0.036875000000000005 -0.006286683255027696
0.0425 -0.006019862368231307
0.048125 -0.005770994656984996
0.053750000000000006 -0.005544398714369634
0.05937500000000001 -0.005316217033619809
0.065 -0.0050625921079701045
0.07062500000000001 -0.004762626316398847
0.07625000000000001 -0.0044165036567181135
0.081875 -0.004033555058039696
0.08750000000000001 -0.0036231485064702265
0.09312500000000001 -0.0031946519881163476
0.09875000000000002 -0.0027570498976005825
0.10437500000000001 -0.0023140632727972157
0.11000000000000001 -0.001865591984881391
0.11562500000000002 -0.001411450054765801
0.12125000000000001 -0.000951451503363137
0.12687500000000002 -0.0004854103515860884
0.1325 -1.3172534304527675e-05
0.138125 0.00046480934228222643
0.14375000000000002 0.000947539304659558
0.149375 0.0014340021743779099
0.155 0.0019231827729877331
0.16062500000000002 0.0024140659220394786
0.16625 0.0029056364430835886
0.171875 0.003396911193645712
0.17750000000000002 0.003887342136504445
0.183125 0.00437669489976943
0.18875 0.004864742041168831
0.19437500000000002 0.005351256118430813
0.2 0.005836009689283535
0.2 0.005836009689283535
0.22608695652173916 0.008054717550478565
0.2521739130434783 0.010211359682736858
0.27826086956521745 0.012289554655298057
0.30434782608695654 0.014277039729332799
0.3304347826086957 0.016163552353243377
0.35652173913043483 0.01793829590574838
0.3826086956521739 0.019591195959054883
0.4086956521739131 0.021119689828979233
0.4347826086956522 0.022524201635648528
0.46086956521739136 0.02379871515352913
0.4869565217391305 0.024933210500470846
0.5130434782608697 0.02592102714236475
0.5391304347826088 0.0267588707963361
0.5652173913043479 0.027441555268239978
0.5913043478260871 0.0279605943176816
0.6173913043478262 0.028308194556761344
0.6434782608695653 0.028479225031829262
0.6695652173913045 0.028467282561633948
0.6956521739130436 0.028258910260889315
0.7217391304347827 0.027839579808625795
0.7478260869565219 0.027198665110191065
0.7739130434782611 0.026323749703781187
0.8 0.02518696507424961
0.8 0.02518696507424961
0.805625 0.02490438200004299
0.81125 0.02460786561265308
0.816875 0.024297160270896994
0.8225 0.023972010333591847
0.828125 0.02363216015955473
0.83375 0.02327735410760276
0.839375 0.022907336536553045
0.845 0.022521848881223706
0.8506250000000001 0.022120410359976785
0.8562500000000001 0.021702165769584558
0.8618750000000001 0.021266223919504904
0.8675 0.020811693619195725
0.873125 0.020337683678114896
0.87875 0.019843302905720325
0.884375 0.019327659939294976
0.89 0.018789767142124728
0.895625 0.018228380533763393
0.90125 0.01764221393594825
0.906875 0.017029981170416576
0.9125 0.016390396058905653
0.918125 0.01572217242315275
0.92375 0.015023552403958172
0.9293750000000001 0.01429006575524651
0.935 0.013516274593978903
0.940625 0.012696739841081002
0.94625 0.011826022417478474
0.951875 0.010898616990194886
0.9575 0.009908136486577627
0.963125 0.008847567096896969
0.96875 0.007709881628445663
0.974375 0.006488367919902524
0.98 0.005183029268656681
0.98 0.005183029268656681
0.985 0.003957552196872639
0.99 0.002675903649302887
0.995 0.0013501604482669717
1.0 0.0
