1.0 0.00031
0.995 0.0015496779408208853
0.99 0.0029026857400320984
0.985 0.004307948923054677
0.98 0.0057194267077120935
0.98 0.0057194267077120935
0.974375 0.0072787080135105
0.96875 0.008772091552054304
0.963125 0.010190951320722537
0.9575 0.011542711550460083
0.951875 0.012834981887223897
0.94625 0.014075688800730528
0.940625 0.01527328143889573
0.935 0.016436257818926714
0.9293750000000001 0.017573115841463833
0.92375 0.01869105437699931
0.918125 0.0197927561585654
0.9125 0.02087992313478861
0.906875 0.021954257254295437
0.90125 0.023017460465712354
0.895625 0.02407104825652392
0.89 0.025115669030183797
0.884375 0.026151719338567855
0.87875 0.027179595706137483
0.873125 0.028199694657354078
0.8675 0.029212412665180494
0.8618750000000001 0.03021807943360045
0.8562500000000001 0.031216826766416465
0.8506250000000001 0.032208749973909045
0.845 0.03319394436635872
0.839375 0.03417250525404594
0.83375 0.03514452794725124
0.828125 0.036110103015821765
0.8225 0.03706924736166965
0.816875 0.0380219197437177
0.81125 0.03896807734006251
0.805625 0.03990767732880065
0.8 0.040840676888028705
0.8 0.040840676888028705
0.7739130434782611 0.045078894985780674
0.7478260869565219 0.049154141685562466
0.7217391304347827 0.053038841115043374
0.6956521739130436 0.0567036771581893
0.6695652173913045 0.06010074182870921
0.6434782608695653 0.06315713277123357
0.6173913043478262 0.06582548701220763
0.5913043478260871 0.06808251992721322
0.5652173913043479 0.06992533418677366
0.5391304347826088 0.0713585351288937
0.5130434782608697 0.07238125841266604
0.4869565217391305 0.07300397519106414
0.46086956521739136 0.07327185671646273
0.4347826086956522 0.07321933315422989
0.4086956521739131 0.0728504467623396
0.3826086956521739 0.07216891549140558
0.35652173913043483 0.07118158913810485
0.3304347826086957 0.06988671779926917
0.30434782608695654 0.06827509585877345
0.27826086956521745 0.06633505117517478
0.2521739130434783 0.0640512036876501
0.22608695652173916 0.061398992926404265
0.2 0.05834581866463908
0.2 0.05834581866463908
0.19437500000000002 0.05763102232561551
0.18875 0.05689517280481453
0.183125 0.05613754136432256
0.17750000000000002 0.05535737795484227
0.171875 0.05455393252707638
0.16625 0.05372645503172757
0.16062500000000002 0.05287419541949854
0.155 0.05199639604453166
0.149375 0.05109217156056312
0.14375000000000002 0.050160530606087356
0.138125 0.04920047860721386
0.1325 0.048211020990052096
0.12687500000000002 0.04719116318071155
0.12125000000000001 0.046139885882683356
0.11562500000000002 0.04505545574922553
0.11000000000000001 0.043935333817425086
0.10437500000000001 0.042776938004951436
0.09875000000000002 0.041577686229473935
0.09312500000000001 0.04033499640866196
0.08750000000000001 0.039045961406938286
0.081875 0.03770632937131843
0.07625000000000001 0.03631150076516115
0.07062500000000001 0.034856876051350516
0.065 0.03333783991380363
0.05937500000000001 0.03174754751755528
0.053750000000000006 0.030074640037474693
0.048125 0.028307213392706834
0.0425 0.026433284869079084
0.036875000000000005 0.02443073619526224
0.03125 0.0222574212085472
0.025625000000000002 0.019868843130193603
0.02 0.017213138690919217
0.02 0.017213138690919217
0.015 0.01456614174000884
0.01 0.011565783868084952
0.005 0.007628641247647023
0.0 0.0006881310629740772
0.0 0.0
0.005 -0.0050727797160430585
0.01 -0.007611494330703746
0.015 -0.009622757261994568
0.02 -0.011257360130358949
0.02 -0.011257360130358949
0.025625000000000002 -0.01281138640371564
0.03125 -0.014187888945673204
0.036875000000000005 -0.015418653404875696
0.0425 -0.01652576383615747
0.048125 -0.017529724880229178
0.053750000000000006 -0.018445329176028192
0.05937500000000001 -0.01928607851067858
0.065 -0.020065474671304442
0.07062500000000001 -0.02079578117930193
0.07625000000000001 -0.021482568409086206
0.081875 -0.022129155590688232
0.08750000000000001 -0.022738860267605125
0.09312500000000001 -0.02331499998333392
0.09875000000000002 -0.023860664763191108
0.10437500000000001 -0.02437784325843181
0.11000000000000001 -0.02486819130567622
0.11562500000000002 -0.025333364670799847
0.12125000000000001 -0.025775019119678208
0.12687500000000002 -0.02619480891665371
0.1325 -0.0265940889661907
0.138125 -0.02697355534308256
0.14375000000000002 -0.02733381636888189
0.149375 -0.027675480365141277
0.155 -0.02799915565341331
0.16062500000000002 -0.0283054505552506
0.16625 -0.02859495422040717
0.171875 -0.028868104579784098
0.17750000000000002 -0.029125267871283434
0.183125 -0.029366809901693602
0.18875 -0.029593096477803026
0.19437500000000002 -0.029804493406400116
0.2 -0.030001366494273297
0.2 -0.030001366494273297
0.22608695652173916 -0.030730844303012674
0.2521739130434783 -0.03116335241981343
0.27826086956521745 -0.03129257915557544
0.30434782608695654 -0.0310934058749873
0.3304347826086957 -0.030557935172463763
0.35652173913043483 -0.029694142556223543
0.3826086956521739 -0.02851432412508727
0.4086956521739131 -0.027035515508592702
0.4347826086956522 -0.02529057532299293
0.46086956521739136 -0.023322593384242855
0.4869565217391305 -0.02119688762497553
0.5130434782608697 -0.018980835483869942
0.5391304347826088 -0.01672191045569061
0.5652173913043479 -0.014459249477863373
0.5913043478260871 -0.012218464580437445
0.6173913043478262 -0.010021460456002444
0.6434782608695653 -0.007893614796559072
0.6695652173913045 -0.005860614262422872
0.6956521739130436 -0.0039417475480773715
0.7217391304347827 -0.002154357509281388
0.7478260869565219 -0.0005200205428904504
0.7739130434782611 0.0009373990209885529
0.8 0.0021909995312099483
0.8 0.0021909995312099483
0.805625 0.0024319050717334484
0.81125 0.0026617791532875406
0.816875 0.002880355591822877
0.8225 0.0030873682032901157
0.828125 0.0032825508036399085
0.83375 0.003465637208822913
0.839375 0.0036363612347897864
0.845 0.0037944484188593072
0.8506250000000001 0.003939528874246842
0.8562500000000001 0.004071171535023206
0.8618750000000001 0.004188944332756073
0.8675 0.004292415199013108
0.873125 0.004381152065361981
0.87875 0.004454722863370358
0.884375 0.004512679795612309
0.89 0.004554335077353354
0.895625 0.004578813781541137
0.90125 0.004585236026502026
0.906875 0.004572721930562393
0.9125 0.00454039161204861
0.918125 0.0044873667330911655
0.92375 0.004412836033738078
0.9293750000000001 0.004316079711922733
0.935 0.0041963845327633136
0.940625 0.004053037261377999
0.94625 0.003885323407920394
0.951875 0.00369184143842865
0.9575 0.003469366260129426
0.963125 0.003214373620354899
0.96875 0.0029233392664372434
0.974375 0.00259208319877125
0.98 0.002213444807846587
0.98 0.002213444807846587
0.985 0.0018306266076231717
0.99 0.0013972417938701402
0.995 0.0008971978583800467
1.0 0.00031
