1.0 0.0
0.995 0.00031212090834629113
0.99 0.0007046786253640161
0.985 0.0011444352018734096
0.98 0.001620856736641808
0.98 0.001620856736641808
0.974375 0.0021885507904336977
0.96875 0.0027771137473289512
0.963125 0.0033807458149797322
0.9575 0.003995654588171979
0.951875 0.004619691097462681
0.94625 0.0052509994945184974
0.940625 0.00588815038700934
0.935 0.006529839741522958
0.9293750000000001 0.007175562127631817
0.92375 0.00782549489956315
0.918125 0.008479919756781275
0.9125 0.009139919037567053
0.906875 0.009807025773603092
0.90125 0.010482659060336026
0.895625 0.011166305227047165
0.89 0.01185588066375566
0.884375 0.012549258605296426
0.87875 0.013245206786731118
0.873125 0.01394474476708051
0.8675 0.01464924089137726
0.8618750000000001 0.015360020707066819
0.8562500000000001 0.016077231381344342
0.8506250000000001 0.016799722618782785
0.845 0.017526277440678514
0.839375 0.018255715944345982
0.83375 0.018987654997790003
0.828125 0.01972247832856999
0.8225 0.020460600755290582
0.816875 0.02120243261719115
0.81125 0.021948101199898096
0.805625 0.022697286634725557
0.8 0.023449629586733717
0.8 0.023449629586733717
0.7739130434782611 0.026972186250403988
0.7478260869565219 0.030543217582755577
0.7217391304347827 0.03414420414779407
0.6956521739130436 0.03776181621058381
0.6695652173913045 0.041377333479156245
0.6434782608695653 0.04498555369759606
0.6173913043478262 0.0485717899883795
0.5913043478260871 0.052099879035767266
0.5652173913043479 0.055556786675204854
0.5391304347826088 0.058924393062826035
0.5130434782608697 0.06216656486675948
0.4869565217391305 0.06525044125576204
0.46086956521739136 0.0681492241043617
0.4347826086956522 0.07083119965690543
0.4086956521739131 0.07325318668706418
0.3826086956521739 0.0753658403021532
0.35652173913043483 0.07711892135905338
0.3304347826086957 0.07846216541053974
0.30434782608695654 0.07933593029247137
0.27826086956521745 0.07966604664287763
0.2521739130434783 0.07938039121592674
0.22608695652173916 0.0783941335426534
0.2 0.07658889734150522
0.2 0.07658889734150522
0.19437500000000002 0.07608278903374735
0.18875 0.07553205403877745
0.183125 0.0749350444228065
0.17750000000000002 0.07429011578886544
0.171875 0.07359566381230435
0.16625 0.0728501095346936
0.16062500000000002 0.07205187439902767
0.155 0.07119936952709162
0.149375 0.07029075146839724
0.14375000000000002 0.06932391227066494
0.138125 0.06829673167359057
0.1325 0.06720704992638696
0.12687500000000002 0.06605193890832067
0.12125000000000001 0.06482777265044738
0.11562500000000002 0.0635308998386766
0.11000000000000001 0.062157712757969344
0.10437500000000001 0.06070488517644637
0.09875000000000002 0.05916920267680847
0.09312500000000001 0.05754740208640326
0.08750000000000001 0.05583452539735208
0.081875 0.0540235280750807
0.07625000000000001 0.05210722529876628
0.07062500000000001 0.05007737280533432
0.065 0.04792384427489047
0.05937500000000001 0.04563624882953045
0.053750000000000006 0.04320199204237002
0.048125 0.040605902157377104
0.0425 0.037829657642580346
0.036875000000000005 0.03483893216841339
0.03125 0.03159366277370604
0.025625000000000002 0.02804915690026741
0.02 0.02414358985257788
0.02 0.02414358985257788
0.015 0.020233524410010348
0.01 0.015789830553877872
0.005 0.010547536193143022
0.0 0.0022203600583815203
0.0 0.0
0.005 -0.008353745758945886
0.01 -0.012244155850550586
0.015 -0.014851853933827692
0.02 -0.016967351238075426
0.02 -0.016967351238075426
0.025625000000000002 -0.019096779574912067
0.03125 -0.0208639393355869
0.036875000000000005 -0.022373797370829424
0.0425 -0.023717633549563574
0.048125 -0.024918525908742
0.053750000000000006 -0.02599381823305428
0.05937500000000001 -0.02696253963860042
0.065 -0.027843707803748778
0.07062500000000001 -0.028650566915164103
0.07625000000000001 -0.029391424975180575
0.081875 -0.030074337404888525
0.08750000000000001 -0.03070644947164682
0.09312500000000001 -0.031294394101577624
0.09875000000000002 -0.031844639142118186
0.10437500000000001 -0.03236106378474286
0.11000000000000001 -0.032845444518226984
0.11562500000000002 -0.03329949795606123
0.12125000000000001 -0.03372532105213911
0.12687500000000002 -0.0341259682331485
0.1325 -0.03450464222916314
0.138125 -0.034864500616193075
0.14375000000000002 -0.03520745770724467
0.149375 -0.035534058913158376
0.155 -0.03584477928985248
0.16062500000000002 -0.03614011158240814
0.16625 -0.03642092867938449
0.171875 -0.036688469342058876
0.17750000000000002 -0.0369439871654095
0.183125 -0.03718873034938397
0.18875 -0.03742360617891213
0.19437500000000002 -0.0376489833779821
0.2 -0.03786518313669427
0.2 -0.03786518313669427
0.22608695652173916 -0.03875769349915582
0.2521739130434783 -0.03949584977818261
0.27826086956521745 -0.04010374155724925
0.30434782608695654 -0.04057847834384006
0.3304347826086957 -0.040935479976976
0.35652173913043483 -0.04117559263359626
0.3826086956521739 -0.041288091861307975
0.4086956521739131 -0.04127270839696785
0.4347826086956522 -0.041113252601976895
0.46086956521739136 -0.04080949129356615
0.4869565217391305 -0.040350059058432045
0.5130434782608697 -0.039729424331938025
0.5391304347826088 -0.038935047805387354
0.5652173913043479 -0.037956817475632405
0.5913043478260871 -0.036804404636033586
0.6173913043478262 -0.035468249732988906
0.6434782608695653 -0.03394292989058498
0.6695652173913045 -0.03222500869628392
0.6956521739130436 -0.03032342949681633
0.7217391304347827 -0.028244525683757904
0.7478260869565219 -0.02599679026049167
0.7739130434782611 -0.02359093446971746
0.8 -0.021029417971623676
0.8 -0.021029417971623676
0.805625 -0.020461957088558136
0.81125 -0.01988899351257984
0.816875 -0.01931015985336759
0.8225 -0.018725155684483456
0.828125 -0.018134439283095945
0.83375 -0.0175389491941268
0.839375 -0.01693963156280604
0.845 -0.016337408395606115
0.8506250000000001 -0.01573260631737977
0.8562500000000001 -0.015124933348671817
0.8618750000000001 -0.0145140687246
0.8675 -0.013899712469786218
0.873125 -0.013281969112138386
0.87875 -0.012661310557148375
0.884375 -0.012038222053092957
0.89 -0.011413258680730799
0.895625 -0.010787426371630255
0.90125 -0.010161910150467666
0.906875 -0.009537873270772525
0.9125 -0.008915710847562331
0.918125 -0.008294872333712086
0.92375 -0.007674752631858829
0.9293750000000001 -0.007055074160199956
0.935 -0.006436141155236888
0.940625 -0.005818322314652971
0.94625 -0.005202129566778263
0.951875 -0.004588242366294148
0.9575 -0.0039773170809578665
0.963125 -0.0033698363833297813
0.96875 -0.0027669692331852382
0.974375 -0.0021779464324479855
0.98 -0.0016160429925645076
0.98 -0.0016160429925645076
0.985 -0.0011448088636767718
0.99 -0.0007048920065200067
0.995 -0.0003120766608288326
1.0 0.0
