1.0 0.0
0.995 0.00041989879330837454
0.99 0.00084
0.985 0.0012626012066916253
0.98 0.00169
0.98 0.00169
0.974375 0.002177927439022736
0.96875 0.002669171827283248
0.963125 0.0031605468125581833
0.9575 0.003654059314364523
0.951875 0.004152370177405349
0.94625 0.004657963423227595
0.940625 0.005171267504187969
0.935 0.005691384698972074
0.9293750000000001 0.006217395183370984
0.92375 0.006748382369480542
0.918125 0.007283955164380145
0.9125 0.007824824436916192
0.906875 0.008371839812501185
0.90125 0.008925850916547616
0.895625 0.009487607157117446
0.89 0.010057062047045578
0.884375 0.01063378955882186
0.87875 0.011217361327505216
0.873125 0.011807352745943429
0.8675 0.012403564674314957
0.8618750000000001 0.013006147447160823
0.8562500000000001 0.013615281461332803
0.8506250000000001 0.01423114711368268
0.845 0.014853869361398157
0.839375 0.015483262937765292
0.83375 0.016119034728598658
0.828125 0.016760891511432202
0.8225 0.017408538876280587
0.816875 0.018061646397924975
0.81125 0.018719842013751393
0.805625 0.019382751341772263
0.8 0.02005
0.8 0.02005
0.7739130434782611 0.023192294465119393
0.7478260869565219 0.026399713292690637
0.7217391304347827 0.029672988993419726
0.6956521739130436 0.03300928630697445
0.6695652173913045 0.03638652487912901
0.6434782608695653 0.039793661410777253
0.6173913043478262 0.043210307503296366
0.5913043478260871 0.046609407993726426
0.5652173913043479 0.04996727566248378
0.5391304347826088 0.0532661313640732
0.5130434782608697 0.056478600758048746
0.4869565217391305 0.05956487686577748
0.46086956521739136 0.06248805353920529
0.4347826086956522 0.0652143994455934
0.4086956521739131 0.06770213357101022
0.3826086956521739 0.06990218965370201
0.35652173913043483 0.0717573836993271
0.3304347826086957 0.07320559802360418
0.30434782608695654 0.07418622148627807
0.27826086956521745 0.0746354789600488
0.2521739130434783 0.074464999620606
0.22608695652173916 0.07358363010147814
0.2 0.07188999999999998
0.2 0.07188999999999998
0.19437500000000002 0.07140836832687855
0.18875 0.07088250968984086
0.183125 0.07031067843190002
0.17750000000000002 0.06969112889606907
0.171875 0.06902212009482205
0.16625 0.06830199486679517
0.16062500000000002 0.06752916855801362
0.155 0.0667020589052665
0.149375 0.0658190835094058
0.14375000000000002 0.06487852457779897
0.138125 0.06387827485763976
0.1325 0.06281615749625845
0.12687500000000002 0.061689995640985255
0.12125000000000001 0.06049755307009167
0.11562500000000002 0.059235903396540765
0.11000000000000001 0.057901674965354685
0.10437500000000001 0.05649148870042323
0.09875000000000002 0.05500196165855023
0.09312500000000001 0.05342908297844757
0.08750000000000001 0.05176752505603872
0.081875 0.050011794485934194
0.07625000000000001 0.048156397862744484
0.07062500000000001 0.046195473793448356
0.065 0.04412023844097545
0.05937500000000001 0.04192051433579583
0.053750000000000006 0.03958611542557765
0.048125 0.03710673583284584
0.0425 0.03446488017153127
0.036875000000000005 0.031631909317244016
0.03125 0.028576623279982727
0.025625000000000002 0.02524919574533405
0.02 0.021579999999999995
0.02 0.021579999999999995
0.015 0.01797
0.01 0.013960000000000002
0.005 0.00916
0.0 0.0012019396233167634
0.0 0.00032
0.005 -0.006959999999999999
0.01 -0.00939
0.015 -0.01115
0.02 -0.01265
0.02 -0.01265
0.025625000000000002 -0.014051142123302739
0.03125 -0.015173766499255127
0.036875000000000005 -0.016084796658071995
0.0425 -0.01684561797528129
0.048125 -0.01749324407029914
0.053750000000000006 -0.01806116134684864
0.05937500000000001 -0.018566224082333497
0.065 -0.019014556150080384
0.07062500000000001 -0.01941210258334803
0.07625000000000001 -0.019764807715855554
0.081875 -0.020078502293580238
0.08750000000000001 -0.02035877886926701
0.09312500000000001 -0.020611200002900645
0.09875000000000002 -0.020841328254465906
0.10437500000000001 -0.021054437089747368
0.11000000000000001 -0.02125350407773281
0.11562500000000002 -0.021440411937946286
0.12125000000000001 -0.021617036647190002
0.12687500000000002 -0.02178524631995755
0.1325 -0.02194643733222555
0.138125 -0.02210127486526936
0.14375000000000002 -0.022250361201895396
0.149375 -0.022394298624910082
0.155 -0.02253367732198789
0.16062500000000002 -0.022669019800035606
0.16625 -0.022800825037148642
0.171875 -0.022929591987799133
0.17750000000000002 -0.023055814290608555
0.183125 -0.023179824364415767
0.18875 -0.023301768241046655
0.19437500000000002 -0.023421781569806358
0.2 -0.02354
0.2 -0.02354
0.22608695652173916 -0.024071872082682615
0.2521739130434783 -0.02460590605381715
0.27826086956521745 -0.025170777418351543
0.30434782608695654 -0.025734033761172816
0.3304347826086957 -0.026295224619472847
0.35652173913043483 -0.02682937639214858
0.3826086956521739 -0.02731240111468794
0.4086956521739131 -0.027732231079065268
0.4347826086956522 -0.028074373881661518
0.46086956521739136 -0.028318479853704778
0.4869565217391305 -0.028445560588904732
0.5130434782608697 -0.02843897833449641
0.5391304347826088 -0.028282837734593246
0.5652173913043479 -0.027962376027517048
0.5913043478260871 -0.02747142312479324
0.6173913043478262 -0.026809123059249363
0.6434782608695653 -0.02595649654347422
0.6695652173913045 -0.024907506312827517
0.6956521739130436 -0.02373474073865115
0.7217391304347827 -0.022014678470630846
0.7478260869565219 -0.020699677330840226
0.7739130434782611 -0.01895989130485031
0.8 -0.01702
0.8 -0.01702
0.805625 -0.016583720774106546
0.81125 -0.01613945588461021
0.816875 -0.015688831730660296
0.8225 -0.015233474711406132
0.828125 -0.014774966467975754
0.83375 -0.014314085145499292
0.839375 -0.013850913886552537
0.845 -0.013385512917604384
0.8506250000000001 -0.01291794249319436
0.8562500000000001 -0.012448290826225582
0.8618750000000001 -0.011976726552002324
0.8675 -0.011503432677999678
0.873125 -0.011028592211692749
0.87875 -0.01055237374937913
0.884375 -0.010074778357417978
0.89 -0.009595699018337182
0.895625 -0.009115026913267446
0.90125 -0.008632653883763572
0.906875 -0.008148579007742015
0.9125 -0.00766302623752198
0.918125 -0.007176247841105546
0.92375 -0.006688496086494788
0.9293750000000001 -0.0061999864571264125
0.935 -0.005710642304786872
0.940625 -0.005220247671786187
0.94625 -0.0047285857424853445
0.951875 -0.004235444850628464
0.9575 -0.0037409222929478945
0.963125 -0.0032455942588077327
0.96875 -0.002750078132637171
0.974375 -0.0022549116500179636
0.98 -0.0017600000000000003
0.98 -0.0017600000000000003
0.985 -0.0013200279747624004
0.99 -0.00088
0.995 -0.00043997202523759935
1.0 0.0
