1.0 0.0
0.995 0.0026911657220461387
0.99 0.004800862631760527
0.985 0.006736196364551466
0.98 0.008550962616112568
0.98 0.008550962616112568
0.974375 0.010523346783528141
0.96875 0.012371212999878159
0.963125 0.01410146402460455
0.9575 0.01574566823937588
0.951875 0.01732364415960762
0.94625 0.01884959422825325
0.940625 0.020333702905677837
0.935 0.021780926684737755
0.9293750000000001 0.02319598618565417
0.92375 0.024585106394616096
0.918125 0.025955546899618452
0.9125 0.02731409350636398
0.906875 0.02865920570408025
0.90125 0.029982420269917553
0.895625 0.03127507755505586
0.89 0.03253536734446487
0.884375 0.033779347842695324
0.87875 0.03502595443803301
0.873125 0.036293756300672934
0.8675 0.03758589684434707
0.8618750000000001 0.038884764516583355
0.8562500000000001 0.04017128619600236
0.8506250000000001 0.041427075744197135
0.845 0.042648752804193536
0.839375 0.043847514078356874
0.83375 0.04503515748502112
0.828125 0.04622341280180584
0.8225 0.04741777264635894
0.816875 0.04861256906141265
0.81125 0.04980097549889293
0.805625 0.05097616541072577
0.8 0.052132382241552505
0.8 0.052132382241552505
0.7739130434782611 0.057394829194319964
0.7478260869565219 0.06265670838985188
0.7217391304347827 0.06765632789574846
0.6956521739130436 0.07272419090480942
0.6695652173913045 0.07747882841376913
0.6434782608695653 0.08226486963335465
0.6173913043478262 0.08689612775801502
0.5913043478260871 0.09132195850090469
0.5652173913043479 0.09578526722077625
0.5391304347826088 0.09974491234978825
0.5130434782608697 0.10370080343213091
0.4869565217391305 0.10721076594895683
0.46086956521739136 0.1102517916627374
0.4347826086956522 0.1130520096803554
0.4086956521739131 0.11476186161911425
0.3826086956521739 0.11620361846561728
0.35652173913043483 0.11667213504187712
0.3304347826086957 0.11636558441287975
0.30434782608695654 0.11555466179083104
0.27826086956521745 0.11338785905881726
0.2521739130434783 0.1111808273636182
0.22608695652173916 0.10724709603444836
0.2 0.10338327030619832
0.2 0.10338327030619832
0.19437500000000002 0.10231471033784567
0.18875 0.10106625984299857
0.183125 0.09970703712249922
0.17750000000000002 0.09831777338983969
0.171875 0.09697919985851189
0.16625 0.09575965915711775
0.16062500000000002 0.09461311178229193
0.155 0.09343172428440771
0.149375 0.09210705934926372
0.14375000000000002 0.09053517638518271
0.138125 0.08872796470353075
0.1325 0.08682048563199116
0.12687500000000002 0.08495376738238503
0.12125000000000001 0.08326191742681903
0.11562500000000002 0.08171546305619899
0.11000000000000001 0.08011886712502911
0.10437500000000001 0.0782691748616743
0.09875000000000002 0.07600585013481198
0.09312500000000001 0.0734730616363428
0.08750000000000001 0.07094818033202477
0.081875 0.06870065472759973
0.07625000000000001 0.06670086475623785
0.07062500000000001 0.06454755370053789
0.065 0.06182312615188307
0.05937500000000001 0.05848997045271813
0.053750000000000006 0.055081576581864126
0.048125 0.05212860580924415
0.0425 0.049455210161162104
0.036875000000000005 0.04636347785761693
0.03125 0.042509358794752615
0.025625000000000002 0.03835688229635329
0.02 0.03409962792780175
0.02 0.03409962792780175
0.015 0.029628984244348698
0.01 0.024428112356362948
0.005 0.018056464895579518
0.0 0.004457156957194536
0.0 0.0
0.005 -0.004654511375184207
0.01 -0.007375566633587154
0.015 -0.008955098867175392
0.02 -0.010513968301277142
0.02 -0.010513968301277142
0.025625000000000002 -0.012575371637818532
0.03125 -0.013854156970778228
0.036875000000000005 -0.014751135903181816
0.0425 -0.01616382404918024
0.048125 -0.017965585490785967
0.053750000000000006 -0.0195734753311423
0.05937500000000001 -0.020741932592759988
0.065 -0.021683492763673175
0.07062500000000001 -0.022626328720204057
0.07625000000000001 -0.02359569790587924
0.081875 -0.024481847527183805
0.08750000000000001 -0.025181192241014703
0.09312500000000001 -0.025727990979660862
0.09875000000000002 -0.026267430622413525
0.10437500000000001 -0.026947498890896173
0.11000000000000001 -0.027833993304190306
0.11562500000000002 -0.028804698441274906
0.12125000000000001 -0.02971122517899993
0.12687500000000002 -0.03041099083695565
0.1325 -0.030891406296424142
0.138125 -0.031267931350527405
0.14375000000000002 -0.03166144327745834
0.149375 -0.032187730419103174
0.155 -0.03285753222896329
0.16062500000000002 -0.03358280109087728
0.16625 -0.034271654299215644
0.171875 -0.034832733858741055
0.17750000000000002 -0.03522837580949162
0.183125 -0.035520305186711246
0.18875 -0.035781011722743714
0.19437500000000002 -0.036082985149932766
0.2 -0.03648821807626484
0.2 -0.03648821807626484
0.22608695652173916 -0.03856487537263842
0.2521739130434783 -0.03936196316233655
0.27826086956521745 -0.04071816193257255
0.30434782608695654 -0.04098761423840546
0.3304347826086957 -0.041559858046076995
0.35652173913043483 -0.041491413050109185
0.3826086956521739 -0.041141065302586516
0.4086956521739131 -0.04077809095383224
0.4347826086956522 -0.03966636874463558
0.46086956521739136 -0.038761952209069354
0.4869565217391305 -0.03722705717885248
0.5130434782608697 -0.035461193137601286
0.5391304347826088 -0.03342525239623311
0.5652173913043479 -0.030493890530384118
0.5913043478260871 -0.027195531525318548
0.6173913043478262 -0.022958885996587373
0.6434782608695653 -0.018267449016060804
0.6695652173913045 -0.013389753269926037
0.6956521739130436 -0.008410377232038337
0.7217391304347827 -0.0038677596769136737
0.7478260869565219 0.0005753591135300746
0.7739130434782611 0.0043124032067925954
0.8 0.007648399982202002
0.8 0.007648399982202002
0.805625 0.008278339010052708
0.81125 0.008858877019918566
0.816875 0.009397741850144274
0.8225 0.009904207066590455
0.828125 0.010387546235117735
0.83375 0.010855748478268564
0.839375 0.011304430020579173
0.845 0.011722292411959986
0.8506250000000001 0.012097961659787479
0.8562500000000001 0.012420462609523598
0.8618750000000001 0.012688490319569186
0.8675 0.012910694469376574
0.873125 0.01309618047308878
0.87875 0.013253304603372557
0.884375 0.0133797849714345
0.89 0.013465433065734332
0.895625 0.013499872666058057
0.90125 0.013474473288029792
0.906875 0.013391446139464934
0.9125 0.013257158333097933
0.918125 0.013077723579541031
0.92375 0.012850639483012646
0.9293750000000001 0.01256304059524281
0.935 0.012201504632378719
0.940625 0.011755565536738887
0.94625 0.011219055760483569
0.951875 0.01058602004150744
0.9575 0.009848641044077138
0.963125 0.008997656970428753
0.96875 0.008019427184562642
0.974375 0.006891029627572568
0.98 0.005598900207705393
0.98 0.005598900207705393
0.985 0.004323186609826937
0.99 0.0029552403232756064
0.995 0.001489226570334197
1.0 0.0
