1.0 0.0025
0.995 0.003587217511110411
0.99 0.004652846960318629
0.985 0.0056980645712945595
0.98 0.006724046567708117
0.98 0.006724046567708117
0.974375 0.007856748279449521
0.96875 0.008968268314935156
0.963125 0.010060281414507526
0.9575 0.011134462318509139
0.951875 0.012192485767282508
0.94625 0.013236026501170131
0.940625 0.014266759260514518
0.935 0.015286358785658184
0.9293750000000001 0.016296499816943623
0.92375 0.01729885709471337
0.918125 0.018295105359309893
0.9125 0.01928691935107572
0.906875 0.020275973810353353
0.90125 0.021263943477485305
0.895625 0.022252332886341604
0.89 0.023241310412012044
0.884375 0.024230413517879756
0.87875 0.025219175936417912
0.873125 0.026207131400099688
0.8675 0.027193813641398248
0.8618750000000001 0.028178756392786785
0.8562500000000001 0.02916149338673846
0.8506250000000001 0.030141558355726454
0.845 0.031118485032223957
0.839375 0.03209180714870411
0.83375 0.0330610584376401
0.828125 0.03402577263150512
0.8225 0.03498548346277233
0.816875 0.0359397246639149
0.81125 0.03688802996740602
0.805625 0.03782993310571886
0.8 0.03876496781134595
0.8 0.03876496781134595
0.7739130434782611 0.04301085833208618
0.7478260869565219 0.04712895530527167
0.7217391304347827 0.05114913271012637
0.6956521739130436 0.055101216863806285
0.6695652173913045 0.05899925687919548
0.6434782608695653 0.06281879502104971
0.6173913043478262 0.0665296091866924
0.5913043478260871 0.07010123144676879
0.5652173913043479 0.07348868560620739
0.5391304347826088 0.07662464533878911
0.5130434782608697 0.07943987772852866
0.4869565217391305 0.08186770804915845
0.46086956521739136 0.08389966932225483
0.4347826086956522 0.08558515411586791
0.4086956521739131 0.08697604354670545
0.3826086956521739 0.0881189669369451
0.35652173913043483 0.08900009221042195
0.3304347826086957 0.08956685861084884
0.30434782608695654 0.0897660723093573
0.27826086956521745 0.089528054453003
0.2521739130434783 0.08867445406396582
0.22608695652173916 0.08698292547009748
0.2 0.0842309985946624
0.2 0.0842309985946624
0.19437500000000002 0.08347826476536793
0.18875 0.08267044051535463
0.183125 0.0818119978787714
0.17750000000000002 0.08090740888976708
0.171875 0.07996114558249048
0.16625 0.07897767999109051
0.16062500000000002 0.07796148414971599
0.155 0.07691703009251576
0.149375 0.07584878515014862
0.14375000000000002 0.07475755895008661
0.138125 0.07363396094885238
0.1325 0.07246683647792668
0.12687500000000002 0.07124503086879021
0.12125000000000001 0.06995738945292367
0.11562500000000002 0.06859275756180777
0.11000000000000001 0.06713998052692322
0.10437500000000001 0.06558790367975074
0.09875000000000002 0.06392545526694365
0.09312500000000001 0.06215376511242861
0.08750000000000001 0.06029892694415096
0.081875 0.05839008773950741
0.07625000000000001 0.0564563944758946
0.07062500000000001 0.054519219108181
0.065 0.05253959905999066
0.05937500000000001 0.05045036334658616
0.053750000000000006 0.04818418092955777
0.048125 0.04567381524401863
0.0425 0.04285741840423958
0.036875000000000005 0.03968133798272789
0.03125 0.03609260850258612
0.025625000000000002 0.03203826448691684
0.02 0.027465340458822606
0.02 0.027465340458822606
0.015 0.022922349980275706
0.01 0.017890568656706598
0.005 0.01233279714082929
0.0 0.0062118360853577834
0.0 0.0
0.005 -0.0012421747270363066
0.01 -0.0017030873635181536
0.015 -0.0016049126364818466
0.02 -0.0011698252729636937
0.02 -0.0011698252729636937
0.025625000000000002 -0.0005541909882152185
0.03125 -3.115127748557325e-05
0.036875000000000005 0.0003868415582440726
0.0425 0.0007276225815107007
0.048125 0.0010190268548512947
0.053750000000000006 0.001287479496350174
0.05937500000000001 0.0015430150198294534
0.065 0.0017850933557162754
0.07062500000000001 0.002012998191381201
0.07625000000000001 0.0022260188547994727
0.081875 0.002424360567131671
0.08750000000000001 0.0026101491754328054
0.09312500000000001 0.002785752367683655
0.09875000000000002 0.0029535378318649944
0.10437500000000001 0.0031157084036194283
0.11000000000000001 0.0032731577122654125
0.11562500000000002 0.0034261550629602205
0.12125000000000001 0.0035749659159086274
0.12687500000000002 0.003719855731315413
0.1325 0.0038610899693853535
0.138125 0.003998934090323229
0.14375000000000002 0.004133653554333818
0.149375 0.004265513821621893
0.155 0.0043947529590837465
0.16062500000000002 0.0045214557487937455
0.16625 0.004645653684280833
0.171875 0.004767378205571397
0.17750000000000002 0.004886660752691829
0.183125 0.005003532765668516
0.18875 0.005118025684527847
0.19437500000000002 0.005230170949296212
0.2 0.00534
0.2 0.00534
0.22608695652173916 0.005820325591021166
0.2521739130434783 0.006256708217741986
0.27826086956521745 0.006654346033591678
0.30434782608695654 0.007018423271898229
0.3304347826086957 0.007349376892291301
0.35652173913043483 0.007635994036233878
0.3826086956521739 0.007865307352031739
0.4086956521739131 0.008024388607102542
0.4347826086956522 0.008102663206761137
0.46086956521739136 0.008093208432397754
0.4869565217391305 0.007989416142495142
0.5130434782608697 0.007785634493907939
0.5391304347826088 0.007498246147442953
0.5652173913043479 0.007165690313384985
0.5913043478260871 0.006827366909497266
0.6173913043478262 0.0065190654106452115
0.6434782608695653 0.00623454545161432
0.6695652173913045 0.005940422865276255
0.6956521739130436 0.0056028598382558146
0.7217391304347827 0.005189236533508789
0.7478260869565219 0.004675030220639427
0.7739130434782611 0.00403902132106164
0.8 0.00326
0.8 0.00326
0.805625 0.003071354344822561
0.81125 0.0028756222394508172
0.816875 0.00267335260636674
0.8225 0.0024650943680522997
0.828125 0.0022513964469894677
0.83375 0.002032807765660213
0.839375 0.0018098772465465084
0.845 0.0015831538121303227
0.8506250000000001 0.0013531863848936223
0.8562500000000001 0.0011205238873183876
0.8618750000000001 0.0008857152418865837
0.8675 0.0006493093710801818
0.873125 0.0004118551973811529
0.87875 0.00017390164327146616
0.884375 -6.400236876690586e-05
0.89 -0.0003013079162519942
0.895625 -0.0005374660767018272
0.90125 -0.0007719249414071049
0.906875 -0.00100364771299582
0.9125 -0.001230580783690106
0.918125 -0.0014505425112153233
0.92375 -0.0016613512532968333
0.9293750000000001 -0.0018608253676599983
0.935 -0.0020467832120301716
0.940625 -0.002217043144132717
0.94625 -0.002369423521692996
0.951875 -0.002501742702436368
0.9575 -0.002611819044088193
0.963125 -0.0026974709043738315
0.96875 -0.002756516641018645
0.974375 -0.0027867746117479926
0.98 -0.002786063174287235
0.98 -0.002786063174287235
0.985 -0.0027576681073451636
0.99 -0.0027015473807154265
0.995 -0.0026161687572997844
1.0 -0.0025
