1.0 0.0
0.995 0.0015288620677753318
0.99 0.0030835345503049446
0.985 0.004660547919578521
0.98 0.006256432647585743
0.98 0.006256432647585743
0.974375 0.008070040168622021
0.96875 0.009898200620105949
0.963125 0.01173597399047596
0.9575 0.013578420268170497
0.951875 0.015420599441627991
0.94625 0.017257571499286875
0.940625 0.019084396429585586
0.935 0.02089613422096257
0.9293750000000001 0.02268784486185625
0.92375 0.024454588340705102
0.918125 0.026191424645947495
0.9125 0.027893413766021887
0.906875 0.02955561568936673
0.90125 0.031173090404420453
0.895625 0.03274113119567437
0.89 0.03425883505351758
0.884375 0.0357283958383703
0.87875 0.037152097463915
0.873125 0.0385322238438342
0.8675 0.039871058891810425
0.8618750000000001 0.04117088652152614
0.8562500000000001 0.0424339906466639
0.8506250000000001 0.04366265518090618
0.845 0.04485916403793551
0.839375 0.04602580113143436
0.83375 0.04716485037508525
0.828125 0.048278595682570695
0.8225 0.04936932096757319
0.816875 0.05043931014377524
0.81125 0.05149084712485938
0.805625 0.05252621582450806
0.8 0.05354770015640383
0.8 0.05354770015640383
0.7739130434782611 0.05815044731424107
0.7478260869565219 0.06259801777155095
0.7217391304347827 0.06697427154034649
0.6956521739130436 0.07136304485528193
0.6695652173913045 0.07579810958418556
0.6434782608695653 0.08015114547437588
0.6173913043478262 0.0842610871194
0.5913043478260871 0.08796737885029583
0.5652173913043479 0.09119873720655647
0.5391304347826088 0.09407453532267217
0.5130434782608697 0.0967386723990916
0.4869565217391305 0.09933240304403171
0.46086956521739136 0.10187119161622078
0.4347826086956522 0.10419239820911627
0.4086956521739131 0.1061198772600383
0.3826086956521739 0.10748242398219506
0.35652173913043483 0.10821129366646016
0.3304347826086957 0.10833435157971902
0.30434782608695654 0.10788323247653075
0.27826086956521745 0.10687851160261315
0.2521739130434783 0.10522168510077122
0.22608695652173916 0.10274170150606894
0.2 0.09926647865704367
0.2 0.09926647865704367
0.19437500000000002 0.09837007220463724
0.18875 0.09741903860069683
0.183125 0.09641477404802072
0.17750000000000002 0.09535880185061456
0.171875 0.09425264531248402
0.16625 0.09309782773763468
0.16062500000000002 0.09189587243007216
0.155 0.09064830269380213
0.149375 0.08935664183283018
0.14375000000000002 0.08802214263843534
0.138125 0.0866412199332586
0.1325 0.08520611354515757
0.12687500000000002 0.08370892628755007
0.12125000000000001 0.08214176097385398
0.11562500000000002 0.08049672041748714
0.11000000000000001 0.07876590743186737
0.10437500000000001 0.07694142483041257
0.09875000000000002 0.07501537542654056
0.09312500000000001 0.07298044382103176
0.08750000000000001 0.07083427090315267
0.081875 0.06857700469681538
0.07625000000000001 0.06620881264495126
0.07062500000000001 0.06372986219049168
0.065 0.061139648681315266
0.05937500000000001 0.058428382254030936
0.053750000000000006 0.055579500300930416
0.048125 0.052576286345409305
0.0425 0.04939064442044628
0.036875000000000005 0.04594956346081797
0.03125 0.042168952351753185
0.025625000000000002 0.037964719978480686
0.02 0.03325277522622931
0.02 0.03325277522622931
0.015 0.02857017183478102
0.01 0.02336091074352079
0.005 0.017565932074858955
0.0 0.011126175951205866
0.0 0.0
0.005 -0.006684080633574369
0.01 -0.011396485793387616
0.015 -0.014571496016611125
0.02 -0.016643391840416306
0.02 -0.016643391840416306
0.025625000000000002 -0.018196438372671236
0.03125 -0.01942579849680064
0.036875000000000005 -0.020469071710382664
0.0425 -0.021366782276245284
0.048125 -0.02215945445539028
0.053750000000000006 -0.022886830305950307
0.05937500000000001 -0.023572696883759833
0.065 -0.024225941366702385
0.07062500000000001 -0.02485488006438247
0.07625000000000001 -0.02546782838057351
0.081875 -0.02606859866106815
0.08750000000000001 -0.026646047090689965
0.09312500000000001 -0.027185928791824264
0.09875000000000002 -0.027673998886856326
0.10437500000000001 -0.028096703459962426
0.11000000000000001 -0.02845068323550344
0.11562500000000002 -0.028740353691195913
0.12125000000000001 -0.028970326121257182
0.12687500000000002 -0.029145211819904593
0.1325 -0.02926962208135548
0.138125 -0.0293481681998272
0.14375000000000002 -0.029385461469537088
0.149375 -0.029386113184702495
0.155 -0.029354305699069484
0.16062500000000002 -0.02928988148279597
0.16625 -0.02919016234518251
0.171875 -0.029052439019931386
0.17750000000000002 -0.028874002240744854
0.183125 -0.02865214274132518
0.18875 -0.028384151255374655
0.19437500000000002 -0.02806731851659553
0.2 -0.027698935258690074
0.2 -0.027698935258690074
0.22608695652173916 -0.025313989612355058
0.2521739130434783 -0.02198223682535061
0.27826086956521745 -0.017942826253896826
0.30434782608695654 -0.013434838609839026
0.3304347826086957 -0.00866327038380929
0.35652173913043483 -0.0037448648942497815
0.3826086956521739 0.0012177301438062271
0.4086956521739131 0.006121320970064022
0.4347826086956522 0.010831352605939551
0.46086956521739136 0.015165449363998522
0.4869565217391305 0.018937212821552904
0.5130434782608697 0.021966801537360164
0.5391304347826088 0.024207300505380055
0.5652173913043479 0.02573548491505121
0.5913043478260871 0.026632836685542075
0.6173913043478262 0.026980791617422874
0.6434782608695653 0.026860313869630947
0.6695652173913045 0.02635209137819779
0.6956521739130436 0.025536808586537937
0.7217391304347827 0.024486949396356105
0.7478260869565219 0.023225980505340582
0.7739130434782611 0.021759234867929817
0.8 0.020092015717680954
0.8 0.020092015717680954
0.805625 0.019706432976775264
0.81125 0.019310274640589275
0.816875 0.018902213570944005
0.8225 0.018480922629660463
0.828125 0.01804507467855966
0.83375 0.017593342579462615
0.839375 0.017124399194190332
0.845 0.016636917384563833
0.8506250000000001 0.016129570012404112
0.8562500000000001 0.015601029939532213
0.8618750000000001 0.01504997002776913
0.8675 0.014475063138935873
0.873125 0.013874982134853466
0.87875 0.013248399877342908
0.884375 0.012593989228225225
0.89 0.011910423049321422
0.895625 0.011196374202452515
0.90125 0.010450555085227234
0.906875 0.009675006052042995
0.9125 0.008877566584519679
0.918125 0.008066658237919636
0.92375 0.007250702567505208
0.9293750000000001 0.0064381211285387185
0.935 0.005637335476282543
0.940625 0.004856767165999007
0.94625 0.0041048377529504555
0.951875 0.0033899687923992284
0.9575 0.0027205818396076695
0.963125 0.002105098449838121
0.96875 0.0015519401783529244
0.974375 0.0010695285804144235
0.98 0.0006662852112849597
0.98 0.0006662852112849597
0.985 0.0003811169754411258
0.99 0.00017107020999432136
0.995 4.2059642371596133e-05
1.0 0.0
