1.0 0.00375
0.995 0.004716489566873851
0.99 0.005668069910120992
0.985 0.006605838414703795
0.98 0.007530892465584636
0.98 0.007530892465584636
0.974375 0.008557746900262904
0.96875 0.009571460969891006
0.963125 0.010573597162042318
0.9575 0.011565717964290215
0.951875 0.012549385864208082
0.94625 0.013526163349369291
0.940625 0.014497612907347227
0.935 0.015465297025715261
0.9293750000000001 0.01643077819204677
0.92375 0.017395618893915166
0.918125 0.018361381618893766
0.9125 0.019329628854555986
0.906875 0.020301923088475195
0.90125 0.021279826808224777
0.895625 0.02226476269524805
0.89 0.023256874216926935
0.884375 0.024255618768744765
0.87875 0.02526044720496908
0.873125 0.026270810379867435
0.8675 0.027286159147707347
0.8618750000000001 0.028305944362756377
0.8562500000000001 0.02932961687928206
0.8506250000000001 0.030356627551551933
0.845 0.031386427233833544
0.839375 0.03241846678039442
0.83375 0.033452197045502084
0.828125 0.03448706888342412
0.8225 0.035522533148428036
0.816875 0.036558040694781364
0.81125 0.03759304237675168
0.805625 0.038626989048606494
0.8 0.039659331564613355
0.8 0.039659331564613355
0.7739130434782611 0.0444199940126822
0.7478260869565219 0.04914066111245973
0.7217391304347827 0.05382869894348947
0.6956521739130436 0.05849144734251106
0.6695652173913045 0.06312270880008373
0.6434782608695653 0.06768068961005642
0.6173913043478262 0.07211781506005271
0.5913043478260871 0.07638688660176811
0.5652173913043479 0.08046945570929086
0.5391304347826088 0.0843956081875597
0.5130434782608697 0.08820010623973404
0.4869565217391305 0.09191548462907886
0.46086956521739136 0.09551249666008711
0.4347826086956522 0.09889361366820341
0.4086956521739131 0.10195777536654692
0.3826086956521739 0.10460696997849869
0.35652173913043483 0.1067848958155003
0.3304347826086957 0.10846547296140892
0.30434782608695654 0.10962329732231693
0.27826086956521745 0.11022127323384305
0.2521739130434783 0.11013218228692861
0.22608695652173916 0.10918691198863291
0.2 0.1072161178523916
0.2 0.1072161178523916
0.19437500000000002 0.10663960061947138
0.18875 0.10599843108006586
0.183125 0.10528157937442638
0.17750000000000002 0.1044780012622137
0.171875 0.10357665250308849
0.16625 0.10256648885671152
0.16062500000000002 0.10143646608274352
0.155 0.10017553994084517
0.149375 0.09877266619067727
0.14375000000000002 0.0972202004698601
0.138125 0.09552794268950071
0.1325 0.09371127221990423
0.12687500000000002 0.09178557091950588
0.12125000000000001 0.08976622064674089
0.11562500000000002 0.08766860326004453
0.11000000000000001 0.08550810061785197
0.10437500000000001 0.08330009457859845
0.09875000000000002 0.08105996400308375
0.09312500000000001 0.07878818593909855
0.08750000000000001 0.07643574353161266
0.081875 0.07394335768762736
0.07625000000000001 0.07125174931414392
0.07062500000000001 0.0683032664249623
0.065 0.06506119669729978
0.05937500000000001 0.06150336520289122
0.053750000000000006 0.05760788997290647
0.048125 0.05335312838750765
0.0425 0.04875441615001275
0.036875000000000005 0.04390368205405989
0.03125 0.03890236025876074
0.025625000000000002 0.033851884923226966
0.02 0.02885369020657024
0.02 0.02885369020657024
0.015 0.024536741089234648
0.01 0.020412486075584487
0.005 0.016552165617561038
0.0 0.013027020167105533
0.0 0.0
0.005 -0.008792375252227978
0.01 -0.013477578767539704
0.015 -0.015112814115879402
0.02 -0.014755284867191298
0.02 -0.014755284867191298
0.025625000000000002 -0.013287271173793821
0.03125 -0.011803627666156174
0.036875000000000005 -0.010426317664864966
0.0425 -0.009074413985999
0.048125 -0.007666989445637077
0.053750000000000006 -0.006130518573809618
0.05937500000000001 -0.004482118269949516
0.065 -0.0027996441399630754
0.07062500000000001 -0.0011620706462576842
0.07625000000000001 0.00035184522442710693
0.081875 0.0016986590969188017
0.08750000000000001 0.0029089770609476593
0.09312500000000001 0.004022729475502975
0.09875000000000002 0.005079846699574045
0.10437500000000001 0.006116689874406421
0.11000000000000001 0.007142240192287064
0.11562500000000002 0.008152804048856774
0.12125000000000001 0.00914461888994933
0.12687500000000002 0.010113922161398512
0.1325 0.011056951309038093
0.138125 0.011969943778701858
0.14375000000000002 0.012849137016223589
0.149375 0.013690768467437059
0.155 0.014491587505647403
0.16062500000000002 0.015250984344631818
0.16625 0.0159691982911429
0.171875 0.016646469053601558
0.17750000000000002 0.017283036340428735
0.183125 0.017879139860045336
0.18875 0.018435019320872284
0.19437500000000002 0.018950914431330502
0.2 0.019427064911699685
0.2 0.019427064911699685
0.22608695652173916 0.02114594153336514
0.2521739130434783 0.02217654764764367
0.27826086956521745 0.02267919028281008
0.30434782608695654 0.022814066538427175
0.3304347826086957 0.022709137696560844
0.35652173913043483 0.022415464894586207
0.3826086956521739 0.021972886241908286
0.4086956521739131 0.021420889495291934
0.4347826086956522 0.0207792691827335
0.46086956521739136 0.020038035346832298
0.4869565217391305 0.019184720504937625
0.5130434782608697 0.01820832780549403
0.5391304347826088 0.017130439849257457
0.5652173913043479 0.016004541642002504
0.5913043478260871 0.014885453392419703
0.6173913043478262 0.013823240421441868
0.6434782608695653 0.01281390493521022
0.6695652173913045 0.01181913693150667
0.6956521739130436 0.01080007949012669
0.7217391304347827 0.009721336801884391
0.7478260869565219 0.008570192450140818
0.7739130434782611 0.007343061520189957
0.8 0.006036384139524726
0.8 0.006036384139524726
0.805625 0.005743993380681251
0.81125 0.0054484723827494365
0.816875 0.005150545406591128
0.8225 0.004850936713068159
0.828125 0.00455037056304237
0.83375 0.004249571217375598
0.839375 0.003949262936929683
0.845 0.0036501699825664618
0.8506250000000001 0.003353016615147765
0.8562500000000001 0.0030585270955354456
0.8618750000000001 0.0027674256845913337
0.8675 0.0024804366431772683
0.873125 0.0021982842321550877
0.87875 0.0019216927123866302
0.884375 0.0016513863447337334
0.89 0.001388089390058236
0.895625 0.0011325261092219759
0.90125 0.0008854158758221626
0.906875 0.0006467002312013859
0.9125 0.0004146976345681651
0.918125 0.00018752335296310009
0.92375 -3.670734657320948e-05
0.9293750000000001 -0.000259879197000168
0.935 -0.0004838769312771672
0.940625 -0.0007105852823636118
0.94625 -0.0009418889832189014
0.951875 -0.001179672766802437
0.9575 -0.0014258213660736183
0.963125 -0.0016822195139918465
0.96875 -0.0019507519435165203
0.974375 -0.002233303387607041
0.98 -0.0025317585792228093
0.98 -0.0025317585792228093
0.985 -0.002811927020388619
0.99 -0.0031074742654424534
0.995 -0.003419724022580763
1.0 -0.00375
