1.0 0.0
0.995 0.0009447248547696872
0.99 0.001897431334348947
0.985 0.0028572325915367154
0.98 0.003823241779131929
0.98 0.003823241779131929
0.974375 0.00491631830329896
0.96875 0.0060148666054116165
0.963125 0.007117623967482446
0.9575 0.008223327671523997
0.951875 0.009330714999548816
0.94625 0.010438523233569454
0.940625 0.011545489655598457
0.935 0.012650351547648373
0.9293750000000001 0.013751846191731754
0.92375 0.014848710869861165
0.918125 0.01593968286404911
0.9125 0.017023499456308166
0.906875 0.018098897928650874
0.90125 0.019164615563089793
0.895625 0.020219519220338593
0.89 0.021263504835110664
0.884375 0.022296959078949664
0.87875 0.023320271645642994
0.873125 0.02433383222897806
0.8675 0.02533803052274225
0.8618750000000001 0.026333256220722988
0.8562500000000001 0.027319899016707665
0.8506250000000001 0.02829834860448368
0.845 0.029268994677838476
0.839375 0.03023222693055939
0.83375 0.03118843505643386
0.828125 0.03213800874924931
0.8225 0.033081337702793104
0.816875 0.034018811610852656
0.81125 0.0349508201672154
0.805625 0.03587775306566872
0.8 0.0368
0.8 0.0368
0.7739130434782611 0.04101569954177624
0.7478260869565219 0.04510946352389957
0.7217391304347827 0.04905176094085798
0.6956521739130436 0.052813103630637966
0.6695652173913045 0.056378527377232826
0.6434782608695653 0.059768670911926614
0.6173913043478262 0.06300952840332148
0.5913043478260871 0.0661264740210227
0.5652173913043479 0.06910768199482116
0.5391304347826088 0.07188366664779543
0.5130434782608697 0.07437998231104881
0.4869565217391305 0.0765249582931133
0.46086956521739136 0.07831074838337881
0.4347826086956522 0.07979333085209328
0.4086956521739131 0.0810314589469332
0.3826086956521739 0.08207568533509818
0.35652173913043483 0.08288123093574276
0.3304347826086957 0.08334181231444406
0.30434782608695654 0.08335012096421955
0.27826086956521745 0.08280383668524538
0.2521739130434783 0.0816338015436877
0.22608695652173916 0.07978438589472672
0.2 0.0772
0.2 0.0772
0.19437500000000002 0.07654090893417347
0.18875 0.07584374049123814
0.183125 0.07510717370115975
0.17750000000000002 0.0743298875939041
0.171875 0.0735105611994369
0.16625 0.07264787354772395
0.16062500000000002 0.07174050366873098
0.155 0.07078713059242375
0.149375 0.0697864330205833
0.14375000000000002 0.06873676278299724
0.138125 0.06763553146019503
0.1325 0.06647998260212329
0.12687500000000002 0.06526735975872851
0.12125000000000001 0.0639949064799572
0.11562500000000002 0.06265986631575597
0.11000000000000001 0.0612594828160713
0.10437500000000001 0.05979099953084977
0.09875000000000002 0.05825166525637669
0.09312500000000001 0.0566395806632017
0.08750000000000001 0.05495463280023906
0.081875 0.05319693365317962
0.07625000000000001 0.051366595207714145
0.07062500000000001 0.04946336579828747
0.065 0.04748410575353115
0.05937500000000001 0.04542429819225597
0.053750000000000006 0.04327941775161107
0.048125 0.041044445236668815
0.0425 0.038684731527895456
0.036875000000000005 0.03611970112261789
0.03125 0.0332648278615488
0.025625000000000002 0.030035585585400943
0.02 0.026347448134887014
0.02 0.026347448134887014
0.015 0.02261552632713434
0.01 0.018394869153483973
0.005 0.01362611119067792
0.0 0.008249887015458144
0.0 0.0
0.005 -0.0026806863329372163
0.01 -0.0043785431664686075
0.015 -0.005321056833531392
0.02 -0.005735713667062785
0.02 -0.005735713667062785
0.025625000000000002 -0.005854422784394574
0.03125 -0.005843930988036002
0.036875000000000005 -0.005745857941677428
0.0425 -0.005564400142540611
0.048125 -0.005303754087847305
0.053750000000000006 -0.004967959969881094
0.05937500000000001 -0.004559240936019368
0.065 -0.004078647846603257
0.07062500000000001 -0.0035272120238566103
0.07625000000000001 -0.0029060101832664963
0.081875 -0.002223489771433376
0.08750000000000001 -0.0015035546410800237
0.09312500000000001 -0.0007720548810892617
0.09875000000000002 -5.48405803439096e-05
0.10437500000000001 0.000624909977136931
0.11000000000000001 0.0012652371558728639
0.11562500000000002 0.0018742999049839915
0.12125000000000001 0.0024603194897388396
0.12687500000000002 0.0030315171754059433
0.1325 0.003596114227253824
0.138125 0.004162331910551015
0.14375000000000002 0.004738391490566046
0.149375 0.00533251423256744
0.155 0.005951272431854458
0.16062500000000002 0.006592011237316257
0.16625 0.007248868035948641
0.171875 0.007915976994102946
0.17750000000000002 0.008587472278130509
0.183125 0.00925748805438266
0.18875 0.009920158489210735
0.19437500000000002 0.01056961774896607
0.2 0.011200000000000002
0.2 0.011200000000000002
0.22608695652173916 0.013820418477212333
0.2521739130434783 0.016015049093070718
0.27826086956521745 0.017894576798381537
0.30434782608695654 0.019569575459060524
0.3304347826086957 0.021112961163102902
0.35652173913043483 0.022505338454397776
0.3826086956521739 0.023713426265506606
0.4086956521739131 0.024704287481993267
0.4347826086956522 0.02546562216956466
0.46086956521739136 0.026017118023149457
0.4869565217391305 0.026381214361695413
0.5130434782608697 0.02657870643066486
0.5391304347826088 0.026592575785355427
0.5652173913043479 0.026367990290900076
0.5913043478260871 0.02584847373894636
0.6173913043478262 0.024987756484499232
0.6434782608695653 0.02385822018159353
0.6695652173913045 0.022608795709444667
0.6956521739130436 0.021389689767687743
0.7217391304347827 0.020320076495576465
0.7478260869565219 0.019312825570949193
0.7739130434782611 0.018196646367890024
0.8 0.0168
0.8 0.0168
0.805625 0.01644595668064971
0.81125 0.01607199929148338
0.816875 0.015679229395594206
0.8225 0.01526874855607538
0.828125 0.014841658336020093
0.83375 0.014399060298521532
0.839375 0.0139420560066729
0.845 0.013471747023567383
0.8506250000000001 0.012989234912298156
0.8562500000000001 0.012495621235958447
0.8618750000000001 0.011992007557641427
0.8675 0.011479495440440291
0.873125 0.010959186447448236
0.87875 0.010432182141758445
0.884375 0.009899584086464117
0.89 0.009362493844658445
0.895625 0.008822012979434619
0.90125 0.008279243938014862
0.906875 0.0077354327280728065
0.9125 0.007192126403217158
0.918125 0.006650909924088817
0.92375 0.006113368251328687
0.9293750000000001 0.005581086345577662
0.935 0.005055649167476667
0.940625 0.004538641677666595
0.94625 0.004031648836788349
0.951875 0.003536255605482835
0.9575 0.0030540469443909556
0.963125 0.0025866078141536146
0.96875 0.002135523175411716
0.974375 0.0017023779888061636
0.98 0.0012887572149778614
0.98 0.0012887572149778614
0.985 0.0009387664732997305
0.99 0.000606567911233396
0.995 0.0002932746972948289
1.0 0.0
