1.0 0.00215
0.995 0.003551155132721151
0.99 0.0049960406111336534
0.985 0.006482314050439881
0.98 0.008007633065842209
0.98 0.008007633065842209
0.974375 0.00976737207977593
0.96875 0.011570228416842358
0.963125 0.013412866923687048
0.9575 0.015291952446955585
0.951875 0.01720414983329353
0.94625 0.01914612392934645
0.940625 0.02111453958175992
0.935 0.023106061637179508
0.9293750000000001 0.025117354942250775
0.92375 0.02714508434361934
0.918125 0.02918591468793069
0.9125 0.031236510821830436
0.906875 0.033293537591964135
0.90125 0.035353659844977375
0.895625 0.037413605609907766
0.89 0.03947144987067653
0.884375 0.041526558061068516
0.87875 0.04357834748974989
0.873125 0.04562623546538681
0.8675 0.0476696392966454
0.8618750000000001 0.04970797629219182
0.8562500000000001 0.051740663760692224
0.8506250000000001 0.053767119010812756
0.845 0.05578675935121961
0.839375 0.05779900209057885
0.83375 0.059803264537556675
0.828125 0.06179896400081922
0.8225 0.06378551778903266
0.816875 0.0657623432108631
0.81125 0.06772885757497674
0.805625 0.06968447819003971
0.8 0.07162862236471815
0.8 0.07162862236471815
0.7739130434782611 0.08047549174816566
0.7478260869565219 0.08898530058395064
0.7217391304347827 0.09707788273694093
0.6956521739130436 0.10467306681555387
0.6695652173913045 0.11173368112627298
0.6434782608695653 0.11839223796060332
0.6173913043478262 0.12482309967183501
0.5913043478260871 0.13120044701068462
0.5652173913043479 0.13758306500527792
0.5391304347826088 0.1437167002979793
0.5130434782608697 0.14929452844911167
0.4869565217391305 0.15401118792031931
0.46086956521739136 0.15771733531696408
0.4347826086956522 0.1605559557561128
0.4086956521739131 0.16270217674417664
0.3826086956521739 0.16432686210266828
0.35652173913043483 0.16544709229452736
0.3304347826086957 0.16588683785577854
0.30434782608695654 0.1654578122516719
0.27826086956521745 0.16397224563170718
0.2521739130434783 0.1612508273965016
0.22608695652173916 0.1571211526176018
0.2 0.1514110183186603
0.2 0.1514110183186603
0.19437500000000002 0.14995596823017746
0.18875 0.14841792736982645
0.183125 0.14679652513310726
0.17750000000000002 0.1450917472136656
0.171875 0.14330357943712668
0.16625 0.14143200762911562
0.16062500000000002 0.1394770176152576
0.155 0.13743859522117788
0.149375 0.13531672627250163
0.14375000000000002 0.13311139334335526
0.138125 0.13082115471810965
0.1325 0.1284409187850293
0.12687500000000002 0.12596501750187994
0.12125000000000001 0.12338778282642722
0.11562500000000002 0.12070354671643697
0.11000000000000001 0.11790664112967489
0.10437500000000001 0.1149913980239066
0.09875000000000002 0.11195214935689794
0.09312500000000001 0.10878244607190644
0.08750000000000001 0.10545014437358428
0.081875 0.10189219602870032
0.07625000000000001 0.09804371870494201
0.07062500000000001 0.09383985842045754
0.065 0.08925292872046746
0.05937500000000001 0.08436553786033764
0.053750000000000006 0.07928065824736079
0.048125 0.07410126228882954
0.0425 0.06890453289068872
0.036875000000000005 0.06358134498064491
0.03125 0.05794072030365367
0.025625000000000002 0.05179132858688964
0.02 0.04494183955752738
0.02 0.04494183955752738
0.015 0.038110994902124634
0.01 0.03044143503562367
0.005 0.02179878259219928
0.0 0.012048660206026166
0.0 0.0
0.005 -0.010256948643946205
0.01 -0.01739564288201512
0.015 -0.02208803903088714
0.02 -0.025006093407242646
0.02 -0.025006093407242646
0.025625000000000002 -0.02700467603982941
0.03125 -0.028449890868789535
0.036875000000000005 -0.029590791586214502
0.0425 -0.030485837387114665
0.048125 -0.03119339730467687
0.053750000000000006 -0.03177101372389277
0.05937500000000001 -0.0322504364646176
0.065 -0.032633177423605865
0.07062500000000001 -0.032919025725024
0.07625000000000001 -0.03310777049303845
0.081875 -0.033203958637209506
0.08750000000000001 -0.03323210412504415
0.09312500000000001 -0.033221958060539646
0.09875000000000002 -0.033203271568147334
0.10437500000000001 -0.03320483837314359
0.11000000000000001 -0.033237039961271614
0.11562500000000002 -0.033293651543794614
0.12125000000000001 -0.03336785333294966
0.12687500000000002 -0.03345282554097379
0.1325 -0.03354174838010408
0.138125 -0.033627802062577615
0.14375000000000002 -0.03370416680063144
0.149375 -0.033764022806502605
0.155 -0.03380094594683266
0.16062500000000002 -0.03381348677586244
0.16625 -0.03380359296396503
0.171875 -0.0337732778602561
0.17750000000000002 -0.0337245548138513
0.183125 -0.033659437173866324
0.18875 -0.03357993828941682
0.19437500000000002 -0.03348807150961845
0.2 -0.03338585018358692
0.2 -0.03338585018358692
0.22608695652173916 -0.03280958237015812
0.2521739130434783 -0.03208745254277824
0.27826086956521745 -0.03124388076503324
0.30434782608695654 -0.030303283193877064
0.3304347826086957 -0.029290213517703355
0.35652173913043483 -0.028229611481093174
0.3826086956521739 -0.02714648406318526
0.4086956521739131 -0.02606570636830161
0.4347826086956522 -0.02500128616683932
0.46086956521739136 -0.02394842402014591
0.4869565217391305 -0.022900449298918227
0.5130434782608697 -0.021850833086068947
0.5391304347826088 -0.02079690148290484
0.5652173913043479 -0.019740198783218463
0.5913043478260871 -0.01868248381244662
0.6173913043478262 -0.01762542143925259
0.6434782608695653 -0.016569463688805786
0.6695652173913045 -0.01551421875460058
0.6956521739130436 -0.014459277733951118
0.7217391304347827 -0.013404253275427108
0.7478260869565219 -0.012348911748217556
0.7739130434782611 -0.01129308630374115
0.8 -0.010236610365652377
0.8 -0.010236610365652377
0.805625 -0.010008708133343303
0.81125 -0.009780778589191805
0.816875 -0.009552833379255712
0.8225 -0.009324884150452314
0.828125 -0.009096942549698919
0.83375 -0.008869020223912824
0.839375 -0.008641128820011326
0.845 -0.008413279984911735
0.8506250000000001 -0.008185485365531337
0.8562500000000001 -0.007957756608787447
0.8618750000000001 -0.007730105361597359
0.8675 -0.007502543270878375
0.873125 -0.007275081983547793
0.87875 -0.007047733146522914
0.884375 -0.00682050840672104
0.89 -0.006593419411059471
0.895625 -0.006366477806455505
0.90125 -0.006139695192804119
0.906875 -0.005913069685154135
0.9125 -0.005686567368635197
0.918125 -0.005460149676381012
0.92375 -0.005233778041525278
0.9293750000000001 -0.005007413897201697
0.935 -0.004781018676543981
0.940625 -0.004554553812685828
0.94625 -0.004327980738760941
0.951875 -0.004101260887903024
0.9575 -0.003874355693245779
0.963125 -0.0036472265879229117
0.96875 -0.0034198350050681225
0.974375 -0.0031921423778151175
0.98 -0.002964110139297597
0.98 -0.002964110139297597
0.985 -0.002761098532448343
0.99 -0.0025577610314442304
0.995 -0.0023540705495424022
1.0 -0.00215
