1.0 0.0
0.995 0.001459134978725881
0.99 0.002899556883801627
0.985 0.00432159271910356
0.98 0.005725569488508003
0.98 0.005725569488508003
0.974375 0.007283864285029194
0.96875 0.008820182537870938
0.963125 0.01033498984434933
0.9575 0.01182875180178046
0.951875 0.01330193400748042
0.94625 0.014755002058765308
0.940625 0.016188421552951207
0.935 0.017602658087354218
0.9293750000000001 0.01899817725929043
0.92375 0.020375444666075965
0.918125 0.021734925905026858
0.9125 0.023077086573459235
0.906875 0.024402392268689177
0.90125 0.02571130858803279
0.895625 0.02700430112880616
0.89 0.028281835488325375
0.884375 0.029544377263906532
0.87875 0.03079239205286573
0.873125 0.03202634545251905
0.8675 0.03324670306018259
0.8618750000000001 0.034453930473172446
0.8562500000000001 0.03564849328880471
0.8506250000000001 0.036830857104395466
0.845 0.03800148751726084
0.839375 0.039160850124716866
0.83375 0.04030941052407968
0.828125 0.041447634312665356
0.8225 0.042575987087789986
0.816875 0.043694934446769675
0.81125 0.04480494198692052
0.805625 0.045906475305558594
0.8 0.04699999999999999
0.8 0.04699999999999999
0.7739130434782611 0.05196925388885291
0.7478260869565219 0.05675709577682913
0.7217391304347827 0.06134434973794607
0.6956521739130436 0.06571183689759307
0.6695652173913045 0.06983937879624544
0.6434782608695653 0.07370434666445655
0.6173913043478262 0.07728374315427161
0.5913043478260871 0.08055474156610681
0.5652173913043479 0.08350475410263859
0.5391304347826088 0.08613706326504668
0.5130434782608697 0.08845631674147875
0.4869565217391305 0.09046604763867407
0.46086956521739136 0.09214415369097488
0.4347826086956522 0.09344289726032659
0.4086956521739131 0.09431342612726593
0.3826086956521739 0.09470820057355744
0.35652173913043483 0.09459493870773726
0.3304347826086957 0.0939512023975489
0.30434782608695654 0.0927547175733894
0.27826086956521745 0.09098839004006021
0.2521739130434783 0.08866956140740252
0.22608695652173916 0.08582962110464212
0.2 0.08249999999999999
0.2 0.08249999999999999
0.19437500000000002 0.08172024506492671
0.18875 0.08091547740405526
0.183125 0.08008199022844459
0.17750000000000002 0.07921607674915354
0.171875 0.07831403017724102
0.16625 0.0773721437237659
0.16062500000000002 0.07638671059978708
0.155 0.07535402401636342
0.149375 0.07427037718455384
0.14375000000000002 0.0731320633154172
0.138125 0.07193537562001238
0.1325 0.07067660730939827
0.12687500000000002 0.06935205159463381
0.12125000000000001 0.06795800168677779
0.11562500000000002 0.06649075079688917
0.11000000000000001 0.06494659213602683
0.10437500000000001 0.0633218189152496
0.09875000000000002 0.06161272407425471
0.09312500000000001 0.05981555649038391
0.08750000000000001 0.05792647264232145
0.081875 0.0559416173741188
0.07625000000000001 0.05385713552982743
0.07062500000000001 0.051669445314268064
0.065 0.04937713587901142
0.05937500000000001 0.046979831639882376
0.053750000000000006 0.0444771633884672
0.048125 0.041868379452682535
0.0425 0.039129780340266145
0.036875000000000005 0.036202097437678674
0.03125 0.03302300242202352
0.025625000000000002 0.02953016697040414
0.02 0.025661262759923958
0.02 0.025661262759923958
0.015 0.021856137702163072
0.01 0.017660849653434715
0.005 0.013031623440456254
0.0 0.00792468388994503
0.0 0.0
0.005 -0.007167344471588137
0.01 -0.01198767223579407
0.015 -0.015012327764205934
0.02 -0.01679265552841187
0.02 -0.01679265552841187
0.025625000000000002 -0.017994480819213093
0.03125 -0.018933220592141153
0.036875000000000005 -0.01973198224006921
0.0425 -0.020426120920076368
0.048125 -0.02105099178924174
0.053750000000000006 -0.021638396428071274
0.05937500000000001 -0.02217882608940827
0.065 -0.022636120201797515
0.07062500000000001 -0.022973673996712136
0.07625000000000001 -0.02315502529009818
0.081875 -0.02316686405168796
0.08750000000000001 -0.02304443026423445
0.09312500000000001 -0.022829077219765983
0.09875000000000002 -0.022562158210310903
0.10437500000000001 -0.022281711872622574
0.11000000000000001 -0.021999452875614542
0.11562500000000002 -0.02171454271851467
0.12125000000000001 -0.021426065590806793
0.12687500000000002 -0.02113310568197474
0.1325 -0.020834747181502328
0.138125 -0.020530074278873406
0.14375000000000002 -0.02021817116357178
0.149375 -0.019898122025081292
0.155 -0.019569011052885776
0.16062500000000002 -0.019229922436469062
0.16625 -0.018879940365314964
0.171875 -0.018518149028907326
0.17750000000000002 -0.018143632616729972
0.183125 -0.017755475318266732
0.18875 -0.017352761323001436
0.19437500000000002 -0.016934574820417922
0.2 -0.0165
0.2 -0.0165
0.22608695652173916 -0.014278803374125926
0.2521739130434783 -0.011803806967993024
0.27826086956521745 -0.009193389691344147
0.30434782608695654 -0.0065658318945855925
0.3304347826086957 -0.004006002313026705
0.35652173913043483 -0.001516866873287841
0.3826086956521739 0.0009109284150817804
0.4086956521739131 0.003286193298786098
0.4347826086956522 0.005585082899717148
0.46086956521739136 0.007733137671308595
0.4869565217391305 0.00965154411701918
0.5130434782608697 0.011265065370160721
0.5391304347826088 0.01258072705066572
0.5652173913043479 0.013687817265087391
0.5913043478260871 0.014679200749832028
0.6173913043478262 0.01563659489607088
0.6434782608695653 0.016512129206618088
0.6695652173913045 0.017174328095025133
0.6956521739130436 0.017490322556689104
0.7217391304347827 0.017351542140020826
0.7478260869565219 0.016810953173866345
0.7739130434782611 0.015987419662844945
0.8 0.015000000000000001
0.8 0.015000000000000001
0.805625 0.014776805091604206
0.81125 0.014550753300341442
0.816875 0.014321071971465373
0.8225 0.014086988450229656
0.828125 0.01384773008188795
0.83375 0.013602524211693919
0.839375 0.013350598184901218
0.845 0.013091179346763517
0.8506250000000001 0.012823495042534461
0.8562500000000001 0.012546772617467727
0.8618750000000001 0.012260239416816969
0.8675 0.011963122785835844
0.873125 0.011654650069778014
0.87875 0.011334048613897144
0.884375 0.011000545763446886
0.89 0.010653368863680908
0.895625 0.010291745259852866
0.90125 0.009914902297216421
0.906875 0.009522067321025233
0.9125 0.009112467676532968
0.918125 0.008685330708993275
0.92375 0.008239883763659826
0.9293750000000001 0.007775354185786266
0.935 0.007290969320626273
0.940625 0.0067859565134335015
0.94625 0.006259543109461611
0.951875 0.005710956453964259
0.9575 0.00513942389219511
0.963125 0.004544172769407821
0.96875 0.0039244304308560535
0.974375 0.0032794242217934703
0.98 0.002608381487473728
0.98 0.002608381487473728
0.985 0.0019894166088814777
0.99 0.0013487265081875263
0.995 0.0006857685252682431
1.0 0.0
