1.0 0.0008
0.995 0.0020743575866232038
0.99 0.0033714772741482027
0.985 0.004689503722818053
0.98 0.006026581592875814
0.98 0.006026581592875814
0.974375 0.007551256483398508
0.96875 0.009095053479808032
0.963125 0.010655330897177021
0.9575 0.012229447050578109
0.951875 0.013814760255083932
0.94625 0.01540862882576713
0.940625 0.017008411077700333
0.935 0.01861146532595617
0.9293750000000001 0.020215149885607298
0.92375 0.021816823071726364
0.918125 0.023413843199385942
0.9125 0.025003568583658705
0.906875 0.02658335753961729
0.90125 0.028150568382334325
0.895625 0.02970261245104008
0.89 0.031238595580444842
0.884375 0.032759633394444314
0.87875 0.03426695817601428
0.873125 0.035761802208130494
0.8675 0.03724539777376872
0.8618750000000001 0.038718977155904735
0.8562500000000001 0.04018377263751429
0.8506250000000001 0.041641016501573175
0.845 0.043091941031057145
0.839375 0.04453777850894195
0.83375 0.04597976121820336
0.828125 0.04741912144181716
0.8225 0.0488570914627591
0.816875 0.05029490356400493
0.81125 0.05173379002853046
0.805625 0.053174983139311426
0.8 0.05461971517932359
0.8 0.05461971517932359
0.7739130434782611 0.06137090797768785
0.7478260869565219 0.06809580278885521
0.7217391304347827 0.07462428909651167
0.6956521739130436 0.0807861180892659
0.6695652173913045 0.08645659343818474
0.6434782608695653 0.09171621512364143
0.6173913043478262 0.09670323573680148
0.5913043478260871 0.10155588844350862
0.5652173913043479 0.1063476994020426
0.5391304347826088 0.11094570707747688
0.5130434782608697 0.11517585049540442
0.4869565217391305 0.11886436726501459
0.46086956521739136 0.12190122678923872
0.4347826086956522 0.12431880529414786
0.4086956521739131 0.12616878060153305
0.3826086956521739 0.12750182907490773
0.35652173913043483 0.1283125706722725
0.3304347826086957 0.12851097978626091
0.30434782608695654 0.128000005332704
0.27826086956521745 0.1266826910044471
0.2521739130434783 0.12446417061236442
0.22608695652173916 0.12125161940594877
0.2 0.11695229767413079
0.2 0.11695229767413079
0.19437500000000002 0.11587384819707973
0.18875 0.11473972106864085
0.183125 0.11355027213596573
0.17750000000000002 0.11230668757090231
0.171875 0.11101017037644166
0.16625 0.1096619235555749
0.16062500000000002 0.1082631501112931
0.155 0.10681505304658734
0.149375 0.10531883536444872
0.14375000000000002 0.10377570006786833
0.138125 0.10218589989714139
0.1325 0.10054435570021963
0.12687500000000002 0.09884412991919253
0.12125000000000001 0.09707828308955294
0.11562500000000002 0.09523987574679366
0.11000000000000001 0.09332196842640739
0.10437500000000001 0.091317621663887
0.09875000000000002 0.08921989599472528
0.09312500000000001 0.08702179807229675
0.08750000000000001 0.0847035050906909
0.081875 0.08221584641073353
0.07625000000000001 0.07950556581570689
0.07062500000000001 0.0765194070888932
0.065 0.07322460028957022
0.05937500000000001 0.06970618118376604
0.053750000000000006 0.06609121241700204
0.048125 0.06250680858159267
0.0425 0.05906207153298794
0.036875000000000005 0.055608538440246345
0.03125 0.05180541654257932
0.025625000000000002 0.047307297154653115
0.02 0.04176877159113393
0.02 0.04176877159113393
0.015 0.03569297735723356
0.01 0.028279626735425497
0.005 0.019286128166188642
0.0 0.00846989009000182
0.0 0.0
0.005 -0.011026107378127668
0.01 -0.019265364246382123
0.015 -0.02528289982767662
0.02 -0.029643843344924432
0.02 -0.029643843344924432
0.025625000000000002 -0.03327341170888024
0.03125 -0.03627952392110087
0.036875000000000005 -0.03895031490789376
0.0425 -0.0413023669851876
0.048125 -0.04334896367781923
0.053750000000000006 -0.045103403239773146
0.05937500000000001 -0.04658736276685199
0.065 -0.04784488646653262
0.07062500000000001 -0.04892371064363438
0.07625000000000001 -0.0498715716029766
0.081875 -0.050733888010776766
0.08750000000000001 -0.051525025062008616
0.09312500000000001 -0.05223717117919294
0.09875000000000002 -0.052862035806019496
0.10437500000000001 -0.05339133789167388
0.11000000000000001 -0.053821300833376315
0.11562500000000002 -0.05415983916677692
0.12125000000000001 -0.05441673956026301
0.12687500000000002 -0.05460178868222189
0.1325 -0.05472477320104089
0.138125 -0.054795479785107334
0.14375000000000002 -0.054823695102808545
0.149375 -0.05481920582253182
0.155 -0.05479177102963439
0.16062500000000002 -0.054747523129700056
0.16625 -0.05468538984826275
0.171875 -0.05460344819925523
0.17750000000000002 -0.05449977519661036
0.183125 -0.05437244785426095
0.18875 -0.054219543186139814
0.19437500000000002 -0.0540391382061798
0.2 -0.05382930992831372
0.2 -0.05382930992831372
0.22608695652173916 -0.05245426056749695
0.2521739130434783 -0.05052208795697327
0.27826086956521745 -0.04819851106818534
0.30434782608695654 -0.04564939636349144
0.3304347826086957 -0.04299196398475714
0.35652173913043483 -0.04017595270233047
0.3826086956521739 -0.03711508543726333
0.4086956521739131 -0.03372367663582635
0.4347826086956522 -0.029991169246085067
0.46086956521739136 -0.02605486860740245
0.4869565217391305 -0.022069344090202808
0.5130434782608697 -0.018187454256624894
0.5391304347826088 -0.014511506846682265
0.5652173913043479 -0.01108612000730126
0.5913043478260871 -0.007952765508385808
0.6173913043478262 -0.0051487970966119035
0.6434782608695653 -0.002660498273646943
0.6695652173913045 -0.0004396188958131973
0.6956521739130436 0.0015627423370948308
0.7217391304347827 0.003385510655096179
0.7478260869565219 0.005002241754954519
0.7739130434782611 0.006360171315468193
0.8 0.0074064627697582154
0.8 0.0074064627697582154
0.805625 0.007585983007802328
0.81125 0.007747372255589572
0.816875 0.007889497977625972
0.8225 0.008011227638417563
0.828125 0.008111428702470369
0.83375 0.008188968634290424
0.839375 0.008242714898383753
0.845 0.00827153495925639
0.8506250000000001 0.008274296281414361
0.8562500000000001 0.008249866329363698
0.8618750000000001 0.008197112567610423
0.8675 0.008114902460660578
0.873125 0.008002103473020184
0.87875 0.00785758306919527
0.884375 0.007680208713691867
0.89 0.007468847871016007
0.895625 0.007222368005673717
0.90125 0.0069396583078110054
0.906875 0.006621213144073375
0.9125 0.006270205849550122
0.918125 0.005890064067005701
0.92375 0.005484215439204567
0.9293750000000001 0.005056087608911164
0.935 0.0046091082188899615
0.940625 0.004146704911905406
0.94625 0.003672305330721953
0.951875 0.003189337118104054
0.9575 0.0027012279168161625
0.963125 0.002211405369622733
0.96875 0.0017232971192882196
0.974375 0.0012403308085770746
0.98 0.000765934080253753
0.98 0.000765934080253753
0.985 0.0003542132690105235
0.99 -4.5620910157106813e-05
0.995 -0.00043116111418274567
1.0 -0.0008
