1.0 0.0
0.995 0.0014936132561707103
0.99 0.00297840127355067
0.985 0.004454455745338851
0.98 0.005921868364734227
0.98 0.005921868364734227
0.974375 0.0075624920161437605
0.96875 0.009192424927679166
0.963125 0.010811797654696012
0.9575 0.01242074075254987
0.951875 0.0140193847765963
0.94625 0.015607860282190874
0.940625 0.017186297824689164
0.935 0.018754827959446732
0.9293750000000001 0.02031358124181915
0.92375 0.021862688227162013
0.918125 0.02340227947083083
0.9125 0.024932485528181204
0.906875 0.02645343695456869
0.90125 0.027965264305348878
0.895625 0.029468084170284296
0.89 0.030961902228713676
0.884375 0.03244667126987276
0.87875 0.03392234375726915
0.873125 0.03538887215441048
0.8675 0.036846208924804315
0.8618750000000001 0.03829430653195833
0.8562500000000001 0.0397331174393801
0.8506250000000001 0.041162594110577246
0.845 0.042582689009057435
0.839375 0.043993354598328184
0.83375 0.045394543341897145
0.828125 0.04678620770327196
0.8225 0.04816830014596021
0.816875 0.049540773133469516
0.81125 0.05090357912930753
0.805625 0.05225667059698181
0.8 0.053599999999999995
0.8 0.053599999999999995
0.7739130434782611 0.059693844631503706
0.7478260869565219 0.06552938872136041
0.7217391304347827 0.07105931747831253
0.6956521739130436 0.07623637902712498
0.6695652173913045 0.08103465002417512
0.6434782608695653 0.08548049034050087
0.6173913043478262 0.08960812434994693
0.5913043478260871 0.09345101218513618
0.5652173913043479 0.09699675950537043
0.5391304347826088 0.10016189753630415
0.5130434782608697 0.10285684357381561
0.4869565217391305 0.10499619520310516
0.46086956521739136 0.10659069666377896
0.4347826086956522 0.10774723884984895
0.4086956521739131 0.10857689294464906
0.3826086956521739 0.10917561918000385
0.35652173913043483 0.10946371297643992
0.3304347826086957 0.1092481376181628
0.30434782608695654 0.10833396752043924
0.27826086956521745 0.1065581992235421
0.2521739130434783 0.10397004755478392
0.22608695652173916 0.1007053001444936
0.2 0.09689999999999999
0.2 0.09689999999999999
0.19437500000000002 0.09602032186949383
0.18875 0.0951142981851674
0.183125 0.09417439072532584
0.17750000000000002 0.09319306126827442
0.171875 0.09216277159231831
0.16625 0.09107598347576272
0.16062500000000002 0.08992515869691281
0.155 0.0887027590340738
0.149375 0.0874012487662256
0.14375000000000002 0.08601558284437003
0.138125 0.0845478806525837
0.1325 0.08300154192040039
0.12687500000000002 0.0813799663773538
0.12125000000000001 0.07968655375297762
0.11562500000000002 0.07792470377680559
0.11000000000000001 0.07609781617837141
0.10437500000000001 0.07420929068720884
0.09875000000000002 0.0722625009655014
0.09312500000000001 0.07025658798945186
0.08750000000000001 0.06818181680253646
0.081875 0.06602733481059384
0.07625000000000001 0.06378228941946247
0.07062500000000001 0.06143615451285529
0.065 0.0589809967608695
0.05937500000000001 0.05641011926147047
0.053750000000000006 0.05371683272726795
0.048125 0.05089386913418101
0.0425 0.04789923625668897
0.036875000000000005 0.04463711935703976
0.03125 0.0410070738039559
0.025625000000000002 0.036908654966159984
0.02 0.032241418212374584
0.02 0.032241418212374584
0.015 0.027534036387402445
0.01 0.02222730905016721
0.005 0.016250690725752522
0.0 0.009533635939241948
0.0 0.0
0.005 -0.00788783840947329
0.01 -0.013457919204736647
0.015 -0.017242080795263355
0.02 -0.019772161590526714
0.02 -0.019772161590526714
0.025625000000000002 -0.02178151721202086
0.03125 -0.023466400037005043
0.036875000000000005 -0.02493536723698922
0.0425 -0.026210976778746727
0.048125 -0.027315786629050896
0.053750000000000006 -0.028271611248169848
0.05937500000000001 -0.029091621833248982
0.065 -0.0297834132826448
0.07062500000000001 -0.03035448755640065
0.07625000000000001 -0.030812363001245784
0.081875 -0.031167218752030684
0.08750000000000001 -0.031434813610151116
0.09312500000000001 -0.031631608956160365
0.09875000000000002 -0.031774066170611646
0.10437500000000001 -0.03187735542905754
0.11000000000000001 -0.03194639255596626
0.11562500000000002 -0.03198120336036604
0.12125000000000001 -0.031981783535716554
0.12687500000000002 -0.03194812877547752
0.1325 -0.031880234773108626
0.138125 -0.03177809722206957
0.14375000000000002 -0.03164171181582004
0.149375 -0.031471074247819725
0.155 -0.031266386933250456
0.16062500000000002 -0.031029009040680507
0.16625 -0.0307607018770282
0.171875 -0.030463227152965244
0.17750000000000002 -0.030138346579163325
0.183125 -0.029787821866294143
0.18875 -0.029413414725029403
0.19437500000000002 -0.029016886866040783
0.2 -0.028599999999999997
0.2 -0.028599999999999997
0.22608695652173916 -0.026436699170957794
0.2521739130434783 -0.023960823318445505
0.27826086956521745 -0.02125978967888818
0.30434782608695654 -0.018420970577428863
0.3304347826086957 -0.015516513414616741
0.35652173913043483 -0.01258124431566908
0.3826086956521739 -0.009644375495554683
0.4086956521739131 -0.0067353217356797696
0.4347826086956522 -0.0038956518036972502
0.46086956521739136 -0.0011857731459422845
0.4869565217391305 0.0013322862597503864
0.5130434782608697 0.003598020477837857
0.5391304347826088 0.005585930545489135
0.5652173913043479 0.007305524472585176
0.5913043478260871 0.00876783231129876
0.6173913043478262 0.009984223754146886
0.6434782608695653 0.010970016812648373
0.6695652173913045 0.011743076800903838
0.6956521739130436 0.012321311488056918
0.7217391304347827 0.012718065556535988
0.7478260869565219 0.012916348288286236
0.7739130434782611 0.012886793874081027
0.8 0.0126
0.8 0.0126
0.805625 0.012501638179871577
0.81125 0.012389880862930011
0.816875 0.01226465971530205
0.8225 0.012125906403114435
0.828125 0.011973552592493903
0.83375 0.011807529949567193
0.839375 0.011627770140461055
0.845 0.011434204831302223
0.8506250000000001 0.011226765688217434
0.8562500000000001 0.01100538437733344
0.8618750000000001 0.010769992564776973
0.8675 0.01052052191667478
0.873125 0.0102569040991536
0.87875 0.009979070778340168
0.884375 0.009686953620361233
0.89 0.009380484291343536
0.895625 0.00905959445741381
0.90125 0.008724214995609209
0.906875 0.008374148654543605
0.9125 0.00800892949782322
0.918125 0.007628057756837803
0.92375 0.007231033662977111
0.9293750000000001 0.00681735744763089
0.935 0.006386529342188911
0.940625 0.00593804957804092
0.94625 0.0054714183865766704
0.951875 0.004986135999185919
0.9575 0.004481702647258418
0.963125 0.003957618562183924
0.96875 0.003413383975352191
0.974375 0.002848499118152973
0.98 0.0022624642219760253
0.98 0.0022624642219760253
0.985 0.001723384706368336
0.99 0.001166848166482019
0.995 0.0005925035988486987
1.0 0.0
