1.0 0.0
0.995 0.0012063097388711373
0.99 0.0024091094215775047
0.985 0.0036082505625441553
0.98 0.004803584676196143
0.98 0.004803584676196143
0.974375 0.006143600084776106
0.96875 0.007478397879417393
0.963125 0.008807766642182238
0.9575 0.010131494955132872
0.951875 0.011449371400331532
0.94625 0.01276118455984045
0.940625 0.014066723015721866
0.935 0.01536577535003801
0.9293750000000001 0.016658130144851117
0.92375 0.017943575982223448
0.918125 0.019221901444217187
0.9125 0.020492895112894587
0.906875 0.021756345570317893
0.90125 0.02301204139854933
0.895625 0.024259808619637904
0.89 0.02549982207553605
0.884375 0.026732446430504923
0.87875 0.027958048249564316
0.873125 0.029176994097734006
0.8675 0.030389650540033765
0.8618750000000001 0.03159638414148339
0.8562500000000001 0.03279756146710265
0.8506250000000001 0.03399354908191133
0.845 0.035184713550929225
0.839375 0.03637142143917608
0.83375 0.03755403931167169
0.828125 0.03873293373343585
0.8225 0.039908471269488315
0.816875 0.04108101848484889
0.81125 0.04225094194453733
0.805625 0.04341860821357345
0.8 0.044584383856977015
0.8 0.044584383856977015
0.7739130434782611 0.04995990950826652
0.7478260869565219 0.05523400440407407
0.7217391304347827 0.06033591971535663
0.6956521739130436 0.06519497601580646
0.6695652173913045 0.06977898751220787
0.6434782608695653 0.07415810934535964
0.6173913043478262 0.07841931618371892
0.5913043478260871 0.08264845045854873
0.5652173913043479 0.08684180861117594
0.5391304347826088 0.09084279021583959
0.5130434782608697 0.09447984411154925
0.4869565217391305 0.09758525940900062
0.46086956521739136 0.1001001614017384
0.4347826086956522 0.10208729543756169
0.4086956521739131 0.10361581379985962
0.3826086956521739 0.1047478586693487
0.35652173913043483 0.10544880814671172
0.3304347826086957 0.10561350087124412
0.30434782608695654 0.10513517514270321
0.27826086956521745 0.10391429403851503
0.2521739130434783 0.10190701176798996
0.22608695652173916 0.09909537088814686
0.2 0.09546155731590278
0.2 0.09546155731590278
0.19437500000000002 0.0945680089497901
0.18875 0.09363031114399481
0.183125 0.09264219083900421
0.17750000000000002 0.09159736736964987
0.171875 0.09048956007076323
0.16625 0.08931248827717578
0.16062500000000002 0.08805987132371906
0.155 0.08672542854522454
0.149375 0.08530287927652377
0.14375000000000002 0.08378823420098978
0.138125 0.08218858469086614
0.1325 0.08051436714268492
0.12687500000000002 0.07877601865337545
0.12125000000000001 0.0769839763198669
0.11562500000000002 0.07514867723908858
0.11000000000000001 0.0732805585079697
0.10437500000000001 0.07139005722343958
0.09875000000000002 0.06948760463600215
0.09312500000000001 0.06756927098339462
0.08750000000000001 0.06558587224888478
0.081875 0.06347933273377343
0.07625000000000001 0.06119157673936129
0.07062500000000001 0.05866962579259423
0.065 0.05592231225442265
0.05937500000000001 0.052999594462445204
0.053750000000000006 0.04995217450356501
0.048125 0.04683039822445702
0.0425 0.0436346261799181
0.036875000000000005 0.04026420005045185
0.03125 0.036606285627223435
0.025625000000000002 0.03254804870139799
0.02 0.027976655064140647
0.02 0.027976655064140647
0.015 0.0233911791454222
0.01 0.018231846045637767
0.005 0.012419408693561791
0.0 0.005874620017968661
0.0 0.0
0.005 -0.005361818567918881
0.01 -0.008725200710011483
0.015 -0.010578176424292532
0.02 -0.01140877570877675
0.02 -0.01140877570877675
0.025625000000000002 -0.011728713687167935
0.03125 -0.011913510629341524
0.036875000000000005 -0.012031737601888763
0.0425 -0.012061326617436793
0.048125 -0.011980209688612752
0.053750000000000006 -0.01176868974641425
0.05937500000000001 -0.011437278296275848
0.065 -0.011017311343247679
0.07062500000000001 -0.010540537198847502
0.07625000000000001 -0.0100386563077129
0.081875 -0.009533335286863542
0.08750000000000001 -0.009023909661826951
0.09312500000000001 -0.008506702029250732
0.09875000000000002 -0.007978034985782473
0.10437500000000001 -0.0074347164698823544
0.11000000000000001 -0.006877616714186306
0.11562500000000002 -0.006309630873121609
0.12125000000000001 -0.005733668943703253
0.12687500000000002 -0.005152640922946221
0.1325 -0.004569456807865507
0.138125 -0.003987026595476094
0.14375000000000002 -0.0034082602827929702
0.149375 -0.002836067866831128
0.155 -0.002273099674896119
0.16062500000000002 -0.001720529035379693
0.16625 -0.0011790077751774267
0.171875 -0.0006491871267886865
0.17750000000000002 -0.0001317183227128385
0.183125 0.00037274740455074196
0.18875 0.0008635588225026893
0.19437500000000002 0.0013400646986436366
0.2 0.0018016138004834882
0.2 0.0018016138004834882
0.22608695652173916 0.003748403531433691
0.2521739130434783 0.005418167955130185
0.27826086956521745 0.006869485413551421
0.30434782608695654 0.008160858216426693
0.3304347826086957 0.009326350236305191
0.35652173913043483 0.010340703262275486
0.3826086956521739 0.011169832180049587
0.4086956521739131 0.01178003138657299
0.4347826086956522 0.012159569835540673
0.46086956521739136 0.012330326996037002
0.4869565217391305 0.012317021596353943
0.5130434782608697 0.01214474298766132
0.5391304347826088 0.011846893816557963
0.5652173913043479 0.011465074448895201
0.5913043478260871 0.011041232756746639
0.6173913043478262 0.010613547788855211
0.6434782608695653 0.010177168984296948
0.6695652173913045 0.009699852057672285
0.6956521739130436 0.009148912383940359
0.7217391304347827 0.00849833937678338
0.7478260869565219 0.007765960310647345
0.7739130434782611 0.006987291690014425
0.8 0.006197899130705911
0.8 0.006197899130705911
0.805625 0.006029656241537257
0.81125 0.005862531873908805
0.816875 0.005696494387801589
0.8225 0.0055315121431966496
0.828125 0.00536755350007502
0.83375 0.005204586818417738
0.839375 0.00504258045820584
0.845 0.0048815027794203636
0.8506250000000001 0.004721322142042341
0.8562500000000001 0.004562006906052816
0.8618750000000001 0.00440352543143282
0.8675 0.004245846078163392
0.873125 0.004088937206225567
0.87875 0.003932767175600382
0.884375 0.003777304346268873
0.89 0.003622517078212077
0.895625 0.003468373731411031
0.90125 0.0033148411957276036
0.906875 0.003161665797946394
0.9125 0.003008140376097662
0.918125 0.0028535019789370807
0.92375 0.002696987655220323
0.9293750000000001 0.0025378344537030587
0.935 0.002375279423140966
0.940625 0.0022085596122897143
0.94625 0.002036912069904977
0.951875 0.0018595738447424249
0.9575 0.0016757819855577323
0.963125 0.0014847735411065714
0.96875 0.0012857855601446143
0.974375 0.001078055091427534
0.98 0.0008608191837110028
0.98 0.0008608191837110028
0.985 0.0006591239443859455
0.99 0.00044877956402177726
0.995 0.00022925019757447107
1.0 0.0
