1.0 0.0
0.995 0.0018153107980822911
0.99 0.0036271232134404805
0.985 0.005434200129476903
0.98 0.007235304429593893
0.98 0.007235304429593893
0.974375 0.009252867269620609
0.96875 0.011259543850524707
0.963125 0.013253572730900528
0.9575 0.01523319246934241
0.951875 0.017196641624444696
0.94625 0.019142158754801714
0.940625 0.02106798241900781
0.935 0.022972351175657327
0.9293750000000001 0.024853503583344594
0.92375 0.026709678200663996
0.918125 0.02853911358620978
0.9125 0.03034004829857635
0.906875 0.03211072089635801
0.90125 0.03384936993814913
0.895625 0.03555441746236629
0.89 0.03722612478786356
0.884375 0.038865813835507544
0.87875 0.04047481931511451
0.873125 0.04205447593650071
0.8675 0.04360611840948239
0.8618750000000001 0.04513108144387585
0.8562500000000001 0.0466306997494973
0.8506250000000001 0.04810630803616304
0.845 0.049559241013689345
0.839375 0.050990833391892414
0.83375 0.05240241988058853
0.828125 0.05379533518959398
0.8225 0.055170914028725
0.816875 0.05653049110779784
0.81125 0.057875401136628805
0.805625 0.059206978825034104
0.8 0.06052655888283006
0.8 0.06052655888283006
0.7739130434782611 0.0665015489208317
0.7478260869565219 0.07221204032063076
0.7217391304347827 0.07761823419576504
0.6956521739130436 0.08268037423326063
0.6695652173913045 0.08738649476665486
0.6434782608695653 0.0918001678554026
0.6173913043478262 0.09599767802976497
0.5913043478260871 0.1000545674919921
0.5652173913043479 0.10398381642813448
0.5391304347826088 0.10768934501819702
0.5130434782608697 0.11106412132847593
0.4869565217391305 0.11400403967345712
0.46086956521739136 0.11649111326098086
0.4347826086956522 0.11860543908173107
0.4086956521739131 0.12043244605532305
0.3826086956521739 0.12204732839214939
0.35652173913043483 0.12337997084978419
0.3304347826086957 0.12425227378278769
0.30434782608695654 0.12448357470679884
0.27826086956521745 0.12391125744883928
0.2521739130434783 0.1225156790970586
0.22608695652173916 0.12034523693573766
0.2 0.11744874378439363
0.2 0.11744874378439363
0.19437500000000002 0.11673305083216236
0.18875 0.11597900962374935
0.183125 0.11517748989790536
0.17750000000000002 0.1143193391785835
0.171875 0.11339540498973706
0.16625 0.1123965348553192
0.16062500000000002 0.11131357629928318
0.155 0.11013737684558224
0.149375 0.10885878401816956
0.14375000000000002 0.10746997957220762
0.138125 0.10597061122460587
0.1325 0.10436292218892297
0.12687500000000002 0.10264915828463796
0.12125000000000001 0.10083156533122975
0.11562500000000002 0.09891238914817738
0.11000000000000001 0.09689387555495987
0.10437500000000001 0.09477827037105623
0.09875000000000002 0.09256781924527129
0.09312500000000001 0.09025904375594172
0.08750000000000001 0.08782766273065011
0.081875 0.08524467062868854
0.07625000000000001 0.08248106190934908
0.07062500000000001 0.07950860267680873
0.065 0.07631013110584503
0.05937500000000001 0.07287677255940236
0.053750000000000006 0.06919985237261461
0.048125 0.06527060181985311
0.0425 0.06105985233977264
0.036875000000000005 0.05649269316397014
0.03125 0.051487988894362846
0.025625000000000002 0.045964604132868
0.02 0.03984140348140282
0.02 0.03984140348140282
0.015 0.033829418376581565
0.01 0.027222413702848138
0.005 0.019963405476912638
0.0 0.011995409715485062
0.0 0.0
0.005 -0.005127219214751702
0.01 -0.008854193051347783
0.015 -0.01148447441764749
0.02 -0.013321616221510065
0.02 -0.013321616221510065
0.025625000000000002 -0.014818274418129962
0.03125 -0.01604253401631789
0.036875000000000005 -0.01707482523225496
0.0425 -0.01794329001252447
0.048125 -0.018676070303709724
0.053750000000000006 -0.01930110447372034
0.05937500000000001 -0.019843593939103857
0.065 -0.020326780926384812
0.07062500000000001 -0.02077386510614199
0.07625000000000001 -0.0212080059369921
0.081875 -0.02164112348722334
0.08750000000000001 -0.02205857537389405
0.09312500000000001 -0.02244188296973467
0.09875000000000002 -0.022772567647475626
0.10437500000000001 -0.023033886023110982
0.11000000000000001 -0.0232251643277164
0.11562500000000002 -0.02335443133800521
0.12125000000000001 -0.02342980157033758
0.12687500000000002 -0.023459389541073704
0.1325 -0.023451309766573742
0.138125 -0.02341367676319787
0.14375000000000002 -0.023354605047306274
0.149375 -0.023282209135259132
0.155 -0.02320318028522796
0.16062500000000002 -0.023114969667326377
0.16625 -0.023011339301821244
0.171875 -0.02288604156692952
0.17750000000000002 -0.022732828840868174
0.183125 -0.02254545350185417
0.18875 -0.022317667928104468
0.19437500000000002 -0.022043224497836023
0.2 -0.02171587558926582
0.2 -0.02171587558926582
0.22608695652173916 -0.019531647319768766
0.2521739130434783 -0.01671351790990058
0.27826086956521745 -0.013912062718541033
0.30434782608695654 -0.011777163253919039
0.3304347826086957 -0.010702469214177932
0.35652173913043483 -0.010443849635486223
0.3826086956521739 -0.010659607270459661
0.4086956521739131 -0.011010510472542803
0.4347826086956522 -0.011310713716785
0.46086956521739136 -0.0116153078630217
0.4869565217391305 -0.012000486604119417
0.5130434782608697 -0.012539499541765028
0.5391304347826088 -0.013236144764558458
0.5652173913043479 -0.014023789680504365
0.5913043478260871 -0.014832661760893349
0.6173913043478262 -0.015593307070633106
0.6434782608695653 -0.016240064303344747
0.6695652173913045 -0.01670976193361009
0.6956521739130436 -0.016939271904146336
0.7217391304347827 -0.016876660945144877
0.7478260869565219 -0.016546145934560032
0.7739130434782611 -0.01600365745727047
0.8 -0.01530523062681603
0.8 -0.01530523062681603
0.805625 -0.015139369982036908
0.81125 -0.01496783209213494
0.816875 -0.01478953194806876
0.8225 -0.01460338453180338
0.828125 -0.014408304825303787
0.83375 -0.014203207810534989
0.839375 -0.013987008469461975
0.845 -0.013758621784049754
0.8506250000000001 -0.013516962736263313
0.8562500000000001 -0.013260946308067663
0.8618750000000001 -0.012989487481427796
0.8675 -0.012701501238308715
0.873125 -0.012395902560675418
0.87875 -0.0120716064304929
0.884375 -0.01172752782972616
0.89 -0.0113625817403402
0.895625 -0.01097568314430002
0.90125 -0.01056574924664224
0.906875 -0.010132163251386484
0.9125 -0.009675345480820748
0.918125 -0.00919585618606652
0.92375 -0.00869425561824528
0.9293750000000001 -0.008171104028478496
0.935 -0.007626961667887672
0.940625 -0.007062388787594277
0.94625 -0.006477945638719793
0.951875 -0.005874192472385701
0.9575 -0.005251689539713483
0.963125 -0.0046109970918246194
0.96875 -0.00395267537984059
0.974375 -0.0032772846548828755
0.98 -0.00258538516807296
0.98 -0.00258538516807296
0.985 -0.0019569571090257048
0.99 -0.0013163212398183707
0.995 -0.0006638710427200916
1.0 0.0
