1.0 0.005
0.995 0.006142709634875965
0.99 0.00729660570084373
0.985 0.008460434150004206
0.98 0.009632940934458305
0.98 0.009632940934458305
0.974375 0.010960822953031718
0.96875 0.012296315786670018
0.963125 0.013637633886704383
0.9575 0.014982991704465997
0.951875 0.01633060369128604
0.94625 0.01767868429849569
0.940625 0.019025447977426124
0.935 0.020369109179408526
0.9293750000000001 0.021707882355774075
0.92375 0.023039981957853978
0.918125 0.02436362243697936
0.9125 0.025677018244481434
0.906875 0.026978383831691363
0.90125 0.028265933649940355
0.895625 0.02953805433652576
0.89 0.030794499976476535
0.884375 0.0320356767526936
0.87875 0.0332619948640771
0.873125 0.03447386450952718
0.8675 0.035671695887943965
0.8618750000000001 0.036855899198227605
0.8562500000000001 0.038026884639278245
0.8506250000000001 0.03918506240999601
0.845 0.040330842709281084
0.839375 0.041464635736033525
0.83375 0.04258685168915353
0.828125 0.04369790076754123
0.8225 0.044798193170096756
0.816875 0.045888139095720246
0.81125 0.04696814874331187
0.805625 0.04803863231177175
0.8 0.0491
0.8 0.0491
0.7739130434782611 0.05391056597110797
0.7478260869565219 0.058548328172837165
0.7217391304347827 0.06302772538324465
0.6956521739130436 0.06736315019871243
0.6695652173913045 0.07155333962778751
0.6434782608695653 0.07555865370706699
0.6173913043478262 0.07933367976376927
0.5913043478260871 0.08283300259009144
0.5652173913043479 0.08601105487695015
0.5391304347826088 0.08882203355827747
0.5130434782608697 0.09122011528783472
0.4869565217391305 0.09316075784739715
0.46086956521739136 0.09462888496305959
0.4347826086956522 0.09563888630523637
0.4086956521739131 0.09620643267235572
0.3826086956521739 0.09634821847612614
0.35652173913043483 0.09609283763263864
0.3304347826086957 0.09547656115758581
0.30434782608695654 0.09453578801832027
0.27826086956521745 0.0932786058876461
0.2521739130434783 0.0915248889522081
0.22608695652173916 0.0890177311678352
0.2 0.08549999999999999
0.2 0.08549999999999999
0.19437500000000002 0.08458582877024731
0.18875 0.08362017971775176
0.183125 0.08261051591699266
0.17750000000000002 0.08156430044244928
0.171875 0.08048899636860093
0.16625 0.07939206676992693
0.16062500000000002 0.07828097472090655
0.155 0.07716318329601908
0.149375 0.07604614976017901
0.14375000000000002 0.07493154505173086
0.138125 0.07380439570578312
0.1325 0.07264675376025181
0.12687500000000002 0.07144067125305292
0.12125000000000001 0.07016820022210235
0.11562500000000002 0.06881139270531614
0.11000000000000001 0.06735230074061017
0.10437500000000001 0.06577297636590053
0.09875000000000002 0.06405556162030565
0.09312500000000001 0.0621968124882123
0.08750000000000001 0.060224130363483945
0.081875 0.058168775441544626
0.07625000000000001 0.05606200791781825
0.07062500000000001 0.053928446935667104
0.065 0.051739970455316614
0.05937500000000001 0.04944330563049626
0.053750000000000006 0.04698502472159297
0.048125 0.04431188618538348
0.0425 0.04138182026203013
0.036875000000000005 0.03817007345594314
0.03125 0.03465338184265075
0.025625000000000002 0.030808481497681214
0.02 0.026612108496562818
0.02 0.026612108496562818
0.015 0.022568128830659964
0.01 0.018211722004582896
0.005 0.013526549020623077
0.0 0.008496270881071941
0.0 0.0
0.005 -0.008312843981784316
0.01 -0.014008421990892158
0.015 -0.017711578009107838
0.02 -0.02004715601821569
0.02 -0.02004715601821569
0.025625000000000002 -0.02181779806522492
0.03125 -0.02333439055384499
0.036875000000000005 -0.024698348667465057
0.0425 -0.025906585598582135
0.048125 -0.026956014539693228
0.053750000000000006 -0.02784431901551821
0.05937500000000001 -0.028578137662868063
0.065 -0.02916988661022541
0.07062500000000001 -0.029632078277600712
0.07625000000000001 -0.029977240055319876
0.081875 -0.03022033013867353
0.08750000000000001 -0.03038140411534953
0.09312500000000001 -0.030481159425308987
0.09875000000000002 -0.030540293508512943
0.10437500000000001 -0.030577889997134868
0.11000000000000001 -0.030600216160626408
0.11562500000000002 -0.030607427500753695
0.12125000000000001 -0.030599641879451016
0.12687500000000002 -0.0305769771586527
0.1325 -0.030539551200293055
0.138125 -0.0304874818663064
0.14375000000000002 -0.030420887018627038
0.149375 -0.03033988451918929
0.155 -0.03024471026501319
0.16062500000000002 -0.03013626064241676
0.16625 -0.03001566165284572
0.171875 -0.029884039528283057
0.17750000000000002 -0.029742520500711755
0.183125 -0.02959223080211481
0.18875 -0.029434296664475213
0.19437500000000002 -0.029269844319775938
0.2 -0.0291
0.2 -0.0291
0.22608695652173916 -0.028260736189174615
0.2521739130434783 -0.027360060841734313
0.27826086956521745 -0.02642831039266545
0.30434782608695654 -0.02549579163722507
0.3304347826086957 -0.024582763502443292
0.35652173913043483 -0.023684854300315947
0.3826086956521739 -0.022793987376678492
0.4086956521739131 -0.021902148094871565
0.4347826086956522 -0.02100504286854555
0.46086956521739136 -0.020104145739330934
0.4869565217391305 -0.01920142688889954
0.5130434782608697 -0.018298819535294133
0.5391304347826088 -0.017397406733089257
0.5652173913043479 -0.016497421373391264
0.5913043478260871 -0.015599059383677463
0.6173913043478262 -0.0147023710213482
0.6434782608695653 -0.013805713129159238
0.6695652173913045 -0.012906350024289165
0.6956521739130436 -0.01200152781515698
0.7217391304347827 -0.011089801785570142
0.7478260869565219 -0.010178430617318737
0.7739130434782611 -0.009278223475846432
0.8 -0.0084
0.8 -0.0084
0.805625 -0.008214475707259496
0.81125 -0.008030070304095643
0.816875 -0.00784637751863399
0.8225 -0.0076629910790000765
0.828125 -0.007479504713319446
0.83375 -0.007295512149717634
0.839375 -0.007110607116320187
0.845 -0.006924383341252645
0.8506250000000001 -0.006736434552640544
0.8562500000000001 -0.006546354478609434
0.8618750000000001 -0.006353736847284854
0.8675 -0.006158175386792341
0.873125 -0.005959263825257445
0.87875 -0.005756595890805697
0.884375 -0.005549765311562645
0.89 -0.0053383658156538295
0.895625 -0.00512199113120479
0.90125 -0.004900235573597799
0.906875 -0.004672788814026433
0.9125 -0.0044395404846003725
0.918125 -0.0042004053960615325
0.92375 -0.003955298359151831
0.9293750000000001 -0.0037041341846131793
0.935 -0.003446827683187505
0.940625 -0.0031832936656167182
0.94625 -0.002913446942642737
0.951875 -0.0026372023250074783
0.9575 -0.0023544746234528584
0.963125 -0.0020651786487207945
0.96875 -0.001769229211553203
0.974375 -0.0014665411226920015
0.98 -0.0011570291928791063
0.98 -0.0011570291928791063
0.985 -0.0008761099527547944
0.99 -0.00058967189465933
0.995 -0.00029765518745397717
1.0 0.0
