1.0 0.002
0.995 0.0029514788445663496
0.99 0.0038709117382170095
0.985 0.004760192675498169
0.98 0.005621215650956013
0.98 0.005621215650956013
0.974375 0.006558447648516645
0.96875 0.007465009472695623
0.963125 0.008343597846196406
0.9575 0.009196909491722452
0.951875 0.010027641131977221
0.94625 0.01083848948966417
0.940625 0.01163215128748676
0.935 0.012411323248148446
0.9293750000000001 0.01317870209435269
0.92375 0.013936984548802963
0.918125 0.014688867334202695
0.9125 0.015437047173255359
0.906875 0.016184220788664418
0.90125 0.01693308490313333
0.895625 0.017686078656231417
0.89 0.01844359554187977
0.884375 0.019205053542363237
0.87875 0.019969864632196778
0.873125 0.020737440785895348
0.8675 0.021507193977973897
0.8618750000000001 0.0222785361829474
0.8562500000000001 0.023050879375330794
0.8506250000000001 0.023823635529639047
0.845 0.02459621662038714
0.839375 0.02536803462208998
0.83375 0.026138501509262554
0.828125 0.02690702925641983
0.8225 0.027673029838076738
0.816875 0.028435915228748252
0.81125 0.02919509740294933
0.805625 0.02994998833519493
0.8 0.0307
0.8 0.0307
0.7739130434782611 0.03410156700920419
0.7478260869565219 0.037351167898556796
0.7217391304347827 0.040414427557569334
0.6956521739130436 0.04325702546932343
0.6695652173913045 0.04586314833717396
0.6434782608695653 0.04826235012125162
0.6173913043478262 0.05049100897795299
0.5913043478260871 0.052585249989342366
0.5652173913043479 0.05456601377754301
0.5391304347826088 0.05643070505176976
0.5130434782608697 0.05817470392657856
0.4869565217391305 0.059792004317692035
0.46086956521739136 0.061244717567664385
0.4347826086956522 0.062463072445881423
0.4086956521739131 0.06337591152289551
0.3826086956521739 0.06391672492276759
0.35652173913043483 0.06407303057909482
0.3304347826086957 0.06386720307678806
0.30434782608695654 0.06332219794494677
0.27826086956521745 0.06245676351590637
0.2521739130434783 0.06126167867791485
0.22608695652173916 0.05971631240159614
0.2 0.057800000000000004
0.2 0.057800000000000004
0.19437500000000002 0.057335588281268404
0.18875 0.05684921805709636
0.183125 0.05633713843021734
0.17750000000000002 0.0557955985033649
0.171875 0.05522084737927253
0.16625 0.054609134160673735
0.16062500000000002 0.053956707950302045
0.155 0.05325981785089098
0.149375 0.05251471506087885
0.14375000000000002 0.05171973810070102
0.138125 0.05087922968509138
0.1325 0.04999860552964983
0.12687500000000002 0.04908328134997625
0.12125000000000001 0.04813867286167048
0.11562500000000002 0.047170195780332415
0.11000000000000001 0.04618326582156188
0.10437500000000001 0.0451832987009588
0.09875000000000002 0.044175627476735445
0.09312500000000001 0.043152163713798916
0.08750000000000001 0.0420766741365918
0.081875 0.040909381534065016
0.07625000000000001 0.039610508695169445
0.07062500000000001 0.038145956363912874
0.065 0.03652671784866155
0.05937500000000001 0.03478528985025658
0.053750000000000006 0.0329543014999777
0.048125 0.031065620395491426
0.0425 0.029105422117668034
0.036875000000000005 0.026989059621343778
0.03125 0.024625793592448687
0.025625000000000002 0.02192488471691283
0.02 0.018795593680666276
0.02 0.018795593680666276
0.015 0.015581017307184877
0.01 0.011892541759111626
0.005 0.007666437916002343
0.0 0.0028389766574128295
0.0 0.0
0.005 -0.004648675660256142
0.01 -0.007954337830128071
0.015 -0.010225662169871927
0.02 -0.01177132433974386
0.02 -0.01177132433974386
0.025625000000000002 -0.013027040272298104
0.03125 -0.014096389297875562
0.036875000000000005 -0.015039175823453014
0.0425 -0.015864866425879188
0.048125 -0.016582927682002802
0.053750000000000006 -0.017202409984928408
0.05937500000000001 -0.017727525591734714
0.065 -0.018159365381419223
0.07062500000000001 -0.018498968210011416
0.07625000000000001 -0.01874740861898752
0.081875 -0.018911555574237796
0.08750000000000001 -0.0190104289362667
0.09312500000000001 -0.0190645785791076
0.09875000000000002 -0.01909455437679382
0.10437500000000001 -0.019119191226170614
0.11000000000000001 -0.01914370420524813
0.11562500000000002 -0.019166813478429082
0.12125000000000001 -0.019187199210648213
0.12687500000000002 -0.019203541566840288
0.1325 -0.019214520711940044
0.138125 -0.01921881681088226
0.14375000000000002 -0.019215110028601674
0.149375 -0.019202080530033035
0.155 -0.019178660960086923
0.16062500000000002 -0.019145196766663552
0.16625 -0.019102524550116087
0.171875 -0.019051481403922647
0.17750000000000002 -0.018992904421561353
0.183125 -0.018927630696510326
0.18875 -0.018856497322247676
0.19437500000000002 -0.018780341392251525
0.2 -0.0187
0.2 -0.0187
0.22608695652173916 -0.018284574100896463
0.2521739130434783 -0.017806681558036584
0.27826086956521745 -0.017275872733081257
0.30434782608695654 -0.016701699655349213
0.3304347826086957 -0.016094279690165827
0.35652173913043483 -0.015465116026518759
0.3826086956521739 -0.01482592031062527
0.4086956521739131 -0.014188312523406809
0.4347826086956522 -0.01355841272803662
0.46086956521739136 -0.012933816115178194
0.4869565217391305 -0.012311384553128624
0.5130434782608697 -0.011688062806274513
0.5391304347826088 -0.011062702249061621
0.5652173913043479 -0.010436060865994835
0.5913043478260871 -0.009808979537668596
0.6173913043478262 -0.00918224648930601
0.6434782608695653 -0.008556037827438594
0.6695652173913045 -0.00793013474331297
0.6956521739130436 -0.00730431184625434
0.7217391304347827 -0.006678371337484087
0.7478260869565219 -0.006052298849149359
0.7739130434782611 -0.005426154842619744
0.8 -0.0048000000000000004
0.8 -0.0048000000000000004
0.805625 -0.004664989685124891
0.81125 -0.004529981513981323
0.816875 -0.004394975312753225
0.8225 -0.004259970907624529
0.828125 -0.004124968124779164
0.83375 -0.003989966790401054
0.839375 -0.003854966730674133
0.845 -0.003719967771782329
0.8506250000000001 -0.003584969739909566
0.8562500000000001 -0.0034499724612397807
0.8618750000000001 -0.003314975761956898
0.8675 -0.0031799794682448477
0.873125 -0.00304498340628756
0.87875 -0.002909987402268961
0.884375 -0.002774991282372982
0.89 -0.002639994872783552
0.895625 -0.002504997999684599
0.90125 -0.002370000489736914
0.906875 -0.002235002247031697
0.9125 -0.002100003338031542
0.918125 -0.001965003849644483
0.92375 -0.001830003868778557
0.9293750000000001 -0.001695003482341796
0.935 -0.0015600027772422406
0.940625 -0.0014250018403879237
0.94625 -0.0012900007586868812
0.951875 -0.0011549996190471485
0.9575 -0.0010199985083767609
0.963125 -0.0008849975135837539
0.96875 -0.0007499967215761631
0.974375 -0.0006149962192620242
0.98 -0.00047999609354937235
0.98 -0.00047999609354937235
0.985 -0.0003599963682216822
0.99 -0.00023999707016202933
0.995 -0.0001199982604087049
1.0 0.0
