1.0 0.0
0.995 0.0014509866985110763
0.99 0.002907857313761295
0.985 0.004369440320879635
0.98 0.005834564194995073
0.98 0.005834564194995073
0.974375 0.007485602310204912
0.96875 0.009137971073982567
0.963125 0.010790002436267536
0.9575 0.012440028346999322
0.951875 0.014086380756117428
0.94625 0.015727391613561348
0.940625 0.017361392869270596
0.935 0.01898671647318466
0.9293750000000001 0.020601694375243045
0.92375 0.02220465852538528
0.918125 0.023793940873550815
0.9125 0.025367873369679175
0.906875 0.026924787963709854
0.90125 0.028463016605582366
0.895625 0.02998097826318575
0.89 0.03147838482739033
0.884375 0.03295593883814547
0.87875 0.03441436805144031
0.873125 0.035854400223264075
0.8675 0.03727676310960589
0.8618750000000001 0.03868218446645494
0.8562500000000001 0.04007139204980038
0.8506250000000001 0.04144511361563141
0.845 0.0428040769199372
0.839375 0.04414900971870688
0.83375 0.04548063976792963
0.828125 0.04679969482359465
0.8225 0.048106902641691075
0.816875 0.0494029909782081
0.81125 0.05068868758913487
0.805625 0.05196472023046057
0.8 0.053231816658174384
0.8 0.053231816658174384
0.7739130434782611 0.05899965041257296
0.7478260869565219 0.06457488572691736
0.7217391304347827 0.06993483548466854
0.6956521739130436 0.07505680655491069
0.6695652173913045 0.07991582485014384
0.6434782608695653 0.08447949770340707
0.6173913043478262 0.08871392680965418
0.5913043478260871 0.0925852685321591
0.5652173913043479 0.09606947182203605
0.5391304347826088 0.09916351140385403
0.5130434782608697 0.10186708362880288
0.4869565217391305 0.10417970881620728
0.46086956521739136 0.10609242946551475
0.4347826086956522 0.10758422337921014
0.4086956521739131 0.10863314683941255
0.3826086956521739 0.10921730168776146
0.35652173913043483 0.10931572485931879
0.3304347826086957 0.10890832971516361
0.30434782608695654 0.10797506342697018
0.27826086956521745 0.1064962731715023
0.2521739130434783 0.10445653786556801
0.22608695652173916 0.10184298023870815
0.2 0.09864275778022621
0.2 0.09864275778022621
0.19437500000000002 0.0978745247514186
0.18875 0.0970761590493355
0.183125 0.09624287096454316
0.17750000000000002 0.09536970227989468
0.171875 0.09445169477824311
0.16625 0.0934838902424416
0.16062500000000002 0.0924613304553432
0.155 0.091379057199801
0.149375 0.09023211225866812
0.14375000000000002 0.0890155654664222
0.138125 0.08772497353510045
0.1325 0.08635630558848888
0.12687500000000002 0.08490554378008258
0.12125000000000001 0.08336867026337663
0.11562500000000002 0.08174166719186611
0.11000000000000001 0.08002051671904616
0.10437500000000001 0.07820120099841185
0.09875000000000002 0.07627970218345827
0.09312500000000001 0.07425205736910993
0.08750000000000001 0.07211476081723038
0.081875 0.06986453355708698
0.07625000000000001 0.06749809824936559
0.07062500000000001 0.06501171598529361
0.065 0.06238133113171341
0.05937500000000001 0.059555034489853276
0.053750000000000006 0.05647890072548646
0.048125 0.05309900452550785
0.0425 0.049375588994190825
0.036875000000000005 0.04532364018751203
0.03125 0.04097136355424412
0.025625000000000002 0.03634696454315975
0.02 0.03147864860303154
0.02 0.03147864860303154
0.015 0.026969288550034883
0.01 0.022309299384741063
0.005 0.017518490695314165
0.0 0.01261667206991819
0.0 0.0
0.005 -0.008021168065894656
0.01 -0.013864252629821439
0.015 -0.01798135684472692
0.02 -0.020824583863557674
0.02 -0.020824583863557674
0.025625000000000002 -0.023063454330065923
0.03125 -0.02481629101677007
0.036875000000000005 -0.02624532510964774
0.0425 -0.027405838719530527
0.048125 -0.028353111481918464
0.053750000000000006 -0.02914122428450174
0.05937500000000001 -0.029795683435398564
0.065 -0.030312851857465163
0.07062500000000001 -0.030687779950754918
0.07625000000000001 -0.030915518382144416
0.081875 -0.030997708815032665
0.08750000000000001 -0.030959693086090794
0.09312500000000001 -0.030832138194200404
0.09875000000000002 -0.030645711138243124
0.10437500000000001 -0.03042996380485007
0.11000000000000001 -0.030197283580193
0.11562500000000002 -0.029946595171670663
0.12125000000000001 -0.029676462261480182
0.12687500000000002 -0.0293854485318187
0.1325 -0.029072117664883337
0.138125 -0.02873503334287123
0.14375000000000002 -0.028372759247979506
0.149375 -0.027983859062405286
0.155 -0.027567284786208467
0.16062500000000002 -0.027125729041741684
0.16625 -0.026663974922485654
0.171875 -0.026186828360231607
0.17750000000000002 -0.025699095286770755
0.183125 -0.025205581633894355
0.18875 -0.02471109333339361
0.19437500000000002 -0.024220436317059762
0.2 -0.023738416516684034
0.2 -0.023738416516684034
0.22608695652173916 -0.021670741265565004
0.2521739130434783 -0.01983384203436206
0.27826086956521745 -0.018152132183336174
0.30434782608695654 -0.01655009202025778
0.3304347826086957 -0.01498636488158478
0.35652173913043483 -0.013508735186988259
0.3826086956521739 -0.012179344130777219
0.4086956521739131 -0.011059636671322348
0.4347826086956522 -0.010164408162077174
0.46086956521739136 -0.00943319496929638
0.4869565217391305 -0.00879870180206231
0.5130434782608697 -0.008195866305635272
0.5391304347826088 -0.0076137672544532445
0.5652173913043479 -0.007097217690596212
0.5913043478260871 -0.006693582304025636
0.6173913043478262 -0.006444699489184248
0.6434782608695653 -0.006326157765132645
0.6695652173913045 -0.006269831234638263
0.6956521739130436 -0.006206820459003365
0.7217391304347827 -0.006076082092359365
0.7478260869565219 -0.005870142413418052
0.7739130434782611 -0.005603886239603024
0.8 -0.0052922729302259915
0.8 -0.0052922729302259915
0.805625 -0.005220496564960854
0.81125 -0.005146891959720188
0.816875 -0.005071025525324855
0.8225 -0.0049924636694086855
0.828125 -0.0049107727996055076
0.83375 -0.0048255193235491435
0.839375 -0.004736269648873423
0.845 -0.004642590183212173
0.8506250000000001 -0.004544047334199218
0.8562500000000001 -0.004440207509468388
0.8618750000000001 -0.00433063711665351
0.8675 -0.004214902563388409
0.873125 -0.004092570257306913
0.87875 -0.003963206606042849
0.884375 -0.003826378017230043
0.89 -0.0036816508985023223
0.895625 -0.0035285916574935156
0.90125 -0.003366768674503373
0.906875 -0.003196163838917026
0.9125 -0.003017679337893295
0.918125 -0.0028323415259090905
0.92375 -0.002641176757441321
0.9293750000000001 -0.0024452113869668883
0.935 -0.00224547176896271
0.940625 -0.0020429842579056897
0.94625 -0.0018387752082727354
0.951875 -0.0016338709745407551
0.9575 -0.0014292979111866578
0.963125 -0.0012260823726873507
0.96875 -0.0010252507135197419
0.974375 -0.0008278292881607397
0.98 -0.0006348444510872523
0.98 -0.0006348444510872523
0.985 -0.00046785663560326425
0.99 -0.00030590606089202286
0.995 -0.00014971356850658322
1.0 0.0
