1.0 0.014
0.995 0.015724696590252274
0.99 0.017466541625688035
0.985 0.019223296390175792
0.98 0.020992722167584042
0.98 0.020992722167584042
0.974375 0.02299568452336659
0.96875 0.025008662707780786
0.963125 0.027028469173834717
0.9575 0.02905191637453646
0.951875 0.031075816762894105
0.94625 0.03309698279191571
0.940625 0.035112226914609385
0.935 0.037118361583983184
0.9293750000000001 0.039112199253045196
0.92375 0.041090552374803545
0.918125 0.04305023340226623
0.9125 0.044988054788441374
0.906875 0.04690082898633704
0.90125 0.04878536844896134
0.895625 0.05063879168853433
0.89 0.05246064784495407
0.884375 0.054251645157000226
0.87875 0.0560124990018598
0.873125 0.057743924756719724
0.8675 0.05944663779876695
0.8618750000000001 0.061121353505188485
0.8562500000000001 0.06276878725317125
0.8506250000000001 0.06438965441990224
0.845 0.06598467038256846
0.839375 0.06755455051835675
0.83375 0.06910001020445418
0.828125 0.07062176481804766
0.8225 0.07212052973632421
0.816875 0.07359702033647073
0.81125 0.07505195199567423
0.805625 0.07648604009112167
0.8 0.07789999999999998
0.8 0.07789999999999998
0.7739130434782611 0.08420858113680005
0.7478260869565219 0.09013215143740076
0.7217391304347827 0.09570323244970917
0.6956521739130436 0.10095431570840732
0.6695652173913045 0.10590771826486893
0.6434782608695653 0.11056081618041126
0.6173913043478262 0.11490723386321412
0.5913043478260871 0.11894059572145742
0.5652173913043479 0.1226545261633211
0.5391304347826088 0.12604264959698505
0.5130434782608697 0.12909859043062918
0.4869565217391305 0.13181564705466847
0.46086956521739136 0.1341796194509264
0.4347826086956522 0.1361688091926346
0.4086956521739131 0.13776119183526003
0.3826086956521739 0.13893349300033783
0.35652173913043483 0.13964790782744693
0.3304347826086957 0.1398572569516782
0.30434782608695654 0.1395142047663811
0.27826086956521745 0.13855527291405353
0.2521739130434783 0.13680966602953126
0.22608695652173916 0.13406280960734035
0.2 0.1301
0.2 0.1301
0.19437500000000002 0.1290648449019536
0.18875 0.12795783912967018
0.183125 0.12677364916887504
0.17750000000000002 0.12550694150529354
0.171875 0.12415238262465098
0.16625 0.12270463901267278
0.16062500000000002 0.12115837715508425
0.155 0.11950826353761076
0.149375 0.11774896660217762
0.14375000000000002 0.11587710316586979
0.138125 0.11389489455865578
0.1325 0.11180556368488358
0.12687500000000002 0.10961233344890105
0.12125000000000001 0.10731842675505603
0.11562500000000002 0.10492706650769643
0.11000000000000001 0.10244147561117009
0.10437500000000001 0.09986487696982495
0.09875000000000002 0.09720029514193548
0.09312500000000001 0.09441854824211712
0.08750000000000001 0.09142291754701168
0.081875 0.08810818024536655
0.07625000000000001 0.08436911352592896
0.07062500000000001 0.08012424826180257
0.065 0.07548075974646064
0.05937500000000001 0.07063578256194458
0.053750000000000006 0.06578700531208848
0.048125 0.061129398374134336
0.0425 0.05669483852979904
0.036875000000000005 0.052262407487735814
0.03125 0.047589441143861086
0.025625000000000002 0.042433275394091356
0.02 0.036551246134343136
0.02 0.036551246134343136
0.015 0.03051723588226687
0.01 0.023547538487542475
0.005 0.01547172319394121
0.0 0.0061193592452342856
0.0 0.0
0.005 -0.005956542622423826
0.01 -0.009662271311211914
0.015 -0.011657728688788088
0.02 -0.012483457377576179
0.02 -0.012483457377576179
0.025625000000000002 -0.01268708108399728
0.03125 -0.01269571336884307
0.036875000000000005 -0.012627648778688853
0.0425 -0.012514830548898043
0.048125 -0.01238920191483405
0.053750000000000006 -0.012280720740112844
0.05937500000000001 -0.012196264941786623
0.065 -0.012127822148801887
0.07062500000000001 -0.012067131818636707
0.07625000000000001 -0.012005951777154618
0.081875 -0.011939022416807015
0.08750000000000001 -0.0118673385652919
0.09312500000000001 -0.01179268259483357
0.09875000000000002 -0.0117168368776563
0.10437500000000001 -0.011641433008517355
0.11000000000000001 -0.011566905154126736
0.11562500000000002 -0.011493116460991324
0.12125000000000001 -0.011419926558942367
0.12687500000000002 -0.011347195077811125
0.1325 -0.011274781647428843
0.138125 -0.011202545897626783
0.14375000000000002 -0.011130347458236196
0.149375 -0.011058045959088334
0.155 -0.010985521496314621
0.16062500000000002 -0.010912768689386242
0.16625 -0.01083982197112394
0.171875 -0.010766715814321672
0.17750000000000002 -0.010693484691773423
0.183125 -0.010620163076273155
0.18875 -0.01054678544061485
0.19437500000000002 -0.010473386257592473
0.2 -0.0104
0.2 -0.0104
0.22608695652173916 -0.010060194739161525
0.2521739130434783 -0.009721071828550053
0.27826086956521745 -0.00938229417329181
0.30434782608695654 -0.009043525007923544
0.3304347826086957 -0.008704539237150253
0.35652173913043483 -0.008365385505823868
0.3826086956521739 -0.008026153635112047
0.4086956521739131 -0.007686932754756752
0.4347826086956522 -0.007347770508957516
0.46086956521739136 -0.007008650239323129
0.4869565217391305 -0.006669549756056725
0.5130434782608697 -0.006330447381138088
0.5391304347826088 -0.005991333207409796
0.5652173913043479 -0.005652209098577242
0.5913043478260871 -0.005313077430122455
0.6173913043478262 -0.004973940577527471
0.6434782608695653 -0.004634800916274317
0.6695652173913045 -0.0042956608218450276
0.6956521739130436 -0.003956522669721638
0.7217391304347827 -0.003617388455321989
0.7478260869565219 -0.0032782576473972137
0.7739130434782611 -0.0029391286839643683
0.8 -0.0026000000000000003
0.8 -0.0026000000000000003
0.805625 -0.0025268752660260645
0.81125 -0.0024537504767641626
0.816875 -0.0023806256366971025
0.8225 -0.0023075007503076932
0.828125 -0.0022343758220787417
0.83375 -0.002161250856493056
0.839375 -0.0020881258580334456
0.845 -0.002015000831182717
0.8506250000000001 -0.0019418757804236767
0.8562500000000001 -0.0018687507102391366
0.8618750000000001 -0.0017956256251119031
0.8675 -0.0017225005295247837
0.873125 -0.0016493754279605873
0.87875 -0.0015762503249021212
0.884375 -0.001503125224832194
0.89 -0.0014300001322336139
0.895625 -0.0013568750515891882
0.90125 -0.0012837499873694274
0.906875 -0.0012106249420478685
0.9125 -0.001137499913910408
0.918125 -0.0010643749007156404
0.92375 -0.0009912499002221627
0.9293750000000001 -0.0009181249101885689
0.935 -0.0008449999283734581
0.940625 -0.0007718749525354245
0.94625 -0.0006987499804330645
0.951875 -0.0006256250098249738
0.9575 -0.0005525000384697485
0.963125 -0.00047937506412598435
0.96875 -0.0004062500845522776
0.974375 -0.0003331250975072241
0.98 -0.00026000010074941985
0.98 -0.00026000010074941985
0.985 -0.00019500009366547628
0.99 -0.0001300000755620649
0.995 -6.500004486497603e-05
1.0 0.0
