1.0 0.0
0.995 0.001312372875165523
0.99 0.0026019543160682493
0.985 0.0038701767042929338
0.98 0.005118472421424332
0.98 0.005118472421424332
0.974375 0.006500769987086194
0.96875 0.007861700182774928
0.963125 0.009203302473676641
0.9575 0.01052761632497744
0.951875 0.01183668120186343
0.94625 0.013132536569520717
0.940625 0.01441722189313541
0.935 0.015692776637893615
0.9293750000000001 0.016961240268981437
0.92375 0.018224652251585007
0.918125 0.019485052050890385
0.9125 0.0207444791320837
0.906875 0.02200497296035106
0.90125 0.023268573000878576
0.895625 0.02453712866818479
0.89 0.025810980053119447
0.884375 0.027089747491963342
0.87875 0.028373046888328632
0.873125 0.02966049414582749
0.8675 0.030951705168072052
0.8618750000000001 0.032246295858674515
0.8562500000000001 0.03354388212124701
0.8506250000000001 0.034844079859401716
0.845 0.036146504976750815
0.839375 0.03745077337690641
0.83375 0.03875650096348069
0.828125 0.04006330364008585
0.8225 0.041370797310333995
0.816875 0.04267859787783732
0.81125 0.043986321246208
0.805625 0.04529358331905818
0.8 0.046599999999999996
0.8 0.046599999999999996
0.7739130434782611 0.05262572798513119
0.7478260869565219 0.05852157220459064
0.7217391304347827 0.06418409283337626
0.6956521739130436 0.0695100321135748
0.6695652173913045 0.07445785303041369
0.6434782608695653 0.07913731632000444
0.6173913043478262 0.08368094110457226
0.5913043478260871 0.08821943871799687
0.5652173913043479 0.0927750531934211
0.5391304347826088 0.0972019042478458
0.5130434782608697 0.10133964929150698
0.4869565217391305 0.10503079168627233
0.46086956521739136 0.10818329168154038
0.4347826086956522 0.1107705664142403
0.4086956521739131 0.11276887897293297
0.3826086956521739 0.11415512123989918
0.35652173913043483 0.1149134948244113
0.3304347826086957 0.11503291728863951
0.30434782608695654 0.11450238479396914
0.27826086956521745 0.11329794219441698
0.2521739130434783 0.11130953405261514
0.22608695652173916 0.10839198098561277
0.2 0.10440000000000002
0.2 0.10440000000000002
0.19437500000000002 0.10338430232228786
0.18875 0.1023101366505291
0.183125 0.1011757444013424
0.17750000000000002 0.09997936699134646
0.171875 0.09871924583715996
0.16625 0.09739362235540162
0.16062500000000002 0.0960007379626901
0.155 0.0945388340756441
0.149375 0.09300615153637622
0.14375000000000002 0.09140035897891907
0.138125 0.08971747907731621
0.1325 0.08795324035848581
0.12687500000000002 0.08610337134934598
0.12125000000000001 0.08416360057681485
0.11562500000000002 0.08212965656781059
0.11000000000000001 0.07999726784925122
0.10437500000000001 0.07776216294805506
0.09875000000000002 0.07542011238393373
0.09312500000000001 0.07297370525647126
0.08750000000000001 0.07043982921149591
0.081875 0.06783717233586477
0.07625000000000001 0.06518442271643472
0.07062500000000001 0.06249511436207562
0.065 0.05974184918708916
0.05937500000000001 0.05687770972587827
0.053750000000000006 0.05385565830111445
0.048125 0.050628723813322764
0.0425 0.04715392983424521
0.036875000000000005 0.04339449167601004
0.03125 0.039314157273574346
0.025625000000000002 0.03487667456189527
0.02 0.030045791475929944
0.02 0.030045791475929944
0.015 0.02539210448127883
0.01 0.020373478032093405
0.005 0.014964451144420354
0.0 0.00913956283430639
0.0 0.0
0.005 -0.008019119751721053
0.01 -0.012981559875860527
0.015 -0.015698440124139474
0.02 -0.016980880248278953
0.02 -0.016980880248278953
0.025625000000000002 -0.01771867602440647
0.03125 -0.01853874903016036
0.036875000000000005 -0.01949804078591425
0.0425 -0.02050793293618124
0.048125 -0.021479807125474436
0.053750000000000006 -0.022330360466192904
0.05937500000000001 -0.023038082384910216
0.065 -0.023621328317344786
0.07062500000000001 -0.02409911813270075
0.07625000000000001 -0.02449046234651873
0.081875 -0.02481285267322402
0.08750000000000001 -0.02508059590481067
0.09312500000000001 -0.025307597794949007
0.09875000000000002 -0.02550776409730932
0.10437500000000001 -0.02569389672487054
0.11000000000000001 -0.025870031228969106
0.11562500000000002 -0.02603602272636972
0.12125000000000001 -0.02619170058828156
0.12687500000000002 -0.026336894185913843
0.1325 -0.026471432890475734
0.138125 -0.02659514607317645
0.14375000000000002 -0.02670786310522518
0.149375 -0.026809413357831113
0.155 -0.026899533495397573
0.16062500000000002 -0.02697744142256454
0.16625 -0.02704217470026366
0.171875 -0.027092770708358617
0.17750000000000002 -0.027128266826713113
0.183125 -0.027147700435190807
0.18875 -0.027150108913655404
0.19437500000000002 -0.027134529641970568
0.2 -0.027099999999999996
0.2 -0.027099999999999996
0.22608695652173916 -0.026697768696818232
0.2521739130434783 -0.025972141013244805
0.27826086956521745 -0.025028010890085002
0.30434782608695654 -0.023970180622596222
0.3304347826086957 -0.02287238466530575
0.35652173913043483 -0.021732200022455548
0.3826086956521739 -0.020535748004803015
0.4086956521739131 -0.019269259542366274
0.4347826086956522 -0.017925542720805925
0.46086956521739136 -0.016507600217028368
0.4869565217391305 -0.015019311662025709
0.5130434782608697 -0.01346555125656314
0.5391304347826088 -0.011874068306187329
0.5652173913043479 -0.01029548722122638
0.5913043478260871 -0.008781426981781523
0.6173913043478262 -0.00738108981377176
0.6434782608695653 -0.0061155831757475935
0.6695652173913045 -0.004987888869892769
0.6956521739130436 -0.004000686604118264
0.7217391304347827 -0.0031555219519958187
0.7478260869565219 -0.002446400762010007
0.7739130434782611 -0.0018642531103174372
0.8 -0.0014
0.8 -0.0014
0.805625 -0.0013144502310756397
0.81125 -0.0012337630255948617
0.816875 -0.0011577416617750782
0.8225 -0.0010861894178337025
0.828125 -0.0010189095719881462
0.83375 -0.0009557054024558208
0.839375 -0.0008963801874541397
0.845 -0.0008407372052005144
0.8506250000000001 -0.0007885797339123559
0.8562500000000001 -0.0007397110518070792
0.8618750000000001 -0.0006939344371020951
0.8675 -0.0006510531680148157
0.873125 -0.0006108705227626535
0.87875 -0.0005731897795630202
0.884375 -0.0005378142166333287
0.89 -0.0005045471121909908
0.895625 -0.0004731917444534189
0.90125 -0.0004435514039973823
0.906875 -0.00041543138825028166
0.9125 -0.0003886412030006572
0.918125 -0.00036299088394448997
0.92375 -0.0003382904667777616
0.9293750000000001 -0.00031434998719645296
0.935 -0.00029097948089654635
0.940625 -0.0002679889835740226
0.94625 -0.0002451885309248633
0.951875 -0.00022238815864504972
0.9575 -0.00019939790243056325
0.963125 -0.00017602779797738533
0.96875 -0.00015208788098149736
0.974375 -0.00012738818713888068
0.98 -0.00010173875214551672
0.98 -0.00010173875214551672
0.985 -7.798837113528509e-05
0.99 -5.320406410913755e-05
0.995 -2.7252413064800418e-05
1.0 0.0
