1.0 0.0
0.995 0.0011196388170702299
0.99 0.002293054849802492
0.985 0.0035160284075676724
0.98 0.004784339799736656
0.98 0.004784339799736656
0.974375 0.006260128986784312
0.96875 0.007781950210350273
0.963125 0.009343795356238012
0.9575 0.010939656310250992
0.951875 0.012563524958192681
0.94625 0.014209393185866552
0.940625 0.015871252879076064
0.935 0.01754309592362469
0.9293750000000001 0.019218914205315896
0.92375 0.020892699609953186
0.918125 0.02255844402333996
0.9125 0.024210139331279714
0.906875 0.025841777419575915
0.90125 0.02744735017403204
0.895625 0.029021834058353475
0.89 0.030568024749670835
0.884375 0.03209244669098818
0.87875 0.0336016472892257
0.873125 0.035102173951303536
0.8675 0.03660057408414186
0.8618750000000001 0.03810339509466082
0.8562500000000001 0.0396171843897806
0.8506250000000001 0.041148489376421356
0.845 0.042702528698986816
0.839375 0.04427708564131488
0.83375 0.045867358628910775
0.828125 0.04746854349204037
0.8225 0.049075836060969574
0.816875 0.05068443216596425
0.81125 0.052289527637290285
0.805625 0.05388631830521357
0.8 0.05547
0.8 0.05547
0.7739130434782611 0.06259180579283903
0.7478260869565219 0.06937428277428481
0.7217391304347827 0.07586337955995262
0.6956521739130436 0.08210495051147505
0.6695652173913045 0.08811289789034381
0.6434782608695653 0.0938227988984129
0.6173913043478262 0.09915844898969671
0.5913043478260871 0.10404379202954127
0.5652173913043479 0.10841167656319003
0.5391304347826088 0.11220875338972737
0.5130434782608697 0.11538286059889068
0.4869565217391305 0.11788621665787591
0.46086956521739136 0.11977178871542561
0.4347826086956522 0.1211932926018291
0.4086956521739131 0.12230882452483413
0.3826086956521739 0.12323781030840604
0.35652173913043483 0.12365013256503792
0.3304347826086957 0.1230107375260393
0.30434782608695654 0.12152034880395349
0.27826086956521745 0.11968620498566768
0.2521739130434783 0.1175212862234047
0.22608695652173916 0.11480297246546639
0.2 0.11114000000000002
0.2 0.11114000000000002
0.19437500000000002 0.11018445694921702
0.18875 0.1091668869583437
0.183125 0.10808987954733315
0.17750000000000002 0.10695602423613852
0.171875 0.10576791054471299
0.16625 0.1045281279930097
0.16062500000000002 0.10323926610098172
0.155 0.10190391438858226
0.149375 0.10052466039684933
0.14375000000000002 0.09910212066734325
0.138125 0.0976312421497534
0.1325 0.09610595858921851
0.12687500000000002 0.09452020373087716
0.12125000000000001 0.09286791131986805
0.11562500000000002 0.09114301510132979
0.11000000000000001 0.089339448820401
0.10437500000000001 0.08745114622222037
0.09875000000000002 0.0854720141350535
0.09312500000000001 0.08339158875990635
0.08750000000000001 0.08119024110251519
0.081875 0.07884718810768483
0.07625000000000001 0.07634164672022002
0.07062500000000001 0.07365283388492556
0.065 0.0707599665466062
0.05937500000000001 0.06764226165006673
0.053750000000000006 0.06427893614011188
0.048125 0.0606493068125132
0.0425 0.05673868152104752
0.036875000000000005 0.05254165425939988
0.03125 0.04805361782898934
0.025625000000000002 0.04326996503123499
0.02 0.038115521668889756
0.02 0.038115521668889756
0.015 0.032846787408395445
0.01 0.026487159443703414
0.005 0.01861
0.0 0.008788671302471565
0.0 0.0
0.005 -0.01067
0.01 -0.016290334472440483
0.015 -0.01987905037165475
0.02 -0.022983431798428537
0.02 -0.022983431798428537
0.025625000000000002 -0.025989038332159337
0.03125 -0.028511758796735676
0.036875000000000005 -0.030628890077994506
0.0425 -0.03242560291059415
0.048125 -0.03398706802919297
0.053750000000000006 -0.035394914021406675
0.05937500000000001 -0.03668959201548074
0.065 -0.037884987036841136
0.07062500000000001 -0.038994541342533495
0.07625000000000001 -0.04003169718960345
0.081875 -0.041009896835096635
0.08750000000000001 -0.04194258253605869
0.09312500000000001 -0.042843196549535244
0.09875000000000002 -0.04372518113257192
0.10437500000000001 -0.04460026610638612
0.11000000000000001 -0.04546658165605498
0.11562500000000002 -0.04631577267761511
0.12125000000000001 -0.04713944412690891
0.12687500000000002 -0.04792920095977877
0.1325 -0.0486766481320671
0.138125 -0.04937339059961631
0.14375000000000002 -0.0500110333182688
0.149375 -0.05058118124386692
0.155 -0.0510776492676523
0.16062500000000002 -0.051506618423285876
0.16625 -0.051878568759384874
0.171875 -0.05220398464084653
0.17750000000000002 -0.05249335043256818
0.183125 -0.05275715049944706
0.18875 -0.053005869206380486
0.19437500000000002 -0.0532499909182657
0.2 -0.0535
0.2 -0.0535
0.22608695652173916 -0.0547650705215529
0.2521739130434783 -0.05578048592674074
0.27826086956521745 -0.056170550934099936
0.30434782608695654 -0.05626456466379269
0.3304347826086957 -0.056367711317868226
0.35652173913043483 -0.05638907644860876
0.3826086956521739 -0.056103299630113325
0.4086956521739131 -0.0551433150909786
0.4347826086956522 -0.05335773136368476
0.46086956521739136 -0.05095537754732393
0.4869565217391305 -0.048176069456395736
0.5130434782608697 -0.04525283949304095
0.5391304347826088 -0.04226270157514814
0.5652173913043479 -0.039126651136353434
0.5913043478260871 -0.03575890019793424
0.6173913043478262 -0.03208557770549607
0.6434782608695653 -0.02817134684995847
0.6695652173913045 -0.024170247754701675
0.6956521739130436 -0.020237810158646983
0.7217391304347827 -0.01651543470618869
0.7478260869565219 -0.013050591821306004
0.7739130434782611 -0.009852433823621116
0.8 -0.00693
0.8 -0.00693
0.805625 -0.00633718558353316
0.81125 -0.005759646495222026
0.816875 -0.0051994182308249814
0.8225 -0.004658536286100408
0.828125 -0.004139036156806683
0.83375 -0.003642953338702191
0.839375 -0.0031723233275453106
0.845 -0.0027291816190944244
0.8506250000000001 -0.00231556279952989
0.8562500000000001 -0.0019325955153306623
0.8618750000000001 -0.0015788024719670364
0.8675 -0.0012522406709664117
0.873125 -0.0009509671138561878
0.87875 -0.0006730388021637644
0.884375 -0.0004165127374165413
0.89 -0.0001794459211419187
0.895625 4.0104645132704156e-05
0.90125 0.0002440754141614007
0.906875 0.0004333399776524267
0.9125 0.0006065431101556069
0.918125 0.0007620489385389208
0.92375 0.0008982215896703486
0.9293750000000001 0.0010134251904178719
0.935 0.0011060238676494664
0.940625 0.0011743817482331143
0.94625 0.0012168629590367961
0.951875 0.001231831626928491
0.9575 0.0012176518787761796
0.963125 0.0011726878414478413
0.96875 0.001095303641811456
0.974375 0.0009838634067350046
0.98 0.0008367312630864659
0.98 0.0008367312630864659
0.985 0.0006746610961506989
0.99 0.0004819484473148495
0.995 0.0002574443905931919
1.0 0.0
