1.0 0.0044
0.995 0.00509074338511409
0.99 0.005789294122297414
0.985 0.0064956625057645025
0.98 0.007209858829729883
0.98 0.007209858829729883
0.974375 0.008022699346821247
0.96875 0.008845474786913197
0.963125 0.009678199807197908
0.9575 0.01052088906486755
0.951875 0.011373557217114303
0.94625 0.012236218921130328
0.940625 0.013108888834107801
0.935 0.013991581613238893
0.9293750000000001 0.014884311915715775
0.92375 0.015787094398730644
0.918125 0.016699943719475627
0.9125 0.01762287453514292
0.906875 0.018555901502924688
0.90125 0.019499039280013113
0.895625 0.02045226892895623
0.89 0.021415304714020474
0.884375 0.0223877336707763
0.87875 0.02336914205124562
0.873125 0.02435911610745034
0.8675 0.025357242091412352
0.8618750000000001 0.02636310625515358
0.8562500000000001 0.02737629485069592
0.8506250000000001 0.02839639413006128
0.845 0.029422990345271592
0.839375 0.030455669748348707
0.83375 0.03149401859131456
0.828125 0.03253762312619107
0.8225 0.03358606960500013
0.816875 0.034638944279763634
0.81125 0.03569583340250352
0.805625 0.03675632322524168
0.8 0.03782
0.8 0.03782
0.7739130434782611 0.042781331362619086
0.7478260869565219 0.04775289330824009
0.7217391304347827 0.0526852701073445
0.6956521739130436 0.05752909592394225
0.6695652173913045 0.06225191882818935
0.6434782608695653 0.0668627484123872
0.6173913043478262 0.07137683095989392
0.5913043478260871 0.07580865546052475
0.5652173913043479 0.08012727329151677
0.5391304347826088 0.08423130753061091
0.5130434782608697 0.08801332290720436
0.4869565217391305 0.09136876887158817
0.46086956521739136 0.09425944345461022
0.4347826086956522 0.09671349326767546
0.4086956521739131 0.09876194964308242
0.3826086956521739 0.10042664913241672
0.35652173913043483 0.10162253896147391
0.3304347826086957 0.10219560550070107
0.30434782608695654 0.10199068577295622
0.27826086956521745 0.10087205580979493
0.2521739130434783 0.0988332221725939
0.22608695652173916 0.09592041001431757
0.2 0.09218
0.2 0.09218
0.19437500000000002 0.09126860621973609
0.18875 0.09031599995911774
0.183125 0.08931729075972773
0.17750000000000002 0.088267588163149
0.171875 0.08716200171096439
0.16625 0.08599564094475678
0.16062500000000002 0.08476361540610904
0.155 0.08346103463660405
0.149375 0.08208301031574149
0.14375000000000002 0.0806267834881629
0.138125 0.07909572033016786
0.1325 0.07749428163146224
0.12687500000000002 0.07582692818175192
0.12125000000000001 0.07409812077074272
0.11562500000000002 0.07231232018814054
0.11000000000000001 0.0704739872236512
0.10437500000000001 0.06858758266698062
0.09875000000000002 0.06665750983052611
0.09312500000000001 0.06467883914872216
0.08750000000000001 0.06262707003246885
0.081875 0.060475237553065705
0.07625000000000001 0.05819637678181206
0.07062500000000001 0.055766471550095856
0.065 0.05318492383064896
0.05937500000000001 0.05046230305787932
0.053750000000000006 0.047609247441940436
0.048125 0.04463598861584342
0.0425 0.04152836358405603
0.036875000000000005 0.038234397676804074
0.03125 0.03469886360717413
0.025625000000000002 0.030866534088252847
0.02 0.026682181833126845
0.02 0.026682181833126845
0.015 0.022622585870209762
0.01 0.01820242422249753
0.005 0.013382909001238919
0.0 0.008125252317682694
0.0 0.0
0.005 -0.009054537251529967
0.01 -0.014657268625764984
0.015 -0.017690731374235016
0.02 -0.019037462748470034
0.02 -0.019037462748470034
0.025625000000000002 -0.019634925677673408
0.03125 -0.02017069238878894
0.036875000000000005 -0.020738605974904463
0.0425 -0.021278360903342855
0.048125 -0.021729651641426987
0.053750000000000006 -0.02203705201096352
0.05937500000000001 -0.022201858329633402
0.065 -0.022261962073746113
0.07062500000000001 -0.022255864638921614
0.07625000000000001 -0.02222198687572651
0.081875 -0.022185671131688654
0.08750000000000001 -0.022144834163667967
0.09312500000000001 -0.022093939359361766
0.09875000000000002 -0.022027450106467304
0.10437500000000001 -0.02194050051083208
0.11000000000000001 -0.021833551314574897
0.11562500000000002 -0.0217096033848207
0.12125000000000001 -0.021571673232266397
0.12687500000000002 -0.021422777367608913
0.1325 -0.02126593230154517
0.138125 -0.021104154544772095
0.14375000000000002 -0.020940460607986613
0.149375 -0.020777867001885643
0.155 -0.020619048473473348
0.16062500000000002 -0.02046476736159021
0.16625 -0.02031512116789313
0.171875 -0.020170206726531786
0.17750000000000002 -0.020030120871655857
0.183125 -0.019894960437415038
0.18875 -0.019764822257958996
0.19437500000000002 -0.01963980316743742
0.2 -0.01952
0.2 -0.01952
0.22608695652173916 -0.019034716431564704
0.2521739130434783 -0.01866938278616125
0.27826086956521745 -0.018429681744489113
0.30434782608695654 -0.018321296053683073
0.3304347826086957 -0.01834993098244654
0.35652173913043483 -0.018521347007221863
0.3826086956521739 -0.01884131290886461
0.4086956521739131 -0.019315187086292877
0.4347826086956522 -0.019923705022175282
0.46086956521739136 -0.02060943667899379
0.4869565217391305 -0.021311668963730462
0.5130434782608697 -0.021970788911201307
0.5391304347826088 -0.02255248649640339
0.5652173913043479 -0.023047754634514805
0.5913043478260871 -0.023448686368547644
0.6173913043478262 -0.023746013098174354
0.6434782608695653 -0.023914637119244377
0.6695652173913045 -0.02391924840256006
0.6956521739130436 -0.023724366713506282
0.7217391304347827 -0.023296974364302662
0.7478260869565219 -0.02262042467852613
0.7739130434782611 -0.021684749406769434
0.8 -0.020479999999999998
0.8 -0.020479999999999998
0.805625 -0.02018398043618384
0.81125 -0.019874781517154445
0.816875 -0.019552196807608165
0.8225 -0.019216019872241353
0.828125 -0.01886604427575034
0.83375 -0.018502063582831466
0.839375 -0.01812387135818109
0.845 -0.017731261166495545
0.8506250000000001 -0.01732402657247115
0.8562500000000001 -0.016901961140804285
0.8618750000000001 -0.016464858436191283
0.8675 -0.01601251202332847
0.873125 -0.015544715466912211
0.87875 -0.01506126233163883
0.884375 -0.014561946182204685
0.89 -0.014046560583306108
0.895625 -0.013514899099639443
0.90125 -0.012966754436471788
0.906875 -0.012401779749245601
0.9125 -0.011819335557743421
0.918125 -0.01121874553371863
0.92375 -0.010599333348924624
0.9293750000000001 -0.00996042267511478
0.935 -0.009301337184042514
0.940625 -0.008621400547461206
0.94625 -0.007919936437124244
0.951875 -0.007196268524785022
0.9575 -0.006449720482196931
0.963125 -0.005679615981113362
0.96875 -0.004885278693287707
0.974375 -0.004066032290473354
0.98 -0.003221200444423699
0.98 -0.003221200444423699
0.985 -0.0024482129131751574
0.99 -0.001654000333317774
0.995 -0.0008380876979074283
1.0 0.0
