1.0 0.0
0.995 0.0004203871096826017
0.99 0.0008641762024909573
0.985 0.0013307934898395002
0.98 0.0018196651831426651
0.98 0.0018196651831426651
0.974375 0.0023955323736964784
0.96875 0.00299802211928207
0.963125 0.0036263174435735073
0.9575 0.0042796013702448565
0.951875 0.004957056922970186
0.94625 0.0056578671254235635
0.940625 0.006381215001279054
0.935 0.007126283574210725
0.9293750000000001 0.007892255867892646
0.92375 0.008678314905998897
0.918125 0.009483643712203518
0.9125 0.010307425310180588
0.906875 0.011148842723604176
0.90125 0.012007078976148347
0.895625 0.012881317091487172
0.89 0.013770740093294714
0.884375 0.014674531005245042
0.87875 0.015591872851012224
0.873125 0.016521948654270324
0.8675 0.017463941438693415
0.8618750000000001 0.01841703422795556
0.8562500000000001 0.01938041004573083
0.8506250000000001 0.02035325191569328
0.845 0.021334742861517014
0.839375 0.022324065906876047
0.83375 0.023320404075444476
0.828125 0.02432294039089636
0.8225 0.02533085787690577
0.816875 0.026343339557146773
0.81125 0.02735956845529343
0.805625 0.028378727595019825
0.8 0.0294
0.8 0.0294
0.7739130434782611 0.03416501365822222
0.7478260869565219 0.039024508929701725
0.7217391304347827 0.044045086733259076
0.6956521739130436 0.04929317857580243
0.6695652173913045 0.05477778532593804
0.6434782608695653 0.060367126553071894
0.6173913043478262 0.06590824533756041
0.5913043478260871 0.07124927270602002
0.5652173913043479 0.07630361646065681
0.5391304347826088 0.0810858634058409
0.5130434782608697 0.08561930391602109
0.4869565217391305 0.08992599168191102
0.46086956521739136 0.09399953666831494
0.4347826086956522 0.09780510511412775
0.4086956521739131 0.10130662657450908
0.3826086956521739 0.1044636884466704
0.35652173913043483 0.10718540054167522
0.3304347826086957 0.10934830648597531
0.30434782608695654 0.11082840713627896
0.27826086956521745 0.1114953883446088
0.2521739130434783 0.11117695381183745
0.22608695652173916 0.10975740210812529
0.2 0.1075
0.2 0.1075
0.19437500000000002 0.10693906018272767
0.18875 0.10635121077791766
0.183125 0.10573060953897842
0.17750000000000002 0.1050714142193184
0.171875 0.10436778257234612
0.16625 0.1036138723514701
0.16062500000000002 0.10280384131009872
0.155 0.10193184720164054
0.149375 0.10099204693531758
0.14375000000000002 0.09997775661064083
0.138125 0.09887987373292244
0.1325 0.09768886358400874
0.12687500000000002 0.09639519144574599
0.12125000000000001 0.0949893225999804
0.11562500000000002 0.09346172232855834
0.11000000000000001 0.09180285591332597
0.10437500000000001 0.09000318863612972
0.09875000000000002 0.08805318022682916
0.09312500000000001 0.08594238891147273
0.08750000000000001 0.083658482464698
0.081875 0.08118889061972061
0.07625000000000001 0.07852104310975606
0.07062500000000001 0.07564676243137361
0.065 0.07259275705016698
0.05937500000000001 0.06940237158215667
0.053750000000000006 0.06611905309848524
0.048125 0.06278473218054877
0.0425 0.05935035002495503
0.036875000000000005 0.05562581428189021
0.03125 0.05140890068356866
0.025625000000000002 0.046497384962204735
0.02 0.040689042850012846
0.02 0.040689042850012846
0.015 0.03460969999445442
0.01 0.027519942866649518
0.005 0.019277742899922918
0.0 0.00974107152759935
0.0 0.0
0.005 -0.0042283425238004635
0.01 -0.0072021712619002335
0.015 -0.00918182873809977
0.02 -0.010427657476199538
0.02 -0.010427657476199538
0.025625000000000002 -0.011276140978327083
0.03125 -0.011820087983595563
0.036875000000000005 -0.01213622248886404
0.0425 -0.012262297229091355
0.048125 -0.012236064939236346
0.053750000000000006 -0.012093638857600323
0.05937500000000001 -0.011852073073840947
0.065 -0.01151612545268448
0.07062500000000001 -0.011090348921774991
0.07625000000000001 -0.010579335723117448
0.081875 -0.009994061768067584
0.08750000000000001 -0.009358889507866787
0.09312500000000001 -0.008699866996979944
0.09875000000000002 -0.008043042289871927
0.10437500000000001 -0.0074119822875802375
0.11000000000000001 -0.006810549337392455
0.11562500000000002 -0.006233209231779325
0.12125000000000001 -0.005674369893743886
0.12687500000000002 -0.005128439246289176
0.1325 -0.004589825212418242
0.138125 -0.004052935715134124
0.14375000000000002 -0.0035121786774398615
0.149375 -0.0029619620223384994
0.155 -0.002394732036194469
0.16062500000000002 -0.0017919582691034246
0.16625 -0.0011312942748874855
0.171875 -0.0003903897760472029
0.17750000000000002 0.00045310550491687457
0.183125 0.0014215418455041846
0.18875 0.0025372695232141764
0.19437500000000002 0.003822638815546303
0.2 0.005300000000000001
0.2 0.005300000000000001
0.22608695652173916 0.014195039035977514
0.2521739130434783 0.023253035163608722
0.27826086956521745 0.02930315986969939
0.30434782608695654 0.0331559072511542
0.3304347826086957 0.035977476173535666
0.35652173913043483 0.03790714541791064
0.3826086956521739 0.03892972323518724
0.4086956521739131 0.039031793999735345
0.4347826086956522 0.03830650949363173
0.46086956521739136 0.037012200980898836
0.4869565217391305 0.03542140871325342
0.5130434782608697 0.033797906148005895
0.5391304347826088 0.032203830471121964
0.5652173913043479 0.030499682597222567
0.5913043478260871 0.028537196646522378
0.6173913043478262 0.026183366625790593
0.6434782608695653 0.02348258272299266
0.6695652173913045 0.020593684275252877
0.6956521739130436 0.017677418105514885
0.7217391304347827 0.014877542330945894
0.7478260869565219 0.012224874152711477
0.7739130434782611 0.009704157401911597
0.8 0.0073
0.8 0.0073
0.805625 0.006795588095493993
0.81125 0.006296914537148191
0.816875 0.0058050139858288755
0.8225 0.0053209211024023255
0.828125 0.004845670547734822
0.83375 0.00438029698269264
0.839375 0.0039258350681420605
0.845 0.003483319464949364
0.8506250000000001 0.003053784833980818
0.8562500000000001 0.002638265836102721
0.8618750000000001 0.002237797132181343
0.8675 0.0018534133830829618
0.873125 0.0014861492496738582
0.87875 0.0011370393928203102
0.884375 0.0008071184733885964
0.89 0.0004974211522449964
0.895625 0.00020898209025578996
0.90125 -5.716405171274602e-05
0.906875 -0.0002999826127943303
0.9125 -0.0005184389321226846
0.918125 -0.0007114983488315297
0.92375 -0.0008781262020545874
0.9293750000000001 -0.0010172878309255813
0.935 -0.0011279485745782256
0.940625 -0.0012090737721462445
0.94625 -0.00125962876276336
0.951875 -0.001278578885563292
0.9575 -0.0012648894796797624
0.963125 -0.0012175258842464917
0.96875 -0.0011354534383972003
0.974375 -0.0010176374812656105
0.98 -0.0008630433519854423
0.98 -0.0008630433519854423
0.985 -0.0006939144119776603
0.99 -0.0004941819902413565
0.995 -0.00026311941138073473
1.0 0.0
