1.0 0.0
0.995 0.00037753708025696394
0.99 0.0007520713210037318
0.985 0.0011239854628977439
0.98 0.00149366224659644
0.98 0.00149366224659644
0.974375 0.0019073508430105684
0.96875 0.002319237146015967
0.963125 0.00272986611252528
0.9575 0.003139782699451152
0.951875 0.0035495318637062284
0.94625 0.003959658562203152
0.940625 0.004370707751854567
0.935 0.004783224389573119
0.9293750000000001 0.005197753432271451
0.92375 0.005614839836862217
0.918125 0.006035028560258043
0.9125 0.006458864559371582
0.906875 0.006886892791115478
0.90125 0.0073196582124023775
0.895625 0.007757705780144924
0.89 0.008201580451255758
0.884375 0.00865182718264753
0.87875 0.009108990931232878
0.873125 0.009573616653924451
0.8675 0.010046249307634892
0.8618750000000001 0.010527433849276844
0.8562500000000001 0.011017715235762952
0.8506250000000001 0.01151763842400586
0.845 0.012027748370918225
0.839375 0.01254859003341267
0.83375 0.013080708368401844
0.828125 0.013624648332798398
0.8225 0.014180954883514974
0.816875 0.014750172977464213
0.81125 0.015332847571558766
0.805625 0.015929523622711272
0.8 0.016540746078282362
0.8 0.016540746078282362
0.7739130434782611 0.01956407886099407
0.7478260869565219 0.02286455897685412
0.7217391304347827 0.026395583208389868
0.6956521739130436 0.030110716019309362
0.6695652173913045 0.034009154390396444
0.6434782608695653 0.03819737179506317
0.6173913043478262 0.04279724339603183
0.5913043478260871 0.04792753625917347
0.5652173913043479 0.053548166724945404
0.5391304347826088 0.05938753043937193
0.5130434782608697 0.06515573130777576
0.4869565217391305 0.07057171357383356
0.46086956521739136 0.07552862502775054
0.4347826086956522 0.08007902589996754
0.4086956521739131 0.08428135123518322
0.3826086956521739 0.08818434884689258
0.35652173913043483 0.0917400328669859
0.3304347826086957 0.09484480533083466
0.30434782608695654 0.09739440393283856
0.27826086956521745 0.0992722513060578
0.2521739130434783 0.1002914648266548
0.22608695652173916 0.10026029791757372
0.2 0.09907549356023305
0.2 0.09907549356023305
0.19437500000000002 0.09866048026379588
0.18875 0.09818451801187894
0.183125 0.09764449580452095
0.17750000000000002 0.0970373026417609
0.171875 0.09635982752363768
0.16625 0.09560895945019018
0.16062500000000002 0.09478158742145734
0.155 0.09387460043747799
0.149375 0.09288491494241619
0.14375000000000002 0.09181115684608669
0.138125 0.09065463849593149
0.1325 0.08941690768195543
0.12687500000000002 0.08809951219416329
0.12125000000000001 0.08670399982255995
0.11562500000000002 0.0852319183571502
0.11000000000000001 0.08368481558793887
0.10437500000000001 0.0820642393049308
0.09875000000000002 0.08037150175206566
0.09312500000000001 0.07859932760759619
0.08750000000000001 0.07672960460138016
0.081875 0.0747435273939593
0.07625000000000001 0.07262229064587532
0.07062500000000001 0.07034908618561285
0.065 0.06791648310234646
0.05937500000000001 0.06531980024820985
0.053750000000000006 0.062554356832461
0.048125 0.059614107995542905
0.0425 0.05645771781923184
0.036875000000000005 0.05300623516524183
0.03125 0.04917887940137253
0.025625000000000002 0.04489486989542359
0.02 0.040073426015194646
0.02 0.040073426015194646
0.015 0.03527121450533028
0.01 0.029923801997634267
0.005 0.023974453672234795
0.0 0.017366434709259977
0.0 0.0
0.005 -0.00933315738275226
0.01 -0.015383491764604188
0.015 -0.01893358341710166
0.02 -0.020766012611790553
0.02 -0.020766012611790553
0.025625000000000002 -0.021748070476701898
0.03125 -0.022406892745476397
0.036875000000000005 -0.022974720466262137
0.0425 -0.02358765860884505
0.048125 -0.024381812143011064
0.053750000000000006 -0.025474680189472146
0.05937500000000001 -0.026807023918655217
0.065 -0.02822192504612535
0.07062500000000001 -0.029561435893965062
0.07625000000000001 -0.030668641348606335
0.081875 -0.03147124969819407
0.08750000000000001 -0.03204315844143709
0.09312500000000001 -0.03247277657607986
0.09875000000000002 -0.03284851309986691
0.10437500000000001 -0.03324849505996327
0.11000000000000001 -0.03368685326438172
0.11562500000000002 -0.03415313694708077
0.12125000000000001 -0.03463684445864293
0.12687500000000002 -0.03512747414965074
0.1325 -0.03561452437068671
0.138125 -0.03608749347233337
0.14375000000000002 -0.03653587980517323
0.149375 -0.03694918171978882
0.155 -0.03731903317008449
0.16062500000000002 -0.03764627793622736
0.16625 -0.03793424194116711
0.171875 -0.03818625114415165
0.17750000000000002 -0.03840563150442891
0.183125 -0.0385957089812468
0.18875 -0.038759809533853246
0.19437500000000002 -0.03890125912149616
0.2 -0.03902338358303402
0.2 -0.03902338358303402
0.22608695652173916 -0.039416349502615446
0.2521739130434783 -0.03969891730584887
0.27826086956521745 -0.040036149145619114
0.30434782608695654 -0.04038566002036175
0.3304347826086957 -0.04070080754548684
0.35652173913043483 -0.04101305071888759
0.3826086956521739 -0.04136486790962213
0.4086956521739131 -0.041797467831584625
0.4347826086956522 -0.042286193008128914
0.46086956521739136 -0.042709819242715316
0.4869565217391305 -0.042939429407740745
0.5130434782608697 -0.04285027032097524
0.5391304347826088 -0.04240431000581787
0.5652173913043479 -0.04164548956284672
0.5913043478260871 -0.04062096346838604
0.6173913043478262 -0.03937559264611064
0.6434782608695653 -0.03792943939552591
0.6695652173913045 -0.03628740968101298
0.6956521739130436 -0.034454192162213244
0.7217391304347827 -0.03243381543177963
0.7478260869565219 -0.030226149635746012
0.7739130434782611 -0.027829449683384164
0.8 -0.025241966904589706
0.8 -0.025241966904589706
0.805625 -0.024658897203813403
0.81125 -0.024067016017125378
0.816875 -0.02346645468528341
0.8225 -0.022857344549045266
0.828125 -0.022239816949168715
0.83375 -0.021614003226411507
0.839375 -0.02098003472153142
0.845 -0.020338042775286214
0.8506250000000001 -0.019688158728433637
0.8562500000000001 -0.019030513921731485
0.8618750000000001 -0.018365239695937507
0.8675 -0.01769246739180947
0.873125 -0.017012328350105143
0.87875 -0.01632495391158228
0.884375 -0.015630475416998656
0.89 -0.014929024207112031
0.895625 -0.014220731622680172
0.90125 -0.013505729004460839
0.906875 -0.012784147693211803
0.9125 -0.012056119029690827
0.918125 -0.011321774354655674
0.92375 -0.01058124500886411
0.9293750000000001 -0.009834662333073885
0.935 -0.009082157668042795
0.940625 -0.008323862354528588
0.94625 -0.00755990773328903
0.951875 -0.006790425145081884
0.9575 -0.006015545930664919
0.963125 -0.005235401430795894
0.96875 -0.00445012298623258
0.974375 -0.003659841937732737
0.98 -0.002864689626054133
0.98 -0.002864689626054133
0.985 -0.0021539042933427983
0.99 -0.0014394660815553056
0.995 -0.0007214672355036937
1.0 0.0
