1.0 0.0
0.995 0.0005397375825709283
0.99 0.0011317836217415713
0.985 0.0017660781974573
0.98 0.00243396516602869
0.98 0.00243396516602869
0.974375 0.0032169137638669004
0.96875 0.004024132297029466
0.963125 0.004849501594996984
0.9575 0.0056904770590497636
0.951875 0.006544683736852406
0.94625 0.007409805805185426
0.940625 0.008284079589451222
0.935 0.009166042435001204
0.9293750000000001 0.010054234719801687
0.92375 0.01094719690255304
0.918125 0.011843625713923521
0.9125 0.012742700030247064
0.906875 0.013643691419705332
0.90125 0.014545871450479989
0.895625 0.015448511690752688
0.89 0.016350893560876583
0.884375 0.017252422857320624
0.87875 0.01815259055552128
0.873125 0.019050889289774997
0.8675 0.019946811694378206
0.8618750000000001 0.020839850403627347
0.8562500000000001 0.021729500900575145
0.8506250000000001 0.02261532736968146
0.845 0.02349696451135008
0.839375 0.02437405023772569
0.83375 0.025246222460953052
0.828125 0.02611311909317689
0.8225 0.026974378046541934
0.816875 0.02782963419255413
0.81125 0.028678492494891444
0.805625 0.029520540925515173
0.8 0.030355367260767777
0.8 0.030355367260767777
0.7739130434782611 0.03412074345989697
0.7478260869565219 0.03768957354949588
0.7217391304347827 0.04104792318279704
0.6956521739130436 0.044191911995332234
0.6695652173913045 0.04712472213686
0.6434782608695653 0.049851449233648024
0.6173913043478262 0.05237903881535849
0.5913043478260871 0.054719221205415024
0.5652173913043479 0.056881888441381256
0.5391304347826088 0.058867194273315646
0.5130434782608697 0.060666974473619545
0.4869565217391305 0.06225786585891477
0.46086956521739136 0.06361897758971788
0.4347826086956522 0.06473822197544588
0.4086956521739131 0.06560704870464222
0.3826086956521739 0.06622009179469823
0.35652173913043483 0.0665582203306137
0.3304347826086957 0.06658765069993505
0.30434782608695654 0.06627558880111802
0.27826086956521745 0.0655923352318105
0.2521739130434783 0.0645191332448976
0.22608695652173916 0.06302429436608392
0.2 0.06103817941744853
0.2 0.06103817941744853
0.19437500000000002 0.06053746190442389
0.18875 0.06000893861160763
0.183125 0.05945165343540349
0.17750000000000002 0.05886465027221528
0.171875 0.05824690885441696
0.16625 0.05759715095044278
0.16062500000000002 0.056914033509122566
0.155 0.05619621347928589
0.149375 0.05544234780976229
0.14375000000000002 0.054651093449381336
0.138125 0.053821044349446574
0.1325 0.0529501831613209
0.12687500000000002 0.05203614892612045
0.12125000000000001 0.051076576860833
0.11562500000000002 0.050069102182446326
0.11000000000000001 0.04901136004357408
0.10437500000000001 0.0479005873377562
0.09875000000000002 0.046732679923272374
0.09312500000000001 0.04550325169513268
0.08750000000000001 0.04420791654834727
0.081875 0.04284228817118484
0.07625000000000001 0.04140090656874428
0.07062500000000001 0.03987473556969118
0.065 0.03825399536509431
0.05937500000000001 0.0365289061460225
0.053750000000000006 0.034689195977206454
0.048125 0.032720517842853146
0.0425 0.03060651160592115
0.036875000000000005 0.02833071864203754
0.03125 0.02585721848822258
0.025625000000000002 0.0231058526475897
0.02 0.01999047494148908
0.02 0.01999047494148908
0.015 0.01685068140067515
0.01 0.013309657555285537
0.005 0.008881822250518171
0.0 0.0005988558896385633
0.0 0.00025342987056252317
0.005 -0.005094451146326787
0.01 -0.007453676385612866
0.015 -0.009042623524221772
0.02 -0.010472743752967466
0.02 -0.010472743752967466
0.025625000000000002 -0.01188707828854212
0.03125 -0.013080760300516761
0.036875000000000005 -0.014086432003366636
0.0425 -0.014951782756450073
0.048125 -0.015723489085215456
0.053750000000000006 -0.016426792250675896
0.05937500000000001 -0.017066540811577595
0.065 -0.01764677420114011
0.07062500000000001 -0.018171533221514446
0.07625000000000001 -0.018645036918166706
0.081875 -0.019071857505880384
0.08750000000000001 -0.019456608769826963
0.09312500000000001 -0.01980390449517792
0.09875000000000002 -0.020118357339224048
0.10437500000000001 -0.02040384442504086
0.11000000000000001 -0.020662240226049688
0.11562500000000002 -0.02089508157210955
0.12125000000000001 -0.021103905293079463
0.12687500000000002 -0.021290248218818447
0.1325 -0.021455646223515066
0.138125 -0.021601481674116022
0.14375000000000002 -0.021728815888560654
0.149375 -0.021838669885238526
0.155 -0.02193206468253923
0.16062500000000002 -0.02201002129885233
0.16625 -0.022073560752567393
0.171875 -0.022123689681536936
0.17750000000000002 -0.022161176501450722
0.183125 -0.022186593692381396
0.18875 -0.02220050791254562
0.19437500000000002 -0.02220348582016002
0.2 -0.022196094073441277
0.2 -0.022196094073441277
0.22608695652173916 -0.022041730936509834
0.2521739130434783 -0.021718710409823046
0.27826086956521745 -0.021259568447308776
0.30434782608695654 -0.020688938516376532
0.3304347826086957 -0.02002710959222485
0.35652173913043483 -0.019288716459550583
0.3826086956521739 -0.018486377279546405
0.4086956521739131 -0.017630458567507088
0.4347826086956522 -0.016730121485717096
0.46086956521739136 -0.015792509772842918
0.4869565217391305 -0.014824476584763081
0.5130434782608697 -0.013832856333038096
0.5391304347826088 -0.01282408893582076
0.5652173913043479 -0.011803430560317402
0.5913043478260871 -0.01077626810399674
0.6173913043478262 -0.009749271728584653
0.6434782608695653 -0.008729080706786952
0.6695652173913045 -0.007721017950875595
0.6956521739130436 -0.006730456566818561
0.7217391304347827 -0.005764320444450457
0.7478260869565219 -0.004829921571634399
0.7739130434782611 -0.003934588230209562
0.8 -0.0030880089377472077
0.8 -0.0030880089377472077
0.805625 -0.00291322373071071
0.81125 -0.0027415208344367947
0.816875 -0.0025730467571059637
0.8225 -0.0024079302260326674
0.828125 -0.0022462925783676736
0.83375 -0.0020882551271605696
0.839375 -0.0019339391854609471
0.845 -0.0017834660663183957
0.8506250000000001 -0.0016369570827825019
0.8562500000000001 -0.0014945357742460936
0.8618750000000001 -0.0013563723743495722
0.8675 -0.0012226814340762463
0.873125 -0.0010936792549649222
0.87875 -0.0009695821385544044
0.884375 -0.0008506063863834992
0.89 -0.0007369682999910115
0.895625 -0.0006288817172437318
0.90125 -0.0005265491448504596
0.906875 -0.00043016983393226205
0.9125 -0.0003399430353248824
0.918125 -0.00025606799986406363
0.92375 -0.00017874469332765605
0.9293750000000001 -0.00010829532933931754
0.935 -4.530171304081158e-05
0.940625 9.621178966713328e-06
0.94625 5.585837008210714e-05
0.951875 9.280737543045226e-05
0.9575 0.00012036886520035951
0.963125 0.00013910745749123976
0.96875 0.0001496331979034783
0.974375 0.00015248482695387144
0.98 0.00014691213463182003
0.98 0.00014691213463182003
0.985 0.00013337588948256717
0.99 0.00010999437981641542
0.995 6.943290123299285e-05
1.0 0.0
