1.0 0.0
0.995 -7.069966147161737e-05
0.99 -7.306928251757299e-05
0.985 -1.3246723567353469e-05
0.98 0.0001016762421717467
0.98 0.0001016762421717467
0.974375 0.0002863241901508685
0.96875 0.0005179362262406086
0.963125 0.000787485032530102
0.9575 0.0010909261625059318
0.951875 0.0014246702500936275
0.94625 0.0017851463064181483
0.940625 0.002169845739149947
0.935 0.002577883942703447
0.9293750000000001 0.0030085133862651392
0.92375 0.0034609865390215215
0.918125 0.003934554927653026
0.9125 0.004428423409016972
0.906875 0.004941729674416048
0.90125 0.005473606202421251
0.895625 0.0060231854716035794
0.89 0.006589599960534033
0.884375 0.007171981365836319
0.87875 0.007769441723024555
0.873125 0.00838107242750005
0.8675 0.009005963896771227
0.8618750000000001 0.009643206548346505
0.8562500000000001 0.010291890799734303
0.8506250000000001 0.010951107068443041
0.845 0.011619983103867053
0.839375 0.012297902675480768
0.83375 0.012984356957418031
0.828125 0.013678837491553915
0.8225 0.014380835819763496
0.816875 0.015089843483921861
0.81125 0.015805352025904076
0.805625 0.01652685449042487
0.8 0.017253876513939965
0.8 0.017253876513939965
0.7739130434782611 0.020684941156884143
0.7478260869565219 0.02418142200743886
0.7217391304347827 0.027703052291250568
0.6956521739130436 0.031210633645254445
0.6695652173913045 0.03465633164219886
0.6434782608695653 0.03799280932234135
0.6173913043478262 0.04118767253344017
0.5913043478260871 0.04421371165371013
0.5652173913043479 0.047048066921703255
0.5391304347826088 0.049671633955320156
0.5130434782608697 0.052071979084923295
0.4869565217391305 0.05424098310045479
0.46086956521739136 0.05617669280698436
0.4347826086956522 0.05787562143893667
0.4086956521739131 0.059330885044117126
0.3826086956521739 0.06053047987764243
0.35652173913043483 0.06145667994474736
0.3304347826086957 0.06208910714552055
0.30434782608695654 0.062403637950844054
0.27826086956521745 0.062361252728548214
0.2521739130434783 0.06191469648144964
0.22608695652173916 0.06101245509541941
0.2 0.059590550132727724
0.2 0.059590550132727724
0.19437500000000002 0.05920823904437222
0.18875 0.05879714752461353
0.183125 0.05835613982835701
0.17750000000000002 0.057884067443111635
0.171875 0.05737978185638632
0.16625 0.056842134555689997
0.16062500000000002 0.05626997702853162
0.155 0.0556620881290907
0.149375 0.055016753726890015
0.14375000000000002 0.05433205478771587
0.138125 0.05360607160898785
0.1325 0.0528368844881255
0.12687500000000002 0.05202257372254838
0.12125000000000001 0.05116106959170154
0.11562500000000002 0.050249372135982705
0.11000000000000001 0.04928412531653508
0.10437500000000001 0.04826197237343382
0.09875000000000002 0.04717955654675405
0.09312500000000001 0.04603342489554563
0.08750000000000001 0.044818188758135036
0.081875 0.04352666591098104
0.07625000000000001 0.042151606433153604
0.07062500000000001 0.040685760403722675
0.065 0.03912101570908038
0.05937500000000001 0.03744441067544545
0.053750000000000006 0.03564128941321906
0.048125 0.03369699426097777
0.0425 0.03159392785960189
0.036875000000000005 0.029301206400059617
0.03125 0.02678419419746885
0.025625000000000002 0.024002189306866307
0.02 0.020863047752436914
0.02 0.020863047752436914
0.015 0.017676995187371862
0.01 0.013944927643918813
0.005 0.00929076579837943
0.0 0.0006243982878991643
0.0 0.000171289580722915
0.005 -0.005689098995356151
0.01 -0.00844426000356512
0.015 -0.010596074744759461
0.02 -0.012394608574785367
0.02 -0.012394608574785367
0.025625000000000002 -0.014159284530898479
0.03125 -0.015707955543732957
0.036875000000000005 -0.017092759949528073
0.0425 -0.018348529324964374
0.048125 -0.019491185744177547
0.053750000000000006 -0.020535691939982052
0.05937500000000001 -0.021496419275286473
0.065 -0.022382202385326275
0.07062500000000001 -0.02319885104420137
0.07625000000000001 -0.02395214433860683
0.081875 -0.024647858364007423
0.08750000000000001 -0.025291018637856322
0.09312500000000001 -0.02588491488696146
0.09875000000000002 -0.026432592194843264
0.10437500000000001 -0.026937095645022145
0.11000000000000001 -0.027401470321018518
0.11562500000000002 -0.027828633834652644
0.12125000000000001 -0.028220765917241535
0.12687500000000002 -0.028579781417890377
0.1325 -0.02890759484230178
0.138125 -0.02920612069617836
0.14375000000000002 -0.02947727348522274
0.149375 -0.02972288565813368
0.155 -0.029944239726240055
0.16062500000000002 -0.030142392216225358
0.16625 -0.030318398961149486
0.171875 -0.03047331579407239
0.17750000000000002 -0.030608198548053963
0.183125 -0.030724103031620008
0.18875 -0.030822039814227074
0.19437500000000002 -0.030902880521876917
0.2 -0.030967470194040947
0.2 -0.030967470194040947
0.22608695652173916 -0.031079008044771747
0.2521739130434783 -0.030934247996333517
0.27826086956521745 -0.03057851607416599
0.30434782608695654 -0.030047907018641747
0.3304347826086957 -0.02937339920068967
0.35652173913043483 -0.02857907237131554
0.3826086956521739 -0.02768312331350619
0.4086956521739131 -0.026705229285485684
0.4347826086956522 -0.025665772148056678
0.46086956521739136 -0.024578143584930517
0.4869565217391305 -0.023450982600038927
0.5130434782608697 -0.02229467016632995
0.5391304347826088 -0.021120680968511996
0.5652173913043479 -0.01993571931710537
0.5913043478260871 -0.01874252983640413
0.6173913043478262 -0.01754578376284176
0.6434782608695653 -0.016351938561795544
0.6695652173913045 -0.015163796912046796
0.6956521739130436 -0.013980612528653333
0.7217391304347827 -0.012804431633151855
0.7478260869565219 -0.011639595750098078
0.7739130434782611 -0.010486033599106789
0.8 -0.009341942318153554
0.8 -0.009341942318153554
0.805625 -0.009096959256068847
0.81125 -0.008852777126712504
0.816875 -0.008609483651786855
0.8225 -0.008367165759183916
0.828125 -0.008125847532077972
0.83375 -0.007885445712136377
0.839375 -0.0076458665402642225
0.845 -0.007407016257366604
0.8506250000000001 -0.0071688011043486155
0.8562500000000001 -0.0069311273221153566
0.8618750000000001 -0.006693901410088348
0.8675 -0.006457064823786611
0.873125 -0.006220628981307986
0.87875 -0.005984613636026013
0.884375 -0.005749038541314224
0.89 -0.005513923450546165
0.895625 -0.005279288117095372
0.90125 -0.005045086583440936
0.906875 -0.004810950221903717
0.9125 -0.004576411524991655
0.918125 -0.004341002959479489
0.92375 -0.004104256992141959
0.9293750000000001 -0.0038657080351707602
0.935 -0.0036249463478134182
0.940625 -0.0033816250041089793
0.94625 -0.0031354004231021883
0.951875 -0.002885929023837791
0.9575 -0.0026323006582771613
0.963125 -0.0023703216437047548
0.96875 -0.0020946182582227083
0.974375 -0.001799795721386068
0.98 -0.0014782537844598759
0.98 -0.0014782537844598759
0.985 -0.0011604812407997158
0.99 -0.0008040516961582627
0.995 -0.0004120192731632183
1.0 0.0
