1.0 0.0
0.995 0.0007943418750005691
0.99 0.0016505076404939004
0.985 0.0025658396535979747
0.98 0.003537680271430768
0.98 0.003537680271430768
0.974375 0.00469523733125182
0.96875 0.005917165487978474
0.963125 0.007199680714929107
0.9575 0.008538998985422092
0.951875 0.009931336272775801
0.94625 0.011372908550308609
0.940625 0.012859931791338885
0.935 0.014388621969185009
0.9293750000000001 0.015955195057165347
0.92375 0.017555867028598314
0.918125 0.019186853856802216
0.9125 0.020844371515095442
0.906875 0.022524635976796395
0.90125 0.024223863215223428
0.895625 0.02593858499735804
0.89 0.027667057451599933
0.884375 0.029408122337532514
0.87875 0.03116062189458741
0.873125 0.032923398362196224
0.8675 0.034695293979790584
0.8618750000000001 0.03647515098680211
0.8562500000000001 0.038261811622662414
0.8506250000000001 0.04005411812663309
0.845 0.04185091136450956
0.839375 0.043651027505880784
0.83375 0.045453301717454625
0.828125 0.04725656916593894
0.8225 0.04905966501804154
0.816875 0.05086142444047029
0.81125 0.052660682599933006
0.805625 0.05445627466313752
0.8 0.05624703589946439
0.8 0.05624703589946439
0.7739130434782611 0.06445689316290161
0.7478260869565219 0.07243116024563287
0.7217391304347827 0.08006356630006033
0.6956521739130436 0.08724985098314052
0.6695652173913045 0.09388225325293047
0.6434782608695653 0.09984379424237075
0.6173913043478262 0.10494715788779778
0.5913043478260871 0.10888790107038374
0.5652173913043479 0.1116336077608999
0.5391304347826088 0.11356035335329566
0.5130434782608697 0.1149053148662968
0.4869565217391305 0.11569986012701428
0.46086956521739136 0.11597751264501133
0.4347826086956522 0.11578410900984991
0.4086956521739131 0.11513048833845452
0.3826086956521739 0.1139989419731337
0.35652173913043483 0.11238453820344942
0.3304347826086957 0.11029095119653565
0.30434782608695654 0.1077136917866084
0.27826086956521745 0.10464067496342941
0.2521739130434783 0.101037735051264
0.22608695652173916 0.09686043236905303
0.2 0.09206472769652518
0.2 0.09206472769652518
0.19437500000000002 0.09094532299309155
0.18875 0.08979417968058623
0.183125 0.08861011297090798
0.17750000000000002 0.08739193363203276
0.171875 0.0861384524319365
0.16625 0.08484848013859507
0.16062500000000002 0.08352082751998437
0.155 0.08215430534408033
0.149375 0.08074772437885888
0.14375000000000002 0.07929980364604831
0.138125 0.07780846422695577
0.1325 0.0762712165991486
0.12687500000000002 0.074685567854249
0.12125000000000001 0.07304902508387913
0.11562500000000002 0.07135909537966116
0.11000000000000001 0.06961328583321728
0.10437500000000001 0.06780910353616965
0.09875000000000002 0.06594405558014044
0.09312500000000001 0.06401569034038239
0.08750000000000001 0.06202182051333442
0.081875 0.059960362995625
0.07625000000000001 0.05782923493674503
0.07062500000000001 0.05562619995023064
0.065 0.05334326665144408
0.05937500000000001 0.05096508904790788
0.053750000000000006 0.048475841644638716
0.048125 0.04585969894665333
0.0425 0.04309984300774067
0.036875000000000005 0.04017521232083262
0.03125 0.03706361139521513
0.025625000000000002 0.033742844728523416
0.02 0.03018136069986234
0.02 0.03018136069986234
0.015 0.02666632714421654
0.01 0.022591159767027965
0.005 0.01737949356521507
0.0 0.009649315499381599
0.0 0.0
0.005 -0.012965719531397801
0.01 -0.018215301228099813
0.015 -0.021929809627859898
0.02 -0.025005113211231837
0.02 -0.025005113211231837
0.025625000000000002 -0.02797312679669191
0.03125 -0.03069371829647633
0.036875000000000005 -0.03326183446848993
0.0425 -0.03568652797237624
0.048125 -0.03797642772693441
0.053750000000000006 -0.040140193414229884
0.05937500000000001 -0.04218866418835959
0.065 -0.04413626464865201
0.07062500000000001 -0.04599775338440125
0.07625000000000001 -0.0477878889849014
0.081875 -0.04951996137775892
0.08750000000000001 -0.051198012479425146
0.09312500000000001 -0.052822493711901695
0.09875000000000002 -0.05439384855182622
0.10437500000000001 -0.0559125391983694
0.11000000000000001 -0.05737975188116995
0.11562500000000002 -0.058797611173973946
0.12125000000000001 -0.06016830414112394
0.12687500000000002 -0.061494017846962436
0.1325 -0.06277693935583199
0.138125 -0.0640192557320751
0.14375000000000002 -0.06522315404003434
0.149375 -0.06639082134405216
0.155 -0.0675244116131103
0.16062500000000002 -0.06862540908489047
0.16625 -0.069694675451667
0.171875 -0.07073304876332573
0.17750000000000002 -0.0717413670697524
0.183125 -0.07272046842083293
0.18875 -0.07367119086645312
0.19437500000000002 -0.07459437245649875
0.2 -0.07549085124085567
0.2 -0.07549085124085567
0.22608695652173916 -0.07931848137891231
0.2521739130434783 -0.08263788100041589
0.27826086956521745 -0.08549141660247887
0.30434782608695654 -0.08791022441401633
0.3304347826086957 -0.0899204560040676
0.35652173913043483 -0.0915415034020314
0.3826086956521739 -0.09277645987209944
0.4086956521739131 -0.09359614337861571
0.4347826086956522 -0.09399529758812948
0.46086956521739136 -0.0940142617814193
0.4869565217391305 -0.09365221852058338
0.5130434782608697 -0.09285071554032538
0.5391304347826088 -0.09156905340447957
0.5652173913043479 -0.08977402398267795
0.5913043478260871 -0.08721844415306279
0.6173913043478262 -0.08352916110834553
0.6434782608695653 -0.07876999656824564
0.6695652173913045 -0.07325543000386006
0.6956521739130436 -0.06717682157330203
0.7217391304347827 -0.060664389644526105
0.7478260869565219 -0.05383866333552972
0.7739130434782611 -0.04681496933869964
0.8 -0.039700480403337644
0.8 -0.039700480403337644
0.805625 -0.038164818050456864
0.81125 -0.03663149618874757
0.816875 -0.035102100473637855
0.8225 -0.033578216560555825
0.828125 -0.03206143010492957
0.83375 -0.030553326762187163
0.839375 -0.029055492187756715
0.845 -0.02756951203706632
0.8506250000000001 -0.02609696951480692
0.8562500000000001 -0.024639212683524165
0.8618750000000001 -0.023197162704429588
0.8675 -0.021771695605987795
0.873125 -0.0203636874166634
0.87875 -0.01897401416492098
0.884375 -0.017603551879225136
0.89 -0.016253176588040468
0.895625 -0.014923764319831567
0.90125 -0.013616224762618898
0.906875 -0.01233337556196577
0.9125 -0.01108092924387922
0.918125 -0.009864840197308712
0.92375 -0.008691062811203696
0.9293750000000001 -0.007565551474513608
0.935 -0.006494260576187946
0.940625 -0.005483144505176143
0.94625 -0.004538157650427654
0.951875 -0.0036652544008919344
0.9575 -0.0028703891455184372
0.963125 -0.002159516273256619
0.96875 -0.0015385901730559355
0.974375 -0.0010135652338658396
0.98 -0.0005903958446357876
0.98 -0.0005903958446357876
0.985 -0.00030456724688821305
0.99 -0.00010810376841909159
0.995 -5.187366899371314e-06
1.0 0.0
