1.0 0.0019
0.995 0.0033108890899587267
0.99 0.0047099184672989075
0.985 0.006097294766755938
0.98 0.007473224623065209
0.98 0.007473224623065209
0.974375 0.009007720919298657
0.96875 0.010528286045358062
0.963125 0.01203521421359128
0.9575 0.013528799636346171
0.951875 0.015009336525970588
0.94625 0.016477119094812386
0.940625 0.017932441555219423
0.935 0.01937559811953955
0.9293750000000001 0.02080688300012063
0.92375 0.02222659040931054
0.918125 0.02363501455945708
0.9125 0.025032449662908143
0.906875 0.026419189932011578
0.90125 0.027795529579115248
0.895625 0.02916173547211949
0.89 0.030517857317773095
0.884375 0.03186384126469861
0.87875 0.033199632823747174
0.873125 0.03452517750576998
0.8675 0.03584042082161815
0.8618750000000001 0.03714530828214289
0.8562500000000001 0.03843978539819534
0.8506250000000001 0.039723797680626664
0.845 0.040997290640288064
0.839375 0.04226020978803063
0.83375 0.043512500634705555
0.828125 0.04475410869116402
0.8225 0.04598497946825718
0.816875 0.04720505847683619
0.81125 0.04841429122775221
0.805625 0.049612623231856445
0.8 0.05079999999999999
0.8 0.05079999999999999
0.7739130434782611 0.056165070992080866
0.7478260869565219 0.06130704105775847
0.7217391304347827 0.06623960739102687
0.6956521739130436 0.07097643497347297
0.6695652173913045 0.07552026878067268
0.6434782608695653 0.07984708527789149
0.6173913043478262 0.0839288343795058
0.5913043478260871 0.08773772117970934
0.5652173913043479 0.09126126156173305
0.5391304347826088 0.09451070313181573
0.5130434782608697 0.09749933493473434
0.4869565217391305 0.10023898038136686
0.46086956521739136 0.10270775330291142
0.4347826086956522 0.10485005795088632
0.4086956521739131 0.10660883294291079
0.3826086956521739 0.10792835157902
0.35652173913043483 0.10876840284233442
0.3304347826086957 0.10909878583409391
0.30434782608695654 0.10888946649084034
0.27826086956521745 0.10810312317384674
0.2521739130434783 0.1066539864439982
0.22608695652173916 0.1044534636363572
0.2 0.1015
0.2 0.1015
0.19437500000000002 0.10076641665843247
0.18875 0.09999563537059894
0.183125 0.09918424006811995
0.17750000000000002 0.09832881468261608
0.171875 0.09742594314570795
0.16625 0.0964722093890161
0.16062500000000002 0.0954641973441611
0.155 0.09439849094276352
0.149375 0.09327167464066158
0.14375000000000002 0.09208085501443844
0.138125 0.09082464052414553
0.1325 0.08950190802925347
0.12687500000000002 0.08811153438923287
0.12125000000000001 0.08665239646355426
0.11562500000000002 0.0851233711116882
0.11000000000000001 0.08352333519310529
0.10437500000000001 0.08185116556727616
0.09875000000000002 0.08010571373807733
0.09312500000000001 0.07828171409481292
0.08750000000000001 0.0763652674470367
0.081875 0.07434138748321065
0.07625000000000001 0.07219508789179661
0.07062500000000001 0.06991234691437032
0.065 0.06748680297525343
0.05937500000000001 0.06491574742732378
0.053750000000000006 0.06219649412032488
0.048125 0.05932577294296828
0.0425 0.056265276122047146
0.036875000000000005 0.052922387508381435
0.03125 0.04919981926453524
0.025625000000000002 0.0450002835530727
0.02 0.04022649253655796
0.02 0.04022649253655796
0.015 0.03542238308398952
0.01 0.03001934328458938
0.005 0.02394904478065224
0.0 0.017143159214472792
0.0 0.0
0.005 -0.012433293393703608
0.01 -0.021208646696851807
0.015 -0.027207353303148194
0.02 -0.031310706606296396
0.02 -0.031310706606296396
0.025625000000000002 -0.03475846124081956
0.03125 -0.037886302319154734
0.036875000000000005 -0.040821768397489876
0.0425 -0.043542951335161256
0.048125 -0.04602794299150505
0.053750000000000006 -0.04825767870156053
0.05937500000000001 -0.05024614920541511
0.065 -0.05202867131092916
0.07062500000000001 -0.05364091726042594
0.07625000000000001 -0.05511851064520731
0.081875 -0.05648917534697467
0.08750000000000001 -0.05776406957464146
0.09312500000000001 -0.05895226562457848
0.09875000000000002 -0.060062835793156445
0.10437500000000001 -0.0611043475863481
0.11000000000000001 -0.06208135962078396
0.11562500000000002 -0.06299651878502738
0.12125000000000001 -0.06385246019410461
0.12687500000000002 -0.06465181896304197
0.1325 -0.06539723020686572
0.138125 -0.06609132904060216
0.14375000000000002 -0.06673675057927764
0.149375 -0.06733612993791838
0.155 -0.06789190879150725
0.16062500000000002 -0.06840544638197135
0.16625 -0.06887772564990334
0.171875 -0.06930972915808313
0.17750000000000002 -0.06970243946929079
0.183125 -0.07005683914630632
0.18875 -0.0703739107519097
0.19437500000000002 -0.07065463684888092
0.2 -0.07090000000000002
0.2 -0.07090000000000002
0.22608695652173916 -0.07162058270776517
0.2521739130434783 -0.07179895619476523
0.27826086956521745 -0.07160128323731632
0.30434782608695654 -0.07109670436342808
0.3304347826086957 -0.07032618534234909
0.35652173913043483 -0.06930787313690445
0.3826086956521739 -0.06805648227814681
0.4086956521739131 -0.06658670401550287
0.4347826086956522 -0.06491183270084347
0.46086956521739136 -0.06304299749482786
0.4869565217391305 -0.06099114130510791
0.5130434782608697 -0.058767535894218986
0.5391304347826088 -0.05639101668701866
0.5652173913043479 -0.05388798277068657
0.5913043478260871 -0.051285162087285965
0.6173913043478262 -0.0486079288393567
0.6434782608695653 -0.04586592000747923
0.6695652173913045 -0.04305861952580853
0.6956521739130436 -0.040185342111059195
0.7217391304347827 -0.0372452097716409
0.7478260869565219 -0.034236063391152205
0.7739130434782611 -0.03115522122826882
0.8 -0.028
0.8 -0.028
0.805625 -0.027309671173709523
0.81125 -0.02661587387278454
0.816875 -0.025918722570252854
0.8225 -0.025218331739142272
0.828125 -0.02451481585248058
0.83375 -0.02380828938329557
0.839375 -0.023098866804615054
0.845 -0.022386662589466824
0.8506250000000001 -0.02167179121087865
0.8562500000000001 -0.02095436714187837
0.8618750000000001 -0.020234504855493773
0.8675 -0.019512318824752642
0.873125 -0.01878792352268279
0.87875 -0.018061433422311996
0.884375 -0.01733296299666807
0.89 -0.016602626718778813
0.895625 -0.01587053906167201
0.90125 -0.015136814086664268
0.906875 -0.014401499003466744
0.9125 -0.013664500834128382
0.918125 -0.012925708948580592
0.92375 -0.012185012716754795
0.9293750000000001 -0.011442301508582381
0.935 -0.0106974646939948
0.940625 -0.009950391642923448
0.94625 -0.009200971725299737
0.951875 -0.008449094311055087
0.9575 -0.007694648770120908
0.963125 -0.006937524472428615
0.96875 -0.00617761078790962
0.974375 -0.005414797086495339
0.98 -0.004648972738117185
0.98 -0.004648972738117185
0.985 -0.003965623092468321
0.99 -0.003279729553587889
0.995 -0.002591214422442809
1.0 -0.0019
