1.0 0.0
0.995 0.002227534806222417
0.99 0.004387654828439942
0.985 0.0064836618826832415
0.98 0.008518857784982991
0.98 0.008518857784982991
0.974375 0.010739875992902426
0.96875 0.012892810166085162
0.963125 0.014982361523059247
0.9575 0.017013231282352714
0.951875 0.018990120662493618
0.94625 0.020917730882009995
0.940625 0.0228007631594299
0.935 0.024643918713281365
0.9293750000000001 0.026451898762092432
0.92375 0.028229404524391186
0.918125 0.029981137218705607
0.9125 0.031711798063563765
0.906875 0.0334260882774937
0.90125 0.03512870885687055
0.895625 0.036823340895363314
0.89 0.03851029586263082
0.884375 0.040189190300621055
0.87875 0.041859640751282026
0.873125 0.04352126375656172
0.8675 0.04517367585840815
0.8618750000000001 0.04681649359876929
0.8562500000000001 0.04844933351959315
0.8506250000000001 0.050071812162827724
0.845 0.05168354607042101
0.839375 0.053284151784321006
0.83375 0.054873245846475655
0.828125 0.05645044479883303
0.8225 0.05801536518334107
0.816875 0.0595676235419478
0.81125 0.06110683641660123
0.805625 0.06263262034924931
0.8 0.06414459774983405
0.8 0.06414459774983405
0.7739130434782611 0.07097561973947362
0.7478260869565219 0.07751689361895069
0.7217391304347827 0.08377958359629198
0.6956521739130436 0.08977478275933883
0.6695652173913045 0.09550578908466754
0.6434782608695653 0.10096117870613537
0.6173913043478262 0.10612789314822206
0.5913043478260871 0.1109929032024536
0.5652173913043479 0.11554424589948332
0.5391304347826088 0.11977130334277597
0.5130434782608697 0.12366354361472838
0.4869565217391305 0.1272094791828179
0.46086956521739136 0.1303796920358616
0.4347826086956522 0.1331288305279647
0.4086956521739131 0.13541098851317176
0.3826086956521739 0.13717989722739904
0.35652173913043483 0.1383850724708195
0.3304347826086957 0.1389733104076426
0.30434782608695654 0.13889136187481202
0.27826086956521745 0.13808393964887553
0.2521739130434783 0.13647601150819597
0.22608695652173916 0.13398017188471179
0.2 0.13049752834346842
0.2 0.13049752834346842
0.19437500000000002 0.12960711040197592
0.18875 0.12866469759334795
0.183125 0.12766824422723724
0.17750000000000002 0.12661549195354224
0.171875 0.12550418242085307
0.16625 0.1243320572777596
0.16062500000000002 0.12309685817285189
0.155 0.12179632675471984
0.149375 0.12042820467195345
0.14375000000000002 0.11899023357314276
0.138125 0.1174797863049836
0.1325 0.11589238879413372
0.12687500000000002 0.11422299001905217
0.12125000000000001 0.11246653876443154
0.11562500000000002 0.11061798381496431
0.11000000000000001 0.10867227395534299
0.10437500000000001 0.1066243579702602
0.09875000000000002 0.10446918464440832
0.09312500000000001 0.10220170276248002
0.08750000000000001 0.099815197232623
0.081875 0.0972958384961193
0.07625000000000001 0.09462789583403475
0.07062500000000001 0.09179563850790248
0.065 0.0887832896686653
0.05937500000000001 0.08557428975728161
0.053750000000000006 0.08215142541181872
0.048125 0.07849746320318095
0.0425 0.07459487526154851
0.036875000000000005 0.07038280459970428
0.03125 0.06571174471375847
0.025625000000000002 0.060421346681586656
0.02 0.05435126158106446
0.02 0.05435126158106446
0.015 0.04817145006427325
0.01 0.04113627588816631
0.005 0.033133120879729014
0.0 0.02404936686594663
0.0 0.0
0.005 -0.014961550006163749
0.01 -0.026350402450661618
0.015 -0.03484452620954771
0.02 -0.04112189015887616
0.02 -0.04112189015887616
0.025625000000000002 -0.046378354592173834
0.03125 -0.05065025775512754
0.036875000000000005 -0.05459844066920677
0.0425 -0.058286471544597464
0.048125 -0.061707808513235374
0.053750000000000006 -0.06485590970705629
0.05937500000000001 -0.06772551427446324
0.065 -0.07033351272385235
0.07062500000000001 -0.07271551535632508
0.07625000000000001 -0.07490772107504157
0.081875 -0.07694632877052152
0.08750000000000001 -0.07886198850378273
0.09312500000000001 -0.08066402512727029
0.09875000000000002 -0.08235664125582406
0.10437500000000001 -0.08394403950428389
0.11000000000000001 -0.08543043941327236
0.11562500000000002 -0.08682039503902848
0.12125000000000001 -0.08811876708537099
0.12687500000000002 -0.08933042759507061
0.1325 -0.09046024861089814
0.138125 -0.0915131021756244
0.14375000000000002 -0.0924938603320201
0.149375 -0.09340739512285605
0.155 -0.09425857859090307
0.16062500000000002 -0.09505210639470249
0.16625 -0.09579087294628065
0.171875 -0.0964767189053137
0.17750000000000002 -0.09711147165234531
0.183125 -0.09769695856791927
0.18875 -0.0982350070325792
0.19437500000000002 -0.09872744442686891
0.2 -0.09917609813133202
0.2 -0.09917609813133202
0.22608695652173916 -0.10073191924115787
0.2521739130434783 -0.10151459852161293
0.27826086956521745 -0.10163732285698507
0.30434782608695654 -0.10120576576218596
0.3304347826086957 -0.10031211778440034
0.35652173913043483 -0.09901057317505112
0.3826086956521739 -0.09734719324670396
0.4086956521739131 -0.09536783143924503
0.4347826086956522 -0.09310586883178394
0.46086956521739136 -0.09057535434422688
0.4869565217391305 -0.08778867391504325
0.5130434782608697 -0.08475855549388396
0.5391304347826088 -0.0815041442849532
0.5652173913043479 -0.07805028808365998
0.5913043478260871 -0.07442203313901317
0.6173913043478262 -0.07064349368313846
0.6434782608695653 -0.06673052090770304
0.6695652173913045 -0.06269464653319919
0.6956521739130436 -0.058547364599629455
0.7217391304347827 -0.05429768431537328
0.7478260869565219 -0.04994222876816196
0.7739130434782611 -0.04547376931383225
0.8 -0.040885081395903716
0.8 -0.040885081395903716
0.805625 -0.03987939278112977
0.81125 -0.038868339135566685
0.816875 -0.03785229611304189
0.8225 -0.03683163936738285
0.828125 -0.03580674455241702
0.83375 -0.03477798732197186
0.839375 -0.03374574332987484
0.845 -0.0327103882299534
0.8506250000000001 -0.03167229767603498
0.8562500000000001 -0.03063184732194707
0.8618750000000001 -0.029589412821517114
0.8675 -0.028545369828572576
0.873125 -0.0275000939969409
0.87875 -0.026453960980449547
0.884375 -0.025407346432925984
0.89 -0.024360626008197654
0.895625 -0.02331417536009201
0.90125 -0.02226827174419715
0.906875 -0.021221016531859076
0.9125 -0.02016838261957299
0.918125 -0.019106253988915467
0.92375 -0.018030514621463118
0.9293750000000001 -0.0169370484987925
0.935 -0.01582173960248025
0.940625 -0.014680471914102936
0.94625 -0.013509129415237159
0.951875 -0.012303596087459501
0.9575 -0.011059755912346557
0.963125 -0.009773492871474918
0.96875 -0.008440690946421178
0.974375 -0.007057234118761925
0.98 -0.005619006370073752
0.98 -0.005619006370073752
0.985 -0.0042912737340282565
0.99 -0.0029141223345296383
0.995 -0.0014846613602846382
1.0 0.0
