1.0 0.0
0.995 0.0010240194549405175
0.99 0.0020633915500467975
0.985 0.0031177489401720605
0.98 0.004186724280169524
0.98 0.004186724280169524
0.974375 0.00540633716811728
0.96875 0.006643462941319076
0.963125 0.007897578563423345
0.9575 0.009168160998078512
0.951875 0.010454687208933014
0.94625 0.01175663415963528
0.940625 0.013073478813833738
0.935 0.014404698135176823
0.9293750000000001 0.015749769087312963
0.92375 0.017108168633890614
0.918125 0.01847937373855816
0.9125 0.01986286136496405
0.906875 0.021258108476756722
0.90125 0.022664592037584603
0.895625 0.024081759529081963
0.89 0.025508913933462683
0.884375 0.02694531403324501
0.87875 0.028390218599735485
0.873125 0.029842886404240668
0.8675 0.031302576218067084
0.8618750000000001 0.0327685468125213
0.8562500000000001 0.03424005695890986
0.8506250000000001 0.035716365507323496
0.845 0.037196820996203674
0.839375 0.038681033997518634
0.83375 0.040168662681613024
0.828125 0.0416593652188315
0.8225 0.043152799779518726
0.816875 0.044648624534019354
0.81125 0.04614649765267804
0.805625 0.04764607730583943
0.8 0.049147020333538335
0.8 0.049147020333538335
0.7739130434782611 0.056106764753576156
0.7478260869565219 0.06300537090185618
0.7217391304347827 0.06977373116671948
0.6956521739130436 0.0763727787329014
0.6695652173913045 0.08276209453691603
0.6434782608695653 0.08888836996467124
0.6173913043478262 0.09470535647852926
0.5913043478260871 0.10018142995864462
0.5652173913043479 0.10528212926409386
0.5391304347826088 0.10996673010173087
0.5130434782608697 0.11418489432617095
0.4869565217391305 0.11787649285473631
0.46086956521739136 0.12100366803762284
0.4347826086956522 0.12354248934133516
0.4086956521739131 0.1253113237558672
0.3826086956521739 0.12601550389838756
0.35652173913043483 0.1256816150806386
0.3304347826086957 0.12456088772822453
0.30434782608695654 0.1227226748785068
0.27826086956521745 0.12012025599196775
0.2521739130434783 0.11673805881407644
0.22608695652173916 0.11257612951536558
0.2 0.10761522416599362
0.2 0.10761522416599362
0.19437500000000002 0.10643806946359219
0.18875 0.10522177079978895
0.183125 0.1039649785352701
0.17750000000000002 0.10266627459121122
0.171875 0.10132424088878784
0.16625 0.0999374593491756
0.16062500000000002 0.09850451189355
0.155 0.09702398044308662
0.149375 0.09549444691896103
0.14375000000000002 0.09391448687869045
0.138125 0.09228224316928837
0.1325 0.09059515691223212
0.12687500000000002 0.08885060508797576
0.12125000000000001 0.08704596467697333
0.11562500000000002 0.08517861265967897
0.11000000000000001 0.0832459260165467
0.10437500000000001 0.08124528172803058
0.09875000000000002 0.07917405677458476
0.09312500000000001 0.07702958103365184
0.08750000000000001 0.07480715640748
0.081875 0.07249933049012718
0.07625000000000001 0.07009845422505188
0.07062500000000001 0.06759687855571256
0.065 0.06498556254290799
0.05937500000000001 0.06224877031065606
0.053750000000000006 0.05936875555525742
0.048125 0.05632777158472107
0.0425 0.053107254765033
0.036875000000000005 0.04967184476570967
0.03125 0.04597042239058688
0.025625000000000002 0.04195125933235301
0.02 0.03756227557134858
0.02 0.03756227557134858
0.015 0.03322547031528405
0.01 0.02816414165097327
0.005 0.021851992126550843
0.0 0.012372074715539484
0.0 0.0
0.005 -0.011391778528225203
0.01 -0.017677799133610443
0.015 -0.022044934882566234
0.02 -0.02562906902675646
0.02 -0.02562906902675646
0.025625000000000002 -0.029042812555944843
0.03125 -0.03204637189000531
0.036875000000000005 -0.03479960239189141
0.0425 -0.037338175281856345
0.048125 -0.03968922651826398
0.053750000000000006 -0.04187989205947806
0.05937500000000001 -0.043935825712516446
0.065 -0.045873552507689944
0.07062500000000001 -0.04770612488532694
0.07625000000000001 -0.04944658853005261
0.081875 -0.05110790343003016
0.08750000000000001 -0.052699339994054455
0.09312500000000001 -0.05422515760381293
0.09875000000000002 -0.05568925786640264
0.10437500000000001 -0.057095542388920575
0.11000000000000001 -0.058447679665007225
0.11562500000000002 -0.059748216915727945
0.12125000000000001 -0.060999364654343705
0.12687500000000002 -0.062203333329084155
0.1325 -0.06336233338817894
0.138125 -0.06447857527985768
0.14375000000000002 -0.06555426945235002
0.149375 -0.0665916263538856
0.155 -0.0675928562100739
0.16062500000000002 -0.06855982146181663
0.16625 -0.06949333351241005
0.171875 -0.07039400599104102
0.17750000000000002 -0.07126245252689646
0.183125 -0.0720992867491632
0.18875 -0.07290512228702813
0.19437500000000002 -0.07368057276967815
0.2 -0.07442625182630011
0.2 -0.07442625182630011
0.22608695652173916 -0.07751016878658924
0.2521739130434783 -0.08000422770445612
0.27826086956521745 -0.08193203268909109
0.30434782608695654 -0.08327392704357921
0.3304347826086957 -0.08401256001744127
0.35652173913043483 -0.08417968830358932
0.3826086956521739 -0.08372896847825677
0.4086956521739131 -0.08240241051200806
0.4347826086956522 -0.08012374363474654
0.46086956521739136 -0.07719380651663456
0.4869565217391305 -0.07382107199462153
0.5130434782608697 -0.07004035843985847
0.5391304347826088 -0.06589569078151845
0.5652173913043479 -0.061451996216175205
0.5913043478260871 -0.0567701446906101
0.6173913043478262 -0.05190549372960293
0.6434782608695653 -0.046895807317870346
0.6695652173913045 -0.04177250752206321
0.6956521739130436 -0.036595348923126214
0.7217391304347827 -0.031435008871352116
0.7478260869565219 -0.026352072720604636
0.7739130434782611 -0.02140556904892246
0.8 -0.016662925482644482
0.8 -0.016662925482644482
0.805625 -0.015673913676202474
0.81125 -0.014698924395720864
0.816875 -0.013739137835671655
0.8225 -0.012795734190526849
0.828125 -0.01186989365475846
0.83375 -0.01096279642283849
0.839375 -0.010075622689238953
0.845 -0.009209552648431846
0.8506250000000001 -0.008365761197218382
0.8562500000000001 -0.007545092815963514
0.8618750000000001 -0.006747872486231113
0.8675 -0.005974379630892291
0.873125 -0.005224893672818158
0.87875 -0.004499694034879827
0.884375 -0.003799060139948411
0.89 -0.003123271410895019
0.895625 -0.002472607270590764
0.90125 -0.0018473907294505607
0.906875 -0.0012498957420281009
0.9125 -0.0006850898547665574
0.918125 -0.00015813759263404214
0.92375 0.000325796519401336
0.9293750000000001 0.0007615479563714751
0.935 0.0011439521933082476
0.940625 0.0014678447052435515
0.94625 0.0017280609672092788
0.951875 0.0019194364542373182
0.9575 0.0020368066413595587
0.963125 0.002075007003607893
0.96875 0.002028873016014209
0.974375 0.0018932401536103963
0.98 0.0016629438914283468
0.98 0.0016629438914283468
0.985 0.0013745905234272627
0.99 0.0010037335594898702
0.995 0.000546745788664629
1.0 0.0
