1.0 0.0
0.995 0.0005322859174896067
0.99 0.0010725044592610532
0.985 0.0016204435352665386
0.98 0.0021758910554582605
0.98 0.0021758910554582605
0.974375 0.0028094803759014936
0.96875 0.0034520021647760912
0.963125 0.004103154442306962
0.9575 0.004762635228719014
0.951875 0.005430142544237154
0.94625 0.00610537440908629
0.940625 0.006788028843491331
0.935 0.0074778038676771835
0.9293750000000001 0.008174397501868755
0.92375 0.008877507766290968
0.918125 0.009586832681168701
0.9125 0.01030207026672688
0.906875 0.011022918543190405
0.90125 0.011749075530784192
0.895625 0.012480220674381814
0.89 0.013215904801693424
0.884375 0.013955624318550313
0.87875 0.014698875436074775
0.873125 0.015445154365389091
0.8675 0.016193957317615554
0.8618750000000001 0.016944780503876454
0.8562500000000001 0.017697120135294075
0.8506250000000001 0.01845047242299071
0.845 0.019204379874242367
0.839375 0.019958601787992965
0.83375 0.02071296086671053
0.828125 0.021467279820712344
0.8225 0.022221381360315692
0.816875 0.022975088195837844
0.81125 0.023728223037596093
0.805625 0.0244806085959077
0.8 0.025232067566613788
0.8 0.025232067566613788
0.7739130434782611 0.02869532410912194
0.7478260869565219 0.0320907767933778
0.7217391304347827 0.03538226315483919
0.6956521739130436 0.03855601555222548
0.6695652173913045 0.04159975873498514
0.6434782608695653 0.044494936465624725
0.6173913043478262 0.04722119579044654
0.5913043478260871 0.04975658981518041
0.5652173913043479 0.05208381945810444
0.5391304347826088 0.05419249687463806
0.5130434782608697 0.05605946124306221
0.4869565217391305 0.0576459169708961
0.46086956521739136 0.058929737441485414
0.4347826086956522 0.05990268544130025
0.4086956521739131 0.06049534310145748
0.3826086956521739 0.06059975432213974
0.35652173913043483 0.060252896607353494
0.3304347826086957 0.05957757362827778
0.30434782608695654 0.058589193314323634
0.27826086956521745 0.05724842205893309
0.2521739130434783 0.05554728069663153
0.22608695652173916 0.05348943992798932
0.2 0.051065369508294635
0.2 0.051065369508294635
0.19437500000000002 0.050493254534947365
0.18875 0.049902839700745626
0.183125 0.04929341753591715
0.17750000000000002 0.04866428011652188
0.171875 0.048014719518619714
0.16625 0.047344027818270545
0.16062500000000002 0.046651497091534266
0.155 0.045936419414470776
0.149375 0.04519808686313998
0.14375000000000002 0.044435734684811386
0.138125 0.043648311225532144
0.1325 0.04283467449943714
0.12687500000000002 0.04199368248720062
0.12125000000000001 0.04112419316949679
0.11562500000000002 0.04022506452699993
0.11000000000000001 0.03929515454038426
0.10437500000000001 0.038333321190324024
0.09875000000000002 0.03733842245395683
0.09312500000000001 0.03630892824376174
0.08750000000000001 0.03524185239642435
0.081875 0.034133867302814286
0.07625000000000001 0.032981645353801124
0.07062500000000001 0.03178168257559477
0.065 0.03052757849772821
0.05937500000000001 0.029210563384148343
0.053750000000000006 0.02782179791657373
0.048125 0.02635244006373301
0.0425 0.02479213078831012
0.036875000000000005 0.02312647180040999
0.03125 0.021340399891834793
0.025625000000000002 0.019418851854386722
0.02 0.017332748885611322
0.02 0.017332748885611322
0.015 0.01520736927172454
0.01 0.012643351458052225
0.005 0.00924520678806694
0.0 0.004272162670558046
0.0 0.0
0.005 -0.007145726274450923
0.01 -0.00998435043665759
0.015 -0.012002221540516991
0.02 -0.013580458870162411
0.02 -0.013580458870162411
0.025625000000000002 -0.015032332398500797
0.03125 -0.016337116564065574
0.036875000000000005 -0.017547968466228307
0.0425 -0.01867217406011425
0.048125 -0.01971700891287302
0.053750000000000006 -0.020689761035979425
0.05937500000000001 -0.021598047575064106
0.065 -0.022449840579257172
0.07062500000000001 -0.023253129705064792
0.07625000000000001 -0.024015904599150657
0.081875 -0.02474507493379188
0.08750000000000001 -0.025443498158194907
0.09312500000000001 -0.026113081486270093
0.09875000000000002 -0.026755732131927768
0.10437500000000001 -0.027373328128816904
0.11000000000000001 -0.027967268273248108
0.11562500000000002 -0.028538559356755172
0.12125000000000001 -0.02908819665820484
0.12687500000000002 -0.029617175456463852
0.1325 -0.03012649103039893
0.138125 -0.03061713865887682
0.14375000000000002 -0.031090113620764248
0.149375 -0.03154641119492796
0.155 -0.03198698951474594
0.16062500000000002 -0.03241242383340818
0.16625 -0.03282306379604061
0.171875 -0.0332192561422943
0.17750000000000002 -0.03360134761182032
0.183125 -0.03396968494426974
0.18875 -0.03432461487929363
0.19437500000000002 -0.03466648415654305
0.2 -0.03499563951566907
0.2 -0.03499563951566907
0.22608695652173916 -0.03636334686925936
0.2521739130434783 -0.037482637375389934
0.27826086956521745 -0.038363615973376994
0.30434782608695654 -0.03899304936706579
0.3304347826086957 -0.039366656330613044
0.35652173913043483 -0.03951654242815197
0.3826086956521739 -0.03942790578651949
0.4086956521739131 -0.03897917410621742
0.4347826086956522 -0.03812797408768726
0.46086956521739136 -0.03697866176128346
0.4869565217391305 -0.03560112236292709
0.5130434782608697 -0.03400563555543525
0.5391304347826088 -0.032214894216829
0.5652173913043479 -0.030267056331266806
0.5913043478260871 -0.02818833491296836
0.6173913043478262 -0.02599508448114827
0.6434782608695653 -0.023705462371410888
0.6695652173913045 -0.021339407794371955
0.6956521739130436 -0.018920838802380303
0.7217391304347827 -0.01647529371109582
0.7478260869565219 -0.014026113626837578
0.7739130434782611 -0.011597939380013422
0.8 -0.009226036123920924
0.8 -0.009226036123920924
0.805625 -0.008725743912084844
0.81125 -0.00823048818617371
0.816875 -0.00774088283273243
0.8225 -0.00725754173830593
0.828125 -0.006781078789439119
0.83375 -0.006312107872676924
0.839375 -0.005851242874564254
0.845 -0.005399097681646034
0.8506250000000001 -0.0049562859256134335
0.8562500000000001 -0.004523336614609246
0.8618750000000001 -0.004100572101713769
0.8675 -0.0036882837848413643
0.873125 -0.0032867630619063943
0.87875 -0.002896301330823223
0.884375 -0.0025171899895062096
0.89 -0.0021497204358697166
0.895625 -0.0017941840678281074
0.90125 -0.0014508796098997143
0.906875 -0.001120887086193679
0.9125 -0.000806750383969629
0.918125 -0.0005111743405592499
0.92375 -0.00023686379329422797
0.9293750000000001 1.3476420493755922e-05
0.935 0.00023714146347300494
0.940625 0.0004314264983118387
0.94625 0.0005936266876785705
0.951875 0.0007210371942415146
0.9575 0.000810953180668985
0.963125 0.0008606698096292951
0.96875 0.000867482243790759
0.974375 0.0008286856458216905
0.98 0.0007415751783904034
0.98 0.0007415751783904034
0.985 0.0006213972335246163
0.99 0.0004590085179769186
0.995 0.00025250933803836275
1.0 0.0
