1.0 0.0019
0.995 0.00365707272874081
0.99 0.005401596174721363
0.985 0.007133520258248357
0.98 0.008852794899628483
0.98 0.008852794899628483
0.974375 0.010771796479778068
0.96875 0.01267465392272287
0.963125 0.014561295923587065
0.9575 0.01643165117749484
0.951875 0.018285648379570377
0.94625 0.02012321622493785
0.940625 0.021944283408721444
0.935 0.023748778626045342
0.9293750000000001 0.025536630572033724
0.92375 0.027307767941810807
0.918125 0.02906211943050069
0.9125 0.030799613733227614
0.906875 0.03252017954511574
0.90125 0.034223745561289265
0.895625 0.0359102656256368
0.89 0.0375798933057624
0.884375 0.039232877411966974
0.87875 0.04086946734111151
0.873125 0.042489912490057055
0.8675 0.04409446225566459
0.8618750000000001 0.045683366034795156
0.8562500000000001 0.047256873224309735
0.8506250000000001 0.048815233221069364
0.845 0.0503586954219351
0.839375 0.05188750922376784
0.83375 0.05340192402342866
0.828125 0.054902189217778584
0.8225 0.0563885542036786
0.816875 0.05786126837798973
0.81125 0.05932058113757303
0.805625 0.060766741879289446
0.8 0.0622
0.8 0.0622
0.7739130434782611 0.06868019054900963
0.7478260869565219 0.074881054054579
0.7217391304347827 0.0807954101131398
0.6956521739130436 0.08641607860932175
0.6695652173913045 0.0917359771268863
0.6434782608695653 0.09674826274215648
0.6173913043478262 0.10144612855620881
0.5913043478260871 0.10582275907657863
0.5652173913043479 0.10987082319832871
0.5391304347826088 0.11358219061718912
0.5130434782608697 0.11694866228056022
0.4869565217391305 0.11996125972038833
0.46086956521739136 0.12259307791317293
0.4347826086956522 0.12479928527996677
0.4086956521739131 0.12653427082636834
0.3826086956521739 0.1277519921247122
0.35652173913043483 0.12840139133563802
0.3304347826086957 0.12842817487030506
0.30434782608695654 0.12777799521071445
0.27826086956521745 0.12639555200098015
0.2521739130434783 0.12421921041894181
0.22608695652173916 0.12118169410319844
0.2 0.1172
0.2 0.1172
0.19437500000000002 0.11620917060815894
0.18875 0.11516939784399709
0.183125 0.11407973044199278
0.17750000000000002 0.11293921713662437
0.171875 0.11174690666237025
0.16625 0.11050184775370878
0.16062500000000002 0.10920308914511825
0.155 0.1078496795710771
0.149375 0.10644066690683149
0.14375000000000002 0.10497424323235337
0.138125 0.1034461389273533
0.1325 0.10185164444465397
0.12687500000000002 0.10018605023707801
0.12125000000000001 0.098444646757448
0.11562500000000002 0.09662272445858665
0.11000000000000001 0.09471557379331655
0.10437500000000001 0.09271848521446038
0.09875000000000002 0.09062674369645174
0.09312500000000001 0.08843474466031165
0.08750000000000001 0.08613501813560898
0.081875 0.08371985926598471
0.07625000000000001 0.08118156319507969
0.07062500000000001 0.07851252344062244
0.065 0.07570591477694462
0.05937500000000001 0.07275528453796921
0.053750000000000006 0.06965418235205867
0.048125 0.06639564511896154
0.0425 0.06294194602159182
0.036875000000000005 0.05920767448177026
0.03125 0.05510331809240616
0.025625000000000002 0.05053936444640896
0.02 0.04542630113668805
0.02 0.04542630113668805
0.015 0.04034801199520181
0.01 0.03470226515108259
0.005 0.028426193179871703
0.0 0.02145692865711041
0.0 0.0
0.005 -0.010643232586152294
0.01 -0.01822761629307615
0.015 -0.023480383706923857
0.02 -0.027128767413847715
0.02 -0.027128767413847715
0.025625000000000002 -0.030220707538710506
0.03125 -0.03299700228965739
0.036875000000000005 -0.03556067204060428
0.0425 -0.03789112087239093
0.048125 -0.03996775286585711
0.053750000000000006 -0.04177319897276706
0.05937500000000001 -0.04332760251938234
0.065 -0.044675308363898214
0.07062500000000001 -0.04586106472337551
0.07625000000000001 -0.04692954826450261
0.081875 -0.04791381766223926
0.08750000000000001 -0.048822568689721686
0.09312500000000001 -0.04966142939786686
0.09875000000000002 -0.050436027837591615
0.10437500000000001 -0.05115159440158434
0.11000000000000001 -0.051810201403773196
0.11562500000000002 -0.05241241515797297
0.12125000000000001 -0.05295879270317081
0.12687500000000002 -0.05344989107835396
0.1325 -0.05388626732250959
0.138125 -0.05426847847462493
0.14375000000000002 -0.0545970815736872
0.149375 -0.05487263365868358
0.155 -0.0550962345503777
0.16062500000000002 -0.05527202131521575
0.16625 -0.05540518689981833
0.171875 -0.0555009253109267
0.17750000000000002 -0.05556443055528214
0.183125 -0.05560089663962593
0.18875 -0.05561551757069932
0.19437500000000002 -0.055613487355243574
0.2 -0.055600000000000004
0.2 -0.055600000000000004
0.22608695652173916 -0.05540935590045811
0.2521739130434783 -0.054830846632873825
0.27826086956521745 -0.05373347540879118
0.30434782608695654 -0.05236716125516416
0.3304347826086957 -0.05096398280148367
0.35652173913043483 -0.049530537412369686
0.3826086956521739 -0.048039505294669806
0.4086956521739131 -0.04646377396152249
0.4347826086956522 -0.04478866930351849
0.46086956521739136 -0.043018796696299585
0.4869565217391305 -0.04116041996583456
0.5130434782608697 -0.03922016344203467
0.5391304347826088 -0.037212943045488375
0.5652173913043479 -0.03516196628746129
0.5913043478260871 -0.03309080118316155
0.6173913043478262 -0.031021621276917245
0.6434782608695653 -0.028960389389076
0.6695652173913045 -0.026902609808385117
0.6956521739130436 -0.02484361251473193
0.7217391304347827 -0.022780761208228105
0.7478260869565219 -0.02072493976103679
0.7739130434782611 -0.018692547494569618
0.8 -0.0167
0.8 -0.0167
0.805625 -0.01627709195265743
0.81125 -0.015856508577379674
0.816875 -0.015437958768999316
0.8225 -0.015021151422348947
0.828125 -0.01460579543226114
0.83375 -0.014191599693568473
0.839375 -0.013778273101103538
0.845 -0.013365524549698915
0.8506250000000001 -0.012953062934187175
0.8562500000000001 -0.012540597149400921
0.8618750000000001 -0.012127836090172723
0.8675 -0.011714488651335168
0.873125 -0.01130026372772084
0.87875 -0.010884870214162309
0.884375 -0.010468017005492174
0.89 -0.010049412996543007
0.895625 -0.009628767082147395
0.90125 -0.009205789737030352
0.906875 -0.008780447970950966
0.9125 -0.008353246747042313
0.918125 -0.0079247587663256
0.92375 -0.007495556729822041
0.9293750000000001 -0.007066213338552831
0.935 -0.006637301293539198
0.940625 -0.00620939329580234
0.94625 -0.005783062046363467
0.951875 -0.005358880246243791
0.9575 -0.004937420596464516
0.963125 -0.004519255798046853
0.96875 -0.004104958552012011
0.974375 -0.0036951015593811986
0.98 -0.003290257521175624
0.98 -0.003290257521175624
0.985 -0.0029350675392179632
0.99 -0.002584693140881718
0.995 -0.0022395365523985205
1.0 -0.0019
