1.0 0.0038
0.995 0.004550091477756236
0.99 0.005309416596282983
0.985 0.006071620805093933
0.98 0.0068298464838911915
0.98 0.0068298464838911915
0.974375 0.007670541984228208
0.96875 0.008500110772438039
0.963125 0.0093258440453641
0.9575 0.010154295502244623
0.951875 0.010985934984357038
0.94625 0.011818422953805098
0.940625 0.012649404778798475
0.935 0.013476677237072672
0.9293750000000001 0.014298543983862782
0.92375 0.015113414621738453
0.918125 0.015919698753269287
0.9125 0.016715932325595567
0.906875 0.017502749150600055
0.90125 0.01828251108219321
0.895625 0.01905763148120419
0.89 0.019830523708462194
0.884375 0.020603571175803862
0.87875 0.02137783904184119
0.873125 0.022152585183067657
0.8675 0.02292693665877338
0.8618750000000001 0.023700020528248496
0.8562500000000001 0.024470963850783147
0.8506250000000001 0.025238902918710227
0.845 0.02600316769552489
0.839375 0.02676327196926668
0.83375 0.027518736790013404
0.828125 0.028269083207842834
0.8225 0.02901383227283275
0.816875 0.029752505058679806
0.81125 0.030484767475197082
0.805625 0.03121077287058011
0.8 0.031930777025289785
0.8 0.031930777025289785
0.7739130434782611 0.0351988276223287
0.7478260869565219 0.03834863088884042
0.7217391304347827 0.04133426100855842
0.6956521739130436 0.044112894723080824
0.6695652173913045 0.04664956147317433
0.6434782608695653 0.04889305744481125
0.6173913043478262 0.050810406985361295
0.5913043478260871 0.052451063439823045
0.5652173913043479 0.05386005366671765
0.5391304347826088 0.055039445438534666
0.5130434782608697 0.055985667349511575
0.4869565217391305 0.05669585165728649
0.46086956521739136 0.05719995739500956
0.4347826086956522 0.057556519531172176
0.4086956521739131 0.057766239112075915
0.3826086956521739 0.05779233527920172
0.35652173913043483 0.05764452885509915
0.3304347826086957 0.05734704988336997
0.30434782608695654 0.05687962083424451
0.27826086956521745 0.056226426162394774
0.2521739130434783 0.05541433284105123
0.22608695652173916 0.05443358882250698
0.2 0.053232533569347124
0.2 0.053232533569347124
0.19437500000000002 0.05294236691677301
0.18875 0.05264100981488204
0.183125 0.05232840636996346
0.17750000000000002 0.05200431274319419
0.171875 0.05166759073242525
0.16625 0.05131683638681928
0.16062500000000002 0.05095064571220248
0.155 0.05056761471440102
0.149375 0.05016633939924112
0.14375000000000002 0.04974547370366084
0.138125 0.049305137979393815
0.1325 0.04884699754192472
0.12687500000000002 0.048372791361051215
0.12125000000000001 0.04788425840657102
0.11562500000000002 0.04738313764828181
0.11000000000000001 0.04687077688511732
0.10437500000000001 0.046343119763577814
0.09875000000000002 0.04579216807664838
0.09312500000000001 0.04520983406354759
0.08750000000000001 0.04458802996349401
0.081875 0.04391848395274198
0.07625000000000001 0.04318674894904048
0.07062500000000001 0.04237088102869227
0.065 0.04144848476834215
0.05937500000000001 0.04039716474463486
0.053750000000000006 0.03919626784073549
0.048125 0.03783347655274742
0.0425 0.036298963310147286
0.036875000000000005 0.034582695658402336
0.03125 0.03263649237201618
0.025625000000000002 0.030338898749488395
0.02 0.02763101674588397
0.02 0.02763101674588397
0.015 0.0248
0.01 0.021234792966984172
0.005 0.0158
0.0 0.00247880032530123
0.0 0.0
0.005 -0.0103
0.01 -0.01335681526793248
0.015 -0.015329999999999998
0.02 -0.01684201879006398
0.02 -0.01684201879006398
0.025625000000000002 -0.0183766796895371
0.03125 -0.019759866927161477
0.036875000000000005 -0.020949166147566825
0.0425 -0.021998736595944136
0.048125 -0.022946771428820453
0.053750000000000006 -0.023818183297197256
0.05937500000000001 -0.0246378123840998
0.065 -0.02542493418607193
0.07062500000000001 -0.026180195157961213
0.07625000000000001 -0.02690034791968622
0.081875 -0.02758214509116549
0.08750000000000001 -0.028222599878549227
0.09312500000000001 -0.02882305234322967
0.09875000000000002 -0.029388406640868035
0.10437500000000001 -0.02992367316037158
0.11000000000000001 -0.030433862290647574
0.11562500000000002 -0.030923942193231056
0.12125000000000001 -0.03139702232374097
0.12687500000000002 -0.0318536639126883
0.1325 -0.03229424374141657
0.138125 -0.032719138591269285
0.14375000000000002 -0.03312872524358998
0.149375 -0.033523369482338826
0.155 -0.033903206411724424
0.16062500000000002 -0.03426815218441007
0.16625 -0.03461811430331918
0.171875 -0.03495300027137522
0.17750000000000002 -0.035272717591501634
0.183125 -0.03557717379263297
0.18875 -0.03586643590949008
0.19437500000000002 -0.036141107785183875
0.2 -0.03640190606990291
0.2 -0.03640190606990291
0.22608695652173916 -0.0374507152221678
0.2521739130434783 -0.038264550114965504
0.27826086956521745 -0.03883112576391248
0.30434782608695654 -0.03912835655670828
0.3304347826086957 -0.03913762629408212
0.35652173913043483 -0.03886447265254258
0.3826086956521739 -0.03832147054952996
0.4086956521739131 -0.03751194788762358
0.4347826086956522 -0.036426600665661675
0.46086956521739136 -0.03503483422544466
0.4869565217391305 -0.03331110880438594
0.5130434782608697 -0.03124203984024312
0.5391304347826088 -0.02885410933798125
0.5652173913043479 -0.0262122103681753
0.5913043478260871 -0.023373347740706166
0.6173913043478262 -0.020391448558190247
0.6434782608695653 -0.017353061231444027
0.6695652173913045 -0.014363506688709848
0.6956521739130436 -0.011539640483305339
0.7217391304347827 -0.008962456103393286
0.7478260869565219 -0.006617875847220528
0.7739130434782611 -0.004525181319067622
0.8 -0.0027467302805216807
0.8 -0.0027467302805216807
0.805625 -0.002405732177154926
0.81125 -0.002079408248815268
0.816875 -0.0017675777691213133
0.8225 -0.001470130776698402
0.828125 -0.0011872940554375877
0.83375 -0.0009193944488031122
0.839375 -0.0006667588165762452
0.845 -0.0004297140185382552
0.8506250000000001 -0.00020858691447040722
0.8562500000000001 -3.6801365127592948e-06
0.8618750000000001 0.00018531695938363415
0.8675 0.00035936114378273386
0.873125 0.000519439990563176
0.87875 0.000666541073603596
0.884375 0.0008016519667826307
0.89 0.0009256226073051317
0.895625 0.0010374014370599486
0.90125 0.0011345499244765915
0.906875 0.0012145980277580048
0.9125 0.0012750757051071357
0.918125 0.0013135711128305695
0.92375 0.0013296249365551927
0.9293750000000001 0.0013251482570453596
0.935 0.001302194912865682
0.940625 0.001262818742580773
0.94625 0.0012087441460707732
0.951875 0.0011401194094099506
0.9575 0.0010566220172576848
0.963125 0.0009579334810839569
0.96875 0.0008444990208343875
0.974375 0.0007184177072173494
0.98 0.0005819611036081122
0.98 0.0005819611036081122
0.985 0.00045054808537537853
0.99 0.000302469993816551
0.995 0.00013834405372050416
1.0 0.0
