1.0 0.0
0.995 0.0012414923183744835
0.99 0.002586603795127357
0.985 0.003977097325375782
0.98 0.005369721123862923
0.98 0.005369721123862923
0.974375 0.006907690726022589
0.96875 0.008384214497098356
0.963125 0.00978979029752695
0.9575 0.011129412036199528
0.951875 0.012408313285782189
0.94625 0.013632725159909964
0.940625 0.014810884902826655
0.935 0.01595127014545645
0.9293750000000001 0.017062358518723526
0.92375 0.018151580045342862
0.918125 0.019221458835040308
0.9125 0.020273084124012738
0.906875 0.021307544970649794
0.90125 0.022325930433341138
0.895625 0.023329283655123007
0.89 0.02431833692686879
0.884375 0.02529369363127275
0.87875 0.02625595673558367
0.873125 0.0272057292070503
0.8675 0.028143614012921397
0.8618750000000001 0.029070165975896792
0.8562500000000001 0.029985716275979485
0.8506250000000001 0.030890531203071142
0.845 0.03178487704015229
0.839375 0.032669020070203426
0.83375 0.03354322657620509
0.828125 0.03440776069752171
0.8225 0.035262799162287
0.816875 0.036108402731079146
0.81125 0.03694462416614221
0.805625 0.0377715162297202
0.8 0.038589131684057136
0.8 0.038589131684057136
0.7739130434782611 0.042261146499468424
0.7478260869565219 0.04573878194351697
0.7217391304347827 0.04902569867621626
0.6956521739130436 0.052127198665695436
0.6695652173913045 0.05504635850516991
0.6434782608695653 0.057780470877756035
0.6173913043478262 0.06032390577374095
0.5913043478260871 0.06266834853303607
0.5652173913043479 0.06480920332207572
0.5391304347826088 0.06674502925101461
0.5130434782608697 0.06846687828018651
0.4869565217391305 0.06996046624752847
0.46086956521739136 0.07121490624178528
0.4347826086956522 0.07222080387292827
0.4086956521739131 0.07296380258199293
0.3826086956521739 0.07342679671539319
0.35652173913043483 0.07359058395387855
0.3304347826086957 0.073433078176033
0.30434782608695654 0.07292453879412644
0.27826086956521745 0.07203044293416627
0.2521739130434783 0.07070993673016814
0.22608695652173916 0.06891384165108033
0.2 0.066581689140583
0.2 0.066581689140583
0.19437500000000002 0.06600077917098472
0.18875 0.06539019922090825
0.183125 0.06474904882768874
0.17750000000000002 0.06407625859201777
0.171875 0.06337051172621568
0.16625 0.06263047176693547
0.16062500000000002 0.06185480225083009
0.155 0.0610421667145525
0.149375 0.06019122869475574
0.14375000000000002 0.059300545677045444
0.138125 0.058368151152466706
0.1325 0.057391917061545665
0.12687500000000002 0.05636971529912056
0.12125000000000001 0.05529941776002967
0.11562500000000002 0.05417889576805063
0.11000000000000001 0.053005498358525596
0.10437500000000001 0.051775087671958285
0.09875000000000002 0.05048326300908596
0.09312500000000001 0.04912562367064586
0.08750000000000001 0.04769776895737527
0.081875 0.046195005400115396
0.07625000000000001 0.0446112940317483
0.07062500000000001 0.042940209601075204
0.065 0.04117532682357487
0.05937500000000001 0.03930986795028115
0.053750000000000006 0.03732839896883182
0.048125 0.03520651280331504
0.0425 0.032919386527680804
0.036875000000000005 0.030442347101847553
0.03125 0.027752060459538288
0.025625000000000002 0.024825896826769694
0.02 0.02161669341200611
0.02 0.02161669341200611
0.015 0.018318200163702454
0.01 0.014327369980422671
0.005 0.009381665949415923
0.0 0.003218551157931359
0.0 0.0
0.005 -0.008856807748999964
0.01 -0.010910347138420609
0.015 -0.0126487671638514
0.02 -0.014964598260336574
0.02 -0.014964598260336574
0.025625000000000002 -0.017375899544612824
0.03125 -0.019147437420144336
0.036875000000000005 -0.020481151798365536
0.0425 -0.021620542456963023
0.048125 -0.022729108240127305
0.053750000000000006 -0.02380341214554072
0.05937500000000001 -0.02481911862493807
0.065 -0.025751930105046842
0.07062500000000001 -0.02658789693952835
0.07625000000000001 -0.027337402501127178
0.081875 -0.028014324670976278
0.08750000000000001 -0.0286325413302086
0.09312500000000001 -0.029205864553075393
0.09875000000000002 -0.02974353938146955
0.10437500000000001 -0.03024735128992908
0.11000000000000001 -0.030718397419190267
0.11562500000000002 -0.031157774909989392
0.12125000000000001 -0.031566580903062746
0.12687500000000002 -0.031945937486871856
0.1325 -0.03229726730485577
0.138125 -0.032622192030777965
0.14375000000000002 -0.03292233689356527
0.149375 -0.033199327122144476
0.155 -0.0334547879454424
0.16062500000000002 -0.033690341984273044
0.16625 -0.033907336035102806
0.171875 -0.03410660135642035
0.17750000000000002 -0.03428891269375745
0.183125 -0.03445504479264587
0.18875 -0.034605772398617354
0.19437500000000002 -0.03474187025720366
0.2 -0.034864112424573414
0.2 -0.034864112424573414
0.22608695652173916 -0.03526338720693308
0.2521739130434783 -0.03540940825911898
0.27826086956521745 -0.035329690514788285
0.30434782608695654 -0.03504765789444498
0.3304347826086957 -0.03457870826220216
0.35652173913043483 -0.0339309724890542
0.3826086956521739 -0.03309853741393622
0.4086956521739131 -0.0320646138569925
0.4347826086956522 -0.030786690025242647
0.46086956521739136 -0.029222845394773784
0.4869565217391305 -0.027378403285016364
0.5130434782608697 -0.02528291395648694
0.5391304347826088 -0.023011263279762006
0.5652173913043479 -0.02064492274291318
0.5913043478260871 -0.01823388692687934
0.6173913043478262 -0.015816861841247684
0.6434782608695653 -0.01342285223160402
0.6695652173913045 -0.011078233024777433
0.6956521739130436 -0.00881227604460291
0.7217391304347827 -0.006654554467107668
0.7478260869565219 -0.004631038987763891
0.7739130434782611 -0.0027669193536585847
0.8 -0.0010889437580598388
0.8 -0.0010889437580598388
0.805625 -0.000754260202888302
0.81125 -0.00042998336756630193
0.816875 -0.00011650415376860311
0.8225 0.00018578653683002974
0.828125 0.0004764978025548327
0.83375 0.0007552387417310406
0.839375 0.0010216184526799855
0.845 0.0012752295244760098
0.8506250000000001 0.0015155997304047235
0.8562500000000001 0.0017422409394793111
0.8618750000000001 0.0019546650207129725
0.8675 0.002152383843118902
0.873125 0.002334909275710294
0.87875 0.0025017531875003423
0.884375 0.002652384396709683
0.89 0.002786027516319619
0.895625 0.0029018211574294186
0.90125 0.0029989038351227134
0.906875 0.0030764140644831354
0.9125 0.003133490360594315
0.918125 0.00316926141874951
0.92375 0.003182715033402186
0.9293750000000001 0.003172733537993647
0.935 0.0031381967211612117
0.940625 0.0030779843715421948
0.94625 0.0029909641196043633
0.951875 0.002875066287162146
0.9575 0.002726634296617455
0.963125 0.002541858093729055
0.96875 0.0023169275395978042
0.974375 0.002047380651940037
0.98 0.0017265325276469925
0.98 0.0017265325276469925
0.985 0.0013924795920445781
0.99 0.0010056300332758946
0.995 0.0005487037757728081
1.0 0.0
