1.0 0.0
0.995 0.0006160057189792072
0.99 0.0012913594422809828
0.985 0.002003943199289981
0.98 0.0027381704686408694
0.98 0.0027381704686408694
0.974375 0.0035795916420147287
0.96875 0.004426620124525736
0.963125 0.005272646972804992
0.9575 0.006114461987050336
0.951875 0.0069489374240988425
0.94625 0.007773602891780894
0.940625 0.008588724721233726
0.935 0.009395281340312013
0.9293750000000001 0.010194251178492635
0.92375 0.010986604243127036
0.918125 0.011773106339036029
0.9125 0.012554313062762461
0.906875 0.013330770387257863
0.90125 0.014103024285473772
0.895625 0.014871619987855751
0.89 0.015636869225854434
0.884375 0.016398519244032666
0.87875 0.017156233673577943
0.873125 0.017909676145677775
0.8675 0.018658510291519655
0.8618750000000001 0.019402399832299976
0.8562500000000001 0.020141098138070426
0.8506250000000001 0.020874616454355052
0.845 0.021603012111230026
0.839375 0.022326342438771466
0.83375 0.023044664767055557
0.828125 0.02375803642615845
0.8225 0.02446651055288076
0.816875 0.025169968371681874
0.81125 0.02586806249786847
0.805625 0.026560429724539366
0.8 0.027246706844793408
0.8 0.027246706844793408
0.7739130434782611 0.030339554641562468
0.7478260869565219 0.033268490964359757
0.7217391304347827 0.03602368287530086
0.6956521739130436 0.03860384641263222
0.6695652173913045 0.04101201449119644
0.6434782608695653 0.04325074271652364
0.6173913043478262 0.04532161502568882
0.5913043478260871 0.04722378844496269
0.5652173913043479 0.048954694973370544
0.5391304347826088 0.050509001671088447
0.5130434782608697 0.05188152034450097
0.4869565217391305 0.053067963510311844
0.46086956521739136 0.05406462914602697
0.4347826086956522 0.054868353684651754
0.4086956521739131 0.05546968604988243
0.3826086956521739 0.055851728244019724
0.35652173913043483 0.05600241266739373
0.3304347826086957 0.05591354793251218
0.30434782608695654 0.055564345035546865
0.27826086956521745 0.05492628180453631
0.2521739130434783 0.053973706152002324
0.22608695652173916 0.05267462641266558
0.2 0.05097777885167163
0.2 0.05097777885167163
0.19437500000000002 0.05055355810258259
0.18875 0.05010686952683279
0.183125 0.04963689725206829
0.17750000000000002 0.049142825405935016
0.171875 0.04862382141034936
0.16625 0.04807878616630225
0.16062500000000002 0.047506406596150255
0.155 0.046905363584058245
0.149375 0.04627433801419108
0.14375000000000002 0.04561201077071363
0.138125 0.044917061929376424
0.1325 0.04418803056365585
0.12687500000000002 0.04342315490506705
0.12125000000000001 0.04262063452876786
0.11562500000000002 0.041778669009916176
0.11000000000000001 0.04089545792366983
0.10437500000000001 0.0399691453248861
0.09875000000000002 0.038996546205027946
0.09312500000000001 0.037973116888766756
0.08750000000000001 0.03689425225889319
0.081875 0.03575534719819787
0.07625000000000001 0.03455177306416905
0.07062500000000001 0.033278232564622534
0.065 0.031928680122021984
0.05937500000000001 0.030497030643148435
0.053750000000000006 0.028977185152670143
0.048125 0.027356771375643945
0.0425 0.025607258943694675
0.036875000000000005 0.023697551447774017
0.03125 0.021597319868715006
0.025625000000000002 0.019287758133430692
0.02 0.016758951325050585
0.02 0.016758951325050585
0.015 0.014282758965798607
0.01 0.011281473344263604
0.005 0.007330811566732196
0.0 0.0020059820892352736
0.0 -0.0011431351207281412
0.005 -0.006428160638918
0.01 -0.009422108030485333
0.015 -0.011303374810331761
0.02 -0.0129499026455293
0.02 -0.0129499026455293
0.025625000000000002 -0.01462433165136134
0.03125 -0.016056304110078093
0.036875000000000005 -0.017242150908001564
0.0425 -0.018236478192525687
0.048125 -0.019096921487664495
0.053750000000000006 -0.01987107864721965
0.05937500000000001 -0.020571491730600976
0.065 -0.021203054486683238
0.07062500000000001 -0.021770660664341183
0.07625000000000001 -0.02227924438097926
0.081875 -0.02273406315251493
0.08750000000000001 -0.023140529860364353
0.09312500000000001 -0.02350405837189403
0.09875000000000002 -0.023830062554470472
0.10437500000000001 -0.02412376530827902
0.11000000000000001 -0.024388204968094948
0.11562500000000002 -0.024625027113905087
0.12125000000000001 -0.024835854849487606
0.12687500000000002 -0.02502231127862068
0.1325 -0.025186019505082455
0.138125 -0.025328578535140065
0.14375000000000002 -0.025451393764212564
0.149375 -0.025555777344560802
0.155 -0.025643040830834237
0.16062500000000002 -0.025714495777682315
0.16625 -0.025771453739754483
0.171875 -0.02581522588598345
0.17750000000000002 -0.025846900133103423
0.183125 -0.025866966902810266
0.18875 -0.02587581771754783
0.19437500000000002 -0.02587384409975994
0.2 -0.025861437571890463
0.2 -0.025861437571890463
0.22608695652173916 -0.025679153260596336
0.2521739130434783 -0.025326960327594395
0.27826086956521745 -0.0248527693850123
0.30434782608695654 -0.024278863540333144
0.3304347826086957 -0.023616852438629248
0.35652173913043483 -0.02287927533856577
0.3826086956521739 -0.02207930499679052
0.4086956521739131 -0.02123130504485105
0.4347826086956522 -0.020346363615254465
0.46086956521739136 -0.0194255831753707
0.4869565217391305 -0.018469903157419656
0.5130434782608697 -0.017485174485074067
0.5391304347826088 -0.016475777689839325
0.5652173913043479 -0.015437680394532418
0.5913043478260871 -0.01436536195482004
0.6173913043478262 -0.01325468916830534
0.6434782608695653 -0.012099449994819234
0.6695652173913045 -0.010883353742373607
0.6956521739130436 -0.009595285371746599
0.7217391304347827 -0.008253389924086193
0.7478260869565219 -0.006887443328927474
0.7739130434782611 -0.005540368455361589
0.8 -0.004248499007041871
0.8 -0.004248499007041871
0.805625 -0.003979312085045161
0.81125 -0.0037138981196289515
0.816875 -0.003452477905362185
0.8225 -0.0031953210386071328
0.828125 -0.0029427051713469266
0.83375 -0.0026949079555647023
0.839375 -0.002452207043243591
0.845 -0.0022148800863667287
0.8506250000000001 -0.0019832047369172435
0.8562500000000001 -0.0017574786839150707
0.8618750000000001 -0.0015381427339635672
0.8675 -0.0013256999454532242
0.873125 -0.0011206536320374865
0.87875 -0.0009235071073697995
0.884375 -0.0007347636851036093
0.89 -0.0005549264363112552
0.895625 -0.0003844464178989346
0.90125 -0.00022365834670925086
0.906875 -7.288115303271737e-05
0.9125 6.756623284015208e-05
0.918125 0.0001973648806188437
0.92375 0.00031618149321977824
0.9293750000000001 0.0004231242644789574
0.935 0.0005165758651825688
0.940625 0.0005948704781902113
0.94625 0.0006563422863614805
0.951875 0.0006993367258730069
0.9575 0.0007224511700732041
0.963125 0.0007245311606065078
0.96875 0.0007044327386055528
0.974375 0.0006607946415490919
0.98 0.0005890268835377345
0.98 0.0005890268835377345
0.985 0.0004959097340545457
0.99 0.0003699841534318284
0.995 0.00020631128200054535
1.0 0.0
