1.0 0.0
0.995 0.0004277413439715548
0.99 0.0008681378657936399
0.985 0.0013207866613688583
0.98 0.0017852848265998147
0.98 0.0017852848265998147
0.974375 0.0023215072993346803
0.96875 0.0028716430388562707
0.963125 0.003435118378979036
0.9575 0.004011359653517424
0.951875 0.004599793196285886
0.94625 0.0051998453410988695
0.940625 0.005810942421770826
0.935 0.0064325107721162015
0.9293750000000001 0.0070639767259494494
0.92375 0.007704766617085029
0.918125 0.008354306779337366
0.9125 0.009012023546520921
0.906875 0.009677343252450144
0.90125 0.010349692230939485
0.895625 0.011028496815803392
0.89 0.011713183340856316
0.884375 0.012403178139912704
0.87875 0.01309790754678701
0.873125 0.013796797895293676
0.8675 0.014499275519247158
0.8618750000000001 0.015204766752461905
0.8562500000000001 0.015912697928752363
0.8506250000000001 0.01662249538193298
0.845 0.017333585445818228
0.839375 0.018045394454222517
0.83375 0.01875734874096032
0.828125 0.019468874639846083
0.8225 0.02017939848469425
0.816875 0.020888346609319274
0.81125 0.02159514534753561
0.805625 0.022299221033157707
0.8 0.023
0.8 0.023
0.7739130434782611 0.026210239438588925
0.7478260869565219 0.02939965654302409
0.7217391304347827 0.03263067355391568
0.6956521739130436 0.03596558178961555
0.6695652173913045 0.03942228992291341
0.6434782608695653 0.04290991022995539
0.6173913043478262 0.04632118970460058
0.5913043478260871 0.049549564741012284
0.5652173913043479 0.05252983575160213
0.5391304347826088 0.05526091737706672
0.5130434782608697 0.05774723946053577
0.4869565217391305 0.059991948433658536
0.46086956521739136 0.06196867226403407
0.4347826086956522 0.06363215713714147
0.4086956521739131 0.06510602172712845
0.3826086956521739 0.06662616095130666
0.35652173913043483 0.06814667182914157
0.3304347826086957 0.06944684683274814
0.30434782608695654 0.07038560415799826
0.27826086956521745 0.07089318060873771
0.2521739130434783 0.07109121643562379
0.22608695652173916 0.07109645555147935
0.2 0.0706
0.2 0.0706
0.19437500000000002 0.07038520192668908
0.18875 0.07012856131981487
0.183125 0.06983226900183756
0.17750000000000002 0.06949851579521742
0.171875 0.06912949252241471
0.16625 0.06872739000588964
0.16062500000000002 0.06829439906810242
0.155 0.06783271053151337
0.149375 0.06734451158673521
0.14375000000000002 0.06682837210433215
0.138125 0.0662724567119573
0.1325 0.06566307053137543
0.12687500000000002 0.06498651868435121
0.12125000000000001 0.06422910629264932
0.11562500000000002 0.06337713847803447
0.11000000000000001 0.06241692036227136
0.10437500000000001 0.06133475706712473
0.09875000000000002 0.060116995391844716
0.09312500000000001 0.058756749517388365
0.08750000000000001 0.0572613248085227
0.081875 0.05563981355220537
0.07625000000000001 0.053901308035393905
0.07062500000000001 0.052054318976405764
0.065 0.05010273845514545
0.05937500000000001 0.04804825605104075
0.053750000000000006 0.04589254777923632
0.048125 0.04363629586328617
0.0425 0.041220555031306984
0.036875000000000005 0.03849395739348761
0.03125 0.03529718472729185
0.025625000000000002 0.03147091881018356
0.02 0.026855841419626575
0.02 0.026855841419626575
0.015 0.02196254332637622
0.01 0.016208211440497885
0.005 0.00948095148224054
0.0 0.0016688691718531137
0.0 0.0
0.005 -0.00463643335646263
0.01 -0.008002216678231314
0.015 -0.010389783321768683
0.02 -0.012091566643537372
0.02 -0.012091566643537372
0.025625000000000002 -0.013550369472605777
0.03125 -0.014836067798682157
0.036875000000000005 -0.016010391124758532
0.0425 -0.017088052275595622
0.048125 -0.018083764075954138
0.053750000000000006 -0.019012007333981285
0.05937500000000001 -0.019884565664692464
0.065 -0.020711482558501863
0.07062500000000001 -0.021502772503747
0.07625000000000001 -0.022268431497194367
0.081875 -0.023015452966768164
0.08750000000000001 -0.02374453396046456
0.09312500000000001 -0.02445557870017282
0.09875000000000002 -0.025148491407782164
0.10437500000000001 -0.02582330348067861
0.11000000000000001 -0.026481056304741336
0.11562500000000002 -0.027123272901331416
0.12125000000000001 -0.027751479258002254
0.12687500000000002 -0.028367201362307255
0.1325 -0.028971965201799836
0.138125 -0.029567296764033413
0.14375000000000002 -0.030154722036561405
0.149375 -0.030735767006937198
0.155 -0.03131142781662444
0.16062500000000002 -0.03187973574566637
0.16625 -0.03243769135788474
0.171875 -0.03298229418224558
0.17750000000000002 -0.033510543747715005
0.183125 -0.034019439583259085
0.18875 -0.034505981217843894
0.19437500000000002 -0.03496716818043551
0.2 -0.0354
0.2 -0.0354
0.22608695652173916 -0.03703188104626421
0.2521739130434783 -0.03818215303596134
0.27826086956521745 -0.039011148911797425
0.30434782608695654 -0.03957788493516365
0.3304347826086957 -0.03990893382871005
0.35652173913043483 -0.039999425633876165
0.3826086956521739 -0.039815296560922246
0.4086956521739131 -0.03927660471148145
0.4347826086956522 -0.03839958959954138
0.46086956521739136 -0.0373549920476687
0.4869565217391305 -0.0362193655854689
0.5130434782608697 -0.0349372144424564
0.5391304347826088 -0.03348864224475627
0.5652173913043479 -0.03189772611545111
0.5913043478260871 -0.030190455068795558
0.6173913043478262 -0.028391243124127115
0.6434782608695653 -0.026506194984871147
0.6695652173913045 -0.02452960289257427
0.6956521739130436 -0.022455562214418454
0.7217391304347827 -0.020283646034084737
0.7478260869565219 -0.01804984329454009
0.7739130434782611 -0.015804998505897012
0.8 -0.0136
0.8 -0.0136
0.805625 -0.013134617948641654
0.81125 -0.012673501993017554
0.816875 -0.012216699600931621
0.8225 -0.01176425824018777
0.828125 -0.011316225378589928
0.83375 -0.010872648483942005
0.839375 -0.010433575024047922
0.845 -0.009999052466711605
0.8506250000000001 -0.009569128279736959
0.8562500000000001 -0.009143849930927919
0.8618750000000001 -0.008723264888088398
0.8675 -0.008307420619022314
0.873125 -0.007896364591533585
0.87875 -0.0074901442734261366
0.884375 -0.007088807132503879
0.89 -0.0066924006365707365
0.895625 -0.006300972253430626
0.90125 -0.005914569450887466
0.906875 -0.005533239696745179
0.9125 -0.005157030458807682
0.918125 -0.0047859892048788925
0.92375 -0.004420163402762731
0.9293750000000001 -0.004059600520263111
0.935 -0.003704348025183964
0.940625 -0.003354453385329202
0.94625 -0.003009964068502745
0.951875 -0.0026709275425085104
0.9575 -0.0023373912751504192
0.963125 -0.0020094027342323897
0.96875 -0.0016870093875583402
0.974375 -0.001370258702932191
0.98 -0.0010591981481578605
0.98 -0.0010591981481578605
0.985 -0.0007875151499886642
0.99 -0.0005203989004687296
0.995 -0.0002578827377538951
1.0 0.0
