1.0 0.0
0.995 0.000647644268981237
0.99 0.0013919221439705374
0.985 0.002193579391813743
0.98 0.003028305993945793
0.98 0.003028305993945793
0.974375 0.003993427847295566
0.96875 0.004979831397593271
0.963125 0.005980618331282255
0.9575 0.006987561834174344
0.951875 0.007998976555209189
0.94625 0.009015974105638959
0.940625 0.010034991783792793
0.935 0.011050587697463544
0.9293750000000001 0.012062488948454287
0.92375 0.013074491055209993
0.918125 0.014089213089716408
0.9125 0.01510633911192045
0.906875 0.016125172915218096
0.90125 0.01714545168029232
0.895625 0.018167260536564662
0.89 0.01919062433920302
0.884375 0.02021501928705767
0.87875 0.021239663152489412
0.873125 0.02226376382433773
0.8675 0.023286468200406932
0.8618750000000001 0.024306896180929325
0.8562500000000001 0.025324107328528106
0.8506250000000001 0.026336452068778438
0.845 0.027341818956082443
0.839375 0.028338119833088937
0.83375 0.02932471863182841
0.828125 0.0303030173898025
0.8225 0.031274570771327385
0.816875 0.0322406730944181
0.81125 0.033201342648613595
0.805625 0.03415620740998209
0.8 0.03510489446512469
0.8 0.03510489446512469
0.7739130434782611 0.03941098648064044
0.7478260869565219 0.043538146670379335
0.7217391304347827 0.04746636392712478
0.6956521739130436 0.05122069869728132
0.6695652173913045 0.05477458156617473
0.6434782608695653 0.05812343083900414
0.6173913043478262 0.0612643072378142
0.5913043478260871 0.06419585332874209
0.5652173913043479 0.0668897120852255
0.5391304347826088 0.06932742012462398
0.5130434782608697 0.07151049206974856
0.4869565217391305 0.07344989044274473
0.46086956521739136 0.0751016632914713
0.4347826086956522 0.076453078493915
0.4086956521739131 0.07751267490835609
0.3826086956521739 0.07826331102563279
0.35652173913043483 0.07867263889059993
0.3304347826086957 0.07872195602289991
0.30434782608695654 0.07838817319985425
0.27826086956521745 0.07761964434093772
0.2521739130434783 0.07635900360037214
0.22608695652173916 0.07458324068483775
0.2 0.07221856685799037
0.2 0.07221856685799037
0.19437500000000002 0.07161806267118881
0.18875 0.07098292515476932
0.183125 0.07031248924091346
0.17750000000000002 0.06960633611511599
0.171875 0.06886455202756395
0.16625 0.06808728518005175
0.16062500000000002 0.06727425061202397
0.155 0.06642351189217283
0.149375 0.06553273907385927
0.14375000000000002 0.06459929046995583
0.138125 0.06361904093225162
0.1325 0.06258742452897917
0.12687500000000002 0.06150075729445452
0.12125000000000001 0.06035866479943742
0.11562500000000002 0.05916153690271307
0.11000000000000001 0.05790838300924199
0.10437500000000001 0.05659555589444237
0.09875000000000002 0.055218993920901654
0.09312500000000001 0.053773201247724084
0.08750000000000001 0.0522516874201487
0.081875 0.05064654588884907
0.07625000000000001 0.04894668349668232
0.07062500000000001 0.04714139242378275
0.065 0.045224223105907374
0.05937500000000001 0.04318929586995763
0.053750000000000006 0.04102506462467466
0.048125 0.03871622715003953
0.0425 0.036239940545296556
0.036875000000000005 0.03356276802049095
0.03125 0.03062911482224991
0.025625000000000002 0.027382002568066277
0.02 0.02375232566520205
0.02 0.02375232566520205
0.015 0.020103890855986337
0.01 0.015842256149427136
0.005 0.010384917277636732
0.0 0.0010112086482123661
0.0 -0.00025031610762732333
0.005 -0.0056563899566357
0.01 -0.008096141649440463
0.015 -0.009359593093612204
0.02 -0.010554226352937422
0.02 -0.010554226352937422
0.025625000000000002 -0.011563206557993247
0.03125 -0.012389299715750233
0.036875000000000005 -0.013093197561556446
0.0425 -0.013672150553843262
0.048125 -0.01415634815257715
0.053750000000000006 -0.014571293573034183
0.05937500000000001 -0.014924738402894348
0.065 -0.015222781476306471
0.07062500000000001 -0.015472043657645365
0.07625000000000001 -0.01567897794832766
0.081875 -0.015848382508917867
0.08750000000000001 -0.015984369668625355
0.09312500000000001 -0.01609059693626096
0.09875000000000002 -0.016169901905254965
0.10437500000000001 -0.016225010327935024
0.11000000000000001 -0.01625807884125365
0.11562500000000002 -0.01627070348051854
0.12125000000000001 -0.016264464776441497
0.12687500000000002 -0.016241110790768017
0.1325 -0.01620254603723954
0.138125 -0.016150668095562107
0.14375000000000002 -0.016086664057578033
0.149375 -0.016010655702068683
0.155 -0.01592267724387078
0.16062500000000002 -0.015822989797698032
0.16625 -0.015712842966364673
0.171875 -0.015593755467183919
0.17750000000000002 -0.01546722950356336
0.183125 -0.015334163774379779
0.18875 -0.01519469468352757
0.19437500000000002 -0.015048909813057176
0.2 -0.014896925783693152
0.2 -0.014896925783693152
0.22608695652173916 -0.014126974152844756
0.2521739130434783 -0.013278077554328463
0.27826086956521745 -0.012373443678486602
0.30434782608695654 -0.011442630846700986
0.3304347826086957 -0.010499282116614769
0.35652173913043483 -0.009557717774106906
0.3826086956521739 -0.008631793591353918
0.4086956521739131 -0.0077151824934772115
0.4347826086956522 -0.006828854898007989
0.46086956521739136 -0.005964122745191739
0.4869565217391305 -0.005132471247221849
0.5130434782608697 -0.004335917770049876
0.5391304347826088 -0.003568591793716391
0.5652173913043479 -0.00285033418170335
0.5913043478260871 -0.0021662920158192185
0.6173913043478262 -0.001532077473114556
0.6434782608695653 -0.0009377877493026905
0.6695652173913045 -0.00039314925861096367
0.6956521739130436 9.838255294742238e-05
0.7217391304347827 0.0005311173430328908
0.7478260869565219 0.0009190597303834007
0.7739130434782611 0.0012503524150997262
0.8 0.0015334209971802116
0.8 0.0015334209971802116
0.805625 0.0015866061520823467
0.81125 0.0016361128281410639
0.816875 0.001681805377569544
0.8225 0.0017240035553933897
0.828125 0.0017630661648424927
0.83375 0.001799327393219241
0.839375 0.0018326534890686936
0.845 0.0018624915899379888
0.8506250000000001 0.0018882740201913257
0.8562500000000001 0.001909465002393622
0.8618750000000001 0.0019256880723947404
0.8675 0.0019366164024116098
0.873125 0.0019419408457105863
0.87875 0.001941761104007587
0.884375 0.0019365871520264392
0.89 0.0019269454957471196
0.895625 0.0019132254452622316
0.90125 0.0018955666277355387
0.906875 0.001874079544954729
0.9125 0.0018485801620946962
0.918125 0.0018183258435893325
0.92375 0.0017825368535210242
0.9293750000000001 0.001741113089606745
0.935 0.0016946941292911028
0.940625 0.0016436263213548447
0.94625 0.0015864900432537349
0.951875 0.0015212072543572014
0.9575 0.001444533293787817
0.963125 0.001352326075957588
0.96875 0.001241757057611724
0.974375 0.0011110110235027202
0.98 0.0009541786793395645
0.98 0.0009541786793395645
0.985 0.0007866704140622773
0.99 0.0005881245736544226
0.995 0.00033855145765891866
1.0 0.0
