1.0 -0.0119
0.995 -0.010444869306815246
0.99 -0.008999999999999998
0.985 -0.007580130693184755
0.98 -0.006200000000000001
0.98 -0.006200000000000001
0.974375 -0.0047100169318754935
0.96875 -0.0032907870516770705
0.963125 -0.0019351203699068118
0.9575 -0.0006174535865834986
0.951875 0.0006752880395840256
0.94625 0.0019388422661523242
0.940625 0.0031662124879673565
0.935 0.00435462580849505
0.9293750000000001 0.005531323706771552
0.92375 0.006717228541759133
0.918125 0.007885262292943576
0.9125 0.009012714501266828
0.906875 0.01009815113881998
0.90125 0.01116247554354115
0.895625 0.01223744046053175
0.89 0.0133
0.884375 0.014317696420478945
0.87875 0.015325717760113898
0.873125 0.016344921127170852
0.8675 0.017332019125116664
0.8618750000000001 0.018282675750226553
0.8562500000000001 0.0192418869973337
0.8506250000000001 0.02019649186597759
0.845 0.021106303672159404
0.839375 0.022000159517844578
0.83375 0.02290710532324378
0.828125 0.023787735795522662
0.8225 0.024628080449035288
0.816875 0.025470191486465576
0.81125 0.026315501612940474
0.805625 0.027129118302765723
0.8 0.0279
0.8 0.0279
0.7739130434782611 0.031246529610745977
0.7478260869565219 0.034123864662003754
0.7217391304347827 0.036644731006339186
0.6956521739130436 0.03885264794573346
0.6695652173913045 0.04073042670589645
0.6434782608695653 0.04249787452211049
0.6173913043478262 0.044037998067009934
0.5913043478260871 0.045333546136430244
0.5652173913043479 0.04648967726972969
0.5391304347826088 0.047529797812193755
0.5130434782608697 0.04830685468113944
0.4869565217391305 0.04895902606929327
0.46086956521739136 0.04948629513236825
0.4347826086956522 0.049753315580180014
0.4086956521739131 0.05000508259761523
0.3826086956521739 0.04999821645634417
0.35652173913043483 0.04986336815091939
0.3304347826086957 0.049606359165911766
0.30434782608695654 0.04908527418735225
0.27826086956521745 0.04844539252986772
0.2521739130434783 0.04759106904082882
0.22608695652173916 0.04651095194622093
0.2 0.04510000000000001
0.2 0.04510000000000001
0.19437500000000002 0.044758067646362525
0.18875 0.0444274487199787
0.183125 0.04409662095055611
0.17750000000000002 0.04373168996752294
0.171875 0.043333011496274394
0.16625 0.04293982309144967
0.16062500000000002 0.04254551162186474
0.155 0.042116869394446955
0.149375 0.041645543580282364
0.14375000000000002 0.04114018102572721
0.138125 0.040632504635770644
0.1325 0.04013042185751102
0.12687500000000002 0.03959992545093998
0.12125000000000001 0.03903052695476568
0.11562500000000002 0.0384329557212708
0.11000000000000001 0.03779999999999999
0.10437500000000001 0.03712670531735728
0.09875000000000002 0.03645255590218776
0.09312500000000001 0.03578914798573136
0.08750000000000001 0.03506817549565997
0.081875 0.034272602700677925
0.07625000000000001 0.033451497925185945
0.07062500000000001 0.03259864102775814
0.065 0.0316766662687938
0.05937500000000001 0.030687199025807632
0.053750000000000006 0.02963834750334023
0.048125 0.028517004492238034
0.0425 0.027291819133056255
0.036875000000000005 0.025911313538735988
0.03125 0.024364032586814518
0.025625000000000002 0.022652228090793085
0.02 0.0206
0.02 0.0206
0.015 0.018303953249443408
0.01 0.015499999999999998
0.005 0.0116
0.0 0.003792734960178111
0.0 0.0
0.005 -0.0116
0.01 -0.0155
0.015 -0.01844968290692024
0.02 -0.0206
0.02 -0.0206
0.025625000000000002 -0.022616564098952793
0.03125 -0.024370592241000914
0.036875000000000005 -0.025918358377189785
0.0425 -0.027289109503117682
0.048125 -0.028515912557358854
0.053750000000000006 -0.029639153406003572
0.05937500000000001 -0.030687286144743066
0.065 -0.031676464989488916
0.07062500000000001 -0.032598660052206144
0.07625000000000001 -0.03345154116959006
0.081875 -0.03427259074436941
0.08750000000000001 -0.035068167854982686
0.09312500000000001 -0.035789151854184735
0.09875000000000002 -0.03645255669534476
0.10437500000000001 -0.03712670513236439
0.11000000000000001 -0.0378
0.11562500000000002 -0.0384329520503519
0.12125000000000001 -0.03903053035074741
0.12687500000000002 -0.03959993990996852
0.1325 -0.040130394244137745
0.138125 -0.040632461691240004
0.14375000000000002 -0.041140336085357505
0.149375 -0.04164561177288654
0.155 -0.04211614797514457
0.16062500000000002 -0.042545823865220815
0.16625 -0.04294271151950133
0.171875 -0.04332909790681848
0.17750000000000002 -0.04372197842031394
0.183125 -0.044124922015144494
0.18875 -0.044517951271884265
0.19437500000000002 -0.04486867256901404
0.2 -0.04519999999999999
0.2 -0.04519999999999999
0.22608695652173916 -0.04661079081700394
0.2521739130434783 -0.04769107407877025
0.27826086956521745 -0.04854543303348737
0.30434782608695654 -0.04918286066397471
0.3304347826086957 -0.04960365469487413
0.35652173913043483 -0.04980641080495792
0.3826086956521739 -0.049781876620868
0.4086956521739131 -0.04951821192383465
0.4347826086956522 -0.0490132265217734
0.46086956521739136 -0.04826881692243954
0.4869565217391305 -0.047155449985381924
0.5130434782608697 -0.0457187482710929
0.5391304347826088 -0.043869793134678266
0.5652173913043479 -0.04158145972792156
0.5913043478260871 -0.038857295847958696
0.6173913043478262 -0.03582011762283022
0.6434782608695653 -0.032422568822414594
0.6695652173913045 -0.02876289221067249
0.6956521739130436 -0.02486106818328551
0.7217391304347827 -0.020721981017375244
0.7478260869565219 -0.016540836799097083
0.7739130434782611 -0.012605465720439203
0.8 -0.0089
0.8 -0.0089
0.805625 -0.008153774703046828
0.81125 -0.007445460168130737
0.816875 -0.006766994825474042
0.8225 -0.006111024590080887
0.828125 -0.005491660310803311
0.83375 -0.004943547324063018
0.839375 -0.004452943522495644
0.845 -0.003983927996576949
0.8506250000000001 -0.003555605190246972
0.8562500000000001 -0.0031974986278779666
0.8618750000000001 -0.0029133344438608904
0.8675 -0.0026891908637079256
0.873125 -0.0024929827553370663
0.87875 -0.0023285820059393064
0.884375 -0.0022289359404314662
0.89 -0.0021999999999999997
0.895625 -0.002234345261721223
0.90125 -0.0023245430460429547
0.906875 -0.0024765487220853298
0.9125 -0.0027233086988309486
0.918125 -0.003068696124884544
0.92375 -0.003480628832840823
0.9293750000000001 -0.003945177142013606
0.935 -0.004466060553823366
0.940625 -0.005072842683118622
0.94625 -0.005784623518216889
0.951875 -0.006565308826552943
0.9575 -0.007401321277784397
0.963125 -0.008327937156717764
0.96875 -0.009358037965276955
0.974375 -0.010482477868855125
0.98 -0.0117
0.98 -0.0117
0.985 -0.012862296741587
0.99 -0.0141
0.995 -0.015412703258413003
1.0 -0.0168
