1.0 0.0
0.995 0.0007275652732902934
0.99 0.0014916438568323036
0.985 0.002292660081222042
0.98 0.0031272245030637188
0.98 0.0031272245030637188
0.974375 0.004096871189673807
0.96875 0.00508884056179677
0.963125 0.006097349924975831
0.9575 0.007120555286215519
0.951875 0.008156725484291256
0.94625 0.0092041427432279
0.940625 0.010261165839081668
0.935 0.011326180717034133
0.9293750000000001 0.01239757335452554
0.92375 0.013473733793321318
0.918125 0.01455336540583591
0.9125 0.01563570204526103
0.906875 0.016720028870125254
0.90125 0.017805631038957156
0.895625 0.01889179371028531
0.89 0.019977794779374364
0.884375 0.021062876060359427
0.87875 0.02214626818470314
0.873125 0.02322720178047593
0.8675 0.024304907475748216
0.8618750000000001 0.025378615898590428
0.8562500000000001 0.026447611112845725
0.8506250000000001 0.027511505393749636
0.845 0.02857003554955525
0.839375 0.029622938626798073
0.83375 0.03066995167201366
0.828125 0.031710811731737544
0.8225 0.03274525562572068
0.816875 0.033772956786593825
0.81125 0.0347934388419503
0.805625 0.035806203784003454
0.8 0.036810753604966655
0.8 0.036810753604966655
0.7739130434782611 0.04134794697431547
0.7478260869565219 0.04565987947016197
0.7217391304347827 0.04972568252548634
0.6956521739130436 0.053528434896647506
0.6695652173913045 0.057056764397182665
0.6434782608695653 0.060316723099125974
0.6173913043478262 0.06331563724897078
0.5913043478260871 0.06605288726476238
0.5652173913043479 0.06853003447273658
0.5391304347826088 0.07075330463427522
0.5130434782608697 0.07271874070851583
0.4869565217391305 0.074411203321853
0.46086956521739136 0.0758220018393275
0.4347826086956522 0.07694760323691104
0.4086956521739131 0.07777815717175371
0.3826086956521739 0.07830000614165629
0.35652173913043483 0.07850017665707806
0.3304347826086957 0.0783638749916529
0.30434782608695654 0.07786792479355396
0.27826086956521745 0.07698631232219623
0.2521739130434783 0.07569066391880819
0.22608695652173916 0.07393724796409243
0.2 0.0716656216621169
0.2 0.0716656216621169
0.19437500000000002 0.07110066202484126
0.18875 0.07050725358543108
0.183125 0.0698845796254841
0.17750000000000002 0.06923159529323686
0.171875 0.06854697487991905
0.16625 0.0678293753880178
0.16062500000000002 0.06707745382002027
0.155 0.06628986717841356
0.149375 0.06546527245965493
0.14375000000000002 0.06460206613578427
0.138125 0.0636976902844925
0.1325 0.0627493684938173
0.12687500000000002 0.06175432435179634
0.12125000000000001 0.060709781446467326
0.11562500000000002 0.05961296018650848
0.11000000000000001 0.05846068853636926
0.10437500000000001 0.057249028075634395
0.09875000000000002 0.0559739517421808
0.09312500000000001 0.05463143247388536
0.08750000000000001 0.05321744075773664
0.081875 0.05172621592609804
0.07625000000000001 0.050147231446082435
0.07062500000000001 0.048469147731445526
0.065 0.046680625195942974
0.05937500000000001 0.04477024969712569
0.053750000000000006 0.04272583620522817
0.048125 0.040534744362726416
0.0425 0.03818432790587545
0.036875000000000005 0.03564670251817838
0.03125 0.03283270572465087
0.025625000000000002 0.029637774344403112
0.02 0.025980755374856196
0.02 0.025980755374856196
0.015 0.022344539887720137
0.01 0.018244762765193896
0.005 0.012220981875359572
0.0 0.0019390575958057321
0.0 -0.0020841868929738975
0.005 -0.007303044857067517
0.01 -0.009960163561737383
0.015 -0.011199846423597047
0.02 -0.012106799549846926
0.02 -0.012106799549846926
0.025625000000000002 -0.013179812879258433
0.03125 -0.014197073630565483
0.036875000000000005 -0.015040790377723042
0.0425 -0.015691597256143417
0.048125 -0.01619718275598162
0.053750000000000006 -0.016606524035243632
0.05937500000000001 -0.01696472808067943
0.065 -0.01728598727300009
0.07062500000000001 -0.017569678736675972
0.07625000000000001 -0.01781508650916885
0.081875 -0.018021494628336753
0.08750000000000001 -0.018188979831969994
0.09312500000000001 -0.01832071447011202
0.09875000000000002 -0.01842062644263184
0.10437500000000001 -0.01849264364939846
0.11000000000000001 -0.01854069399028091
0.11562500000000002 -0.018568673525905244
0.12125000000000001 -0.018579137191431557
0.12687500000000002 -0.018572835471535536
0.1325 -0.01855039178112572
0.138125 -0.018512429535110644
0.14375000000000002 -0.01845957214839885
0.149375 -0.01839244303589888
0.155 -0.018311698726551407
0.16062500000000002 -0.018218141949953214
0.16625 -0.018112615771222695
0.171875 -0.01799596325678058
0.17750000000000002 -0.017869027473047625
0.183125 -0.017732651486444574
0.18875 -0.017587678363392166
0.19437500000000002 -0.017434894524337174
0.2 -0.017274687472267423
0.2 -0.017274687472267423
0.22608695652173916 -0.01644089690063278
0.2521739130434783 -0.01547430959656092
0.27826086956521745 -0.014404395351122081
0.30434782608695654 -0.013261826067218853
0.3304347826086957 -0.012060949678632225
0.35652173913043483 -0.010811890485127203
0.3826086956521739 -0.00953037264309958
0.4086956521739131 -0.00823248538040929
0.4347826086956522 -0.006929664535507246
0.46086956521739136 -0.00563147176476555
0.4869565217391305 -0.00434417212566954
0.5130434782608697 -0.003073731607482834
0.5391304347826088 -0.0018311476574433322
0.5652173913043479 -0.0006290292817362397
0.5913043478260871 0.0005248849991932797
0.6173913043478262 0.0016253748924523641
0.6434782608695653 0.0026633890174547676
0.6695652173913045 0.0036269630733642027
0.6956521739130436 0.004503667484472344
0.7217391304347827 0.005280525158088965
0.7478260869565219 0.005940844291640472
0.7739130434782611 0.006464822343472448
0.8 0.006834882369897911
0.8 0.006834882369897911
0.805625 0.006892960529317093
0.81125 0.00694285471035618
0.816875 0.006984023703891077
0.8225 0.00701589558008484
0.828125 0.0070378984091005285
0.83375 0.007049460261101198
0.839375 0.0070500092062499055
0.845 0.007038973314709708
0.8506250000000001 0.007015778552899555
0.8562500000000001 0.006979811657436585
0.8618750000000001 0.006930424634342122
0.8675 0.0068669682899224855
0.873125 0.006788793430483991
0.87875 0.006695250862332959
0.884375 0.006585691391775707
0.89 0.006459467828635646
0.895625 0.006315960473506115
0.90125 0.00615456958512116
0.906875 0.005974695870614948
0.9125 0.005775740037121644
0.918125 0.005557102791775416
0.92375 0.005318197760365392
0.9293750000000001 0.005058645416079999
0.935 0.0047782326892005286
0.940625 0.004476751230902904
0.94625 0.004153992692363059
0.951875 0.0038097795217029943
0.9575 0.003444512879749929
0.963125 0.0030591086542865057
0.96875 0.00265450067779163
0.974375 0.0022314525632914873
0.98 0.0017879925858242183
0.98 0.0017879925858242183
0.985 0.0013732943904861152
0.99 0.000936389584613391
0.995 0.0004778420917766823
1.0 9.698323911722857e-07
