1.0 0.0
0.995 0.00045155539472785806
0.99 0.0009801709732209375
0.985 0.0015745510077130528
0.98 0.002223952457493922
0.98 0.002223952457493922
0.974375 0.0030080915282040964
0.96875 0.0038356535501143313
0.963125 0.004695939096541381
0.9575 0.005583978803602864
0.951875 0.006495422056081193
0.94625 0.007425935749045317
0.940625 0.008371904649387134
0.935 0.009330668150455192
0.9293750000000001 0.010299631715998311
0.92375 0.01127620080976533
0.918125 0.01225784215439038
0.9125 0.013242810829142658
0.906875 0.014229909231134772
0.90125 0.015217950787098556
0.895625 0.016205748923765854
0.89 0.01719211714135532
0.884375 0.01817593758002498
0.87875 0.019156288295963705
0.873125 0.020132282072181304
0.8675 0.021103031691687587
0.8618750000000001 0.022067649937492367
0.8562500000000001 0.023025249592605438
0.8506250000000001 0.023974984212171462
0.845 0.02491622053941669
0.839375 0.025848394764662212
0.83375 0.0267709431160901
0.828125 0.027683301821882472
0.8225 0.028584907110221384
0.816875 0.029475195347909926
0.81125 0.03035375371280306
0.805625 0.031220607712062313
0.8 0.03207586204351866
0.8 0.03207586204351866
0.7739130434782611 0.03589364712009691
0.7478260869565219 0.03947647485504853
0.7217391304347827 0.042842339054745174
0.6956521739130436 0.04601288909006823
0.6695652173913045 0.049011815443618253
0.6434782608695653 0.051845377837087626
0.6173913043478262 0.0545074073944448
0.5913043478260871 0.056994083198724045
0.5652173913043479 0.05930307631479994
0.5391304347826088 0.061433424059723275
0.5130434782608697 0.06338217807188468
0.4869565217391305 0.06513535666783425
0.46086956521739136 0.0666782366947207
0.4347826086956522 0.06800457617891612
0.4086956521739131 0.06910506162408796
0.3826086956521739 0.06995630463743234
0.35652173913043483 0.07053417872975343
0.3304347826086957 0.0708178509793356
0.30434782608695654 0.07077904011148584
0.27826086956521745 0.07037940410984979
0.2521739130434783 0.06958057988967437
0.22608695652173916 0.06833604655323397
0.2 0.06656107375580429
0.2 0.06656107375580429
0.19437500000000002 0.06609836012444624
0.18875 0.06560412603882256
0.183125 0.06507688245373104
0.17750000000000002 0.06451514032396936
0.171875 0.06391741039817973
0.16625 0.06328202979519779
0.16062500000000002 0.06260684641257487
0.155 0.06188962260671087
0.149375 0.06112812073400566
0.14375000000000002 0.06032010315085913
0.138125 0.05946333221367112
0.1325 0.05855544963060585
0.12687500000000002 0.057593592132827644
0.12125000000000001 0.0565747643540991
0.11562500000000002 0.055495970927747086
0.11000000000000001 0.054354216487098435
0.10437500000000001 0.0531464468095162
0.09875000000000002 0.05186814973198502
0.09312500000000001 0.050513294767198916
0.08750000000000001 0.04907578048887021
0.081875 0.04754950547071128
0.07625000000000001 0.04592826965851622
0.07062500000000001 0.04420461635050858
0.065 0.04237022256580618
0.05937500000000001 0.04041674817197528
0.053750000000000006 0.038335463446568234
0.048125 0.03610751486575958
0.0425 0.03370323331769106
0.036875000000000005 0.03109242155363361
0.03125 0.028245463225253942
0.025625000000000002 0.025135071790344715
0.02 0.021733556001884993
0.02 0.021733556001884993
0.015 0.018338179305024915
0.01 0.014266180480786747
0.005 0.009176395036214348
0.0 0.002727658478351574
0.0 -0.00016
0.005 -0.007728478288579395
0.01 -0.009972270680250058
0.015 -0.011122269746709868
0.02 -0.012637840720645596
0.02 -0.012637840720645596
0.025625000000000002 -0.014365078065062488
0.03125 -0.01572138021205963
0.036875000000000005 -0.016728217413943338
0.0425 -0.017523307185667487
0.048125 -0.018240562315716684
0.053750000000000006 -0.01893897073415841
0.05937500000000001 -0.0196089966371627
0.065 -0.020238581726607176
0.07062500000000001 -0.02081569054878288
0.07625000000000001 -0.021333726958629503
0.081875 -0.02179853741835039
0.08750000000000001 -0.022217700553350296
0.09312500000000001 -0.022598794989033968
0.09875000000000002 -0.022949399350806147
0.10437500000000001 -0.023275915672315836
0.11000000000000001 -0.023580014452464278
0.11562500000000002 -0.023862176980924497
0.12125000000000001 -0.024122884547362885
0.12687500000000002 -0.024362618441445827
0.1325 -0.024581859952932165
0.138125 -0.024781225548530506
0.14375000000000002 -0.024961858175774707
0.149375 -0.025125028938760566
0.155 -0.025272008941583924
0.16062500000000002 -0.025404069288340585
0.16625 -0.025522481083126373
0.171875 -0.025628511785945156
0.17750000000000002 -0.025723095300209567
0.183125 -0.02580656867381754
0.18875 -0.02587920699447969
0.19437500000000002 -0.025941285349906675
0.2 -0.025993078827809137
0.2 -0.025993078827809137
0.22608695652173916 -0.02610703792879399
0.2521739130434783 -0.02603844123748435
0.27826086956521745 -0.025821465119190357
0.30434782608695654 -0.025472719054399736
0.3304347826086957 -0.02500351801855196
0.35652173913043483 -0.02443394176234748
0.3826086956521739 -0.023781789778462736
0.4086956521739131 -0.023050426154968124
0.4347826086956522 -0.022243848351361714
0.46086956521739136 -0.021376766394754724
0.4869565217391305 -0.020462681284729434
0.5130434782608697 -0.019504232107430453
0.5391304347826088 -0.01850244662042528
0.5652173913043479 -0.017460936428994663
0.5913043478260871 -0.01638519261378844
0.6173913043478262 -0.015286458115879859
0.6434782608695653 -0.014175185187622438
0.6695652173913045 -0.013049422334158171
0.6956521739130436 -0.011906578631855392
0.7217391304347827 -0.010759806776662034
0.7478260869565219 -0.009623374542975101
0.7739130434782611 -0.008498244039800837
0.8 -0.007389115019113478
0.8 -0.007389115019113478
0.805625 -0.007153888466676823
0.81125 -0.006920535146746745
0.816875 -0.006689255120504905
0.8225 -0.006460075216830375
0.828125 -0.006232918958701513
0.83375 -0.006007708490297284
0.839375 -0.005784365955796662
0.845 -0.005562813499378612
0.8506250000000001 -0.0053429732652221
0.8562500000000001 -0.005124771018994398
0.8618750000000001 -0.004908246605138142
0.8675 -0.004693574232134076
0.873125 -0.004480935821100225
0.87875 -0.004270513293154616
0.884375 -0.004062488569415279
0.89 -0.0038570435710002376
0.895625 -0.0036543194700586036
0.90125 -0.0034542477968231866
0.906875 -0.003256692852866489
0.9125 -0.0030615189088776845
0.918125 -0.002868590235545943
0.92375 -0.002677770105620767
0.9293750000000001 -0.0024887597513981183
0.935 -0.0023009206067171207
0.940625 -0.002113571318753639
0.94625 -0.0019260305346835396
0.951875 -0.0017375636968338837
0.9575 -0.0015457522264596883
0.963125 -0.0013461894538552403
0.96875 -0.0011343541647436599
0.974375 -0.0009064413274871938
0.98 -0.0006685064428029392
0.98 -0.0006685064428029392
0.985 -0.0004592862915373462
0.99 -0.0002629064243063313
0.995 -0.00010045061394651754
1.0 -1.1947217266157314e-07
