1.0 0.001222260851697429
0.995 0.0017471754159526338
0.99 0.002265296512027742
0.985 0.0027755915651253463
0.98 0.0032775094408583594
0.98 0.0032775094408583594
0.974375 0.0038337817110542863
0.96875 0.004383625845156647
0.963125 0.00493009768492253
0.9575 0.00547631928770194
0.951875 0.006023678746424676
0.94625 0.006572389054121192
0.940625 0.007122434809536884
0.935 0.007673550112077932
0.9293750000000001 0.008225352042532675
0.92375 0.008777226847325967
0.918125 0.009328727262588902
0.9125 0.009880298684972581
0.906875 0.010432524955527545
0.90125 0.010984923083356657
0.895625 0.011536441353324624
0.89 0.01208648326839303
0.884375 0.012634926646355583
0.87875 0.01318184984601013
0.873125 0.013727672172084118
0.8675 0.014272642088363948
0.8618750000000001 0.01481623229784964
0.8562500000000001 0.015357798713800793
0.8506250000000001 0.015897172726942556
0.845 0.016434403045246505
0.839375 0.016969549377127288
0.83375 0.017502678504195762
0.828125 0.018033778801967153
0.8225 0.01856271677897677
0.816875 0.019089297780188478
0.81125 0.019613178106750517
0.805625 0.020134082849682274
0.8 0.020652299752822352
0.8 0.020652299752822352
0.7739130434782611 0.023025776252437326
0.7478260869565219 0.025346936991601277
0.7217391304347827 0.027616346584257368
0.6956521739130436 0.029837972475414896
0.6695652173913045 0.03200442387484833
0.6434782608695653 0.03410979221104931
0.6173913043478262 0.03614655359077004
0.5913043478260871 0.03810886444898925
0.5652173913043479 0.039986901627890564
0.5391304347826088 0.04176573077164762
0.5130434782608697 0.04343850812870569
0.4869565217391305 0.04499756080345688
0.46086956521739136 0.046426401667906916
0.4347826086956522 0.047717100779764446
0.4086956521739131 0.048863435006342534
0.3826086956521739 0.049847987094246225
0.35652173913043483 0.05066377402580995
0.3304347826086957 0.051289263012463955
0.30434782608695654 0.051702133545468876
0.27826086956521745 0.051880927641873194
0.2521739130434783 0.05178643134206386
0.22608695652173916 0.05137886055095834
0.2 0.05060175861665388
0.2 0.05060175861665388
0.19437500000000002 0.05037932248156243
0.18875 0.050135703037122656
0.183125 0.04986934879639734
0.17750000000000002 0.04957953705041911
0.171875 0.049266226121363506
0.16625 0.04892836319106469
0.16062500000000002 0.04856356558181601
0.155 0.04817007778524428
0.149375 0.04774752765562858
0.14375000000000002 0.04729493120152386
0.138125 0.04680910535666022
0.1325 0.046287086700308684
0.12687500000000002 0.04572842569654933
0.12125000000000001 0.04513274206534637
0.11562500000000002 0.04449636438892196
0.11000000000000001 0.043814725018209995
0.10437500000000001 0.043085236389509424
0.09875000000000002 0.042305953224985426
0.09312500000000001 0.04147263718782785
0.08750000000000001 0.0405798041475062
0.081875 0.03962176662437361
0.07625000000000001 0.03859270109935348
0.07062500000000001 0.03748653929581302
0.065 0.03629657686679107
0.05937500000000001 0.035012077081508206
0.053750000000000006 0.03362004428829114
0.048125 0.03210577335773366
0.0425 0.030450084866288626
0.036875000000000005 0.02862187993409565
0.03125 0.026576677750502434
0.025625000000000002 0.024247466414314762
0.02 0.021521288442390072
0.02 0.021521288442390072
0.015 0.018633161971174372
0.01 0.0150794585310236
0.005 0.0103083937207041
0.0 0.0007408008162039577
0.0 0.0025650586995187292
0.005 -0.00451844519796322
0.01 -0.00618514694957017
0.015 -0.006326547730106222
0.02 -0.007032647363356557
0.02 -0.007032647363356557
0.025625000000000002 -0.007360213461395506
0.03125 -0.007531732930944313
0.036875000000000005 -0.007724401677330247
0.0425 -0.0078649093457221
0.048125 -0.007940480738625662
0.053750000000000006 -0.007983683243961202
0.05937500000000001 -0.008008974928273675
0.065 -0.008015378034559512
0.07062500000000001 -0.00800419184841518
0.07625000000000001 -0.00797998850516302
0.081875 -0.007946507717741537
0.08750000000000001 -0.00790528040261938
0.09312500000000001 -0.007857537846611959
0.09875000000000002 -0.007804450676148553
0.10437500000000001 -0.007747137592082304
0.11000000000000001 -0.007686298731035952
0.11562500000000002 -0.007622358327970027
0.12125000000000001 -0.0075559777674165125
0.12687500000000002 -0.007488193791491028
0.1325 -0.007419976085190071
0.138125 -0.007351893628223935
0.14375000000000002 -0.00728440294184696
0.149375 -0.007217817955202417
0.155 -0.007152358486999
0.16062500000000002 -0.007088480702149963
0.16625 -0.007027059002535326
0.171875 -0.006968465437869024
0.17750000000000002 -0.006911366956004772
0.183125 -0.00685441854956874
0.18875 -0.006798173862445462
0.19437500000000002 -0.0067439465809164215
0.2 -0.006693835754191032
0.2 -0.006693835754191032
0.22608695652173916 -0.006514480957059528
0.2521739130434783 -0.006333853618052197
0.27826086956521745 -0.00615203090236969
0.30434782608695654 -0.005968581361588893
0.3304347826086957 -0.00578505067084993
0.35652173913043483 -0.005603189675524633
0.3826086956521739 -0.005420607674839992
0.4086956521739131 -0.005238446745135083
0.4347826086956522 -0.005055698419060143
0.46086956521739136 -0.004873761174884232
0.4869565217391305 -0.00468988433176047
0.5130434782608697 -0.004506955609692784
0.5391304347826088 -0.0043255108715406386
0.5652173913043479 -0.004141505773769531
0.5913043478260871 -0.00395963728709931
0.6173913043478262 -0.0037775833853376664
0.6434782608695653 -0.003593730107019028
0.6695652173913045 -0.00341262128735338
0.6956521739130436 -0.0032285577030490044
0.7217391304347827 -0.0030475097204742873
0.7478260869565219 -0.002863701507798701
0.7739130434782611 -0.002681782898376804
0.8 -0.0024983799321331014
0.8 -0.0024983799321331014
0.805625 -0.0024586210006358
0.81125 -0.0024198993059148773
0.816875 -0.002381929952722668
0.8225 -0.0023430816757582006
0.828125 -0.0023025766891480877
0.83375 -0.002261882293253192
0.839375 -0.0022223921752746656
0.845 -0.002183499128588451
0.8506250000000001 -0.0021440924559262184
0.8562500000000001 -0.0021043476784521234
0.8618750000000001 -0.002065211621334223
0.8675 -0.0020267232180404085
0.873125 -0.001987825169586752
0.87875 -0.0019479318687173534
0.884375 -0.001907714556015241
0.89 -0.001867883423686067
0.895625 -0.0018284575237221688
0.90125 -0.001789249718970327
0.906875 -0.0017501313061773864
0.9125 -0.001711011793828459
0.918125 -0.0016718672385847117
0.92375 -0.00163275187877321
0.9293750000000001 -0.0015936669763183804
0.935 -0.0015544800472036757
0.940625 -0.0015150609433454633
0.94625 -0.0014753824995119712
0.951875 -0.0014354786608913681
0.9575 -0.0013957052667020434
0.963125 -0.0013565887163758824
0.96875 -0.0013179157906888896
0.974375 -0.0012786283244010364
0.98 -0.0012384286470051142
0.98 -0.0012384286470051142
0.985 -0.001203001186640726
0.99 -0.001168533515867341
0.995 -0.0011340133046917388
1.0 -0.001098052005343447
