1.0 0.0002524459609444541
0.995 0.0007771607762102563
0.99 0.0013106644011470186
0.985 0.001845963672602546
0.98 0.002376188649909615
0.98 0.002376188649909615
0.974375 0.002963860122096548
0.96875 0.0035465210075161994
0.963125 0.004128071387393799
0.9575 0.004707702346868151
0.951875 0.005283350700207214
0.94625 0.00585467202760786
0.940625 0.006423047533097083
0.935 0.006989580875724018
0.9293750000000001 0.0075540849094923755
0.92375 0.008116116361700842
0.918125 0.008675911023090144
0.9125 0.00923428322148422
0.906875 0.009791803711824728
0.90125 0.010348245815041476
0.895625 0.010903246891301021
0.89 0.011456652067947756
0.884375 0.012008457181534076
0.87875 0.012558637080122281
0.873125 0.0131071045361404
0.8675 0.013653777489297653
0.8618750000000001 0.014198736645645225
0.8562500000000001 0.014742161846963621
0.8506250000000001 0.015284044141859025
0.845 0.01582396843744529
0.839375 0.01636151686572715
0.83375 0.016896705670237946
0.828125 0.017429774536896873
0.8225 0.017960809312168258
0.816875 0.018489616746501812
0.81125 0.0190160064483786
0.805625 0.01954001512032301
0.8 0.020061774233951214
0.8 0.020061774233951214
0.7739130434782611 0.02244694733070894
0.7478260869565219 0.0247789427364158
0.7217391304347827 0.027056653984778748
0.6956521739130436 0.02928201338976666
0.6695652173913045 0.03144682693369541
0.6434782608695653 0.033542390805133854
0.6173913043478262 0.03555170737089579
0.5913043478260871 0.037470606275950474
0.5652173913043479 0.03929201945988665
0.5391304347826088 0.0410045827770069
0.5130434782608697 0.0426016215608103
0.4869565217391305 0.044071088926486514
0.46086956521739136 0.045406297199471375
0.4347826086956522 0.046596495892699014
0.4086956521739131 0.04762873534126479
0.3826086956521739 0.048490928296553486
0.35652173913043483 0.0491659250611335
0.3304347826086957 0.04963897786727679
0.30434782608695654 0.04988166286114399
0.27826086956521745 0.04987401353052844
0.2521739130434783 0.049578222025558324
0.22608695652173916 0.04895301568617548
0.2 0.04794338286370211
0.2 0.04794338286370211
0.19437500000000002 0.04766847222572789
0.18875 0.04737158047828794
0.183125 0.04705190667590222
0.17750000000000002 0.04670862163162641
0.171875 0.04634053694090923
0.16625 0.04594597278210274
0.16062500000000002 0.04552338215167445
0.155 0.045071947690878834
0.149375 0.04459099752379075
0.14375000000000002 0.044078994082732116
0.138125 0.04353368806905801
0.1325 0.042952979891200435
0.12687500000000002 0.04233516404132368
0.12125000000000001 0.041678491382691384
0.11562500000000002 0.040980519979672635
0.11000000000000001 0.040238501549691524
0.10437500000000001 0.03944939905149495
0.09875000000000002 0.038609857381436435
0.09312500000000001 0.037716210416758336
0.08750000000000001 0.03676399253946682
0.081875 0.035748475861025066
0.07625000000000001 0.0346640647541259
0.07062500000000001 0.033504699836907126
0.065 0.032262509022805023
0.05937500000000001 0.03092805196648204
0.053750000000000006 0.0294904547406078
0.048125 0.027936731407880763
0.0425 0.0262503713711593
0.036875000000000005 0.0244071604682303
0.03125 0.022375774462388236
0.025625000000000002 0.020108628340644395
0.02 0.017538920808387135
0.02 0.017538920808387135
0.015 0.01491466960248899
0.01 0.011799114814713026
0.005 0.007856978333321734
0.0 0.0006993009240237687
0.0 -0.000158
0.005 -0.005525711335708937
0.01 -0.007630396749879136
0.015 -0.009187971479890304
0.02 -0.01044281975798734
0.02 -0.01044281975798734
0.025625000000000002 -0.0116102721406724
0.03125 -0.012577934120778777
0.036875000000000005 -0.013390932359765772
0.0425 -0.014082787133573934
0.048125 -0.01468108094849978
0.053750000000000006 -0.015201826480896276
0.05937500000000001 -0.01565443104233221
0.065 -0.01604677025420665
0.07062500000000001 -0.016385140459236988
0.07625000000000001 -0.016675588502975677
0.081875 -0.016923732920128658
0.08750000000000001 -0.017134851918947404
0.09312500000000001 -0.017312248940052347
0.09875000000000002 -0.017458370436926066
0.10437500000000001 -0.017575933886815595
0.11000000000000001 -0.017667985305804098
0.11562500000000002 -0.017737180486049123
0.12125000000000001 -0.017784708782718126
0.12687500000000002 -0.01781146575935492
0.1325 -0.017818805237947263
0.138125 -0.017808405931940965
0.14375000000000002 -0.01778162978608847
0.149375 -0.017739138947118805
0.155 -0.01768150237944992
0.16062500000000002 -0.017609274264906556
0.16625 -0.01752300402000243
0.171875 -0.01742335349671355
0.17750000000000002 -0.017311150111262257
0.183125 -0.017187223729939985
0.18875 -0.017052348252809185
0.19437500000000002 -0.01690727223256802
0.2 -0.01675255225842292
0.2 -0.01675255225842292
0.22608695652173916 -0.015919809095490716
0.2521739130434783 -0.014928059914380974
0.27826086956521745 -0.013817260917632381
0.30434782608695654 -0.012632405096779053
0.3304347826086957 -0.011394248250868289
0.35652173913043483 -0.010126327829663759
0.3826086956521739 -0.008848896776281926
0.4086956521739131 -0.007576062715871439
0.4347826086956522 -0.006325807016332289
0.46086956521739136 -0.005108334100037422
0.4869565217391305 -0.003945780696473132
0.5130434782608697 -0.0028441388833856085
0.5391304347826088 -0.0018174088279411674
0.5652173913043479 -0.0008703631089875831
0.5913043478260871 -1.398329850299207e-05
0.6173913043478262 0.0007480023867981311
0.6434782608695653 0.001408667618604431
0.6695652173913045 0.001964629203271439
0.6956521739130436 0.002410678720489287
0.7217391304347827 0.002745469726241783
0.7478260869565219 0.00296431272676557
0.7739130434782611 0.0030704144929356433
0.8 0.0030624221979768545
0.8 0.0030624221979768545
0.805625 0.0030450673111665607
0.81125 0.0030219309670588166
0.816875 0.002993392818298815
0.8225 0.0029597189584438105
0.828125 0.0029208981653317642
0.83375 0.002876872348044257
0.839375 0.0028275130726357943
0.845 0.00277265368118768
0.8506250000000001 0.002712285606489758
0.8562500000000001 0.0026467065621634204
0.8618750000000001 0.002576224641579001
0.8675 0.0025009575882599215
0.873125 0.002420931787348549
0.87875 0.00233600412598403
0.884375 0.002245759510802748
0.89 0.002149819884495395
0.895625 0.0020481927945101104
0.90125 0.0019410385547430737
0.906875 0.0018286861301208036
0.9125 0.0017116916129229877
0.918125 0.0015905512143584012
0.92375 0.0014653731775556317
0.9293750000000001 0.0013361282093334963
0.935 0.0012023789195601978
0.940625 0.001063224866484006
0.94625 0.0009180375487664182
0.951875 0.000767433403250753
0.9575 0.0006123244779088772
0.963125 0.00045297212569187466
0.96875 0.0002890149209548405
0.974375 0.00012016875243652935
0.98 -5.350234801029396e-05
0.98 -5.350234801029396e-05
0.985 -0.0002117130734573455
0.99 -0.0003717264813619785
0.995 -0.0005304806248476934
1.0 -0.0006848790516507956
