1.0 2.836987688787441e-05
0.995 0.0012908206589020844
0.99 0.002435035631813868
0.985 0.0034500792589581305
0.98 0.00435477670711181
0.98 0.00435477670711181
0.974375 0.005276534359437532
0.96875 0.006130469991441714
0.963125 0.006926138263795399
0.9575 0.007666301878830671
0.951875 0.008358405303336
0.94625 0.009010926115086764
0.940625 0.009631192130901297
0.935 0.010225847155949493
0.9293750000000001 0.010801845981651922
0.92375 0.011367451208772502
0.918125 0.011931259439885853
0.9125 0.012499633735770727
0.906875 0.013067960491499003
0.90125 0.013628259694138016
0.895625 0.014174605552395605
0.89 0.014734579162722795
0.884375 0.015363041984268468
0.87875 0.0161156425228919
0.873125 0.01700431128709418
0.8675 0.017892677488401086
0.8618750000000001 0.018612954003342133
0.8562500000000001 0.019014804704727353
0.8506250000000001 0.01927708260743123
0.845 0.01987211374538554
0.839375 0.02124687351064482
0.83375 0.023333549170515822
0.828125 0.025677211244208104
0.8225 0.02782576864637126
0.816875 0.029657771677873604
0.81125 0.031411624416756746
0.805625 0.03331624269138615
0.8 0.03538368162081867
0.8 0.03538368162081867
0.7739130434782611 0.04523435561662262
0.7478260869565219 0.05433325763100347
0.7217391304347827 0.06237000382381664
0.6956521739130436 0.06938105306305929
0.6695652173913045 0.07543228225155359
0.6434782608695653 0.08059833629337103
0.6173913043478262 0.08493878892209888
0.5913043478260871 0.0885418868178742
0.5652173913043479 0.09149717506302661
0.5391304347826088 0.09386291616207472
0.5130434782608697 0.09570599125740788
0.4869565217391305 0.09707711001334975
0.46086956521739136 0.09800395578403115
0.4347826086956522 0.09849144079400336
0.4086956521739131 0.09854550057962919
0.3826086956521739 0.09816987008617761
0.35652173913043483 0.09735750614968704
0.3304347826086957 0.09608560602821913
0.30434782608695654 0.09432559275379686
0.27826086956521745 0.0920517509416515
0.2521739130434783 0.08922472664267772
0.22608695652173916 0.08579314342026564
0.2 0.08169852359959937
0.2 0.08169852359959937
0.19437500000000002 0.08072240816647387
0.18875 0.07971100385519443
0.183125 0.07866310612769425
0.17750000000000002 0.07757751044590648
0.171875 0.07645305782953092
0.16625 0.07528878566205503
0.16062500000000002 0.07408378422086577
0.155 0.07283714378410758
0.149375 0.07154788646303158
0.14375000000000002 0.07021413930916263
0.138125 0.06883339913071378
0.1325 0.06740314958375392
0.12687500000000002 0.0659208890024613
0.12125000000000001 0.0643842549799897
0.11562500000000002 0.06279096200067681
0.11000000000000001 0.06113872266464682
0.10437500000000001 0.05942483773755693
0.09875000000000002 0.057645757052536606
0.09312500000000001 0.0557978250108082
0.08750000000000001 0.05387727120979629
0.081875 0.051880001774461074
0.07625000000000001 0.04980180913817834
0.07062500000000001 0.04763581019573109
0.065 0.0453713576980239
0.05937500000000001 0.04299821648611068
0.053750000000000006 0.040509362261900585
0.048125 0.037897255611347845
0.0425 0.03514497044582898
0.036875000000000005 0.032232614933960305
0.03125 0.02914286732032878
0.025625000000000002 0.02583861010877677
0.02 0.02225273802625504
0.02 0.02225273802625504
0.015 0.018753200426085172
0.01 0.014803093781740372
0.005 0.00992764566377561
0.0 -0.0046297730519075046
0.0 0.6644125257076277
0.005 -0.006745799731073829
0.01 -0.010099213910778013
0.015 -0.012430738679555657
0.02 -0.014259384840993745
0.02 -0.014259384840993745
0.025625000000000002 -0.015935726388023284
0.03125 -0.017333728647852154
0.036875000000000005 -0.018524265651922837
0.0425 -0.019557736383369786
0.048125 -0.02046780165832219
0.053750000000000006 -0.021283335794928377
0.05937500000000001 -0.022020204539782585
0.065 -0.022690087157523325
0.07062500000000001 -0.023303412416873018
0.07625000000000001 -0.02386758315382659
0.081875 -0.024389552736772766
0.08750000000000001 -0.02487574107140799
0.09312500000000001 -0.025330428514794473
0.09875000000000002 -0.025757359108568013
0.10437500000000001 -0.026160241581134863
0.11000000000000001 -0.026541767070741303
0.11562500000000002 -0.026903479967991174
0.12125000000000001 -0.027246863403085853
0.12687500000000002 -0.027573414820075116
0.1325 -0.027884847355846027
0.138125 -0.028183040966460456
0.14375000000000002 -0.028469879944352204
0.149375 -0.028747224437804343
0.155 -0.029016375787360986
0.16062500000000002 -0.029278074578762952
0.16625 -0.029533036864185975
0.171875 -0.02978197812895223
0.17750000000000002 -0.030025508539449897
0.183125 -0.03026401018839133
0.18875 -0.030497835351434223
0.19437500000000002 -0.030727336304236276
0.2 -0.030952854391230224
0.2 -0.030952854391230224
0.22608695652173916 -0.03195322708302071
0.2521739130434783 -0.03288748136949361
0.27826086956521745 -0.033750596713152496
0.30434782608695654 -0.03453182205330792
0.3304347826086957 -0.035230151992848804
0.35652173913043483 -0.03583491211770864
0.3826086956521739 -0.03634558438879866
0.4086956521739131 -0.03674917158794268
0.4347826086956522 -0.03705706383362045
0.46086956521739136 -0.03725825968696687
0.4869565217391305 -0.03734875071281181
0.5130434782608697 -0.037340725837131425
0.5391304347826088 -0.037216234139734246
0.5652173913043479 -0.036976422695068074
0.5913043478260871 -0.03662571685418474
0.6173913043478262 -0.03616230183965471
0.6434782608695653 -0.03557186978077765
0.6695652173913045 -0.03484984992412713
0.6956521739130436 -0.033992458791710915
0.7217391304347827 -0.03298156203973255
0.7478260869565219 -0.03178825882061072
0.7739130434782611 -0.03035326674651481
0.8 -0.028611979202271626
0.8 -0.028611979202271626
0.805625 -0.028187572876027883
0.81125 -0.027740815602131576
0.816875 -0.027269646496333306
0.8225 -0.02677362646923577
0.828125 -0.026252724048315954
0.83375 -0.02570690590330682
0.839375 -0.02513529919202325
0.845 -0.02453486874737142
0.8506250000000001 -0.023902236006937517
0.8562500000000001 -0.02323418011448315
0.8618750000000001 -0.0225298316782298
0.8675 -0.021790127239264233
0.873125 -0.02101603120161294
0.87875 -0.020207602799176626
0.884375 -0.01936360052859369
0.89 -0.018482727950349963
0.895625 -0.017565248113677795
0.90125 -0.016613330588546818
0.906875 -0.015629699325326443
0.9125 -0.014620768407299652
0.918125 -0.013594773712110875
0.92375 -0.012558385674696047
0.9293750000000001 -0.011515839276104573
0.935 -0.010471976425563448
0.940625 -0.009433995936328527
0.94625 -0.008409121895389633
0.951875 -0.007403224034264586
0.9575 -0.006421932334205565
0.963125 -0.005471265278663009
0.96875 -0.004566894599563194
0.974375 -0.0037354163659759445
0.98 -0.002995617549050226
0.98 -0.002995617549050226
0.985 -0.0024083470585023036
0.99 -0.0018415398508120427
0.995 -0.0011791463875050914
1.0 -0.00022767771610832273
