1.0 0.0125
0.995 0.013437974909445306
0.99 0.014374206545927075
0.985 0.015308950727686187
0.98 0.016242463272963536
0.98 0.016242463272963536
0.974375 0.017291511219607036
0.96875 0.018339688387495678
0.963125 0.019387359017835715
0.9575 0.020434887351833415
0.951875 0.021482637630695026
0.94625 0.022530950930841634
0.940625 0.023579899038066503
0.935 0.024629380002274024
0.9293750000000001 0.025679288977770425
0.92375 0.026729521118861965
0.918125 0.027779971579854824
0.9125 0.02883053551505526
0.906875 0.029881108078769515
0.90125 0.0309315844253038
0.895625 0.03198187024506776
0.89 0.03303195490294805
0.884375 0.03408186766586723
0.87875 0.035131638046487855
0.873125 0.03618129555747248
0.8675 0.03723086971148366
0.8618750000000001 0.03828039002118398
0.8562500000000001 0.03932988599923598
0.8506250000000001 0.04037938715830223
0.845 0.04142892301072046
0.839375 0.042478523067010464
0.83375 0.04352821683706021
0.828125 0.04457803383075693
0.8225 0.04562800355798792
0.816875 0.04667815552864046
0.81125 0.0477285192526018
0.805625 0.048779124239759226
0.8 0.049830000000000006
0.8 0.049830000000000006
0.7739130434782611 0.05470663872987921
0.7478260869565219 0.05958439185817471
0.7217391304347827 0.06445861903770154
0.6956521739130436 0.06932687667075325
0.6695652173913045 0.0741873952176959
0.6434782608695653 0.07903903630582508
0.6173913043478262 0.08388388463836012
0.5913043478260871 0.0887301037593911
0.5652173913043479 0.09358631461616185
0.5391304347826088 0.09846076793307743
0.5130434782608697 0.10336182592553993
0.4869565217391305 0.10829549400080313
0.46086956521739136 0.11320947301505972
0.4347826086956522 0.11799280648394109
0.4086956521739131 0.1225265375114623
0.3826086956521739 0.12668593754841342
0.35652173913043483 0.1303301530046276
0.3304347826086957 0.13331447533863966
0.30434782608695654 0.135550319340878
0.27826086956521745 0.13697446187840484
0.2521739130434783 0.13749982665159363
0.22608695652173916 0.13701992872396376
0.2 0.135379
0.2 0.135379
0.19437500000000002 0.13485618271552008
0.18875 0.13426835028193307
0.183125 0.13361244487690715
0.17750000000000002 0.1328854086781106
0.171875 0.13208418386321166
0.16625 0.1312057126098786
0.16062500000000002 0.13024693709577947
0.155 0.1292047994985827
0.149375 0.12807624115415975
0.14375000000000002 0.12685736496884434
0.138125 0.12554186210135415
0.1325 0.12412299271048396
0.12687500000000002 0.12259401695502842
0.12125000000000001 0.12094819499378222
0.11562500000000002 0.11917878698554013
0.11000000000000001 0.11727905308909672
0.10437500000000001 0.11524225346324682
0.09875000000000002 0.11306164031106233
0.09312500000000001 0.11072917402513811
0.08750000000000001 0.10823410607448199
0.081875 0.10556534682648994
0.07625000000000001 0.10271180664855813
0.07062500000000001 0.09966239590808249
0.065 0.09640138569694283
0.05937500000000001 0.09288708709851466
0.053750000000000006 0.08906878635552075
0.048125 0.08489576064959879
0.0425 0.08031728716238654
0.036875000000000005 0.07528076067869635
0.03125 0.0696997831955316
0.025625000000000002 0.06345872685199135
0.02 0.05644099999999999
0.02 0.05644099999999999
0.015 0.049271144161660535
0.01 0.0402
0.005 0.028032066574631913
0.0 0.011571842945169815
0.0 0.0
0.005 -0.014515006302385034
0.01 -0.018816
0.015 -0.02226208298448502
0.02 -0.025912000000000004
0.02 -0.025912000000000004
0.025625000000000002 -0.02928265427166793
0.03125 -0.031895796917679665
0.036875000000000005 -0.03402224992872428
0.0425 -0.03592871367729389
0.048125 -0.037756887584000455
0.053750000000000006 -0.039503956831424616
0.05937500000000001 -0.041159056566605956
0.065 -0.04271132193658411
0.07062500000000001 -0.04414989380144758
0.07625000000000001 -0.04546960321795498
0.081875 -0.04668164912786487
0.08750000000000001 -0.047800155553955025
0.09312500000000001 -0.04883924651900318
0.09875000000000002 -0.0498130460457871
0.10437500000000001 -0.05073469300392926
0.11000000000000001 -0.051609502481142676
0.11562500000000002 -0.05243905862068356
0.12125000000000001 -0.05322492258847495
0.12687500000000002 -0.05396865555044004
0.1325 -0.05467181867250189
0.138125 -0.055335973120583644
0.14375000000000002 -0.0559626800606084
0.149375 -0.05655350065849926
0.155 -0.05710996948715855
0.16062500000000002 -0.05763347231283894
0.16625 -0.058125343170057346
0.171875 -0.05858691604139112
0.17750000000000002 -0.0590195249094177
0.183125 -0.05942450375671448
0.18875 -0.05980318656585887
0.19437500000000002 -0.060156907319428236
0.2 -0.060487000000000006
0.2 -0.060487000000000006
0.22608695652173916 -0.061734000335865166
0.2521739130434783 -0.06255318563616095
0.27826086956521745 -0.06299382155455446
0.30434782608695654 -0.06309760151848298
0.3304347826086957 -0.06290034720924127
0.35652173913043483 -0.06242708746167367
0.3826086956521739 -0.06170080554899524
0.4086956521739131 -0.06074362210455666
0.4347826086956522 -0.05957505185912091
0.46086956521739136 -0.05821065909024933
0.4869565217391305 -0.05666364417364632
0.5130434782608697 -0.0549447793628405
0.5391304347826088 -0.053066857454404176
0.5652173913043479 -0.05104477212071511
0.5913043478260871 -0.04889227400195793
0.6173913043478262 -0.046622103274104744
0.6434782608695653 -0.04424679760152211
0.6695652173913045 -0.04177897211680553
0.6956521739130436 -0.03923289316584415
0.7217391304347827 -0.036623816063295685
0.7478260869565219 -0.03396791928250001
0.7739130434782611 -0.03128340943741071
0.8 -0.028597000000000004
0.8 -0.028597000000000004
0.805625 -0.02802033327416646
0.81125 -0.027445180880063643
0.816875 -0.026871776712472865
0.8225 -0.02630035466617543
0.828125 -0.025731148635952626
0.83375 -0.025164392516585764
0.839375 -0.02460032020285613
0.845 -0.02403916558954504
0.8506250000000001 -0.023481162636976527
0.8562500000000001 -0.02292661058606258
0.8618750000000001 -0.0223759964577195
0.8675 -0.021829840830756148
0.873125 -0.021288664283981424
0.87875 -0.020752987396204195
0.884375 -0.020223330746233354
0.89 -0.01970021491287777
0.895625 -0.019184160474946334
0.90125 -0.018675689541540995
0.906875 -0.018175572703101172
0.9125 -0.017685101614857104
0.918125 -0.01720563354335448
0.92375 -0.016738525755138966
0.9293750000000001 -0.016285135516756234
0.935 -0.01584682009475197
0.940625 -0.015424936755671857
0.94625 -0.015020842766061564
0.951875 -0.014635904868152685
0.9575 -0.014272058345332002
0.963125 -0.013932119719776814
0.96875 -0.013618981319151787
0.974375 -0.013335535471121582
0.98 -0.013084674503350855
0.98 -0.013084674503350855
0.985 -0.012891380380863997
0.99 -0.012728149006701713
0.995 -0.012597011755026283
1.0 -0.0125
