1.0 0.0
0.995 0.0011750940593554097
0.99 0.002403418931717636
0.985 0.0036599909318864895
0.98 0.004931989817035302
0.98 0.004931989817035302
0.974375 0.006373261662693615
0.96875 0.007817681334739085
0.963125 0.009260336514519726
0.9575 0.010696830882108866
0.951875 0.012123045090916287
0.94625 0.013536463846860929
0.940625 0.01493514793437048
0.935 0.0163171588872851
0.9293750000000001 0.01768072344248443
0.92375 0.019025154965425953
0.918125 0.020350205844788766
0.9125 0.02165562969678069
0.906875 0.022941180231469634
0.90125 0.024206929976586654
0.895625 0.025453982461637062
0.89 0.026683649241612706
0.884375 0.027897241871505433
0.87875 0.029096071906307072
0.873125 0.03028140791428815
0.8675 0.031453919130128016
0.8618750000000001 0.03261383487849149
0.8562500000000001 0.033761374340988005
0.8506250000000001 0.034896756699227
0.845 0.0360202011348179
0.839375 0.03713192324587917
0.83375 0.038232067104391254
0.828125 0.039320710831121805
0.8225 0.04039793008063472
0.816875 0.041463800507493896
0.81125 0.04251839776626319
0.805625 0.04356179751150653
0.8 0.04459396676760121
0.8 0.04459396676760121
0.7739130434782611 0.049212276860891704
0.7478260869565219 0.05349506782820271
0.7217391304347827 0.057411623678606326
0.6956521739130436 0.060972587855523015
0.6695652173913045 0.06421999260571305
0.6434782608695653 0.06718576223230281
0.6173913043478262 0.0698761352223148
0.5913043478260871 0.07229212170006963
0.5652173913043479 0.07443244244820639
0.5391304347826088 0.0762974163957044
0.5130434782608697 0.0778864477011861
0.4869565217391305 0.07919097303163732
0.46086956521739136 0.08020137534545763
0.4347826086956522 0.0809117346217326
0.4086956521739131 0.08131253578364127
0.3826086956521739 0.08138646572395364
0.35652173913043483 0.08111751638907891
0.3304347826086957 0.08049127788389346
0.30434782608695654 0.07948489195272004
0.27826086956521745 0.0780706213761391
0.2521739130434783 0.07622186999974422
0.22608695652173916 0.0739008776820884
0.2 0.07105116874916687
0.2 0.07105116874916687
0.19437500000000002 0.07036117470596079
0.18875 0.06964285265917443
0.183125 0.06889550818214302
0.17750000000000002 0.06811837097599441
0.171875 0.06731026091342357
0.16625 0.06646986011761725
0.16062500000000002 0.06559585060919497
0.155 0.0646869144087762
0.149375 0.06374173353698051
0.14375000000000002 0.06275894681575606
0.138125 0.06173673632078803
0.1325 0.06067300968547945
0.12687500000000002 0.05956567079794293
0.12125000000000001 0.05841262354629101
0.11562500000000002 0.0572117717406414
0.11000000000000001 0.05596069341955494
0.10437500000000001 0.05465589725585395
0.09875000000000002 0.0532936728337017
0.09312500000000001 0.05187030973726139
0.08750000000000001 0.05038209732906259
0.081875 0.04882429433660938
0.07625000000000001 0.047188751478228576
0.07062500000000001 0.04546661601267445
0.065 0.04364903519870142
0.05937500000000001 0.04172694539283534
0.053750000000000006 0.039689287849789846
0.048125 0.03752390480213778
0.0425 0.035218621486088175
0.036875000000000005 0.032746855731092275
0.03125 0.03003640612488145
0.025625000000000002 0.027006093218752244
0.02 0.02358864224714867
0.02 0.02358864224714867
0.015 0.020200446215114406
0.01 0.01630908239585633
0.005 0.010640032620027879
0.0 0.0014404973295068933
0.0 -0.0013731815737281544
0.005 -0.007656266735878391
0.01 -0.007098519682823203
0.015 -0.006207819772827578
0.02 -0.005827216759778614
0.02 -0.005827216759778614
0.025625000000000002 -0.005317358318460246
0.03125 -0.0043883907109071784
0.036875000000000005 -0.0031804062664934196
0.0425 -0.0018617244965812919
0.048125 -0.0005578201062443912
0.053750000000000006 0.0007289554425886631
0.05937500000000001 0.0020182313115961943
0.065 0.003329636662456522
0.07062500000000001 0.004680824007689457
0.07625000000000001 0.0060745472451335545
0.081875 0.007506767502372645
0.08750000000000001 0.008973411318704053
0.09312500000000001 0.01047040523342509
0.09875000000000002 0.01199376679023664
0.10437500000000001 0.013541495692114065
0.11000000000000001 0.01511351405839891
0.11562500000000002 0.01670982306074632
0.12125000000000001 0.01833042387081144
0.12687500000000002 0.019975317660249434
0.1325 0.021644486843135212
0.138125 0.02333563899717865
0.14375000000000002 0.025042060846493613
0.149375 0.02675653079872026
0.155 0.028471827261498814
0.16062500000000002 0.030180728642469477
0.16625 0.031876013349272425
0.171875 0.03355045978954785
0.17750000000000002 0.0351973596532154
0.183125 0.03681357878457837
0.18875 0.03839750300493055
0.19437500000000002 0.039947523714012396
0.2 0.04146203231156432
0.2 0.04146203231156432
0.22608695652173916 0.047975196252101074
0.2521739130434783 0.0535959148067115
0.27826086956521745 0.058403680025751616
0.30434782608695654 0.06249582700716788
0.3304347826086957 0.06592695588182093
0.35652173913043483 0.06874009781538552
0.3826086956521739 0.07097215671466885
0.4086956521739131 0.07265594751769316
0.4347826086956522 0.07382115514476936
0.46086956521739136 0.07449086675416128
0.4869565217391305 0.0746867148215108
0.5130434782608697 0.07442451769091872
0.5391304347826088 0.07371674883715519
0.5652173913043479 0.07256590351162487
0.5913043478260871 0.07095355079535594
0.6173913043478262 0.06886079143881423
0.6434782608695653 0.06628636837743179
0.6695652173913045 0.06323848222070416
0.6956521739130436 0.05975660379139301
0.7217391304347827 0.055918496814115225
0.7478260869565219 0.05178447576862474
0.7739130434782611 0.0473729885688843
0.8 0.0427037775169577
0.8 0.0427037775169577
0.805625 0.04166649113328693
0.81125 0.040619204619704606
0.816875 0.0395622865853246
0.8225 0.03849601573957745
0.828125 0.037420344257804286
0.83375 0.03633515020056823
0.839375 0.03524031162843238
0.845 0.034135706601959866
0.8506250000000001 0.03302121318171377
0.8562500000000001 0.031896709428257265
0.8618750000000001 0.030762069706086737
0.8675 0.029617050659660155
0.873125 0.02846126953571507
0.87875 0.027294335510521787
0.884375 0.026115857760350667
0.89 0.02492544546147201
0.895625 0.023722707790156172
0.90125 0.022507289441173202
0.906875 0.02127910762632081
0.9125 0.020038205731569978
0.918125 0.018784627829732305
0.92375 0.01751841799361941
0.9293750000000001 0.016239621359581097
0.935 0.014948817063832843
0.940625 0.013647982921574793
0.94625 0.012339322945683951
0.951875 0.011025041149037323
0.9575 0.009707348259765599
0.963125 0.008388582336721245
0.96875 0.007071195308888988
0.974375 0.005757643117849889
0.98 0.004451667034900182
0.98 0.004451667034900182
0.985 0.0033044423914884344
0.99 0.0021776689595002685
0.995 0.001076129945516778
1.0 -1.0023026067112458e-16
