1.0 0.007
0.995 0.008135507979915467
0.99 0.009236645018804996
0.985 0.010305007887893692
0.98 0.01134219335840666
0.98 0.01134219335840666
0.974375 0.012473748445795577
0.96875 0.013570139079473355
0.963125 0.014633638787219488
0.9575 0.01566652109681347
0.951875 0.01667105953603479
0.94625 0.017649527632662948
0.940625 0.018604198914477437
0.935 0.01953734690925775
0.9293750000000001 0.020451245144783376
0.92375 0.021348167148833832
0.918125 0.022230386449188577
0.9125 0.02310017657362712
0.906875 0.023959811049928958
0.90125 0.024811563405873586
0.895625 0.025657507274191457
0.89 0.026498128782908744
0.884375 0.02733315702311668
0.87875 0.028162316423631255
0.873125 0.0289853314132685
0.8675 0.029801926420844397
0.8618750000000001 0.030611825875174994
0.8562500000000001 0.03141475420507628
0.8506250000000001 0.03221043583936427
0.845 0.032998595206855004
0.839375 0.033778956736364434
0.83375 0.03455124485670861
0.828125 0.03531518399670356
0.8225 0.03607049858516526
0.816875 0.03681691305090974
0.81125 0.03755415182275302
0.805625 0.038281939329511114
0.8 0.039
0.8 0.039
0.7739130434782611 0.042197870615754966
0.7478260869565219 0.0451702974776039
0.7217391304347827 0.0479069694767163
0.6956521739130436 0.05039763649432456
0.6695652173913045 0.052652724042987424
0.6434782608695653 0.05473334037754127
0.6173913043478262 0.05670821751068615
0.5913043478260871 0.058645344777990244
0.5652173913043479 0.06056815088710996
0.5391304347826088 0.06243099557243846
0.5130434782608697 0.06418229715131392
0.4869565217391305 0.06577219599880287
0.46086956521739136 0.0671904398177209
0.4347826086956522 0.06846638363863285
0.4086956521739131 0.06963110454983165
0.3826086956521739 0.07071055352806455
0.35652173913043483 0.07167109050335832
0.3304347826086957 0.07244062956914579
0.30434782608695654 0.07294644405491665
0.27826086956521745 0.0731170614737348
0.2521739130434783 0.07288934715106479
0.22608695652173916 0.07220356775822442
0.2 0.071
0.2 0.071
0.19437500000000002 0.07066679902177962
0.18875 0.07030590979807935
0.183125 0.0699164949917797
0.17750000000000002 0.06949771726576122
0.171875 0.0690487392829044
0.16625 0.0685687237060898
0.16062500000000002 0.06805683319819789
0.155 0.06751223042210922
0.149375 0.06693407747359859
0.14375000000000002 0.06632097161115041
0.138125 0.06566988533538051
0.1325 0.06497750078877959
0.12687500000000002 0.06424050011383832
0.12125000000000001 0.06345556545304734
0.11562500000000002 0.0626193789488974
0.11000000000000001 0.06172862274387908
0.10437500000000001 0.06077997898048313
0.09875000000000002 0.05977009784056043
0.09312500000000001 0.058690439897083634
0.08750000000000001 0.05752158312519272
0.081875 0.05624273518759877
0.07625000000000001 0.0548331037470128
0.07062500000000001 0.05327503363092043
0.065 0.05157578405994449
0.05937500000000001 0.049754495237338096
0.053750000000000006 0.047830380536378336
0.048125 0.045821977735255266
0.0425 0.04370728890693801
0.036875000000000005 0.04140148578130348
0.03125 0.038814335327532375
0.025625000000000002 0.03585560451480545
0.02 0.03243506031230343
0.02 0.03243506031230343
0.015 0.028933935798458214
0.01 0.024933252916928748
0.005 0.020369638126179444
0.0 0.015179717884674652
0.0 0.017
0.005 0.01319356090174655
0.01 0.010108780450873277
0.015 0.007627219549126727
0.02 0.005630439098253452
0.02 0.005630439098253452
0.025625000000000002 0.003816098454979994
0.03125 0.002340472272447459
0.036875000000000005 0.0012040335899149224
0.0425 0.0004296749957681902
0.048125 4.028907839306433e-05
0.053750000000000006 5.300618431183615e-05
0.05937500000000001 0.00041797059838347296
0.065 0.0010421097914906005
0.07062500000000001 0.0018316309542829104
0.07625000000000001 0.002692869637416248
0.081875 0.003553003847546022
0.08750000000000001 0.004382918173423741
0.09312500000000001 0.005159000639064848
0.09875000000000002 0.005857639268484777
0.10437500000000001 0.006458151227219558
0.11000000000000001 0.006963116017545935
0.11562500000000002 0.007386206304525615
0.12125000000000001 0.007741163071389867
0.12687500000000002 0.008041727301369971
0.1325 0.008301639977697199
0.138125 0.008534642083602832
0.14375000000000002 0.008754474602318143
0.149375 0.008974878517074404
0.155 0.009207543322298015
0.16062500000000002 0.00945267899009897
0.16625 0.009706504705771517
0.171875 0.009965235647795829
0.17750000000000002 0.010225086994652079
0.183125 0.010482273924820448
0.18875 0.010733011616781108
0.19437500000000002 0.010973515249014233
0.2 0.0112
0.2 0.0112
0.22608695652173916 0.012033575687941372
0.2521739130434783 0.012562419183065832
0.27826086956521745 0.012864721872342152
0.30434782608695654 0.013018627672516445
0.3304347826086957 0.013086188094852723
0.35652173913043483 0.013090006895583659
0.3826086956521739 0.01304675405310929
0.4086956521739131 0.012972957148543126
0.4347826086956522 0.01287659992580652
0.46086956521739136 0.012752423181173003
0.4869565217391305 0.012594028532623824
0.5130434782608697 0.012395336805050512
0.5391304347826088 0.012157610582281183
0.5652173913043479 0.011889454207080518
0.5913043478260871 0.011599791229123503
0.6173913043478262 0.011295657821968765
0.6434782608695653 0.010962149411822327
0.6695652173913045 0.010570206104017583
0.6956521739130436 0.010090532081873379
0.7217391304347827 0.009496825153715973
0.7478260869565219 0.008782684746920861
0.7739130434782611 0.007949828999883649
0.8 0.006999999999999999
0.8 0.006999999999999999
0.805625 0.006779976685935105
0.81125 0.0065542857018476685
0.816875 0.00632261695172601
0.8225 0.0060846603395584425
0.828125 0.005840105769333279
0.83375 0.0055886431450388315
0.839375 0.005329962370663419
0.845 0.005063753350195351
0.8506250000000001 0.004789705987622934
0.8562500000000001 0.004507510186934498
0.8618750000000001 0.004216855852118349
0.8675 0.0039174328871628
0.873125 0.0036089311960561684
0.87875 0.0032910406827867627
0.884375 0.0029634512513429015
0.89 0.0026258528057128963
0.895625 0.0022779352498850615
0.90125 0.001919414729216227
0.906875 0.0015542683312760547
0.9125 0.0011954083296140026
0.918125 0.0008568720964546628
0.92375 0.0005526970040226288
0.9293750000000001 0.00029692042454248927
0.935 0.00010357973023884727
0.940625 -1.3287706663709655e-05
0.94625 -3.96445139405889e-05
0.951875 3.854668063280346e-05
0.9575 0.0002353232492810595
0.963125 0.0005647225642287728
0.96875 0.0010407819977005356
0.974375 0.0016775389219209427
0.98 0.0024890307091145845
0.98 0.0024890307091145845
0.985 0.003368395737379965
0.99 0.0044067730318359385
0.995 0.00561402148765259
1.0 0.007
