1.0 0.0
0.995 0.0009512501080070748
0.99 0.001886068813630029
0.985 0.0028122313929274906
0.98 0.00373751312195809
0.98 0.00373751312195809
0.974375 0.004787083305641055
0.96875 0.005856424644153826
0.963125 0.0069525422394236
0.9575 0.0080740000095781
0.951875 0.009218303593497493
0.94625 0.010382969150952952
0.940625 0.011566405369107795
0.935 0.012768580105318146
0.9293750000000001 0.013989618216309055
0.92375 0.01522964455880561
0.918125 0.016488783963409505
0.9125 0.017767108685608525
0.906875 0.019064528187962154
0.90125 0.020380920520109473
0.895625 0.021716163731689553
0.89 0.023070135872341465
0.884375 0.024442702349494128
0.87875 0.025833565537611045
0.873125 0.027242314459711408
0.8675 0.028668535846223732
0.8618750000000001 0.03011181642757656
0.8562500000000001 0.03157174242009339
0.8506250000000001 0.033047861052896796
0.845 0.03453965391118927
0.839375 0.03604659627674257
0.83375 0.0375681634313285
0.828125 0.03910383065671888
0.8225 0.04065304933288222
0.816875 0.04221516587965589
0.81125 0.04378949791431454
0.805625 0.045375363053342846
0.8 0.04697207891322552
0.8 0.04697207891322552
0.7739130434782611 0.0544981412702474
0.7478260869565219 0.06216986159419339
0.7217391304347827 0.06993654801903643
0.6956521739130436 0.07771118980628197
0.6695652173913045 0.08536231381087109
0.6434782608695653 0.09274661702367588
0.6173913043478262 0.09970331247313918
0.5913043478260871 0.10605907601894105
0.5652173913043479 0.11165451597831515
0.5391304347826088 0.11641138796808984
0.5130434782608697 0.12035060547032715
0.4869565217391305 0.12351899700566449
0.46086956521739136 0.1259456072625456
0.4347826086956522 0.12764235701956744
0.4086956521739131 0.1286068220837184
0.3826086956521739 0.12883969374522147
0.35652173913043483 0.12836367382276065
0.3304347826086957 0.12718615778770115
0.30434782608695654 0.1252723156271117
0.27826086956521745 0.12260840509870201
0.2521739130434783 0.11916199887983592
0.22608695652173916 0.11488215637649349
0.2 0.10970371993545998
0.2 0.10970371993545998
0.19437500000000002 0.10846086485531779
0.18875 0.10717073038157833
0.183125 0.10583216336581203
0.17750000000000002 0.10444396660795849
0.171875 0.10300490239477787
0.16625 0.10151373150557204
0.16062500000000002 0.09996921471964294
0.155 0.09837003890894166
0.149375 0.09671419831878128
0.14375000000000002 0.0949993085026853
0.138125 0.09322298116250553
0.1325 0.09138282792459668
0.12687500000000002 0.08947625475928705
0.12125000000000001 0.08750001397721097
0.11562500000000002 0.08545072831575841
0.11000000000000001 0.08332502051231937
0.10437500000000001 0.08111940799115784
0.09875000000000002 0.07882900187543086
0.09312500000000001 0.07644791134068606
0.08750000000000001 0.07397022404501642
0.081875 0.07138996854582835
0.07625000000000001 0.06869943474489607
0.07062500000000001 0.06588893270862861
0.065 0.06294866491150158
0.05937500000000001 0.059868208198694775
0.053750000000000006 0.056628580719209384
0.048125 0.0532045998884208
0.0425 0.04957090678399798
0.036875000000000005 0.045698029330325705
0.03125 0.041548738206434725
0.025625000000000002 0.03708069341357046
0.02 0.03214751479997244
0.02 0.03214751479997244
0.015 0.027167143246200343
0.01 0.02146570307957817
0.005 0.014643407630433473
0.0 0.002775789002343203
0.0 0.0
0.005 -0.009298616286227721
0.01 -0.011267791049461566
0.015 -0.01257153335042424
0.02 -0.013399549725452483
0.02 -0.013399549725452483
0.025625000000000002 -0.013970316364741922
0.03125 -0.014392821804364953
0.036875000000000005 -0.014706732668303767
0.0425 -0.014922599830319596
0.048125 -0.015052067308025514
0.053750000000000006 -0.015109312748412686
0.05937500000000001 -0.015108871785957661
0.065 -0.01506528004165979
0.07062500000000001 -0.014990876779479845
0.07625000000000001 -0.014889693664118466
0.081875 -0.01476379848769025
0.08750000000000001 -0.014615259042309769
0.09312500000000001 -0.014446143053073002
0.09875000000000002 -0.014258406321350213
0.10437500000000001 -0.014053664156170056
0.11000000000000001 -0.013833467354014398
0.11562500000000002 -0.013599366711365087
0.12125000000000001 -0.013352913024704
0.12687500000000002 -0.013095598042615569
0.1325 -0.012828420878068403
0.138125 -0.012552135742901645
0.14375000000000002 -0.01226749507216302
0.149375 -0.01197525130090023
0.155 -0.01167615635412392
0.16062500000000002 -0.011370890117438633
0.16625 -0.011059986636361877
0.171875 -0.010743962342100037
0.17750000000000002 -0.010423333665859505
0.183125 -0.010098617038846671
0.18875 -0.009770321508730244
0.19437500000000002 -0.009438844971843106
0.2 -0.009104499415135633
0.2 -0.009104499415135633
0.22608695652173916 -0.007525300863164314
0.2521739130434783 -0.00591794396467405
0.27826086956521745 -0.004302592879099567
0.30434782608695654 -0.002695696510493232
0.3304347826086957 -0.0011078169546215452
0.35652173913043483 0.0004431335979179463
0.3826086956521739 0.001943490407560933
0.4086956521739131 0.0033886302810368966
0.4347826086956522 0.004757949270241919
0.46086956521739136 0.006045102167050596
0.4869565217391305 0.007243450830779821
0.5130434782608697 0.008333472507403206
0.5391304347826088 0.009292542396077946
0.5652173913043479 0.010113497670314026
0.5913043478260871 0.010789972592587559
0.6173913043478262 0.011310226221369101
0.6434782608695653 0.011672616495365065
0.6695652173913045 0.011881367630956482
0.6956521739130436 0.011934491387703037
0.7217391304347827 0.011835794907294363
0.7478260869565219 0.011588894733919823
0.7739130434782611 0.01118525411690965
0.8 0.010613324005141152
0.8 0.010613324005141152
0.805625 0.01046724971859415
0.81125 0.010312901669891569
0.816875 0.010150179500791508
0.8225 0.009978982853052069
0.828125 0.009799214375636025
0.83375 0.00961083063771487
0.839375 0.009413834813311
0.845 0.009208231610823278
0.8506250000000001 0.008994025738650553
0.8562500000000001 0.008771221905191702
0.8618750000000001 0.008539799217155673
0.8675 0.008299615778953232
0.873125 0.008050493981130153
0.87875 0.007792256209031791
0.884375 0.0075247248480034955
0.89 0.007247724060755308
0.895625 0.006961218886973027
0.90125 0.006665415083923862
0.906875 0.006360541969078744
0.9125 0.006046828859908608
0.918125 0.005724505073884386
0.92375 0.005393775709890052
0.9293750000000001 0.005054561546805999
0.935 0.004706598603028024
0.940625 0.0043496197573829505
0.94625 0.003983357888697605
0.951875 0.003607520544293758
0.9575 0.00322154442521744
0.963125 0.0028247020970586737
0.96875 0.002416263829066532
0.974375 0.001995867425947554
0.98 0.0015655450631068355
0.98 0.0015655450631068355
0.985 0.0011771213982654945
0.99 0.000785320950850927
0.995 0.0003922462937876051
1.0 0.0
