1.0 0.0
0.995 0.0006793828919943784
0.99 0.001397477929114125
0.985 0.0021476593672658836
0.98 0.0029229933401815076
0.98 0.0029229933401815076
0.974375 0.003816262180173608
0.96875 0.004722086310116792
0.963125 0.0056346883297687285
0.9575 0.006551628776460714
0.951875 0.007470555409559517
0.94625 0.008389395924018845
0.940625 0.009307483681864308
0.935 0.010224592307505732
0.9293750000000001 0.011140495578185156
0.92375 0.012054971919263933
0.918125 0.01296803874047398
0.9125 0.013880062591579376
0.906875 0.014791437698853396
0.90125 0.015702558288569327
0.895625 0.016613818587000458
0.89 0.01752555008307256
0.884375 0.018437792054463165
0.87875 0.0193504987688591
0.873125 0.020263624484409656
0.8675 0.021177123459264122
0.8618750000000001 0.02209094995157178
0.8562500000000001 0.023005050578378712
0.8506250000000001 0.023919312145546618
0.845 0.02483359328684857
0.839375 0.025747752471163062
0.83375 0.02666164816736862
0.828125 0.02757513884434375
0.8225 0.02848808297096699
0.816875 0.029400349429452573
0.81125 0.030311856522625774
0.805625 0.031222537199286596
0.8 0.03213232441052052
0.8 0.03213232441052052
0.7739130434782611 0.036337988727944276
0.7478260869565219 0.04051399724861393
0.7217391304347827 0.044646946621285766
0.6956521739130436 0.04872218546152944
0.6695652173913045 0.052723870777975336
0.6434782608695653 0.05663181338955714
0.6173913043478262 0.06042192245673716
0.5913043478260871 0.0640614453161898
0.5652173913043479 0.06750868253991064
0.5391304347826088 0.07070195580425125
0.5130434782608697 0.07358190162864293
0.4869565217391305 0.07610257999557075
0.46086956521739136 0.07822506999363296
0.4347826086956522 0.07991808356171105
0.4086956521739131 0.08115034272751652
0.3826086956521739 0.08188975033477225
0.35652173913043483 0.08210165252450388
0.3304347826086957 0.08175482718312482
0.30434782608695654 0.0808387383564556
0.27826086956521745 0.07935326070218883
0.2521739130434783 0.07730586415779794
0.22608695652173916 0.07468965814185419
0.2 0.07147928387124099
0.2 0.07147928387124099
0.19437500000000002 0.070704443177598
0.18875 0.06989906389356088
0.183125 0.06906247172059791
0.17750000000000002 0.0681937020351769
0.171875 0.06729174561912903
0.16625 0.06635559325428544
0.16062500000000002 0.06538423572247738
0.155 0.06437666380553597
0.149375 0.06333178922075534
0.14375000000000002 0.06224797314192639
0.138125 0.06112334261718862
0.1325 0.05995602383548332
0.12687500000000002 0.058744142985751785
0.12125000000000001 0.05748582625274446
0.11562500000000002 0.0561789606780049
0.11000000000000001 0.05482055021751234
0.10437500000000001 0.053407395036295095
0.09875000000000002 0.051936295299381416
0.09312500000000001 0.05040405117179962
0.08750000000000001 0.04880714492252143
0.081875 0.047140017807563966
0.07625000000000001 0.045396304431549565
0.07062500000000001 0.043569637411960564
0.065 0.041653596514325764
0.05937500000000001 0.03963816772304723
0.053750000000000006 0.03750750899670439
0.048125 0.035245245584833135
0.0425 0.032834791193394844
0.036875000000000005 0.03025429667417491
0.03125 0.027476419324985804
0.025625000000000002 0.024471977809874618
0.02 0.021139008254361158
0.02 0.021139008254361158
0.015 0.017736177426074227
0.01 0.01376453410949762
0.005 0.009075744033003244
0.0 0.0035214729249630206
0.0 0.010793224557320577
0.005 -0.014678432529701874
0.01 1.7569314865818101e-06
0.015 -0.003662665906945534
0.02 -0.01178475455692513
0.02 -0.01178475455692513
0.025625000000000002 -0.014951515544887571
0.03125 -0.01383461793506157
0.036875000000000005 -0.011903829925682266
0.0425 -0.01137322116894009
0.048125 -0.011943913111269983
0.053750000000000006 -0.013017673867309306
0.05937500000000001 -0.01399912772389012
0.065 -0.014538799589575721
0.07062500000000001 -0.014718814064310413
0.07625000000000001 -0.01466501773846085
0.081875 -0.014503257202393711
0.08750000000000001 -0.014357492926020891
0.09312500000000001 -0.014287463229527677
0.09875000000000002 -0.01427439297122493
0.10437500000000001 -0.014294726406670783
0.11000000000000001 -0.01432490779142336
0.11562500000000002 -0.014341381381040803
0.12125000000000001 -0.014322240593091487
0.12687500000000002 -0.014263338722522013
0.1325 -0.014171350524510413
0.138125 -0.014053104556166126
0.14375000000000002 -0.013915429374598597
0.149375 -0.01376515353691726
0.155 -0.013609102540211523
0.16062500000000002 -0.013452234886841942
0.16625 -0.013294473816188082
0.171875 -0.013134902209625132
0.17750000000000002 -0.012972602948528303
0.183125 -0.012806658914272788
0.18875 -0.01263615298823379
0.19437500000000002 -0.012460168051786511
0.2 -0.012277936770295058
0.2 -0.012277936770295058
0.22608695652173916 -0.011364376687424719
0.2521739130434783 -0.01038478972657941
0.27826086956521745 -0.00937942608965166
0.30434782608695654 -0.008362712284365035
0.3304347826086957 -0.007344943170445954
0.35652173913043483 -0.006334394344707985
0.3826086956521739 -0.005339795013154724
0.4086956521739131 -0.004369993885080275
0.4347826086956522 -0.0034312860307566875
0.46086956521739136 -0.0025282336038419243
0.4869565217391305 -0.0016658351354601254
0.5130434782608697 -0.0008494283734888389
0.5391304347826088 -8.250930766536071e-05
0.5652173913043479 0.0006335223784782426
0.5913043478260871 0.0012960484348425254
0.6173913043478262 0.0019003920526296807
0.6434782608695653 0.0024423612683447315
0.6695652173913045 0.0029190747148237265
0.6956521739130436 0.003326721509592268
0.7217391304347827 0.0036590674313143807
0.7478260869565219 0.003911205932400364
0.7739130434782611 0.004081553113632542
0.8 0.0041642291002047275
0.8 0.0041642291002047275
0.805625 0.004169353432073182
0.81125 0.0041696775069718925
0.816875 0.004165081312107437
0.8225 0.004155473588832388
0.828125 0.0041407670025494945
0.83375 0.004120874218661502
0.839375 0.004095707902571159
0.845 0.004065180719681209
0.8506250000000001 0.0040292053353944
0.8562500000000001 0.003987685795018181
0.8618750000000001 0.003940455043703105
0.8675 0.003887311017824437
0.873125 0.0038280514089314524
0.87875 0.0037624739085734276
0.884375 0.0036903762082996397
0.89 0.003611555979439335
0.895625 0.00352578621576757
0.90125 0.003432767249248484
0.906875 0.003332186104810236
0.9125 0.0032237298073809844
0.918125 0.003107085381888885
0.92375 0.002981939386154678
0.9293750000000001 0.0028479413111544352
0.935 0.0027046772871279433
0.940625 0.0025517272398146227
0.94625 0.002388671094953897
0.951875 0.002215075105474145
0.9575 0.002030042262718117
0.963125 0.0018321105255326288
0.96875 0.0016197835738001336
0.974375 0.0013914261492855176
0.98 0.0011428898545752183
0.98 0.0011428898545752183
0.985 0.0008999115403536301
0.99 0.0006314841733166824
0.995 0.00033304880781895714
1.0 0.0
