1.0 0.0
0.995 0.0007666774410841251
0.99 0.001614016313323832
0.985 0.0025212219516677933
0.98 0.003469967644616009
0.98 0.003469967644616009
0.974375 0.004568736285878199
0.96875 0.0056812991884353905
0.963125 0.00679415900370248
0.9575 0.007902257127302331
0.951875 0.009001067724390844
0.94625 0.010086381437682193
0.940625 0.011157171215070158
0.935 0.012214249465424086
0.9293750000000001 0.013258450943181897
0.92375 0.014290610586990039
0.918125 0.015311668124570807
0.9125 0.016322843015501486
0.906875 0.01732540089417405
0.90125 0.018320607394980506
0.895625 0.019309728152312848
0.89 0.020293977048617896
0.884375 0.021274095860570445
0.87875 0.022250573777699
0.873125 0.023223897601143344
0.8675 0.024194554132043248
0.8618750000000001 0.02516303017153848
0.8562500000000001 0.02612979115605107
0.8506250000000001 0.027094939863928767
0.845 0.028058276142801493
0.839375 0.02901959054245082
0.83375 0.02997867361265844
0.828125 0.03093531590320595
0.8225 0.03188930796387501
0.816875 0.03284046228609186
0.81125 0.03378879827471938
0.805625 0.03473444902950811
0.8 0.03567754882579665
0.8 0.03567754882579665
0.7739130434782611 0.04002182752130501
0.7478260869565219 0.04431672151924133
0.7217391304347827 0.04854169607386846
0.6956521739130436 0.05268274447899037
0.6695652173913045 0.05673432762983703
0.6434782608695653 0.06068020641800437
0.6173913043478262 0.06449716997981012
0.5913043478260871 0.06815750209196904
0.5652173913043479 0.07162458093237652
0.5391304347826088 0.0748342421856091
0.5130434782608697 0.07772328027215526
0.4869565217391305 0.08024751647734685
0.46086956521739136 0.08236589009839346
0.4347826086956522 0.08403774555653529
0.4086956521739131 0.08522857250793446
0.3826086956521739 0.08591060623391508
0.35652173913043483 0.0860553525843341
0.3304347826086957 0.08563450987081092
0.30434782608695654 0.08462468458632794
0.27826086956521745 0.0830171343333645
0.2521739130434783 0.08083014764918556
0.22608695652173916 0.07805667164718881
0.2 0.07466217491682857
0.2 0.07466217491682857
0.19437500000000002 0.07384439217553002
0.18875 0.07299504795523944
0.183125 0.07211357573927091
0.17750000000000002 0.07119897042318599
0.171875 0.07025004775778271
0.16625 0.06926562296173477
0.16062500000000002 0.06824451125371586
0.155 0.06718552785239967
0.149375 0.06608747779071539
0.14375000000000002 0.0649489303561747
0.138125 0.06376821826945984
0.1325 0.0625436639012254
0.12687500000000002 0.0612735896221259
0.12125000000000001 0.059956317802815975
0.11562500000000002 0.05859003748708688
0.11000000000000001 0.057171657302357556
0.10437500000000001 0.055697372032889325
0.09875000000000002 0.054163368724670605
0.09312500000000001 0.052565834423689846
0.08750000000000001 0.050900880166857676
0.081875 0.04916323690743194
0.07625000000000001 0.04734643350871948
0.07062500000000001 0.045443958636599224
0.065 0.04344930077596057
0.05937500000000001 0.04135360027540635
0.053750000000000006 0.0391397750360772
0.048125 0.03678894421672056
0.0425 0.03428220691729428
0.036875000000000005 0.03159787406308525
0.03125 0.028708635571867765
0.025625000000000002 0.02558635163908336
0.02 0.02214388367338778
0.02 0.02214388367338778
0.015 0.018625918331682013
0.01 0.01448838799819192
0.005 0.009550321164547872
0.0 0.0036307463223802564
0.0 0.003689961723398287
0.005 -0.010545020772442043
0.01 -0.007521716604675412
0.015 -0.008764280822489234
0.02 -0.012219257291459886
0.02 -0.012219257291459886
0.025625000000000002 -0.014767197029082557
0.03125 -0.01565342531402954
0.036875000000000005 -0.01582946995931345
0.0425 -0.01614748190427473
0.048125 -0.01675811936152273
0.053750000000000006 -0.017511466494087656
0.05937500000000001 -0.018256462165142488
0.065 -0.01885831088320033
0.07062500000000001 -0.019301746599546463
0.07625000000000001 -0.0196248102909175
0.081875 -0.019865788725219075
0.08750000000000001 -0.020062968670356795
0.09312500000000001 -0.02024922992264397
0.09875000000000002 -0.020429027175698715
0.10437500000000001 -0.020597507007477513
0.11000000000000001 -0.020749810636394556
0.11562500000000002 -0.020881079280864044
0.12125000000000001 -0.020986461304730083
0.12687500000000002 -0.02106320812257833
0.1325 -0.02111359163488009
0.138125 -0.02114061702574558
0.14375000000000002 -0.021147289479284972
0.149375 -0.021136614179608458
0.155 -0.021111596310826236
0.16062500000000002 -0.021075114007264115
0.16625 -0.021028474117743876
0.171875 -0.020971923090489192
0.17750000000000002 -0.02090568748025721
0.183125 -0.020829993841805113
0.18875 -0.020745068729890025
0.19437500000000002 -0.020651138699269118
0.2 -0.020548432943964117
0.2 -0.020548432943964117
0.22608695652173916 -0.019969367443148353
0.2521739130434783 -0.019256616611804653
0.27826086956521745 -0.018448034555148946
0.30434782608695654 -0.017567338171719044
0.3304347826086957 -0.016634534141430905
0.35652173913043483 -0.01566703666254878
0.3826086956521739 -0.014679004051307782
0.4086956521739131 -0.013682064843959991
0.4347826086956522 -0.012684766445066215
0.46086956521739136 -0.011693423137031039
0.4869565217391305 -0.010715080946106216
0.5130434782608697 -0.00975743126249027
0.5391304347826088 -0.008826392978322595
0.5652173913043479 -0.007925793421184234
0.5913043478260871 -0.007058584198189867
0.6173913043478262 -0.0062265795878704904
0.6434782608695653 -0.005433044345653931
0.6695652173913045 -0.004684142947530815
0.6956521739130436 -0.003983767534420903
0.7217391304347827 -0.003330471516625427
0.7478260869565219 -0.0027253085606445287
0.7739130434782611 -0.00217510576939605
0.8 -0.0016833312923666744
0.8 -0.0016833312923666744
0.805625 -0.0015847990698538105
0.81125 -0.001488886910916051
0.816875 -0.0013956354588170016
0.8225 -0.001305155900544684
0.828125 -0.0012175635635958324
0.83375 -0.001132973775467179
0.839375 -0.0010515018636554573
0.845 -0.0009732631556574006
0.8506250000000001 -0.0008983729783988371
0.8562500000000001 -0.0008268910916421007
0.8618750000000001 -0.0007586693133147378
0.8675 -0.0006935108295145233
0.873125 -0.0006312188263392319
0.87875 -0.0005715964898866382
0.884375 -0.0005144470062545168
0.89 -0.0004595698901509916
0.895625 -0.0004066003277743548
0.90125 -0.000354946623408395
0.906875 -0.0003040004897867753
0.9125 -0.0002531536396431584
0.918125 -0.00020179778571120728
0.92375 -0.0001493307652869727
0.9293750000000001 -9.524919089864509e-05
0.935 -3.912953450312688e-05
0.940625 1.944944421388334e-05
0.94625 8.090898556668606e-05
0.951875 0.000145375124226955
0.9575 0.00020992156292026505
0.963125 0.0002698191319762685
0.96875 0.0003203152760147047
0.974375 0.0003561919732893961
0.98 0.0003684695968085281
0.98 0.0003684695968085281
0.985 0.00035084084076747934
0.99 0.00029734556961476537
0.995 0.00018876620246857255
1.0 0.0
