1.0 0.0
0.995 0.0007375262829292538
0.99 0.0015851966303356115
0.985 0.002509350691114913
0.98 0.0034816529554575365
0.98 0.0034816529554575365
0.974375 0.0046126367035099446
0.96875 0.005762602989830153
0.963125 0.006914242782322125
0.9575 0.008059599369562171
0.951875 0.009192120861904013
0.94625 0.010305310662544835
0.940625 0.011395655556359666
0.935 0.012464084010004182
0.9293750000000001 0.013511886002075412
0.92375 0.014540351511170405
0.918125 0.015550806585664325
0.9125 0.016544997940611497
0.906875 0.01752494433396096
0.90125 0.018492669086778202
0.895625 0.019450195520128718
0.89 0.020399546356795688
0.884375 0.021342403979917875
0.87875 0.022279542244343534
0.873125 0.02321158503585313
0.8675 0.024139156240227107
0.8618750000000001 0.02506287974324593
0.8562500000000001 0.02598337943069006
0.8506250000000001 0.026901217155558252
0.845 0.027816522823149344
0.839375 0.028729242647489616
0.83375 0.0296393221684922
0.828125 0.030546706926070165
0.8225 0.03145134246013659
0.816875 0.03235317431060456
0.81125 0.0332521563384965
0.805625 0.034148303205763064
0.8 0.03504165655503838
0.8 0.03504165655503838
0.7739130434782611 0.03914943322626241
0.7478260869565219 0.04320171331438877
0.7217391304347827 0.04720002602506554
0.6956521739130436 0.051140910351666416
0.6695652173913045 0.05501155964047661
0.6434782608695653 0.05879897170190725
0.6173913043478262 0.06249144370045578
0.5913043478260871 0.06607617418248969
0.5652173913043479 0.06953827973089946
0.5391304347826088 0.07284858472519327
0.5130434782608697 0.07596541268843446
0.4869565217391305 0.07883384509622818
0.46086956521739136 0.0813911043929843
0.4347826086956522 0.08357948013815457
0.4086956521739131 0.08534516345344716
0.3826086956521739 0.08664143080329112
0.35652173913043483 0.08742360886904738
0.3304347826086957 0.08764567108777052
0.30434782608695654 0.08726154882770591
0.27826086956521745 0.08622531995929036
0.2521739130434783 0.08448758581712222
0.22608695652173916 0.08200638805053427
0.2 0.07877923412341221
0.2 0.07877923412341221
0.19437500000000002 0.07798443547949789
0.18875 0.07715335333552076
0.183125 0.07628539264552102
0.17750000000000002 0.0753799583635389
0.171875 0.07443643782980015
0.16625 0.07345378580240951
0.16062500000000002 0.07243050862579871
0.155 0.0713650918629923
0.149375 0.07025602107701483
0.14375000000000002 0.06910178183089084
0.138125 0.06790085447710702
0.1325 0.06665139438620851
0.12687500000000002 0.06535104597434915
0.12125000000000001 0.06399740884831263
0.11562500000000002 0.06258808261488258
0.11000000000000001 0.0611206668808426
0.10437500000000001 0.05959256796352155
0.09875000000000002 0.05799945512134008
0.09312500000000001 0.056336079472740073
0.08750000000000001 0.054597183810445246
0.081875 0.052777510927179215
0.07625000000000001 0.05087157583386295
0.07062500000000001 0.04887211056597169
0.065 0.04677100734711598
0.05937500000000001 0.04456015348538868
0.053750000000000006 0.0422308453675199
0.048125 0.0397607597825946
0.0425 0.037113938122056156
0.036875000000000005 0.03425382769598458
0.03125 0.031145975708249916
0.025625000000000002 0.027766138888728743
0.02 0.024092994577430048
0.02 0.024092994577430048
0.015 0.020453050508468705
0.01 0.016025126074754963
0.005 0.010330753670279476
0.0 0.002891465689032911
0.0 -0.0009274912476891328
0.005 -0.008976259969299044
0.01 -0.01290656331337499
0.015 -0.015207101818227584
0.02 -0.017529353764441084
0.02 -0.017529353764441084
0.025625000000000002 -0.020144737861311438
0.03125 -0.022487157578495995
0.036875000000000005 -0.024457305781907548
0.0425 -0.02615077476894854
0.048125 -0.027672226002764685
0.053750000000000006 -0.029107523881949166
0.05937500000000001 -0.030470676090732885
0.065 -0.031758522430822375
0.07062500000000001 -0.03296790270392421
0.07625000000000001 -0.03409633294552281
0.081875 -0.03514780372657413
0.08750000000000001 -0.03612990651864621
0.09312500000000001 -0.03705027152458134
0.09875000000000002 -0.037916528947221764
0.10437500000000001 -0.038736049088712046
0.11000000000000001 -0.03951296667748133
0.11562500000000002 -0.04024922253237587
0.12125000000000001 -0.04094671581309054
0.12687500000000002 -0.04160734567932029
0.1325 -0.04223301129075999
0.138125 -0.04282554635839826
0.14375000000000002 -0.043386358501721664
0.149375 -0.043916684789128406
0.155 -0.04441776183672027
0.16062500000000002 -0.04489082626059902
0.16625 -0.04533711467686649
0.171875 -0.04575785993301991
0.17750000000000002 -0.046154104534396376
0.183125 -0.04652661487092
0.18875 -0.04687613566161122
0.19437500000000002 -0.04720341162549051
0.2 -0.04750918748157833
0.2 -0.04750918748157833
0.22608695652173916 -0.04866586803937724
0.2521739130434783 -0.04942125921452161
0.27826086956521745 -0.04980164433099498
0.30434782608695654 -0.049822282047759604
0.3304347826086957 -0.04947308910424156
0.35652173913043483 -0.04870110635479918
0.3826086956521739 -0.04749705531170278
0.4086956521739131 -0.045911540963250626
0.4347826086956522 -0.04402796572624605
0.46086956521739136 -0.04195275828352437
0.4869565217391305 -0.03975407154110674
0.5130434782608697 -0.03746959354136059
0.5391304347826088 -0.0351285096690967
0.5652173913043479 -0.032753763582523326
0.5913043478260871 -0.03036424952013027
0.6173913043478262 -0.027975429239199056
0.6434782608695653 -0.025600233029029057
0.6695652173913045 -0.023249278498937563
0.6956521739130436 -0.020932162625436124
0.7217391304347827 -0.01865773735605176
0.7478260869565219 -0.016437421821788492
0.7739130434782611 -0.014284193916095467
0.8 -0.012204066190596765
0.8 -0.012204066190596765
0.805625 -0.011765296508782214
0.81125 -0.01133012695153026
0.816875 -0.01089873127452847
0.8225 -0.010471284365250593
0.828125 -0.01004796111117039
0.83375 -0.00962893639976162
0.839375 -0.009214385118498033
0.845 -0.008804482144237083
0.8506250000000001 -0.008399381762735155
0.8562500000000001 -0.007999174718096067
0.8618750000000001 -0.007603939536250998
0.8675 -0.007213754743131119
0.873125 -0.006828698864667616
0.87875 -0.006448850426791669
0.884375 -0.006074285498282837
0.89 -0.005704802179266196
0.895625 -0.0053396688183011826
0.90125 -0.004978094285823462
0.906875 -0.004619287452268702
0.9125 -0.004262457188072572
0.918125 -0.00390681716160162
0.92375 -0.003552096971703862
0.9293750000000001 -0.003198995229404962
0.935 -0.0028483174074644653
0.940625 -0.002500868978641899
0.94625 -0.0021574577796680604
0.951875 -0.0018195198301346662
0.9575 -0.0014899609138441384
0.963125 -0.0011718967023367252
0.96875 -0.0008684436913414661
0.974375 -0.0005853435736285892
0.98 -0.00033678606317138907
0.98 -0.00033678606317138907
0.985 -0.00015768704775921035
0.99 -3.042408263599684e-05
0.995 2.8272200815959554e-05
1.0 0.0
