1.0 0.0
0.995 0.002318727839611367
0.99 0.004746314721364439
0.985 0.007185545699326354
0.98 0.009570646320367216
0.98 0.009570646320367216
0.974375 0.012131569153500341
0.96875 0.014524989345463894
0.963125 0.016762740933609514
0.9575 0.018863180837064255
0.951875 0.020844791508010014
0.94625 0.02272631605647932
0.940625 0.024526530034929814
0.935 0.02626401743722624
0.9293750000000001 0.02795115131924423
0.92375 0.02959288651040054
0.918125 0.031193742433113774
0.9125 0.032758238509802626
0.906875 0.03429053610964995
0.90125 0.03579249136624107
0.895625 0.03726504701821022
0.89 0.03870914352023969
0.884375 0.040125721327011754
0.87875 0.04151572436120387
0.873125 0.042880167849038316
0.8675 0.04422013391459362
0.8618750000000001 0.045536707267682004
0.8562500000000001 0.046830972618115724
0.8506250000000001 0.048104014675706984
0.845 0.049356892943665784
0.839375 0.050590187757958024
0.83375 0.05180405028671805
0.828125 0.05299861652944557
0.8225 0.054174022485640266
0.816875 0.055330404154801865
0.81125 0.05646789753643001
0.805625 0.05758667380196458
0.8 0.0586870614981496
0.8 0.0586870614981496
0.7739130434782611 0.06356069290141034
0.7478260869565219 0.06808022730031171
0.7217391304347827 0.07225814243124319
0.6956521739130436 0.07610292057865618
0.6695652173913045 0.07962880405983336
0.6434782608695653 0.08284446056759283
0.6173913043478262 0.0857525931903968
0.5913043478260871 0.08835191938537529
0.5652173913043479 0.09063979614388208
0.5391304347826088 0.09261575256483341
0.5130434782608697 0.09427669724025496
0.4869565217391305 0.09560992459225354
0.46086956521739136 0.09660316124499546
0.4347826086956522 0.09724841862040896
0.4086956521739131 0.09753346263060417
0.3826086956521739 0.09743966004325418
0.35652173913043483 0.0969478451193571
0.3304347826086957 0.0960371486822656
0.30434782608695654 0.09467360498667879
0.27826086956521745 0.09281736441883236
0.2521739130434783 0.09042971972874307
0.22608695652173916 0.08746181531322345
0.2 0.08384675913679528
0.2 0.08384675913679528
0.19437500000000002 0.08297351002433485
0.18875 0.08206460301944951
0.183125 0.0811189527963751
0.17750000000000002 0.08013545661883732
0.171875 0.0791129558696475
0.16625 0.07805028074296683
0.16062500000000002 0.07694626143295641
0.155 0.07579972813377733
0.149375 0.0746095110395908
0.14375000000000002 0.073374282163694
0.138125 0.07209161517252902
0.1325 0.07075861781859936
0.12687500000000002 0.06937239616610977
0.12125000000000001 0.06793005627926503
0.11562500000000002 0.0664287037019538
0.11000000000000001 0.06486518934385961
0.10437500000000001 0.06323569983920069
0.09875000000000002 0.06153631486015781
0.09312500000000001 0.05976311407891178
0.08750000000000001 0.05791217646993162
0.081875 0.055978491018846735
0.07625000000000001 0.053953752664036896
0.07062500000000001 0.05182903650187284
0.065 0.049595417628725214
0.05937500000000001 0.04724318930163872
0.053750000000000006 0.04475466058674546
0.048125 0.042107469695928705
0.0425 0.03927919597927044
0.036875000000000005 0.03624507549274836
0.03125 0.03297116894710182
0.025625000000000002 0.02942129097831056
0.02 0.025508247374151798
0.02 0.025508247374151798
0.015 0.021502497258601493
0.01 0.016765273676604537
0.005 0.011070964047395953
0.0 0.004193955790210774
0.0 0.00545365053638447
0.005 -0.012777876066717842
0.01 -0.006511939478187271
0.015 -0.008212269590690309
0.02 -0.013090795910437545
0.02 -0.013090795910437545
0.025625000000000002 -0.01609477328677084
0.03125 -0.016635501891085102
0.036875000000000005 -0.01630614964358271
0.0425 -0.01641464821769815
0.048125 -0.01702961287345326
0.053750000000000006 -0.017883152921146644
0.05937500000000001 -0.018707371943213404
0.065 -0.01929355939362533
0.07062500000000001 -0.019653312412222203
0.07625000000000001 -0.01984947768175191
0.081875 -0.019944901884962327
0.08750000000000001 -0.020002308690085832
0.09312500000000001 -0.020063186950411697
0.09875000000000002 -0.020123830965056145
0.10437500000000001 -0.020174744552591394
0.11000000000000001 -0.020206431531589655
0.11562500000000002 -0.02020939572062312
0.12125000000000001 -0.020174602925367616
0.12687500000000002 -0.02010031029832203
0.1325 -0.019990588076613407
0.138125 -0.019849668065947446
0.14375000000000002 -0.019681782072029832
0.149375 -0.019491161900566253
0.155 -0.01928203573672454
0.16062500000000002 -0.019057566165010288
0.16625 -0.01881837192589403
0.171875 -0.018564700210308385
0.17750000000000002 -0.01829679820918599
0.183125 -0.018014913113459464
0.18875 -0.017719292114061452
0.19437500000000002 -0.017410182403831093
0.2 -0.0170879005763848
0.2 -0.0170879005763848
0.22608695652173916 -0.015438447595956677
0.2521739130434783 -0.013579972578556037
0.27826086956521745 -0.011564538428181398
0.30434782608695654 -0.00943410025998643
0.3304347826086957 -0.007220223053941214
0.35652173913043483 -0.0049483750896009366
0.3826086956521739 -0.0026402482423854654
0.4086956521739131 -0.0003162284797042868
0.4347826086956522 0.0020000138566707505
0.46086956521739136 0.004283934384442919
0.4869565217391305 0.006519532075870797
0.5130434782608697 0.008695933037568616
0.5391304347826088 0.010794974860995071
0.5652173913043479 0.012791614293536493
0.5913043478260871 0.01466607759310462
0.6173913043478262 0.016406841563133105
0.6434782608695653 0.01799901986792908
0.6695652173913045 0.019418099413923612
0.6956521739130436 0.020638045807425384
0.7217391304347827 0.021632405020268763
0.7478260869565219 0.022373774242267996
0.7739130434782611 0.02283085655113062
0.8 0.02296669080812185
0.8 0.02296669080812185
0.805625 0.022948554092035032
0.81125 0.0229122084712304
0.816875 0.022857028301449804
0.8225 0.0227823879384351
0.828125 0.02268763073699525
0.83375 0.022571908055450972
0.839375 0.02243429784249146
0.845 0.022273877899221337
0.8506250000000001 0.022089726026745228
0.8562500000000001 0.021880920026167767
0.8618750000000001 0.021646537698593572
0.8675 0.021385656845127263
0.873125 0.02109719380004864
0.87875 0.02077929859283894
0.884375 0.020429894155813578
0.89 0.020046903385849305
0.895625 0.01962824917982287
0.90125 0.019171854434611047
0.906875 0.01867564204709058
0.9125 0.018137093694065853
0.918125 0.017551390241237624
0.92375 0.016912965009432682
0.9293750000000001 0.016216250923091417
0.935 0.015455680906654235
0.940625 0.01462568788456151
0.94625 0.013720341230068546
0.951875 0.012731884782437612
0.9575 0.011651990613999581
0.963125 0.010472330598602789
0.96875 0.009184585790351387
0.974375 0.007782405670994482
0.98 0.006263842503568828
0.98 0.006263842503568828
0.985 0.00481521268138217
0.99 0.003274805990848762
0.995 0.0016609549686781456
1.0 0.0
