1.0 0.0
0.995 0.00040924723715669387
0.99 0.0008800309031502778
0.985 0.0013967480895797784
0.98 0.0019461515684330685
0.98 0.0019461515684330685
0.974375 0.0025913602571002742
0.96875 0.0032526441664269285
0.963125 0.003921476463295865
0.9575 0.0045961664901588385
0.951875 0.005275576343648744
0.94625 0.0059585974363770495
0.940625 0.006644723930697568
0.935 0.007334015496130706
0.9293750000000001 0.008026553660160893
0.92375 0.00872241995027258
0.918125 0.009421661575563348
0.9125 0.010124050014913037
0.906875 0.010829223955281042
0.90125 0.011536821232540571
0.895625 0.012246479682564829
0.89 0.012957837069945858
0.884375 0.013670511235934277
0.87875 0.014384072936238645
0.873125 0.01509808612630494
0.8675 0.015812114761579153
0.8618750000000001 0.016525722797507244
0.8562500000000001 0.01723847418953521
0.8506250000000001 0.017949960649650744
0.845 0.01865996075409354
0.839375 0.019368330180373514
0.83375 0.020074924847894013
0.828125 0.020779600676058413
0.8225 0.02148221358427007
0.816875 0.022182619491932346
0.81125 0.022880673021587514
0.805625 0.023576219739945427
0.8 0.02426910135292327
0.8 0.02426910135292327
0.7739130434782611 0.02744304574274255
0.7478260869565219 0.03054034072458317
0.7217391304347827 0.03354451639132358
0.6956521739130436 0.036442975307207554
0.6695652173913045 0.039231112268359646
0.6434782608695653 0.04189890039396891
0.6173913043478262 0.04442867108462266
0.5913043478260871 0.04680981880653891
0.5652173913043479 0.04903830679689831
0.5391304347826088 0.05110476072861502
0.5130434782608697 0.052995586729575495
0.4869565217391305 0.05469696166546557
0.46086956521739136 0.0561952104981978
0.4347826086956522 0.05747888755221327
0.4086956521739131 0.05853695119135119
0.3826086956521739 0.05935190481233998
0.35652173913043483 0.05990297403518283
0.3304347826086957 0.060167751015461915
0.30434782608695654 0.060122139248406044
0.27826086956521745 0.05973817736219304
0.2521739130434783 0.05898125161398274
0.22608695652173916 0.05780590281613011
0.2 0.056153920537522245
0.2 0.056153920537522245
0.19437500000000002 0.05572873129249593
0.18875 0.05527737099267644
0.183125 0.05479897728815531
0.17750000000000002 0.05429268782902406
0.171875 0.05375764026537422
0.16625 0.053192972247297306
0.16062500000000002 0.05259780638276378
0.155 0.05197089266642991
0.149375 0.05131059304701123
0.14375000000000002 0.05061525134298313
0.138125 0.04988321137282108
0.1325 0.04911281695500046
0.12687500000000002 0.048302404536784034
0.12125000000000001 0.04744987940691987
0.11562500000000002 0.04655248487199704
0.11000000000000001 0.04560740802547123
0.10437500000000001 0.044611835960798124
0.09875000000000002 0.043562955771433404
0.09312500000000001 0.042457720903683015
0.08750000000000001 0.04129156368799593
0.081875 0.04005930759976603
0.07625000000000001 0.03875577449972175
0.07062500000000001 0.037375786158517256
0.065 0.03591235951518745
0.05937500000000001 0.034352073109907434
0.053750000000000006 0.03268007040112726
0.048125 0.03088149484729698
0.0425 0.0289407802902174
0.036875000000000005 0.026839277374617863
0.03125 0.024557499578748348
0.025625000000000002 0.022067577257342944
0.02 0.019245124240517355
0.02 0.019245124240517355
0.015 0.016306610061692053
0.01 0.012826731396778536
0.005 0.008673995158565338
0.0 0.0037169082598409696
0.0 0.00766665475923755
0.005 -0.014208740293794979
0.01 -0.006879026910536785
0.015 -0.010026122550771815
0.02 -0.016466395565188915
0.02 -0.016466395565188915
0.025625000000000002 -0.020133814039250984
0.03125 -0.021019706194358157
0.036875000000000005 -0.021337283842489112
0.0425 -0.02241290384021868
0.048125 -0.02402381127837651
0.053750000000000006 -0.025791283883530698
0.05937500000000001 -0.02735220248596899
0.065 -0.028590591554967806
0.07062500000000001 -0.029587973177535642
0.07625000000000001 -0.030431386561589797
0.081875 -0.031207859508655848
0.08750000000000001 -0.031982908513853256
0.09312500000000001 -0.03275584207013752
0.09875000000000002 -0.033513272148154485
0.10437500000000001 -0.03424181071855003
0.11000000000000001 -0.034928069751969985
0.11562500000000002 -0.035560478133560065
0.12125000000000001 -0.036139696689037944
0.12687500000000002 -0.03667143321348754
0.1325 -0.037161411336087684
0.138125 -0.037615354686017254
0.14375000000000002 -0.03803898689245511
0.149375 -0.03843746525557282
0.155 -0.03881238096019988
0.16062500000000002 -0.03916394066457642
0.16625 -0.039492347963139524
0.171875 -0.03979780645032634
0.17750000000000002 -0.040080519720573964
0.183125 -0.040340692357233414
0.18875 -0.040578733922901476
0.19437500000000002 -0.04079550904330843
0.2 -0.040991943566524955
0.2 -0.040991943566524955
0.22608695652173916 -0.041663794942844695
0.2521739130434783 -0.04199649830748214
0.27826086956521745 -0.04203016315851388
0.30434782608695654 -0.04180247556784957
0.3304347826086957 -0.04135484525147489
0.35652173913043483 -0.04071461168037581
0.3826086956521739 -0.039899471572221526
0.4086956521739131 -0.03892669004462199
0.4347826086956522 -0.03781323066294784
0.46086956521739136 -0.036574886668771026
0.4869565217391305 -0.035226160887965326
0.5130434782608697 -0.033776477684913736
0.5391304347826088 -0.032233815722593276
0.5652173913043479 -0.03060920655456678
0.5913043478260871 -0.028914059632329403
0.6173913043478262 -0.02715447053025051
0.6434782608695653 -0.02533496630438946
0.6695652173913045 -0.02346368840439164
0.6956521739130436 -0.02155000527312161
0.7217391304347827 -0.0196022381399498
0.7478260869565219 -0.017628234220318336
0.7739130434782611 -0.01563541164137625
0.8 -0.0136352701623311
0.8 -0.0136352701623311
0.805625 -0.013204966351122276
0.81125 -0.012775486869352983
0.816875 -0.01234702190444547
0.8225 -0.011919585138339291
0.828125 -0.011493116315909985
0.83375 -0.011067554930820848
0.839375 -0.010642840476735171
0.845 -0.010218912447316257
0.8506250000000001 -0.00979571033622738
0.8562500000000001 -0.009373198419595852
0.8618750000000001 -0.008951700293589685
0.8675 -0.008531810393982391
0.873125 -0.00811412979844158
0.87875 -0.0076992595846348535
0.884375 -0.007287800830229827
0.89 -0.006880354487466769
0.895625 -0.006477344503483379
0.90125 -0.006078665445671306
0.906875 -0.005684113341485721
0.9125 -0.005293484218381798
0.918125 -0.004906574103814711
0.92375 -0.004523180164902865
0.9293750000000001 -0.004143148367078734
0.935 -0.0037663907962342496
0.940625 -0.0033928242428861977
0.94625 -0.0030223654975513746
0.951875 -0.0026549329021196867
0.9575 -0.0022904722327642293
0.963125 -0.0019289527758726641
0.96875 -0.0015703445785255335
0.974375 -0.0012154338090393678
0.98 -0.0008737129503747864
0.98 -0.0008737129503747864
0.985 -0.0005929636002495527
0.99 -0.00034492263424921527
0.995 -0.00014249554125697527
1.0 0.0
