1.0 0.0
0.995 0.00027771410660488673
0.99 0.0006734858104974499
0.985 0.0011461639568052214
0.98 0.0016608917939741087
0.98 0.0016608917939741087
0.974375 0.0022668655735283362
0.96875 0.002878902853537703
0.963125 0.0034786935468053624
0.9575 0.004064369355919026
0.951875 0.0046374528233057025
0.94625 0.0051994667844756995
0.940625 0.005752260209674629
0.935 0.006298632435242757
0.9293750000000001 0.0068415549627774165
0.92375 0.007383999293875957
0.918125 0.007928935176478698
0.9125 0.008478699027286285
0.906875 0.0090340569813227
0.90125 0.009595535983023266
0.895625 0.010163662976823307
0.89 0.010738964907158139
0.884375 0.011321966394715104
0.87875 0.01191297259986646
0.873125 0.01251189217440165
0.8675 0.013118592104180773
0.8618750000000001 0.013732939375063907
0.8562500000000001 0.014354800972911148
0.8506250000000001 0.01498404388358259
0.845 0.015620533615083195
0.839375 0.016264108431108166
0.83375 0.016914582643190762
0.828125 0.01757176974686392
0.8225 0.018235483237660607
0.816875 0.01890553661111376
0.81125 0.019581743362756348
0.805625 0.020263916999836075
0.8 0.02095188981406777
0.8 0.02095188981406777
0.7739130434782611 0.024215265975863466
0.7478260869565219 0.02759076762476526
0.7217391304347827 0.031062555780813773
0.6956521739130436 0.03460944143957889
0.6695652173913045 0.03821378752189265
0.6434782608695653 0.04185955556673985
0.6173913043478262 0.04552225723195102
0.5913043478260871 0.04917387843034434
0.5652173913043479 0.05279455605492142
0.5391304347826088 0.05636665051461518
0.5130434782608697 0.05985888904110168
0.4869565217391305 0.06323469329574206
0.46086956521739136 0.06646548181050985
0.4347826086956522 0.0695233343600252
0.4086956521739131 0.07236162348333966
0.3826086956521739 0.07492744324854042
0.35652173913043483 0.07717316292951351
0.3304347826086957 0.07904284833235749
0.30434782608695654 0.08045067418431613
0.27826086956521745 0.08129138755264718
0.2521739130434783 0.08143967862503791
0.22608695652173916 0.08078091258143097
0.2 0.07920755557616445
0.2 0.07920755557616445
0.19437500000000002 0.07873787411438841
0.18875 0.07821948496502716
0.183125 0.07765106913208672
0.17750000000000002 0.07703109020435828
0.171875 0.07635800189822477
0.16625 0.07563025793006913
0.16062500000000002 0.0748463120162743
0.155 0.07400461763984892
0.149375 0.07310360772877568
0.14375000000000002 0.07214167887153851
0.138125 0.07111722394134898
0.1325 0.07002863581141855
0.12687500000000002 0.06887430735495877
0.12125000000000001 0.0676525463038497
0.11562500000000002 0.06636045134300297
0.11000000000000001 0.06499422255485095
0.10437500000000001 0.06355003868838377
0.09875000000000002 0.062024078492591554
0.09312500000000001 0.06041244729394613
0.08750000000000001 0.05870965967684686
0.081875 0.056908692082734275
0.07625000000000001 0.05500245805408209
0.07062500000000001 0.052983871120003294
0.065 0.05084454439281055
0.05937500000000001 0.04857122460261462
0.053750000000000006 0.04614952036765428
0.048125 0.04356501293037476
0.0425 0.04079512004821536
0.036875000000000005 0.03779772214404847
0.03125 0.034527838020302556
0.025625000000000002 0.030931184667801936
0.02 0.026916666592943523
0.02 0.026916666592943523
0.015 0.022908351230086586
0.01 0.018192225726190475
0.005 0.012190703874138583
0.0 0.0008848051248391005
0.0 -0.0004492276329401236
0.005 -0.006075595192144013
0.01 -0.008114089305320683
0.015 -0.00973223141615355
0.02 -0.011066535951296842
0.02 -0.011066535951296842
0.025625000000000002 -0.012312229603292375
0.03125 -0.01336839280201335
0.036875000000000005 -0.01430828585666784
0.0425 -0.015157865069421935
0.048125 -0.0159300706046751
0.053750000000000006 -0.01663784215350159
0.05937500000000001 -0.017292713829797534
0.065 -0.017901245370466525
0.07062500000000001 -0.018468896611244207
0.07625000000000001 -0.019001127387866246
0.081875 -0.019503395556615868
0.08750000000000001 -0.01998051943204748
0.09312500000000001 -0.02043576340441096
0.09875000000000002 -0.020872160398815547
0.10437500000000001 -0.02129274334037045
0.11000000000000001 -0.02170054515418492
0.11562500000000002 -0.022098570015436567
0.12125000000000001 -0.02248871029320338
0.12687500000000002 -0.02287141745490504
0.1325 -0.023247047008703423
0.138125 -0.023615954462760453
0.14375000000000002 -0.023978495325238047
0.149375 -0.02433502510429811
0.155 -0.02468589289679069
0.16062500000000002 -0.025031402776624842
0.16625 -0.025371839526379548
0.171875 -0.025707487855126613
0.17750000000000002 -0.02603863247193784
0.183125 -0.02636555808588502
0.18875 -0.02668854940603997
0.19437500000000002 -0.027007881585121532
0.2 -0.027323635621885455
0.2 -0.027323635621885455
0.22608695652173916 -0.028738226722738805
0.2521739130434783 -0.03006307977483359
0.27826086956521745 -0.0312878592591491
0.30434782608695654 -0.032403085820451996
0.3304347826086957 -0.03340368058510724
0.35652173913043483 -0.03428713908663968
0.3826086956521739 -0.035054524114722097
0.4086956521739131 -0.035706987507195316
0.4347826086956522 -0.03624168533471313
0.46086956521739136 -0.036655600168159844
0.4869565217391305 -0.03694907414805347
0.5130434782608697 -0.03712213198541539
0.5391304347826088 -0.037170149700951255
0.5652173913043479 -0.03708720008240132
0.5913043478260871 -0.036866833717964655
0.6173913043478262 -0.03650211929552022
0.6434782608695653 -0.035984778116928455
0.6695652173913045 -0.03530423811767918
0.6956521739130436 -0.03444365338658449
0.7217391304347827 -0.03338281667790613
0.7478260869565219 -0.03209639739865275
0.7739130434782611 -0.03054132161640627
0.8 -0.028642529210530683
0.8 -0.028642529210530683
0.805625 -0.028172968035344078
0.81125 -0.027677185442386124
0.816875 -0.027152959407685903
0.8225 -0.026598084787319915
0.828125 -0.02601121416989738
0.83375 -0.025392247391535852
0.839375 -0.024741182510914884
0.845 -0.024058017586713967
0.8506250000000001 -0.023342750677612618
0.8562500000000001 -0.022595379842290396
0.8618750000000001 -0.021816179032771322
0.8675 -0.021007478775163554
0.873125 -0.020172538270541707
0.87875 -0.01931462125071305
0.884375 -0.01843699144748483
0.89 -0.01754291259266432
0.895625 -0.01663555211527347
0.90125 -0.01571735958065096
0.906875 -0.014790460392688005
0.9125 -0.013856978373787208
0.918125 -0.012919037346351183
0.92375 -0.011978733636998471
0.9293750000000001 -0.01103706020566654
0.935 -0.010093556434589519
0.940625 -0.009147662495296879
0.94625 -0.008198818559318104
0.951875 -0.007246711440763439
0.9575 -0.006293425683140598
0.963125 -0.005342395553198781
0.96875 -0.004397070409062217
0.974375 -0.0034630782203374385
0.98 -0.002558747529632153
0.98 -0.002558747529632153
0.985 -0.0017983262319514008
0.99 -0.0010973551320081097
0.995 -0.00048609906107513045
1.0 0.0
