1.0 0.0
0.995 0.0004716608258389869
0.99 0.0010676508329665265
0.985 0.0017386263431748961
0.98 0.0024439924603123367
0.98 0.0024439924603123367
0.974375 0.003254548478959189
0.96875 0.004060720049631971
0.963125 0.004845045350211491
0.9575 0.005606043503243085
0.951875 0.006344959969518902
0.94625 0.007063048031309669
0.940625 0.007762570779863332
0.935 0.008447787571213915
0.9293750000000001 0.00912319209029459
0.92375 0.009793278022038544
0.918125 0.01046249984419705
0.9125 0.011133713265028218
0.906875 0.011807652922208759
0.90125 0.012484907162228316
0.895625 0.013166064331576523
0.89 0.013851712776743012
0.884375 0.014542416459883186
0.87875 0.015238389460615091
0.873125 0.01593958397958872
0.8675 0.016645945898240637
0.8618750000000001 0.017357421098007416
0.8562500000000001 0.01807395546032563
0.8506250000000001 0.01879549486663184
0.845 0.019521995019859417
0.839375 0.020253451649171337
0.83375 0.020989870678822346
0.828125 0.021731258033069592
0.8225 0.02247761963617023
0.816875 0.02322896141238139
0.81125 0.023985289285960235
0.805625 0.024746600942709314
0.8 0.02551279284744943
0.8 0.02551279284744943
0.7739130434782611 0.029124964321265878
0.7478260869565219 0.03282103391406304
0.7217391304347827 0.03658180478160061
0.6956521739130436 0.04038766764542277
0.6695652173913045 0.04422475510107383
0.6434782608695653 0.04807952304072691
0.6173913043478262 0.051928047222013066
0.5913043478260871 0.05574420160623374
0.5652173913043479 0.059506112930684966
0.5391304347826088 0.06319095454603481
0.5130434782608697 0.06676798682872376
0.4869565217391305 0.07020507797908677
0.46086956521739136 0.07347182180057091
0.4347826086956522 0.07653401205799797
0.4086956521739131 0.07934519149310248
0.3826086956521739 0.08185639191510553
0.35652173913043483 0.08401756217362517
0.3304347826086957 0.08575637504582305
0.30434782608695654 0.08696991235381812
0.27826086956521745 0.08756043943680282
0.2521739130434783 0.08743293406028001
0.22608695652173916 0.08644631619897808
0.2 0.0844681693436441
0.2 0.0844681693436441
0.19437500000000002 0.08390466706973468
0.18875 0.08329070277041437
0.183125 0.08262503361115868
0.17750000000000002 0.08190641440355237
0.171875 0.08113359995918011
0.16625 0.0803053450896266
0.16062500000000002 0.07942039516787988
0.155 0.07847720796153208
0.149375 0.07747390796209802
0.14375000000000002 0.07640860102611832
0.138125 0.07527939301013363
0.1325 0.0740843897706846
0.12687500000000002 0.07282165081643045
0.12125000000000001 0.07148875344034608
0.11562500000000002 0.07008298874394907
0.11000000000000001 0.06860164406295327
0.10437500000000001 0.06704200673307269
0.09875000000000002 0.06540123743185065
0.09312500000000001 0.06367364950025232
0.08750000000000001 0.06185074502618446
0.081875 0.05992390665645533
0.07625000000000001 0.05788451703787319
0.07062500000000001 0.0557245749244934
0.065 0.05343933559259237
0.05937500000000001 0.0510251262839275
0.053750000000000006 0.04847827489140319
0.048125 0.04578451762058052
0.0425 0.042878781347721426
0.036875000000000005 0.03968077557548284
0.03125 0.03612010232013526
0.025625000000000002 0.032254992624610554
0.02 0.02823360870907516
0.02 0.02823360870907516
0.015 0.024388543614590738
0.01 0.01915279379880688
0.005 0.011965594195846781
0.0 0.0006783796532622825
0.0 -0.0003767524926417127
0.005 -0.006392877138816141
0.01 -0.008340436959813756
0.015 -0.00982393450423131
0.02 -0.010992357355041426
0.02 -0.010992357355041426
0.025625000000000002 -0.012051466132877253
0.03125 -0.012959711625267207
0.036875000000000005 -0.013761954081292164
0.0425 -0.014474293822253403
0.048125 -0.015112786098089293
0.053750000000000006 -0.015691287874486128
0.05937500000000001 -0.01621828779379725
0.065 -0.016701470369323297
0.07062500000000001 -0.01714852011436491
0.07625000000000001 -0.01756703483013233
0.081875 -0.017962398166207896
0.08750000000000001 -0.01833765017103581
0.09312500000000001 -0.01869571826486304
0.09875000000000002 -0.019039529867936535
0.10437500000000001 -0.01937201240050325
0.11000000000000001 -0.019695863386773045
0.11562500000000002 -0.020012344690790898
0.12125000000000001 -0.020322165034865693
0.12687500000000002 -0.020626031974040875
0.1325 -0.020924653063359888
0.138125 -0.021218735857866204
0.14375000000000002 -0.021508982673318175
0.149375 -0.021795861319198997
0.155 -0.022079515831395117
0.16062500000000002 -0.022360066568692653
0.16625 -0.022637633889877693
0.171875 -0.02291233815373634
0.17750000000000002 -0.023184299719054693
0.183125 -0.023453638796416168
0.18875 -0.02372042207317509
0.19437500000000002 -0.023984583531174535
0.2 -0.024246036938107573
0.2 -0.024246036938107573
0.22608695652173916 -0.025420678210225277
0.2521739130434783 -0.026525872870240025
0.27826086956521745 -0.027549228260221565
0.30434782608695654 -0.0284799406549442
0.3304347826086957 -0.02931265999249693
0.35652173913043483 -0.030045558863761843
0.3826086956521739 -0.030681413245392673
0.4086956521739131 -0.031221326310712595
0.4347826086956522 -0.031663274116862136
0.46086956521739136 -0.032005725832290444
0.4869565217391305 -0.03224821693252822
0.5130434782608697 -0.032387655592591186
0.5391304347826088 -0.03241669698113255
0.5652173913043479 -0.0323300587300082
0.5913043478260871 -0.03212652888374578
0.6173913043478262 -0.03180269547797732
0.6434782608695653 -0.03135065719785214
0.6695652173913045 -0.030756607728418255
0.6956521739130436 -0.029998511124123266
0.7217391304347827 -0.029056064996200334
0.7478260869565219 -0.0279100689935084
0.7739130434782611 -0.02652008899627995
0.8 -0.02480871640547411
0.8 -0.02480871640547411
0.805625 -0.02438088126051882
0.81125 -0.02392740475063292
0.816875 -0.02344612891310284
0.8225 -0.02293534723831474
0.828125 -0.02239482524552092
0.83375 -0.021824627983745116
0.839375 -0.02122482050201111
0.845 -0.020595467849342637
0.8506250000000001 -0.019936635074763443
0.8562500000000001 -0.019248415542141812
0.8618750000000001 -0.018532184271047296
0.8675 -0.017791094147689188
0.873125 -0.01702842895922817
0.87875 -0.016247472492824933
0.884375 -0.015451508535640155
0.89 -0.014643818511008183
0.895625 -0.013827373040978998
0.90125 -0.013004525316797303
0.906875 -0.01217755562493683
0.9125 -0.011348744251871318
0.918125 -0.010520371484074505
0.92375 -0.009694599414782476
0.9293750000000001 -0.00887240896234637
0.935 -0.008054101569105061
0.940625 -0.007239970544838549
0.94625 -0.006430309199326851
0.951875 -0.005625909441729252
0.9575 -0.004830156189956375
0.963125 -0.004047274643892829
0.96875 -0.003281490436653332
0.974375 -0.0025390603056616107
0.98 -0.0018350894834018446
0.98 -0.0018350894834018446
0.985 -0.0012557831984903911
0.99 -0.000735565770405587
0.995 -0.0003048745764389492
1.0 0.0
