1.0 0.0
0.995 0.0006641684198981153
0.99 0.0014470675637106275
0.985 0.0023068051225705512
0.98 0.003206286077899037
0.98 0.003206286077899037
0.974375 0.00423378151395941
0.96875 0.005244839745204582
0.963125 0.006216073905847877
0.9575 0.007148528811614703
0.951875 0.008046602486912777
0.94625 0.008914702257344552
0.940625 0.00975762090586526
0.935 0.010580666204463554
0.9293750000000001 0.011389181816215463
0.92375 0.012188511404197027
0.918125 0.012983802677409914
0.9125 0.013777630386173158
0.906875 0.014570757569303344
0.90125 0.015363909458169693
0.895625 0.0161578112841414
0.89 0.0169531882785877
0.884375 0.0177506936631347
0.87875 0.0185506497204572
0.873125 0.01935328372271904
0.8675 0.020158822933888022
0.8618750000000001 0.020967494617931993
0.8562500000000001 0.021779526038818775
0.8506250000000001 0.022595140125677923
0.845 0.023414430187937936
0.839375 0.024237340729428916
0.83375 0.025063808059029268
0.828125 0.025893768485617367
0.8225 0.026727158318071594
0.816875 0.02756391386527034
0.81125 0.028403971360209404
0.805625 0.029247254203839945
0.8 0.03009365862112482
0.8 0.03009365862112482
0.7739130434782611 0.03405671863319123
0.7478260869565219 0.03807337993900621
0.7217391304347827 0.04212831749182931
0.6956521739130436 0.046204848376646415
0.6695652173913045 0.05028844744720312
0.6434782608695653 0.054363224681550526
0.6173913043478262 0.058407946164548044
0.5913043478260871 0.062399402407730266
0.5652173913043479 0.06631201555955756
0.5391304347826088 0.07011908040397245
0.5130434782608697 0.07379230258396621
0.4869565217391305 0.07730193726118412
0.46086956521739136 0.08061594079824043
0.4347826086956522 0.08369597448034322
0.4086956521739131 0.08649489181991109
0.3826086956521739 0.08896101380495405
0.35652173913043483 0.0910373238606543
0.3304347826086957 0.09265141277393175
0.30434782608695654 0.09371286864174293
0.27826086956521745 0.09408901387490924
0.2521739130434783 0.09364952740173145
0.22608695652173916 0.0922978428632216
0.2 0.08993967035564923
0.2 0.08993967035564923
0.19437500000000002 0.0892899034075722
0.18875 0.08858768576494956
0.183125 0.08783192612972611
0.17750000000000002 0.0870215332038468
0.171875 0.08615541568925644
0.16625 0.08523246155550317
0.16062500000000002 0.08425128192162558
0.155 0.08321029065892874
0.149375 0.0821078974026986
0.14375000000000002 0.08094251178822118
0.138125 0.07971254345078244
0.1325 0.0784162692706389
0.12687500000000002 0.07705101251195969
0.12125000000000001 0.07561367956388766
0.11562500000000002 0.07410117506474297
0.11000000000000001 0.0725104036528456
0.10437500000000001 0.07083822366651053
0.09875000000000002 0.0690805527787647
0.09312500000000001 0.06723243224062043
0.08750000000000001 0.06528886987189852
0.081875 0.06324487349241975
0.07625000000000001 0.06109442589909667
0.07062500000000001 0.058824550869794545
0.065 0.05641937904137121
0.05937500000000001 0.053863031601625526
0.053750000000000006 0.05114009701759209
0.048125 0.04823932565468169
0.0425 0.04515165168929646
0.036875000000000005 0.04186718627137175
0.03125 0.038317582359475265
0.025625000000000002 0.034339010160633475
0.02 0.02977039088667186
0.02 0.02977039088667186
0.015 0.025244359676938655
0.01 0.020420566696721952
0.005 0.013977759739193752
0.0 0.0021996458423508176
0.0 -0.0811038923019484
0.005 -0.0062653498840849736
0.01 -0.008046280303854864
0.015 -0.009323692419662955
0.02 -0.010319378851366752
0.02 -0.010319378851366752
0.025625000000000002 -0.011234582588274443
0.03125 -0.01200065195899215
0.036875000000000005 -0.012648509038912828
0.0425 -0.013208601234143991
0.048125 -0.013704333921755258
0.053750000000000006 -0.014145789434884313
0.05937500000000001 -0.014541567598570922
0.065 -0.014900268237854857
0.07062500000000001 -0.015230136600566022
0.07625000000000001 -0.015536484742286298
0.081875 -0.015823176901328635
0.08750000000000001 -0.016094067094541014
0.09312500000000001 -0.016353009338771415
0.09875000000000002 -0.016603843057186516
0.10437500000000001 -0.016849249605884506
0.11000000000000001 -0.017089930782606226
0.11562500000000002 -0.017326394539956675
0.12125000000000001 -0.017559148830540865
0.12687500000000002 -0.017788701606963782
0.1325 -0.018015560821830444
0.138125 -0.018240178777254826
0.14375000000000002 -0.018462737932563335
0.149375 -0.018683339072275765
0.155 -0.018902082963121698
0.16062500000000002 -0.019119070371830707
0.16625 -0.019334402065132383
0.171875 -0.019548178809756293
0.17750000000000002 -0.019760489227890386
0.183125 -0.019971333203625544
0.18875 -0.020180671243125864
0.19437500000000002 -0.020388463675114998
0.2 -0.020594670828316584
0.2 -0.020594670828316584
0.22608695652173916 -0.021529012494617916
0.2521739130434783 -0.022418632107631
0.27826086956521745 -0.02324610819148248
0.30434782608695654 -0.02400020585194372
0.3304347826086957 -0.024675883392903438
0.35652173913043483 -0.025272588300852356
0.3826086956521739 -0.025792198367891702
0.4086956521739131 -0.02623366566464592
0.4347826086956522 -0.02659444399191839
0.46086956521739136 -0.026873988822468303
0.4869565217391305 -0.02707272606781952
0.5130434782608697 -0.027188526357835394
0.5391304347826088 -0.027217457488438034
0.5652173913043479 -0.02715378234298499
0.5913043478260871 -0.026990599659729036
0.6173913043478262 -0.02672301801176307
0.6434782608695653 -0.026347150864645626
0.6695652173913045 -0.025850740736805763
0.6956521739130436 -0.025215072105854695
0.7217391304347827 -0.024419508759319065
0.7478260869565219 -0.02343957986467689
0.7739130434782611 -0.022233599440246513
0.8 -0.0207198366117038
0.8 -0.0207198366117038
0.805625 -0.020336799997817682
0.81125 -0.01992946690708521
0.816875 -0.019496087003755932
0.8225 -0.01903606587711113
0.828125 -0.01854934422023149
0.83375 -0.018035865637116493
0.839375 -0.01749557373176561
0.845 -0.01692841210817833
0.8506250000000001 -0.01633432437035412
0.8562500000000001 -0.015713758039935195
0.8618750000000001 -0.015069433553550449
0.8675 -0.0144047118889759
0.873125 -0.01372295406043996
0.87875 -0.013027521082171015
0.884375 -0.012321773968397471
0.89 -0.011609010110458187
0.895625 -0.010891841742800472
0.90125 -0.010172463619621265
0.906875 -0.009453064561605077
0.9125 -0.008735833389436416
0.918125 -0.008022958922641177
0.92375 -0.007316539993408573
0.9293750000000001 -0.006618340473887735
0.935 -0.005930046315437719
0.940625 -0.005253343469417562
0.94625 -0.004589918253531065
0.951875 -0.003941864643490104
0.9575 -0.0033124645422867205
0.963125 -0.002705215053988328
0.96875 -0.0021236138735296253
0.974375 -0.0015738713640857836
0.98 -0.0010711601868821968
0.98 -0.0010711601868821968
0.985 -0.0006775488907542468
0.99 -0.00034887304262610347
0.995 -0.00011244523640659355
1.0 0.0
