1.0 0.0
0.995 0.00021643734497780396
0.99 0.0005711890275924516
0.985 0.0010144332115223614
0.98 0.0015030769554870956
0.98 0.0015030769554870956
0.974375 0.00208234260128837
0.96875 0.0026721449730700373
0.963125 0.0032535197972260663
0.9575 0.003822114863811571
0.951875 0.004378723900694938
0.94625 0.004924146380857148
0.940625 0.00545942128899046
0.935 0.005987236695653306
0.9293750000000001 0.0065109749494341495
0.92375 0.007034020819903374
0.918125 0.0075597590766313255
0.9125 0.008091357388532016
0.906875 0.008630117582850717
0.90125 0.009176390746963583
0.895625 0.009730520403609909
0.89 0.010292850075529002
0.884375 0.010863723285460153
0.87875 0.011443453065269364
0.873125 0.012032067528067184
0.8675 0.012629439370128082
0.8618750000000001 0.013235439719132313
0.8562500000000001 0.013849939702760135
0.8506250000000001 0.014472810448691795
0.845 0.015103923084607574
0.839375 0.015743149144017164
0.83375 0.016390362730098938
0.828125 0.017045438948786566
0.8225 0.017708252908302895
0.816875 0.018378679716870787
0.81125 0.019056594482713088
0.805625 0.01974187231405266
0.8 0.020434388189075486
0.8 0.020434388189075486
0.7739130434782611 0.02373592899531631
0.7478260869565219 0.027171812801580014
0.7217391304347827 0.030723253982337297
0.6956521739130436 0.034370686779187316
0.6695652173913045 0.0380945080404989
0.6434782608695653 0.04187515291494647
0.6173913043478262 0.04569255978506971
0.5913043478260871 0.049525976223232265
0.5652173913043479 0.053351036764636525
0.5391304347826088 0.057139435698748
0.5130434782608697 0.06086067142732803
0.4869565217391305 0.0644820323193931
0.46086956521739136 0.06797014489766655
0.4347826086956522 0.07129061121874294
0.4086956521739131 0.07439955194136252
0.3826086956521739 0.07724362255527305
0.35652173913043483 0.07976527921127535
0.3304347826086957 0.08190165058753734
0.30434782608695654 0.08357016690026037
0.27826086956521745 0.08466122533630129
0.2521739130434783 0.08500187145491198
0.22608695652173916 0.08444679059865244
0.2 0.08290162139294849
0.2 0.08290162139294849
0.19437500000000002 0.08242699156063651
0.18875 0.08189910201585449
0.183125 0.08131656156755888
0.17750000000000002 0.08067802955121839
0.171875 0.07998223588688261
0.16625 0.07922791574479145
0.16062500000000002 0.07841380429518474
0.155 0.07753863670830236
0.149375 0.07660114484625213
0.14375000000000002 0.07559975776614405
0.138125 0.07453236269549278
0.1325 0.0733967906139233
0.12687500000000002 0.0721908725010605
0.12125000000000001 0.07091243933652934
0.11562500000000002 0.06955918705322187
0.11000000000000001 0.06812750672186835
0.10437500000000001 0.06661305841995993
0.09875000000000002 0.06501149417676923
0.09312500000000001 0.06331846602156875
0.08750000000000001 0.06152945984000327
0.081875 0.059638399492354964
0.07625000000000001 0.05763835261121818
0.07062500000000001 0.05552237804626772
0.065 0.05328341602176921
0.05937500000000001 0.05090784731275416
0.053750000000000006 0.048372194082719054
0.048125 0.04565216550552266
0.0425 0.04272360852824665
0.036875000000000005 0.039564395739735934
0.03125 0.03615394093553563
0.025625000000000002 0.03246364331645039
0.02 0.028311221397869707
0.02 0.028311221397869707
0.015 0.023973510283074227
0.01 0.018862314273235037
0.005 0.013026256678870906
0.0 0.0009615088507354886
0.0 0.0006594301833495137
0.005 -0.006740175623651095
0.01 -0.009233058758373793
0.015 -0.011183061006856652
0.02 -0.012810157626946709
0.02 -0.012810157626946709
0.025625000000000002 -0.014410829249922992
0.03125 -0.015818558175916906
0.036875000000000005 -0.017078349674565098
0.0425 -0.01822615714024067
0.048125 -0.01927890528113639
0.053750000000000006 -0.02025111579961135
0.05937500000000001 -0.021157307539471707
0.065 -0.022009776370091525
0.07062500000000001 -0.02281461899211371
0.07625000000000001 -0.02357685995662083
0.081875 -0.024301523814695494
0.08750000000000001 -0.024993634584578518
0.09312500000000001 -0.025657649408184525
0.09875000000000002 -0.02629638207946574
0.10437500000000001 -0.026912350303849083
0.11000000000000001 -0.027508071786761477
0.11562500000000002 -0.02808606423362983
0.12125000000000001 -0.028648841944561694
0.12687500000000002 -0.0291984181018809
0.1325 -0.02973578062240888
0.138125 -0.03026179202626103
0.14375000000000002 -0.030777314833552758
0.149375 -0.03128321156439947
0.155 -0.03178034473891657
0.16062500000000002 -0.032269550672097434
0.16625 -0.03275122896403597
0.171875 -0.03322541864728413
0.17750000000000002 -0.03369214795421983
0.183125 -0.034151445117220985
0.18875 -0.03460333836866552
0.19437500000000002 -0.03504785594093134
0.2 -0.03548502633797051
0.2 -0.03548502633797051
0.22608695652173916 -0.03741947831953931
0.2521739130434783 -0.03921121677302736
0.27826086956521745 -0.040863294910144274
0.30434782608695654 -0.042362770057233136
0.3304347826086957 -0.04370290855351596
0.35652173913043483 -0.04488364707552621
0.3826086956521739 -0.045905476630839596
0.4086956521739131 -0.04676910319782167
0.4347826086956522 -0.047475290463923514
0.46086956521739136 -0.048024513002858156
0.4869565217391305 -0.04841458746793503
0.5130434782608697 -0.048641714344813645
0.5391304347826088 -0.04869973386541714
0.5652173913043479 -0.04858180023059947
0.5913043478260871 -0.04828439964379627
0.6173913043478262 -0.04780351745467202
0.6434782608695653 -0.04712196878997196
0.6695652173913045 -0.04621835115651535
0.6956521739130436 -0.04507639341505617
0.7217391304347827 -0.043675191281975806
0.7478260869565219 -0.041975044059629686
0.7739130434782611 -0.03991668302467817
0.8 -0.0374051956553471
0.8 -0.0374051956553471
0.805625 -0.03678585553508758
0.81125 -0.036132757591603504
0.816875 -0.03544309242738947
0.8225 -0.034714060808468075
0.828125 -0.03394362510638409
0.83375 -0.03313102488011648
0.839375 -0.03227562168895229
0.845 -0.0313767770921785
0.8506250000000001 -0.03043385264908212
0.8562500000000001 -0.0294462099189502
0.8618750000000001 -0.028413883845334793
0.8675 -0.027340606354066387
0.873125 -0.026231371486737858
0.87875 -0.025091174368421253
0.884375 -0.02392501012418861
0.89 -0.02273787387910956
0.895625 -0.021534328740112532
0.90125 -0.0203172189333788
0.906875 -0.019088961250647286
0.9125 -0.017851972483656928
0.918125 -0.01660866942414666
0.92375 -0.015361439043913449
0.9293750000000001 -0.014112285831772818
0.935 -0.012862949362466002
0.940625 -0.011615163903425126
0.94625 -0.010370663722082354
0.951875 -0.009131530546441035
0.9575 -0.007901495116326424
0.963125 -0.006684776862110827
0.96875 -0.005485595464950343
0.974375 -0.00431191375605391
0.98 -0.003185083046933542
0.98 -0.003185083046933542
0.985 -0.002242467075458637
0.99 -0.001375605739586949
0.995 -0.0006162412323526285
1.0 0.0
