1.0 0.0
0.995 0.0014951410501519873
0.99 0.003111214115819989
0.985 0.004810663995733668
0.98 0.0065633032569076336
0.98 0.0065633032569076336
0.974375 0.00857580246151332
0.96875 0.010607985401118703
0.963125 0.012642237885566713
0.9575 0.014669172619100015
0.951875 0.016679895961597805
0.94625 0.01866651150407558
0.940625 0.02062741972053979
0.935 0.02256347205344479
0.9293750000000001 0.024475525454365394
0.92375 0.026364455436867027
0.918125 0.02823152221579704
0.9125 0.0300783486160233
0.906875 0.03190657160130731
0.90125 0.033717828135410556
0.895625 0.03551365784552805
0.89 0.0372933475388165
0.884375 0.039053923352851114
0.87875 0.04079231251872593
0.873125 0.04250544226753505
0.8675 0.04419023983037253
0.8618750000000001 0.0458438604399342
0.8562500000000001 0.04746474563061714
0.8506250000000001 0.04905178759759576
0.845 0.050603879018527906
0.839375 0.05211991257107132
0.83375 0.053598780932883824
0.828125 0.05503953406877328
0.8225 0.056442493038973494
0.816875 0.05780859408869514
0.81125 0.059138777484331634
0.805625 0.06043398349227638
0.8 0.0616951523789228
0.8 0.0616951523789228
0.7739130434782611 0.0671223709477806
0.7478260869565219 0.07189649465161473
0.7217391304347827 0.0760725728417477
0.6956521739130436 0.07971134012086367
0.6695652173913045 0.08286017320279666
0.6434782608695653 0.08555900276727896
0.6173913043478262 0.08785522266654706
0.5913043478260871 0.08979021482065479
0.5652173913043479 0.09138567384890062
0.5391304347826088 0.09265629492234888
0.5130434782608697 0.0936104187625891
0.4869565217391305 0.09425392855481886
0.46086956521739136 0.09459039446166094
0.4347826086956522 0.09461964398320928
0.4086956521739131 0.09433785495695772
0.3826086956521739 0.09373361980408088
0.35652173913043483 0.09279120515507261
0.3304347826086957 0.0914947999659651
0.30434782608695654 0.08982267680701879
0.27826086956521745 0.08773279857856515
0.2521739130434783 0.08517616278818323
0.22608695652173916 0.08209995402896364
0.2 0.07845705017205007
0.2 0.07845705017205007
0.19437500000000002 0.07759266675770576
0.18875 0.0766981512002572
0.183125 0.07577212630869251
0.17750000000000002 0.07481321489199982
0.171875 0.07382003975916732
0.16625 0.07279122371918315
0.16062500000000002 0.07172536090855579
0.155 0.07062076329153978
0.149375 0.06947558245369992
0.14375000000000002 0.06828796813181676
0.138125 0.06705607006267084
0.1325 0.06577803798304281
0.12687500000000002 0.06445199798335845
0.12125000000000001 0.06307569616943377
0.11562500000000002 0.06164657214653268
0.11000000000000001 0.06016205678349164
0.10437500000000001 0.05861958094914717
0.09875000000000002 0.057016575135377466
0.09312500000000001 0.0553495987693919
0.08750000000000001 0.05361248073762098
0.081875 0.05179851630814913
0.07625000000000001 0.049901000749060745
0.07062500000000001 0.047913202183202705
0.065 0.04582542037118622
0.05937500000000001 0.04362235277405324
0.053750000000000006 0.041288075324752586
0.048125 0.03880666277180947
0.0425 0.036161785544546646
0.036875000000000005 0.03333612169973287
0.03125 0.030312199811507203
0.025625000000000002 0.027056135425299964
0.02 0.02341845875457657
0.02 0.02341845875457657
0.015 0.0197036372578456
0.01 0.015389982797212124
0.005 0.010337512553536298
0.0 0.004406243707678246
0.0 0.010136061924421553
0.005 -0.01817466991683874
0.01 -0.006357039829113242
0.015 -0.00782628156613144
0.02 -0.01583031690505905
0.02 -0.01583031690505905
0.025625000000000002 -0.021610509752026674
0.03125 -0.02315459570492634
0.036875000000000005 -0.022979287088365833
0.0425 -0.02336662277794485
0.048125 -0.024747354644492594
0.053750000000000006 -0.026680246783928295
0.05937500000000001 -0.02871895944510381
0.065 -0.03046192211622633
0.07062500000000001 -0.03185000873899433
0.07625000000000001 -0.03298222586141919
0.081875 -0.03395843114183197
0.08750000000000001 -0.03487848223856372
0.09312500000000001 -0.035823321407762426
0.09875000000000002 -0.03679535094249517
0.10437500000000001 -0.03777659139150982
0.11000000000000001 -0.03874906326570497
0.11562500000000002 -0.039694787075979183
0.12125000000000001 -0.040596109704164024
0.12687500000000002 -0.04144575787381886
0.1325 -0.04224874090235466
0.138125 -0.04301077841142505
0.14375000000000002 -0.04373759002268367
0.149375 -0.04443489535778415
0.155 -0.045108404938560276
0.16062500000000002 -0.04576208312844666
0.16625 -0.0463960846328776
0.171875 -0.04701006179349166
0.17750000000000002 -0.0476036669519274
0.183125 -0.048176552449823405
0.18875 -0.048728370628818234
0.19437500000000002 -0.049258780639223294
0.2 -0.049767741326069787
0.2 -0.049767741326069787
0.22608695652173916 -0.051858899519177847
0.2521739130434783 -0.05353515373307229
0.27826086956521745 -0.05482151874285903
0.30434782608695654 -0.055729560845332884
0.3304347826086957 -0.05624993046549415
0.35652173913043483 -0.05635776883926668
0.3826086956521739 -0.0560097881455473
0.4086956521739131 -0.055174073817729756
0.4347826086956522 -0.053831318082519564
0.46086956521739136 -0.05195054158099235
0.4869565217391305 -0.049498381032403
0.5130434782608697 -0.04648445629271765
0.5391304347826088 -0.042937562636077425
0.5652173913043479 -0.038885023411100804
0.5913043478260871 -0.034371614961920295
0.6173913043478262 -0.029509315101646828
0.6434782608695653 -0.02443959877647811
0.6695652173913045 -0.019344777712016186
0.6956521739130436 -0.01439265575104182
0.7217391304347827 -0.009693873395450288
0.7478260869565219 -0.005338827141486603
0.7739130434782611 -0.0013915947153943142
0.8 0.0020839225676121623
0.8 0.0020839225676121623
0.805625 0.002764645298633393
0.81125 0.0034194023750718627
0.816875 0.004047471077639226
0.8225 0.004648093279603563
0.828125 0.005220403570250593
0.83375 0.005763516296476461
0.839375 0.006276545805177305
0.845 0.00675860644324927
0.8506250000000001 0.007208812557588507
0.8562500000000001 0.007626278495091137
0.8618750000000001 0.008010118600258914
0.8675 0.008359323066185738
0.873125 0.008672424849243217
0.87875 0.008947851669976851
0.884375 0.009184031248932165
0.89 0.00937939130665466
0.895625 0.009532359563689856
0.90125 0.009641363740583265
0.906875 0.009704589084331139
0.9125 0.009718249871189893
0.918125 0.009677601757455832
0.92375 0.00957789400993525
0.9293750000000001 0.009414375895434458
0.935 0.009182296680759745
0.940625 0.00887688769365551
0.94625 0.008493029856241896
0.951875 0.008025285105914352
0.9575 0.007468203742578842
0.963125 0.0068163360661413295
0.96875 0.006064330088449119
0.974375 0.005208444442414911
0.98 0.004246258284768982
0.98 0.004246258284768982
0.985 0.003299816229803049
0.99 0.0022683708094600056
0.995 0.0011635880426980679
1.0 0.0
