1.0 0.0
0.995 0.00045883540050087627
0.99 0.0009297796023831409
0.985 0.0014108888550870336
0.98 0.0019002194080527941
0.98 0.0019002194080527941
0.974375 0.002458123105878367
0.96875 0.0030212042608306977
0.963125 0.0035866953061948165
0.9575 0.0041518286752557495
0.951875 0.004713836801298528
0.94625 0.0052701198249403185
0.940625 0.005820027484534404
0.935 0.006364167323425109
0.9293750000000001 0.0069031678483732735
0.92375 0.007437657566139752
0.918125 0.007968264983485365
0.9125 0.008495618607170961
0.906875 0.00902034694395739
0.90125 0.009543078500605482
0.895625 0.01006444178387609
0.89 0.010585062444517844
0.884375 0.011105419290603056
0.87875 0.011625776602966984
0.873125 0.012146381656760897
0.8675 0.012667481727136047
0.8618750000000001 0.013189324089243708
0.8562500000000001 0.013712156018235132
0.8506250000000001 0.014236224789261589
0.845 0.014761777677474348
0.839375 0.015289061958024652
0.83375 0.015818324906063778
0.828125 0.01634981379674298
0.8225 0.01688377590521352
0.816875 0.017420458506626667
0.81125 0.017960088194277957
0.805625 0.01850265113489015
0.8 0.019047978381268066
0.8 0.019047978381268066
0.7739130434782611 0.021608208228311675
0.7478260869565219 0.024207093712578724
0.7217391304347827 0.026827525507159656
0.6956521739130436 0.029453632058619353
0.6695652173913045 0.03207336642979609
0.6434782608695653 0.034675418097857104
0.6173913043478262 0.037248448980773625
0.5913043478260871 0.03977789397900498
0.5652173913043479 0.042242977723675364
0.5391304347826088 0.04462221922763257
0.5130434782608697 0.04689417353558191
0.4869565217391305 0.04904111316651768
0.46086956521739136 0.05105220848813768
0.4347826086956522 0.05291737921817437
0.4086956521739131 0.054626361209961644
0.3826086956521739 0.056156566261064515
0.35652173913043483 0.05746552131972893
0.3304347826086957 0.0585089479590204
0.30434782608695654 0.05924470880079181
0.27826086956521745 0.05967490741273215
0.2521739130434783 0.05984327530350019
0.22608695652173916 0.05979516001680247
0.2 0.0595292270660552
0.2 0.0595292270660552
0.19437500000000002 0.05942823097424005
0.18875 0.059307149652386704
0.183125 0.05916390468722935
0.17750000000000002 0.05899641766550214
0.171875 0.058802610173939215
0.16625 0.058580403799274754
0.16062500000000002 0.058327720128242916
0.155 0.05804248074757787
0.149375 0.05772260724401377
0.14375000000000002 0.05736562155043935
0.138125 0.05696709204397477
0.1325 0.05652199111648672
0.12687500000000002 0.05602529101419544
0.12125000000000001 0.055471963983321236
0.11562500000000002 0.05485698207950304
0.11000000000000001 0.054174537499804096
0.10437500000000001 0.05341626617465131
0.09875000000000002 0.052573281079454026
0.09312500000000001 0.051636695189621606
0.08750000000000001 0.050597621480563355
0.081875 0.04944681765826313
0.07625000000000001 0.048173183806885476
0.07062500000000001 0.04676501488090051
0.065 0.045210605504875385
0.05937500000000001 0.04349868715223392
0.053750000000000006 0.041625271491634426
0.048125 0.03959238098299371
0.0425 0.03740221812903413
0.036875000000000005 0.035037625055090206
0.03125 0.03238021294208163
0.025625000000000002 0.029278616479253696
0.02 0.025587227729625447
0.02 0.025587227729625447
0.015 0.021718924121294652
0.01 0.01722341996369249
0.005 0.012029046045503838
0.0 0.00606413315541358
0.0 0.004744065575934891
0.005 -0.018790562343266974
0.01 -0.012763888852705036
0.015 -0.01669144413433775
0.02 -0.02396857970119398
0.02 -0.02396857970119398
0.025625000000000002 -0.02844413958316009
0.03125 -0.03014874167738311
0.036875000000000005 -0.03142713509375289
0.0425 -0.03329258038680077
0.048125 -0.03546489079755635
0.053750000000000006 -0.037610532649718614
0.05937500000000001 -0.03945516496072794
0.065 -0.04099502958204117
0.07062500000000001 -0.042303640415074374
0.07625000000000001 -0.04345451731721675
0.081875 -0.044513289815988004
0.08750000000000001 -0.04549831010508824
0.09312500000000001 -0.04641040070134331
0.09875000000000002 -0.04725035539029134
0.10437500000000001 -0.04801896795747054
0.11000000000000001 -0.04871724310707991
0.11562500000000002 -0.04934736578152786
0.12125000000000001 -0.04991193122593026
0.12687500000000002 -0.05041353509735343
0.1325 -0.05085477305286373
0.138125 -0.05123824634393489
0.14375000000000002 -0.051566805227257054
0.149375 -0.051843642944631875
0.155 -0.05207197773448851
0.16062500000000002 -0.05225502783525604
0.16625 -0.052396011485363644
0.171875 -0.052498146923240396
0.17750000000000002 -0.0525644733841612
0.183125 -0.05259726471487845
0.18875 -0.052598590231540086
0.19437500000000002 -0.05257051924819266
0.2 -0.05251512107888273
0.2 -0.05251512107888273
0.22608695652173916 -0.051960810871961666
0.2521739130434783 -0.051069661378654235
0.27826086956521745 -0.05001887115390089
0.30434782608695654 -0.048841411257827975
0.3304347826086957 -0.047528740868334834
0.35652173913043483 -0.0460803139693743
0.3826086956521739 -0.04449694171320168
0.4086956521739131 -0.0427795125969169
0.4347826086956522 -0.04093514870371526
0.46086956521739136 -0.03898168209767255
0.4869565217391305 -0.0369380005237893
0.5130434782608697 -0.03482296360371847
0.5391304347826088 -0.032652616694022425
0.5652173913043479 -0.030437830488162676
0.5913043478260871 -0.028188919846632042
0.6173913043478262 -0.02591620949661428
0.6434782608695653 -0.02363328354009862
0.6695652173913045 -0.021361678102384738
0.6956521739130436 -0.019124119204873544
0.7217391304347827 -0.016943275600803078
0.7478260869565219 -0.014835426624623874
0.7739130434782611 -0.012804722753691445
0.8 -0.010853959281598552
0.8 -0.010853959281598552
0.805625 -0.010444073426973755
0.81125 -0.01003806463158722
0.816875 -0.009636053056873924
0.8225 -0.009238275552868862
0.828125 -0.00884497676810259
0.83375 -0.008456401351105645
0.839375 -0.00807279395040858
0.845 -0.007694399214541938
0.8506250000000001 -0.007321461792036259
0.8562500000000001 -0.006954226331422109
0.8618750000000001 -0.006592937481230021
0.8675 -0.006237839889990547
0.873125 -0.005889178206234229
0.87875 -0.005547197078491616
0.884375 -0.0052121411552932565
0.89 -0.0048842572540276
0.895625 -0.004563903704526578
0.90125 -0.004251601748774041
0.906875 -0.003947885542883602
0.9125 -0.003653289242968867
0.918125 -0.003368347005143447
0.92375 -0.003093592985520951
0.9293750000000001 -0.002829561340214982
0.935 -0.0025767862253391603
0.940625 -0.0023358017970070894
0.94625 -0.0021071422113323776
0.951875 -0.0018912256277589228
0.9575 -0.001685936488386216
0.963125 -0.0014866979074419438
0.96875 -0.0012888314841920851
0.974375 -0.0010876588179026185
0.98 -0.0008785015078395232
0.98 -0.0008785015078395232
0.985 -0.0006820986595410368
0.99 -0.00047240465237804395
0.995 -0.00024613369598591007
1.0 0.0
