1.0 0.0
0.995 0.0016045784281585036
0.99 0.0033132850780331264
0.985 0.005080976052813858
0.98 0.006870683803862514
0.98 0.006870683803862514
0.974375 0.008881529811963393
0.96875 0.010860049709126459
0.963125 0.012790554099574228
0.9575 0.014674854269573798
0.951875 0.016515743738794678
0.94625 0.018316336893974425
0.940625 0.02008164447857745
0.935 0.021817371404563007
0.9293750000000001 0.023529223623214277
0.92375 0.02522283977513027
0.918125 0.026901891848554987
0.9125 0.028567820061186276
0.906875 0.03022194403042964
0.90125 0.03186558337369053
0.895625 0.03350005373555447
0.89 0.035126133772538766
0.884375 0.03674352750170466
0.87875 0.03835181092438237
0.873125 0.03995056004190211
0.8675 0.04153935085559408
0.8618750000000001 0.04311776343264885
0.8562500000000001 0.044685618698206094
0.8506250000000001 0.04624310913914686
0.845 0.04779045899889408
0.839375 0.04932789252087061
0.83375 0.05085563394849943
0.828125 0.052373907525203406
0.8225 0.053882860001913495
0.816875 0.05538212939282085
0.81125 0.05687114852671908
0.805625 0.05834934966425552
0.8 0.059816165066077454
0.8 0.059816165066077454
0.7739130434782611 0.0664523625450648
0.7478260869565219 0.07275005121511094
0.7217391304347827 0.07861856684694439
0.6956521739130436 0.08401281168217338
0.6695652173913045 0.08891323291627727
0.6434782608695653 0.09332063789486436
0.6173913043478262 0.09723121692666133
0.5913043478260871 0.10063750195310718
0.5652173913043479 0.10354275630069179
0.5391304347826088 0.10595302998156358
0.5130434782608697 0.10786855223641256
0.4869565217391305 0.10929679886009992
0.46086956521739136 0.1102623771412481
0.4347826086956522 0.1107791300612592
0.4086956521739131 0.11084469824250986
0.3826086956521739 0.11045695454819857
0.35652173913043483 0.10961220026501621
0.3304347826086957 0.10828827513509692
0.30434782608695654 0.10645628735150157
0.27826086956521745 0.10409167740016143
0.2521739130434783 0.10115731079524673
0.22608695652173916 0.09759600957641153
0.2 0.09334067065644586
0.2 0.09334067065644586
0.19437500000000002 0.09232467464382348
0.18875 0.09127139257819761
0.183125 0.09017963216540734
0.17750000000000002 0.08904820111129179
0.171875 0.08787590712169005
0.16625 0.08666154082644188
0.16062500000000002 0.08540350897871139
0.155 0.08409983931975133
0.149375 0.08274854348781768
0.14375000000000002 0.08134763312116645
0.138125 0.0798951198580536
0.1325 0.07838899482076661
0.12687500000000002 0.07682669677671673
0.12125000000000001 0.0752050633375104
0.11562500000000002 0.07352090181666371
0.11000000000000001 0.07177101952769264
0.10437500000000001 0.06995222377550184
0.09875000000000002 0.06806077926781931
0.09312500000000001 0.06609094172262074
0.08750000000000001 0.06403650200092453
0.081875 0.061891250963749006
0.07625000000000001 0.0596489667791959
0.07062500000000001 0.05730140747512784
0.065 0.05483611570583415
0.05937500000000001 0.052240106406841964
0.053750000000000006 0.04950039163918166
0.048125 0.0465997175628316
0.0425 0.04350800541838754
0.036875000000000005 0.04019277621347807
0.03125 0.036618853420397696
0.025625000000000002 0.0327208851840385
0.02 0.028414599329862976
0.02 0.028414599329862976
0.015 0.024128246360809822
0.01 0.019099367100106093
0.005 0.012806072013603934
0.0 0.0011506688012755271
0.0 0.005007755737627155
0.005 -0.006579852787631301
0.01 -0.00907387826254988
0.015 -0.011010988981196543
0.02 -0.012604539227592066
0.02 -0.012604539227592066
0.025625000000000002 -0.014095265441611706
0.03125 -0.01537123182497062
0.036875000000000005 -0.016507258753072837
0.0425 -0.01752543246408498
0.048125 -0.01844334668211499
0.053750000000000006 -0.0192783069784954
0.05937500000000001 -0.02004254233213083
0.065 -0.02074394136824013
0.07062500000000001 -0.02139025294114418
0.07625000000000001 -0.021989225905163858
0.081875 -0.022548105658471776
0.08750000000000001 -0.023071053806073594
0.09312500000000001 -0.023561064859590433
0.09875000000000002 -0.02402113113453644
0.10437500000000001 -0.02445424494642578
0.11000000000000001 -0.024863392033573094
0.11562500000000002 -0.02525096989106898
0.12125000000000001 -0.0256183310234255
0.12687500000000002 -0.025966720442135077
0.1325 -0.026297383158690135
0.138125 -0.0266115641845831
0.14375000000000002 -0.026910508531306405
0.149375 -0.02719538403214387
0.155 -0.0274669393780421
0.16062500000000002 -0.027725781648002924
0.16625 -0.027972517810377122
0.171875 -0.028207754833515414
0.17750000000000002 -0.02843209968576855
0.183125 -0.028646159335487285
0.18875 -0.028850515500231315
0.19437500000000002 -0.029045556751698124
0.2 -0.029231582471474823
0.2 -0.029231582471474823
0.22608695652173916 -0.029985097039752415
0.2521739130434783 -0.030578559907852392
0.27826086956521745 -0.03102769049300082
0.30434782608695654 -0.03134472968286366
0.3304347826086957 -0.03154213189057259
0.35652173913043483 -0.03162721937251501
0.3826086956521739 -0.03159777057252457
0.4086956521739131 -0.031449213889034926
0.4347826086956522 -0.031174857457589914
0.46086956521739136 -0.030767463143055996
0.4869565217391305 -0.030219060167709172
0.5130434782608697 -0.02950995721744966
0.5391304347826088 -0.028601422442879953
0.5652173913043479 -0.0274355681669096
0.5913043478260871 -0.025926671091390806
0.6173913043478262 -0.024028117376639197
0.6434782608695653 -0.021757555830106207
0.6695652173913045 -0.01915090193246752
0.6956521739130436 -0.016261099123825336
0.7217391304347827 -0.013150316727559378
0.7478260869565219 -0.009893300320564074
0.7739130434782611 -0.00662296866741
0.8 -0.0035069105206537174
0.8 -0.0035069105206537174
0.805625 -0.0028680732745728172
0.81125 -0.0022433748883017184
0.816875 -0.0016339021428670888
0.8225 -0.001040741819295598
0.828125 -0.00046497803409217267
0.83375 9.23319718676935e-05
0.839375 0.0006301465299576797
0.845 0.0011474241621237324
0.8506250000000001 0.001643123390311808
0.8562500000000001 0.0021162027364678335
0.8618750000000001 0.0025656207225377655
0.8675 0.002990335496082688
0.873125 0.0033891249224584858
0.87875 0.003760297755615729
0.884375 0.0041020874214246555
0.89 0.004412727345755502
0.895625 0.004690450954478507
0.90125 0.004933491673463906
0.906875 0.0051400755653998095
0.9125 0.005307903415626918
0.918125 0.0054338098089504235
0.92375 0.005514548388083308
0.9293750000000001 0.00554687279573855
0.935 0.005527536674629127
0.940625 0.005453273577625198
0.94625 0.005320048230764894
0.951875 0.0051228336085002366
0.9575 0.004856537102513817
0.963125 0.004516066104488226
0.96875 0.00409625529562396
0.974375 0.0035909684161251213
0.98 0.0029933774396847363
0.98 0.0029933774396847363
0.985 0.0023791634239852845
0.99 0.0016810138354564318
0.995 0.0008908255447999113
1.0 0.0
