1.0 0.0
0.995 0.0005408026953886162
0.99 0.0011822129453468587
0.985 0.0018892097721084117
0.98 0.002632316503977477
0.98 0.002632316503977477
0.974375 0.003490611874311615
0.96875 0.004351868503758796
0.963125 0.0052001327507996435
0.9575 0.00603388800468057
0.951875 0.006853961655960356
0.94625 0.007661187357505027
0.940625 0.008457151515458049
0.935 0.009244899820778672
0.9293750000000001 0.010027645254344741
0.92375 0.010808600797034135
0.918125 0.01159094323409717
0.9125 0.01237652025072444
0.906875 0.0131654968027047
0.90125 0.013957929688094641
0.895625 0.014753875704950948
0.89 0.015553391651330324
0.884375 0.016356524537120477
0.87875 0.017163212919376628
0.873125 0.01797332783810567
0.8675 0.018786739313256993
0.8618750000000001 0.019603317364780017
0.8562500000000001 0.02042293201262414
0.8506250000000001 0.021245453258840554
0.845 0.02207074482218304
0.839375 0.02289865492127775
0.83375 0.02372902942686098
0.828125 0.024561714209669013
0.8225 0.025396555140438128
0.816875 0.026233398089904585
0.81125 0.027072088928804697
0.805625 0.027912423765243003
0.8 0.028753986497479695
0.8 0.028753986497479695
0.7739130434782611 0.032659266820001656
0.7478260869565219 0.03653445191368477
0.7217391304347827 0.040340039646564727
0.6956521739130436 0.04404024522702559
0.6695652173913045 0.047600443546055124
0.6434782608695653 0.05099149478601417
0.6173913043478262 0.054197030512815075
0.5913043478260871 0.05720241063145341
0.5652173913043479 0.059992709796408986
0.5391304347826088 0.06255600645888394
0.5130434782608697 0.06488465338802513
0.4869565217391305 0.06696950787796602
0.46086956521739136 0.0687992412773169
0.4347826086956522 0.07036241819233914
0.4086956521739131 0.07164740800617815
0.3826086956521739 0.0726391284951653
0.35652173913043483 0.07331977465198339
0.3304347826086957 0.07367187320426942
0.30434782608695654 0.07367497539902168
0.27826086956521745 0.07329065498582443
0.2521739130434783 0.07247467290433526
0.22608695652173916 0.0711830003148982
0.2 0.0693481349400895
0.2 0.0693481349400895
0.19437500000000002 0.068872392815806
0.18875 0.06836586770224262
0.183125 0.06782718266723144
0.17750000000000002 0.06725495839777464
0.171875 0.06664781558087429
0.16625 0.0660043749035326
0.16062500000000002 0.0653232570436446
0.155 0.06460290019822812
0.149375 0.06384109159794003
0.14375000000000002 0.0630354733768148
0.138125 0.06218368766888683
0.1325 0.06128337660819061
0.12687500000000002 0.060332182328644644
0.12125000000000001 0.0593275151161513
0.11562500000000002 0.05826587985529945
0.11000000000000001 0.057143560448284704
0.10437500000000001 0.05595684079730265
0.09875000000000002 0.05470200480454891
0.09312500000000001 0.053375171435818033
0.08750000000000001 0.05197026460175784
0.081875 0.05047964797649276
0.07625000000000001 0.048895651917767756
0.07062500000000001 0.0472106067833278
0.065 0.04541565266378817
0.05937500000000001 0.04349626559574432
0.053750000000000006 0.041436238614171644
0.048125 0.039219364479593205
0.0425 0.036825807678087685
0.036875000000000005 0.03422005224594691
0.03125 0.031362347171589165
0.025625000000000002 0.02820474053676522
0.02 0.024626020001865125
0.02 0.024626020001865125
0.015 0.02096200846171875
0.01 0.016642335925370642
0.005 0.011249762093842278
0.0 0.0006093935408045336
0.0 -0.009158996383774163
0.005 -0.007864450417590116
0.01 -0.011225718687757756
0.015 -0.014210635887159435
0.02 -0.016835060905536284
0.02 -0.016835060905536284
0.025625000000000002 -0.019255622171005154
0.03125 -0.02127033519259179
0.036875000000000005 -0.023060106647445965
0.0425 -0.024729719761782207
0.048125 -0.02628802939446623
0.053750000000000006 -0.02773776853694856
0.05937500000000001 -0.029082058280992515
0.065 -0.030328948212352578
0.07062500000000001 -0.03148987740371208
0.07625000000000001 -0.03257635164026114
0.081875 -0.033599876615041345
0.08750000000000001 -0.034570338787332684
0.09312500000000001 -0.03549187887986047
0.09875000000000002 -0.03636736375423458
0.10437500000000001 -0.03719966027206486
0.11000000000000001 -0.03799163529496121
0.11562500000000002 -0.03874610951056349
0.12125000000000001 -0.03946533255092065
0.12687500000000002 -0.040151168664465026
0.1325 -0.040805474869704664
0.138125 -0.041430108185147606
0.14375000000000002 -0.042026925629301895
0.149375 -0.04259776075246501
0.155 -0.043143970307340525
0.16062500000000002 -0.0436664668122023
0.16625 -0.0441661458399644
0.171875 -0.044643902963540955
0.17750000000000002 -0.045100633755846095
0.183125 -0.04553723378979392
0.18875 -0.04595458067159006
0.19437500000000002 -0.04635338711871419
0.2 -0.04673427720012512
0.2 -0.04673427720012512
0.22608695652173916 -0.048284531647674434
0.2521739130434783 -0.049518789082647105
0.27826086956521745 -0.050467808686460267
0.30434782608695654 -0.05115478422400705
0.3304347826086957 -0.051600657501926106
0.35652173913043483 -0.05182210666951327
0.3826086956521739 -0.05183145908153841
0.4086956521739131 -0.0516379033064159
0.4347826086956522 -0.05124807358857627
0.46086956521739136 -0.05066433286950239
0.4869565217391305 -0.049886294479296996
0.5130434782608697 -0.048911432915539635
0.5391304347826088 -0.0477358769309627
0.5652173913043479 -0.04635389022354737
0.5913043478260871 -0.04475856794543043
0.6173913043478262 -0.042941098179213925
0.6434782608695653 -0.040892432444332945
0.6695652173913045 -0.03860688747767047
0.6956521739130436 -0.03608201579351648
0.7217391304347827 -0.03332360336281401
0.7478260869565219 -0.03034209278048186
0.7739130434782611 -0.027154235084327356
0.8 -0.023781259329577767
0.8 -0.023781259329577767
0.805625 -0.0230321634984709
0.81125 -0.02227595336720255
0.816875 -0.021513153173225757
0.8225 -0.020744351957151148
0.828125 -0.019970138769259384
0.83375 -0.019191102659831125
0.839375 -0.018407832679147012
0.845 -0.017620917877487714
0.8506250000000001 -0.01683102386788572
0.8562500000000001 -0.016039438611436443
0.8618750000000001 -0.015247752760321998
0.8675 -0.014457558984251544
0.873125 -0.01367044995293423
0.87875 -0.012888018336079207
0.884375 -0.012111856276174301
0.89 -0.01134340665613969
0.895625 -0.010583758720356015
0.90125 -0.009833950495428224
0.906875 -0.009095020007961271
0.9125 -0.008368005284560106
0.918125 -0.007653943977368856
0.92375 -0.006953838379126394
0.9293750000000001 -0.006268626900271022
0.935 -0.005599241238766589
0.940625 -0.004946613092576905
0.94625 -0.00431167757510584
0.951875 -0.003696054500710912
0.9575 -0.003102872444916519
0.963125 -0.0025354612315673783
0.96875 -0.001997151361062603
0.974375 -0.0014928366968768013
0.98 -0.0010323118024926877
0.98 -0.0010323118024926877
0.985 -0.0006684104153380009
0.99 -0.00035773680612537765
0.995 -0.0001249955969722921
1.0 0.0
