1.0 0.0
0.995 0.0005981658349122267
0.99 0.0013279976211288086
0.985 0.0021485195961390554
0.98 0.0030228179589518994
0.98 0.0030228179589518994
0.974375 0.004044544364198693
0.96875 0.005082906819794
0.963125 0.006115684213196013
0.9575 0.00713708586587499
0.951875 0.008148100391323083
0.94625 0.009149737672024979
0.940625 0.010143186434698335
0.935 0.011131097667935406
0.9293750000000001 0.012116837068302133
0.92375 0.013103775189124693
0.918125 0.014095282583729205
0.9125 0.015094532821886926
0.906875 0.016102891664914454
0.90125 0.01712075294870261
0.895625 0.01814850116577549
0.89 0.01918652080865722
0.884375 0.02023519636987189
0.87875 0.021294839949330874
0.873125 0.022365222469667496
0.8675 0.02344586986841795
0.8618750000000001 0.024536306874534893
0.8562500000000001 0.02563605821697099
0.8506250000000001 0.02674464862467893
0.845 0.027861602869555323
0.839375 0.02898652030581778
0.83375 0.03011922804700843
0.828125 0.03125959653063589
0.8225 0.032407496194208775
0.816875 0.033562797475235696
0.81125 0.03472537081122529
0.805625 0.03589508663968616
0.8 0.037071784076094495
0.8 0.037071784076094495
0.7739130434782611 0.042605716741996306
0.7478260869565219 0.04822459066441919
0.7217391304347827 0.053872859793545586
0.6956521739130436 0.05949343570984821
0.6695652173913045 0.0650096956330502
0.6434782608695653 0.07032159062741973
0.6173913043478262 0.0752675960188618
0.5913043478260871 0.07969100711099189
0.5652173913043479 0.0834977548692707
0.5391304347826088 0.08664206027192208
0.5130434782608697 0.08913590912595885
0.4869565217391305 0.09099677289443321
0.46086956521739136 0.09224554493757527
0.4347826086956522 0.09292913889442167
0.4086956521739131 0.0931045469357009
0.3826086956521739 0.09280884248973216
0.35652173913043483 0.09206293579876082
0.3304347826086957 0.09086045888173701
0.30434782608695654 0.0891936004434375
0.27826086956521745 0.0870576149635208
0.2521739130434783 0.0844259767988899
0.22608695652173916 0.08125698690641428
0.2 0.07750941948735997
0.2 0.07750941948735997
0.19437500000000002 0.07662013468012221
0.18875 0.07570001174021337
0.183125 0.07474806924527248
0.17750000000000002 0.07376332577293852
0.171875 0.07274479966738075
0.16625 0.07169140540371619
0.16062500000000002 0.07060179060284391
0.155 0.06947456062422425
0.149375 0.06830832082731758
0.14375000000000002 0.06710167657158425
0.138125 0.06585323321648459
0.1325 0.06456147436605951
0.12687500000000002 0.06322423129596857
0.12125000000000001 0.06183911773453451
0.11562500000000002 0.06040374725973581
0.11000000000000001 0.05891573344955105
0.10437500000000001 0.05737268186698173
0.09875000000000002 0.05577132162828742
0.09312500000000001 0.054106727699453745
0.08750000000000001 0.05237379153238381
0.081875 0.05056740457898074
0.07625000000000001 0.048682438237984474
0.07062500000000001 0.04671185503502546
0.065 0.04464516030206996
0.05937500000000001 0.0424714949775756
0.053750000000000006 0.04018
0.048125 0.037757266029193964
0.0425 0.0351796826105808
0.036875000000000005 0.03242108901097698
0.03125 0.02945435719351861
0.025625000000000002 0.026226775357203115
0.02 0.022658044872799186
0.02 0.022658044872799186
0.015 0.019117824142459845
0.01 0.014985794911264456
0.005 0.009861744502023791
0.0 0.0003405915982019928
0.0 0.0004905662925875155
0.005 -0.007301817307528376
0.01 -0.010962808550023849
0.015 -0.013732986872925668
0.02 -0.016008043351171914
0.02 -0.016008043351171914
0.025625000000000002 -0.018275293402082254
0.03125 -0.02030435843115191
0.036875000000000005 -0.022149421628807297
0.0425 -0.02385246353902474
0.048125 -0.025435148686608865
0.053750000000000006 -0.026917219194600255
0.05937500000000001 -0.028318273221169192
0.065 -0.029651974900478398
0.07062500000000001 -0.03092407878861795
0.07625000000000001 -0.032139790109148865
0.081875 -0.0333043140856322
0.08750000000000001 -0.03442274382837015
0.09312500000000001 -0.035498644562422736
0.09875000000000002 -0.03653447747631004
0.10437500000000001 -0.03753267923029213
0.11000000000000001 -0.038495686484629095
0.11562500000000002 -0.039425935837582096
0.12125000000000001 -0.04032565950477081
0.12687500000000002 -0.041196430256891535
0.1325 -0.042039688115955265
0.138125 -0.04285687310397297
0.14375000000000002 -0.04364942524295563
0.149375 -0.04441878455491421
0.155 -0.0451663121360354
0.16062500000000002 -0.045892785771335674
0.16625 -0.04659872180403856
0.171875 -0.047284635344151525
0.17750000000000002 -0.0479510415016821
0.183125 -0.048598455386637734
0.18875 -0.049227392109025964
0.19437500000000002 -0.04983837113573626
0.2 -0.05043193678330109
0.2 -0.05043193678330109
0.22608695652173916 -0.0529730606303767
0.2521739130434783 -0.05520318652964394
0.27826086956521745 -0.05714715841498449
0.30434782608695654 -0.05882262794042098
0.3304347826086957 -0.060263210829341586
0.35652173913043483 -0.061490066068705544
0.3826086956521739 -0.06249580635470763
0.4086956521739131 -0.0632694116455652
0.4347826086956522 -0.06379874417080313
0.46086956521739136 -0.06406395278255017
0.4869565217391305 -0.06403817924056689
0.5130434782608697 -0.06370115383386939
0.5391304347826088 -0.06303544058506291
0.5652173913043479 -0.06199647902202561
0.5913043478260871 -0.06051208027308642
0.6173913043478262 -0.05843059674395443
0.6434782608695653 -0.05560243420996103
0.6695652173913045 -0.05203438034017617
0.6956521739130436 -0.047837513195166985
0.7217391304347827 -0.0432611264522568
0.7478260869565219 -0.03850353893614865
0.7739130434782611 -0.033679532731432656
0.8 -0.028885293433823598
0.8 -0.028885293433823598
0.805625 -0.02786386913601005
0.81125 -0.02684833980168869
0.816875 -0.02583916264938283
0.8225 -0.02483679489761579
0.828125 -0.023841693764910896
0.83375 -0.02285431646979144
0.839375 -0.021875120230780757
0.845 -0.0209045789917056
0.8506250000000001 -0.019943341254293114
0.8562500000000001 -0.018992159367628048
0.8618750000000001 -0.018051787057018532
0.8675 -0.01712297804777275
0.873125 -0.016206486065198842
0.87875 -0.015303064834604982
0.884375 -0.014413433091230806
0.89 -0.013538104469445035
0.895625 -0.012677518102701516
0.90125 -0.011832113018979157
0.906875 -0.011002328246256864
0.9125 -0.010188602812513546
0.918125 -0.00939123126193398
0.92375 -0.008609360693060897
0.9293750000000001 -0.007841591019455708
0.935 -0.007086518784795482
0.940625 -0.006342740532757231
0.94625 -0.005608953999817744
0.951875 -0.00488562642219598
0.9575 -0.004174730889677476
0.963125 -0.0034782885249839274
0.96875 -0.0027984003118168947
0.974375 -0.002142116521110279
0.98 -0.0015242508548286408
0.98 -0.0015242508548286408
0.985 -0.0010198137829904635
0.99 -0.0005740420245089717
0.995 -0.00022130379384201394
1.0 0.0
