1.0 0.0
0.995 0.0019077010309692557
0.99 0.003976713344063269
0.985 0.006118013701044846
0.98 0.008260623034358344
0.98 0.008260623034358344
0.974375 0.010617842100968845
0.96875 0.012864120998830018
0.963125 0.014982225052816085
0.9575 0.01698391665668049
0.951875 0.018881630254019274
0.94625 0.020688573192801145
0.940625 0.0224194845000794
0.935 0.024089283527904622
0.9293750000000001 0.025712889628327316
0.92375 0.02730335606722602
0.918125 0.02886588376156821
0.9125 0.030403608550470505
0.906875 0.0319196662635887
0.90125 0.033417192730578624
0.895625 0.034899077902665394
0.89 0.036366628704712835
0.884375 0.0378205248249208
0.87875 0.03926144438307845
0.873125 0.040690065498974894
0.8675 0.042107066292399326
0.8618750000000001 0.04351310137496696
0.8562500000000001 0.04490870309541621
0.8506250000000001 0.046294364180303936
0.845 0.04767057733574726
0.839375 0.04903783526786318
0.83375 0.050396630682768805
0.828125 0.05174745479774674
0.8225 0.053090662551811205
0.816875 0.05442636503199383
0.81125 0.05575464801080025
0.805625 0.057075597260736015
0.8 0.05838929855430669
0.8 0.05838929855430669
0.7739130434782611 0.06438920446307791
0.7478260869565219 0.07023717826786108
0.7217391304347827 0.07592997495970712
0.6956521739130436 0.08145881282195294
0.6695652173913045 0.08681113715807574
0.6434782608695653 0.09196931886291906
0.6173913043478262 0.09691509170064987
0.5913043478260871 0.10163024575113355
0.5652173913043479 0.1060921732445705
0.5391304347826088 0.11027364133101446
0.5130434782608697 0.11414699246081815
0.4869565217391305 0.11768304071390844
0.46086956521739136 0.12084013569821134
0.4347826086956522 0.12357118640791775
0.4086956521739131 0.1258357991326442
0.3826086956521739 0.12758599183715696
0.35652173913043483 0.1287419163968239
0.3304347826086957 0.12920546798529228
0.30434782608695654 0.12886100770687214
0.27826086956521745 0.12761162769780776
0.2521739130434783 0.12537490201730203
0.22608695652173916 0.12206933295786081
0.2 0.11760720714844006
0.2 0.11760720714844006
0.19437500000000002 0.11648416514245512
0.18875 0.11530126005155523
0.183125 0.11405697631081867
0.17750000000000002 0.11274979835532377
0.171875 0.11137821062014883
0.16625 0.10994069710662996
0.16062500000000002 0.10843556835454296
0.155 0.10686069711958847
0.149375 0.10521388816007682
0.14375000000000002 0.10349294623431834
0.138125 0.10169567610062338
0.1325 0.09981986537445081
0.12687500000000002 0.097862745845568
0.12125000000000001 0.09582088543608533
0.11562500000000002 0.09369081310292049
0.11000000000000001 0.09146905780299093
0.10437500000000001 0.08915214118115931
0.09875000000000002 0.08673547712069067
0.09312500000000001 0.08421219627736393
0.08750000000000001 0.08157514759890563
0.081875 0.0788171800330423
0.07625000000000001 0.0759309259911747
0.07062500000000001 0.07290555080736583
0.065 0.06972742974137165
0.05937500000000001 0.06638285892356617
0.053750000000000006 0.06285735799319009
0.048125 0.059121455418770535
0.0425 0.05513212747702816
0.036875000000000005 0.05084585913518438
0.03125 0.046217017487575535
0.025625000000000002 0.04119427238184398
0.02 0.03571836471512589
0.02 0.03571836471512589
0.015 0.030211535373314335
0.01 0.023599637721483532
0.005 0.015380135631211747
0.0 0.005050492974077252
0.0 0.001023881410139593
0.005 -0.014025378292897362
0.01 -0.016324860986981004
0.015 -0.018020899840161007
0.02 -0.021344205708674437
0.02 -0.021344205708674437
0.025625000000000002 -0.025224645789865167
0.03125 -0.02804096522591691
0.036875000000000005 -0.030049453408811024
0.0425 -0.031688535124054576
0.048125 -0.03331200816926684
0.053750000000000006 -0.0349405352326733
0.05937500000000001 -0.036512817183628477
0.065 -0.03796755489148696
0.07062500000000001 -0.03925754107083733
0.07625000000000001 -0.04039223724688949
0.081875 -0.041395347907472284
0.08750000000000001 -0.04229057754049417
0.09312500000000001 -0.043101563255202195
0.09875000000000002 -0.04384431985716765
0.10437500000000001 -0.04452033559567222
0.11000000000000001 -0.04512946774357595
0.11562500000000002 -0.045671573573738876
0.12125000000000001 -0.04614651035902102
0.12687500000000002 -0.04655446615625019
0.1325 -0.046898011888374815
0.138125 -0.047180762760999716
0.14375000000000002 -0.04740633841800312
0.149375 -0.0475783585032633
0.155 -0.04770044266065851
0.16062500000000002 -0.04777610098437276
0.16625 -0.04780760632868757
0.171875 -0.04779645022257083
0.17750000000000002 -0.04774411191129322
0.183125 -0.04765207064012554
0.18875 -0.04752180565433853
0.19437500000000002 -0.0473547961992029
0.2 -0.04715251498716386
0.2 -0.04715251498716386
0.22608695652173916 -0.045794535058568946
0.2521739130434783 -0.04384845377715815
0.27826086956521745 -0.04142351139476088
0.30434782608695654 -0.038605109917345205
0.3304347826086957 -0.035483892594378334
0.35652173913043483 -0.032154465519023734
0.3826086956521739 -0.028718315185425763
0.4086956521739131 -0.02526846864969777
0.4347826086956522 -0.021853635090077206
0.46086956521739136 -0.01850918070082861
0.4869565217391305 -0.015262028752572983
0.5130434782608697 -0.012135294829770247
0.5391304347826088 -0.009144096227757153
0.5652173913043479 -0.006299235200807358
0.5913043478260871 -0.003615011325744483
0.6173913043478262 -0.0011090616519922217
0.6434782608695653 0.0012049780365487586
0.6695652173913045 0.0033202598187538463
0.6956521739130436 0.005226013425915406
0.7217391304347827 0.0068993574460835625
0.7478260869565219 0.008317726646406154
0.7739130434782611 0.00946694628597936
0.8 0.010330006986991274
0.8 0.010330006986991274
0.805625 0.010475397514914442
0.81125 0.010605491564086491
0.816875 0.010719902497444861
0.8225 0.010818243662300369
0.828125 0.010900101266642417
0.83375 0.010964978640461639
0.839375 0.011012363348845736
0.845 0.011041742956882407
0.8506250000000001 0.01105260502965935
0.8562500000000001 0.01104443713226426
0.8618750000000001 0.01101672682978484
0.8675 0.010968961069345471
0.873125 0.01090049122941319
0.87875 0.010810363946013367
0.884375 0.010697584267268537
0.89 0.010561157241301227
0.895625 0.010400087916233959
0.90125 0.010213381340189264
0.906875 0.010000039499947483
0.9125 0.009758572261413394
0.918125 0.009486460058069263
0.92375 0.009181054075046918
0.9293750000000001 0.008839705497478164
0.935 0.008459765510494837
0.940625 0.00803857979268154
0.94625 0.007573072538724075
0.951875 0.007059456063690378
0.9575 0.0064938740472892855
0.963125 0.005872470169229633
0.96875 0.005191283931893408
0.974375 0.004444625044764712
0.98 0.003625378361489159
0.98 0.003625378361489159
0.985 0.002830434741626238
0.99 0.0019667372762871916
0.995 0.001026141005040145
1.0 0.0
