1.0 0.0
0.995 0.0021302338198446683
0.99 0.004231972749212073
0.985 0.0063050495537107995
0.98 0.008349296998949431
0.98 0.008349296998949431
0.974375 0.010614407054937212
0.96875 0.012842580184054838
0.963125 0.015033578273272345
0.9575 0.017187163209559767
0.951875 0.019303096879887148
0.94625 0.021381141171224506
0.940625 0.0234210579705419
0.935 0.02542260916480935
0.9293750000000001 0.027385556640996896
0.92375 0.029309662286074612
0.918125 0.031194687987012457
0.9125 0.03304039563078051
0.906875 0.0348465471043488
0.90125 0.03661290429468737
0.895625 0.03833928510575478
0.89 0.04002595231112113
0.884375 0.04167338083032768
0.87875 0.04328204688943435
0.873125 0.04485242671450107
0.8675 0.04638499653158776
0.8618750000000001 0.04788023256675437
0.8562500000000001 0.04933861104606079
0.8506250000000001 0.050760608195566985
0.845 0.052146700241332895
0.839375 0.05349736340941837
0.83375 0.0548130739258834
0.828125 0.05609430801678792
0.8225 0.05734154190819182
0.816875 0.05855525182615504
0.81125 0.05973591399673754
0.805625 0.06088400464599922
0.8 0.062
0.8 0.062
0.7739130434782611 0.06676970623692183
0.7478260869565219 0.07090612355418753
0.7217391304347827 0.07445602870871695
0.6956521739130436 0.07746622790702484
0.6695652173913045 0.07999351076832824
0.6434782608695653 0.082119139525282
0.6173913043478262 0.08392805760991491
0.5913043478260871 0.08550427054667492
0.5652173913043479 0.08687550940515736
0.5391304347826088 0.08798227984993617
0.5130434782608697 0.08875758428493814
0.4869565217391305 0.08913741525822941
0.46086956521739136 0.08912653863307829
0.4347826086956522 0.08879849358795532
0.4086956521739131 0.08822980944547013
0.3826086956521739 0.08748668805231538
0.35652173913043483 0.08651527434764733
0.3304347826086957 0.08518425720124372
0.30434782608695654 0.08336103454839272
0.27826086956521745 0.08096214550604545
0.2521739130434783 0.07823081976684773
0.22608695652173916 0.07540383368765512
0.2 0.072
0.2 0.072
0.19437500000000002 0.07112405872084133
0.18875 0.07019588925738302
0.183125 0.06922315946309471
0.17750000000000002 0.06821353719144611
0.171875 0.06717469029590692
0.16625 0.06611428662994684
0.16062500000000002 0.06503999404703549
0.155 0.06395948040064263
0.149375 0.0628804083628861
0.14375000000000002 0.06180527997947946
0.138125 0.06072175272319608
0.1325 0.05961483121468189
0.12687500000000002 0.05846952007458273
0.12125000000000001 0.057270823923544475
0.11562500000000002 0.056003747382213025
0.11000000000000001 0.054653295071234204
0.10437500000000001 0.05320447161125395
0.09875000000000002 0.05164234991634169
0.09312500000000001 0.049963092045220085
0.08750000000000001 0.04818611396733961
0.081875 0.046333759732686615
0.07625000000000001 0.04442837339124737
0.07062500000000001 0.04248966273231034
0.065 0.04051639917740619
0.05937500000000001 0.03849737017533518
0.053750000000000006 0.03642130168776764
0.048125 0.03427649690178537
0.0425 0.03202589252915987
0.036875000000000005 0.029593107244931596
0.03125 0.026898377527432963
0.025625000000000002 0.0238619398549964
0.02 0.020404030705954323
0.02 0.020404030705954323
0.015 0.016912023882408915
0.01 0.012967959058727559
0.005 0.008515815764274052
0.0 0.0034995735284121714
0.0 0.0
0.005 -0.0029508569800542114
0.01 -0.004575428490027107
0.015 -0.0052245715099728945
0.02 -0.005249143019945789
0.02 -0.005249143019945789
0.025625000000000002 -0.004966962008101079
0.03125 -0.004714285078336762
0.036875000000000005 -0.004512233148572444
0.0425 -0.004318498646700628
0.048125 -0.004090774000613816
0.053750000000000006 -0.0037894033208950586
0.05937500000000001 -0.003405556529405123
0.065 -0.0029502911681839362
0.07062500000000001 -0.0024349962396077404
0.07625000000000001 -0.001871033974329377
0.081875 -0.001265419544413187
0.08750000000000001 -0.0006160523501028336
0.09312500000000001 8.031604599916797e-05
0.09875000000000002 0.0008269340812903029
0.10437500000000001 0.0016260465032566776
0.11000000000000001 0.0024719270642864634
0.11562500000000002 0.0033550483704270716
0.12125000000000001 0.0042658596180486785
0.12687500000000002 0.005194810003521467
0.1325 0.006132348723215608
0.138125 0.0070689249735012855
0.14375000000000002 0.007994987950748685
0.149375 0.008900986851327968
0.155 0.009778794660701766
0.16062500000000002 0.010628251465406635
0.16625 0.011451967066698014
0.171875 0.012252554046669419
0.17750000000000002 0.013032624987414374
0.183125 0.013794792471026393
0.18875 0.01454166907959899
0.19437500000000002 0.015275867395225688
0.2 0.016
0.2 0.016
0.22608695652173916 0.01924388861817477
0.2521739130434783 0.02223776735620709
0.27826086956521745 0.02493169994004754
0.30434782608695654 0.027399760103603246
0.3304347826086957 0.029709325354023246
0.35652173913043483 0.031852187677876946
0.3826086956521739 0.03380876939859003
0.4086956521739131 0.035559635363973975
0.4347826086956522 0.037093901884986694
0.46086956521739136 0.038413940040463154
0.4869565217391305 0.03952326110432457
0.5130434782608697 0.04042541846105395
0.5391304347826088 0.0411249340380567
0.5652173913043479 0.04162729830566053
0.5913043478260871 0.04193804384475508
0.6173913043478262 0.04206116377063143
0.6434782608695653 0.041982754910998434
0.6695652173913045 0.04167736810157634
0.6956521739130436 0.04111936174488556
0.7217391304347827 0.04028465267099812
0.7478260869565219 0.03915951813634846
0.7739130434782611 0.037734461852890866
0.8 0.036
0.8 0.036
0.805625 0.035584304253843894
0.81125 0.03515228365459097
0.816875 0.034702439837289614
0.8225 0.03423327443698823
0.828125 0.03374328908873521
0.83375 0.033230985427578914
0.839375 0.03269486508856777
0.845 0.032133429706750156
0.8506250000000001 0.031545180917174426
0.8562500000000001 0.030928620354889035
0.8618750000000001 0.03028224965494234
0.8675 0.029604570452382722
0.873125 0.028894084382258593
0.87875 0.02814929307961833
0.884375 0.02736869817951033
0.89 0.026550801316982977
0.895625 0.02569410412708467
0.90125 0.024797106496229408
0.906875 0.023858024376321764
0.9125 0.02287447830925588
0.918125 0.021844013864226294
0.92375 0.020764176610427565
0.9293750000000001 0.019632512117054222
0.935 0.01844656595330087
0.940625 0.017203883688362037
0.94625 0.01590201089143228
0.951875 0.014538493131706156
0.9575 0.013110875978378215
0.963125 0.011616705000643015
0.96875 0.01005352576769511
0.974375 0.008418883848729056
0.98 0.006710324812939406
0.98 0.006710324812939406
0.985 0.005127567599529604
0.99 0.0034827436097045546
0.995 0.0017741290182620793
1.0 0.0
