1.0 0.0
0.995 0.0014886880497250337
0.99 0.0030842255132131954
0.985 0.004740684664543934
0.98 0.006420315224955406
0.98 0.006420315224955406
0.974375 0.008309395288586282
0.96875 0.010169291205507051
0.963125 0.011983441460204138
0.9575 0.013753944705839734
0.951875 0.015484311207330683
0.94625 0.017178153877326578
0.940625 0.01884005068722802
0.935 0.020475108607543386
0.9293750000000001 0.02208844003509074
0.92375 0.02368515070969083
0.918125 0.025269197237616666
0.9125 0.02684209049728783
0.906875 0.02840502801212325
0.90125 0.029959207305541826
0.895625 0.031505825900962466
0.89 0.03304593152647727
0.884375 0.034579729120162564
0.87875 0.036107129108331686
0.873125 0.03762804160861135
0.8675 0.039142376738628255
0.8618750000000001 0.040650044616009136
0.8562500000000001 0.04215098144218419
0.8506250000000001 0.043645296581517515
0.845 0.04513316994959821
0.839375 0.046614781668689945
0.83375 0.04809031186105644
0.828125 0.04955994064896146
0.8225 0.05102384784620489
0.816875 0.05248209695163321
0.81125 0.0539344608719091
0.805625 0.055380667878018576
0.8 0.05682044624094768
0.8 0.05682044624094768
0.7739130434782611 0.06340559727327251
0.7478260869565219 0.06980926941957967
0.7217391304347827 0.07598453299703761
0.6956521739130436 0.08193382470278629
0.6695652173913045 0.08765219188109805
0.6434782608695653 0.09298840620651518
0.6173913043478262 0.09781199082564758
0.5913043478260871 0.10209922468505929
0.5652173913043479 0.10584079580839999
0.5391304347826088 0.10903011366353457
0.5130434782608697 0.11165917487650912
0.4869565217391305 0.1137204158998475
0.46086956521739136 0.11521262555521418
0.4347826086956522 0.11613906143019305
0.4086956521739131 0.11650951637438534
0.3826086956521739 0.11632730376197797
0.35652173913043483 0.11558514152709108
0.3304347826086957 0.1142806055509907
0.30434782608695654 0.1124096588113311
0.27826086956521745 0.1099348753886159
0.2521739130434783 0.10681241098862637
0.22608695652173916 0.10300677619661223
0.2 0.09845312633124452
0.2 0.09845312633124452
0.19437500000000002 0.09736463103095352
0.18875 0.09623583060067399
0.183125 0.09506545935105523
0.17750000000000002 0.0938522515927465
0.171875 0.09259494163639714
0.16625 0.09129226281140987
0.16062500000000002 0.0899427473187714
0.155 0.0885444819555295
0.149375 0.0870954937669422
0.14375000000000002 0.08559380979826739
0.138125 0.0840374570947631
0.1325 0.08242445854157575
0.12687500000000002 0.0807523541040024
0.12125000000000001 0.07901775664973325
0.11562500000000002 0.07721717402144275
0.11000000000000001 0.07534711406180541
0.10437500000000001 0.07340408461349579
0.09875000000000002 0.0713842156670561
0.09312500000000001 0.06928151131223335
0.08750000000000001 0.0670892327457887
0.081875 0.06480064038583473
0.07625000000000001 0.06240899179843039
0.07062500000000001 0.059906125917414885
0.065 0.05728017136779536
0.05937500000000001 0.05451865768531311
0.053750000000000006 0.05160911341704876
0.048125 0.04853452817467911
0.0425 0.045262895526017886
0.036875000000000005 0.0417591163595763
0.03125 0.037985468698704734
0.025625000000000002 0.03387451339446385
0.02 0.02934
0.02 0.02934
0.015 0.024839495827616083
0.01 0.019609483449287233
0.005 0.013129896925563263
0.0 0.0013671988733081307
0.0 -0.018763093679083062
0.005 -0.006286569428273781
0.01 -0.008919047923603814
0.015 -0.010716233050619476
0.02 -0.012247165588266065
0.02 -0.012247165588266065
0.025625000000000002 -0.013755714808275591
0.03125 -0.015062404613221909
0.036875000000000005 -0.016194753261854024
0.0425 -0.017184182869608645
0.048125 -0.0180625371015978
0.053750000000000006 -0.018861245017066736
0.05937500000000001 -0.019599509102191083
0.065 -0.020282592411776698
0.07062500000000001 -0.020914998976050297
0.07625000000000001 -0.021501232825238564
0.081875 -0.022045747527612198
0.08750000000000001 -0.022552471631831036
0.09312500000000001 -0.023025022091282432
0.09875000000000002 -0.023467011759278136
0.10437500000000001 -0.023882053489129956
0.11000000000000001 -0.024273760031749435
0.11562500000000002 -0.02464523508716385
0.12125000000000001 -0.02499789162723311
0.12687500000000002 -0.02533279206235801
0.1325 -0.02565099880293932
0.138125 -0.025953574259377804
0.14375000000000002 -0.02624158084207424
0.149375 -0.026516062845813745
0.155 -0.026777804630560047
0.16062500000000002 -0.02702739600108895
0.16625 -0.027265422067504663
0.171875 -0.02749246793991139
0.17750000000000002 -0.027709118728413362
0.183125 -0.02791595954311477
0.18875 -0.028113571376268635
0.19437500000000002 -0.02830239908358083
0.2 -0.028482723400252697
0.2 -0.028482723400252697
0.22608695652173916 -0.029215683618888946
0.2521739130434783 -0.029798151597585722
0.27826086956521745 -0.030253705797552998
0.30434782608695654 -0.030601356301968016
0.3304347826086957 -0.03084797191767536
0.35652173913043483 -0.03099743200450294
0.3826086956521739 -0.031052941026564713
0.4086956521739131 -0.031015720823683025
0.4347826086956522 -0.030882449069597213
0.46086956521739136 -0.030649157279873343
0.4869565217391305 -0.03031194755957122
0.5130434782608697 -0.02986353750721245
0.5391304347826088 -0.029287268319226973
0.5652173913043479 -0.028565540395757705
0.5913043478260871 -0.027682727986593044
0.6173913043478262 -0.02661152054651912
0.6434782608695653 -0.025288836944682966
0.6695652173913045 -0.023607931035720318
0.6956521739130436 -0.021370722397858446
0.7217391304347827 -0.018474292896913366
0.7478260869565219 -0.015008028528111098
0.7739130434782611 -0.011219030546364247
0.8 -0.007473701786418621
0.8 -0.007473701786418621
0.805625 -0.006696587091675403
0.81125 -0.005933841794856502
0.816875 -0.005187055412466227
0.8225 -0.004457817461008892
0.828125 -0.003747698083317567
0.83375 -0.0030579583373246356
0.839375 -0.0023896111294718085
0.845 -0.0017436623636966206
0.8506250000000001 -0.0011211179439365947
0.8562500000000001 -0.0005229837741292916
0.8618750000000001 4.9734241787765165e-05
0.8675 0.0005960300283990321
0.873125 0.001114697760169902
0.87875 0.0016039465046585146
0.884375 0.0020618787555324587
0.89 0.002486597006459322
0.895625 0.0028762037511066933
0.90125 0.003228801483142162
0.906875 0.003542486843365201
0.9125 0.0038149330937395803
0.918125 0.004043111983191594
0.92375 0.004223929294806375
0.9293750000000001 0.004354290811669053
0.935 0.004431102316864753
0.940625 0.004451255448991915
0.94625 0.004411132941397459
0.951875 0.004306479208028825
0.9575 0.004132998218271202
0.963125 0.0038863939415097696
0.96875 0.0035621753279564588
0.974375 0.003153382983243304
0.98 0.002651363952607508
0.98 0.002651363952607508
0.985 0.0021198389215988573
0.99 0.0015025148137840045
0.995 0.0007966526649065119
1.0 0.0
