1.0 0.0
0.995 0.0013973654528785203
0.99 0.002933289956694652
0.985 0.004552609819890896
0.98 0.006207590458409172
0.98 0.006207590458409172
0.974375 0.008076290701236902
0.96875 0.00991677187528057
0.963125 0.011703420528518624
0.9575 0.013437142524744155
0.951875 0.015122673742307063
0.94625 0.016764784579637378
0.940625 0.01836929236447037
0.935 0.01994322478485091
0.9293750000000001 0.021493676950855377
0.92375 0.023027743972560185
0.918125 0.024552032989467912
0.9125 0.02606949281960516
0.906875 0.027581412073764633
0.90125 0.02908907108125754
0.895625 0.0305937501713951
0.89 0.032096725135421986
0.884375 0.03359884653553945
0.87875 0.035100198508721876
0.873125 0.03660078489875332
0.8675 0.03810060954941785
0.8618750000000001 0.03959967630449955
0.8562500000000001 0.04109798900778093
0.8506250000000001 0.04259554102059038
0.845 0.04409228443995556
0.839375 0.045588161210575275
0.83375 0.0470831132771484
0.828125 0.048577082584373786
0.8225 0.05007001107695029
0.816875 0.05156184066541614
0.81125 0.05305246125267264
0.805625 0.05454160597891773
0.8 0.056028978566028474
0.8 0.056028978566028474
0.7739130434782611 0.06289520179076157
0.7478260869565219 0.06968771047927165
0.7217391304347827 0.07637817447703348
0.6956521739130436 0.08293098994967467
0.6695652173913045 0.08930020899406546
0.6434782608695653 0.09543755417322823
0.6173913043478262 0.1012896568849946
0.5913043478260871 0.10677884211522967
0.5652173913043479 0.11180514316128377
0.5391304347826088 0.11622678301946708
0.5130434782608697 0.11992708662624328
0.4869565217391305 0.12285029286722615
0.46086956521739136 0.12501332678161883
0.4347826086956522 0.12648776504020678
0.4086956521739131 0.12729333717463734
0.3826086956521739 0.12742582353844445
0.35652173913043483 0.1268873078928302
0.3304347826086957 0.12566847339302117
0.30434782608695654 0.12374017429318297
0.27826086956521745 0.12108422558901208
0.2521739130434783 0.11768379697068548
0.22608695652173916 0.11349335391146065
0.2 0.10844254956818321
0.2 0.10844254956818321
0.19437500000000002 0.10723196588954811
0.18875 0.10597588637540158
0.183125 0.10467300938364166
0.17750000000000002 0.10332203327216626
0.171875 0.1019216563988733
0.16625 0.10047057712166077
0.16062500000000002 0.0989674435769927
0.155 0.09741034031749783
0.149375 0.09579699767904716
0.14375000000000002 0.09412514050160577
0.138125 0.09239249362513875
0.1325 0.09059678188961122
0.12687500000000002 0.08873559830970218
0.12125000000000001 0.08680568717618102
0.11562500000000002 0.08480345649309025
0.11000000000000001 0.08272531342358447
0.10437500000000001 0.0805676651308183
0.09875000000000002 0.07832678045597347
0.09312500000000001 0.07599661459824156
0.08750000000000001 0.07356920807563708
0.081875 0.07103654377349632
0.07625000000000001 0.06839060457715565
0.07062500000000001 0.06562286510626278
0.065 0.06272211347009429
0.05937500000000001 0.05967625344605782
0.053750000000000006 0.05647318827438868
0.048125 0.05309695550553683
0.0425 0.04951002026158084
0.036875000000000005 0.04566736753965587
0.03125 0.041523078409359954
0.025625000000000002 0.037014705472300916
0.02 0.03206527012904017
0.02 0.03206527012904017
0.015 0.02718013728017742
0.01 0.021443682136823298
0.005 0.014251379284181104
0.0 0.001150003543793133
0.0 0.0006675711256375438
0.005 -0.007445190665911266
0.01 -0.010180213375489848
0.015 -0.012306561258288955
0.02 -0.014079607635229979
0.02 -0.014079607635229979
0.025625000000000002 -0.015761492055734565
0.03125 -0.017206942511468527
0.036875000000000005 -0.01849429404682036
0.0425 -0.01965148571439239
0.048125 -0.020698672395454122
0.053750000000000006 -0.021655957303555542
0.05937500000000001 -0.02253896157102299
0.065 -0.02335542050093328
0.07062500000000001 -0.024112268090511448
0.07625000000000001 -0.02481643833698254
0.081875 -0.02547479857793756
0.08750000000000001 -0.02609257904016545
0.09312500000000001 -0.026673312925007502
0.09875000000000002 -0.02722045478638846
0.10437500000000001 -0.02773745917823305
0.11000000000000001 -0.028227780654466
0.11562500000000002 -0.028694671398922966
0.12125000000000001 -0.02913991747764336
0.12687500000000002 -0.029564659215815525
0.1325 -0.029970034128707832
0.138125 -0.0303571797315887
0.14375000000000002 -0.03072723353972654
0.149375 -0.03108133051405882
0.155 -0.03142043540834309
0.16062500000000002 -0.03174523891958048
0.16625 -0.03205640693172357
0.171875 -0.0323546053287249
0.17750000000000002 -0.03264049999453708
0.183125 -0.03291475681311266
0.18875 -0.03317804159817307
0.19437500000000002 -0.03343094544638898
0.2 -0.0336738428531945
0.2 -0.0336738428531945
0.22608695652173916 -0.03467921383760431
0.2521739130434783 -0.0355088306280175
0.27826086956521745 -0.03618486131424784
0.30434782608695654 -0.036722918838725326
0.3304347826086957 -0.037131520326762105
0.35652173913043483 -0.03741641212971515
0.3826086956521739 -0.0375807739369747
0.4086956521739131 -0.037625726618538934
0.4347826086956522 -0.03754782152345047
0.46086956521739136 -0.037342415157730326
0.4869565217391305 -0.03700381423442121
0.5130434782608697 -0.036523749570118946
0.5391304347826088 -0.03588612561753335
0.5652173913043479 -0.03506961510077585
0.5913043478260871 -0.034040304477754794
0.6173913043478262 -0.0327461308767493
0.6434782608695653 -0.031083694681303852
0.6695652173913045 -0.02896560652280736
0.6956521739130436 -0.02637687105351657
0.7217391304347827 -0.023345471647188226
0.7478260869565219 -0.019956801846551936
0.7739130434782611 -0.016313627424979722
0.8 -0.012537226826407124
0.8 -0.012537226826407124
0.805625 -0.01172197921051863
0.81125 -0.01091118699562885
0.816875 -0.01010703213961313
0.8225 -0.009311696600346817
0.828125 -0.008527348782133487
0.83375 -0.007755829868155345
0.839375 -0.006998644976919739
0.845 -0.006257283904257255
0.8506250000000001 -0.005533236445998464
0.8562500000000001 -0.004827992397973982
0.8618750000000001 -0.004143041556014378
0.8675 -0.0034798737961249347
0.873125 -0.0028400401360983278
0.87875 -0.0022252616597892836
0.884375 -0.0016372887837180512
0.89 -0.0010778719244048784
0.895625 -0.0005487614983700125
0.90125 -5.17079221337022e-05
0.906875 0.000411523265073063
0.9125 0.0008385817044700367
0.918125 0.0012263591106396999
0.92375 0.0015716967227715048
0.9293750000000001 0.0018714357800549098
0.935 0.002122417521679355
0.940625 0.002321459132457325
0.94625 0.0024649222935441534
0.951875 0.0025487616590562936
0.9575 0.0025689175625555477
0.963125 0.0025213303376037163
0.96875 0.0024015679163779872
0.974375 0.00220212659484351
0.98 0.0019139902359888684
0.98 0.0019139902359888684
0.985 0.0015761059721697498
0.99 0.0011528750880709412
0.995 0.0006318634308400641
1.0 0.0
