1.0 0.0
0.995 0.0003198757955432333
0.99 0.000753076888611513
0.985 0.0012603282726644702
0.98 0.001809826946715416
0.98 0.001809826946715416
0.974375 0.0024628436964287573
0.96875 0.0031394461647050943
0.963125 0.0038280887160806673
0.9575 0.004525525334783818
0.951875 0.005230415119212537
0.94625 0.005941417169482224
0.940625 0.006657630318284417
0.935 0.007379829918646731
0.9293750000000001 0.008109190807786621
0.92375 0.008846887822921565
0.918125 0.009594095780626656
0.9125 0.010351736492797102
0.906875 0.011119848171862071
0.90125 0.0118982762506198
0.895625 0.01268686616186854
0.89 0.01348546333840651
0.884375 0.014293912566949197
0.87875 0.01511192471602583
0.873125 0.015938913349776342
0.8675 0.016774252034219148
0.8618750000000001 0.01761731433537266
0.8562500000000001 0.018467473819255266
0.8506250000000001 0.019324104051885397
0.845 0.020186585815567554
0.839375 0.02105440379648092
0.83375 0.0219271206328878
0.828125 0.02280430085423957
0.8225 0.023685508989987617
0.816875 0.024570309569583317
0.81125 0.02545826712247806
0.805625 0.02634894351896101
0.8 0.027241798864699133
0.8 0.027241798864699133
0.7739130434782611 0.03139151165283585
0.7478260869565219 0.03550420244113199
0.7217391304347827 0.03948978745638644
0.6956521739130436 0.04325278900775588
0.6695652173913045 0.04674285178455877
0.6434782608695653 0.04992838438723402
0.6173913043478262 0.05278905872641204
0.5913043478260871 0.055311612203813906
0.5652173913043479 0.057491672978293024
0.5391304347826088 0.05932210364668777
0.5130434782608697 0.060791968057312774
0.4869565217391305 0.06190499267784397
0.46086956521739136 0.06267876163481566
0.4347826086956522 0.06313135988953471
0.4086956521739131 0.06328061190239498
0.3826086956521739 0.06314210008808353
0.35652173913043483 0.06272730424212905
0.3304347826086957 0.0620298783688278
0.30434782608695654 0.06103655971424765
0.27826086956521745 0.05973348363934308
0.2521739130434783 0.05810245958315324
0.22608695652173916 0.056116835806379564
0.2 0.05374325413008976
0.2 0.05374325413008976
0.19437500000000002 0.0531768401825948
0.18875 0.0525896925669357
0.183125 0.05198079222080103
0.17750000000000002 0.051349119588957576
0.171875 0.05069365511617215
0.16625 0.05001337924721156
0.16062500000000002 0.0493072724268426
0.155 0.04857432962073346
0.149375 0.04781360821591262
0.14375000000000002 0.04702418236896695
0.138125 0.04620512623669924
0.1325 0.045355513975912295
0.12687500000000002 0.044474419743408905
0.12125000000000001 0.043560781766573506
0.11562500000000002 0.04261226801788232
0.11000000000000001 0.0416258535404812
0.10437500000000001 0.040598506382778586
0.09875000000000002 0.03952719459318286
0.09312500000000001 0.03840888552935159
0.08750000000000001 0.03724023923881432
0.081875 0.03601712624611844
0.07625000000000001 0.03473529203983695
0.07062500000000001 0.03339048210854279
0.065 0.03197839129752461
0.05937500000000001 0.030490810213981492
0.053750000000000006 0.028912919440646716
0.048125 0.027229260273126665
0.0425 0.02542437419535171
0.036875000000000005 0.023482832663943916
0.03125 0.021389269678753896
0.025625000000000002 0.019128327069361867
0.02 0.016649830724538055
0.02 0.016649830724538055
0.015 0.014097282851579938
0.01 0.011030915883003149
0.005 0.007273190497080107
0.0 0.002646567372083258
0.0 0.0
0.005 -0.007929561549296782
0.01 -0.011364038784406727
0.015 -0.013752828352474213
0.02 -0.016333838601314196
0.02 -0.016333838601314196
0.025625000000000002 -0.019140091033737525
0.03125 -0.021547659907307587
0.036875000000000005 -0.02360625287663136
0.0425 -0.025445092741541834
0.048125 -0.027182838281048796
0.053750000000000006 -0.02885376375463273
0.05937500000000001 -0.03045170369312272
0.065 -0.03197023853701638
0.07062500000000001 -0.03340381569209073
0.07625000000000001 -0.034755846707880095
0.081875 -0.03603503784223308
0.08750000000000001 -0.03725016403257487
0.09312500000000001 -0.0384100002163306
0.09875000000000002 -0.03952263345077262
0.10437500000000001 -0.04059180726570354
0.11000000000000001 -0.04161957453718567
0.11562500000000002 -0.04260798434114467
0.12125000000000001 -0.04355908575350611
0.12687500000000002 -0.0444749248586713
0.1325 -0.04535725138753186
0.138125 -0.04620727180562231
0.14375000000000002 -0.04702613444389053
0.149375 -0.04781498763328443
0.155 -0.048574979704751824
0.16062500000000002 -0.04930725898882436
0.16625 -0.05001294148204804
0.171875 -0.050693022824111006
0.17750000000000002 -0.051348470656431965
0.183125 -0.051980252620429636
0.18875 -0.05258933635752269
0.19437500000000002 -0.05317668950912985
0.2 -0.053743279273805594
0.2 -0.053743279273805594
0.22608695652173916 -0.056116975113450845
0.2521739130434783 -0.05810240658229161
0.27826086956521745 -0.059733467326594375
0.30434782608695654 -0.061036576154659336
0.3304347826086957 -0.06202987873487262
0.35652173913043483 -0.06272730006594943
0.3826086956521739 -0.06314210058918214
0.4086956521739131 -0.06328061290609382
0.4347826086956522 -0.06313135966582864
0.46086956521739136 -0.06267876140047901
0.4869565217391305 -0.06190499275247929
0.5130434782608697 -0.060791968109859436
0.5391304347826088 -0.05932210362411913
0.5652173913043479 -0.057491672967366694
0.5913043478260871 -0.05531161221023877
0.6173913043478262 -0.05278905872832926
0.6434782608695653 -0.049928384385515036
0.6695652173913045 -0.04674285178436024
0.6956521739130436 -0.04325278900817309
0.7217391304347827 -0.039489787456355584
0.7478260869565219 -0.03550420244104842
0.7739130434782611 -0.0313915116528595
0.8 -0.027241798864708948
0.8 -0.027241798864708948
0.805625 -0.026348943518963473
0.81125 -0.02545826712247516
0.816875 -0.024570309569577477
0.8225 -0.023685508989980775
0.828125 -0.0228043008542332
0.83375 -0.02192712063288288
0.839375 -0.021054403796477952
0.845 -0.020186585815566552
0.8506250000000001 -0.019324104051885903
0.8562500000000001 -0.018467473819256598
0.8618750000000001 -0.017617314335374255
0.8675 -0.016774252034220602
0.873125 -0.015938913349777397
0.87875 -0.015111924716026378
0.884375 -0.014293912566949273
0.89 -0.013485463338406285
0.895625 -0.01268686616186819
0.90125 -0.011898276250619464
0.906875 -0.011119848171861825
0.9125 -0.010351736492796984
0.918125 -0.009594095780626652
0.92375 -0.008846887822921626
0.9293750000000001 -0.008109190807786697
0.935 -0.00737982991864679
0.940625 -0.006657630318284445
0.94625 -0.005941417169482224
0.951875 -0.005230415119212523
0.9575 -0.004525525334783805
0.963125 -0.0038280887160806604
0.96875 -0.0031394461647050948
0.974375 -0.00246284369642876
0.98 -0.0018098269467154177
0.98 -0.0018098269467154177
0.985 -0.0012603282726644704
0.99 -0.0007530768886115129
0.995 -0.00031987579554323324
1.0 0.0
