1.0 0.0
0.995 0.0019198504407605872
0.99 0.004051356641872148
0.985 0.006294800758307412
0.98 0.008563632986867768
0.98 0.008563632986867768
0.974375 0.011076271242062893
0.96875 0.013476058294762212
0.963125 0.015726730394711806
0.9575 0.017838585046738433
0.951875 0.019824859342118716
0.94625 0.0216996357788798
0.940625 0.023480405643681198
0.935 0.025185519265200434
0.9293750000000001 0.026833326972131172
0.92375 0.028441341780388114
0.918125 0.03001822795075616
0.9125 0.03156733481349879
0.906875 0.0330919392450747
0.90125 0.03459531812194257
0.895625 0.03608070059888409
0.89 0.037550182997684874
0.884375 0.039004708879657124
0.87875 0.04044517009856069
0.873125 0.04187245850815541
0.8675 0.04328746596220113
0.8618750000000001 0.04469107727252882
0.8562500000000001 0.04608401010146697
0.8506250000000001 0.047466812029430754
0.845 0.048840023008368746
0.839375 0.05020418299022943
0.83375 0.05155983192696135
0.828125 0.05290750977051305
0.8225 0.05424772107086501
0.816875 0.055580693267012184
0.81125 0.056906523273946054
0.805625 0.05822530724268565
0.8 0.05953714132425009
0.8 0.05953714132425009
0.7739130434782611 0.06553282772915935
0.7478260869565219 0.07138736291039373
0.7217391304347827 0.07710209135314619
0.6956521739130436 0.08266584814830459
0.6695652173913045 0.08806266490538442
0.6434782608695653 0.09328137087539737
0.6173913043478262 0.09830786535099163
0.5913043478260871 0.10311806548909322
0.5652173913043479 0.10768455624521024
0.5391304347826088 0.11197671116513527
0.5130434782608697 0.11595926393270632
0.4869565217391305 0.1195916625578937
0.46086956521739136 0.12283111359064436
0.4347826086956522 0.12563090372969585
0.4086956521739131 0.12792278229980622
0.3826086956521739 0.1296179099123993
0.35652173913043483 0.13058466966693122
0.3304347826086957 0.13069772869520635
0.30434782608695654 0.12987401316194208
0.27826086956521745 0.12804370771795986
0.2521739130434783 0.1251433874213841
0.22608695652173916 0.12110963929015571
0.2 0.11591686772302232
0.2 0.11591686772302232
0.19437500000000002 0.11464659871655322
0.18875 0.11332232708508817
0.183125 0.11194328109690212
0.17750000000000002 0.11050868902026989
0.171875 0.10901777912346636
0.16625 0.10746977967476644
0.16062500000000002 0.10586379046373096
0.155 0.10419818644997608
0.149375 0.10247108864614277
0.14375000000000002 0.10068061779299287
0.138125 0.09882489463128821
0.1325 0.09690203960585705
0.12687500000000002 0.09490979442377863
0.12125000000000001 0.0928447798060065
0.11562500000000002 0.09070341006222694
0.11000000000000001 0.08848209950212611
0.10437500000000001 0.08617726243539026
0.09875000000000002 0.08378505326438873
0.09312500000000001 0.08129991055439974
0.08750000000000001 0.07871557732063401
0.081875 0.07602579459700273
0.07625000000000001 0.07322429653185893
0.07062500000000001 0.07030170570326463
0.065 0.06724063023969508
0.05937500000000001 0.06402240550785436
0.053750000000000006 0.06062836593241112
0.048125 0.057038295091068766
0.0425 0.053227265246013816
0.036875000000000005 0.04916945731724731
0.03125 0.044829551961215554
0.025625000000000002 0.04007728808529687
0.02 0.03472778942503073
0.02 0.03472778942503073
0.015 0.02933492551822723
0.01 0.023269681634938283
0.005 0.015906304190781068
0.0 0.0028891250466552974
0.0 0.010599899543415045
0.005 -0.0081685333585249
0.01 -0.013884086995304867
0.015 -0.01650019442630626
0.02 -0.019317761071879415
0.02 -0.019317761071879415
0.025625000000000002 -0.021816177394753136
0.03125 -0.023964756009072337
0.036875000000000005 -0.025985241327381284
0.0425 -0.02788069148961362
0.048125 -0.02963739753355865
0.053750000000000006 -0.031244075271438715
0.05937500000000001 -0.03271040480500151
0.065 -0.03405680146161131
0.07062500000000001 -0.03530376753931222
0.07625000000000001 -0.03647172948213576
0.081875 -0.03757518107451118
0.08750000000000001 -0.03861852358337771
0.09312500000000001 -0.039605176094203234
0.09875000000000002 -0.04053855769245564
0.10437500000000001 -0.041422087440887975
0.11000000000000001 -0.04225896017342497
0.11562500000000002 -0.043051595874592875
0.12125000000000001 -0.04380224727638541
0.12687500000000002 -0.044513167110796226
0.1325 -0.04518660810981903
0.138125 -0.0458248229254859
0.14375000000000002 -0.046429800611961364
0.149375 -0.04700267971930556
0.155 -0.047544427587978236
0.16062500000000002 -0.048056011558439214
0.16625 -0.048538398971148256
0.171875 -0.04899255716656514
0.17750000000000002 -0.049419439696704884
0.183125 -0.04981959724919818
0.18875 -0.05019312333841627
0.19437500000000002 -0.0505400867740273
0.2 -0.05086055636569941
0.2 -0.05086055636569941
0.22608695652173916 -0.052001983829591626
0.2521739130434783 -0.05256483024036507
0.27826086956521745 -0.05252312605826849
0.30434782608695654 -0.051884297928763784
0.3304347826086957 -0.050674547467101004
0.35652173913043483 -0.04892615909143282
0.3826086956521739 -0.04668220564792627
0.4086956521739131 -0.04400672940759718
0.4347826086956522 -0.04099071812577607
0.46086956521739136 -0.03776537032188544
0.4869565217391305 -0.034435083794517256
0.5130434782608697 -0.03105442566688637
0.5391304347826088 -0.027670099021006613
0.5652173913043479 -0.024322469927063765
0.5913043478260871 -0.021048278185343494
0.6173913043478262 -0.017876772745005147
0.6434782608695653 -0.014835062518877893
0.6695652173913045 -0.01194677497415675
0.6956521739130436 -0.00923430089640799
0.7217391304347827 -0.006717850636023573
0.7478260869565219 -0.004418343636706641
0.7739130434782611 -0.002364541891760545
0.8 -0.0005861161510074218
0.8 -0.0005861161510074218
0.805625 -0.0002408151254764717
0.81125 9.05521017002881e-05
0.816875 0.00040780836470270365
0.8225 0.0007107764977106201
0.828125 0.0009992536567293574
0.83375 0.0012728660504410163
0.839375 0.0015311700626919416
0.845 0.001773721869923622
0.8506250000000001 0.002000077648577551
0.8562500000000001 0.0022097935750952074
0.8618750000000001 0.0024024258259180854
0.8675 0.0025775305913239995
0.873125 0.0027346801791561528
0.87875 0.002873494108738172
0.884375 0.002993600498695937
0.89 0.0030946274676553294
0.895625 0.0031762031342422318
0.90125 0.0032379556170825247
0.906875 0.0032795153176136908
0.9125 0.0033007248734533493
0.918125 0.003301808529718101
0.92375 0.003283030388574028
0.9293750000000001 0.003244654552187216
0.935 0.003186945122723753
0.940625 0.003110132066007884
0.94625 0.003013614136264346
0.951875 0.0028959324429033554
0.9575 0.0027555886707260374
0.963125 0.0025910845045335213
0.96875 0.0023993968133162484
0.974375 0.0021671497043913583
0.98 0.0018766630132751921
0.98 0.0018766630132751921
0.985 0.0015551932938563389
0.99 0.001155132847539552
0.995 0.0006469628044383407
1.0 0.0
