1.0 0.007
0.995 0.008358979616396629
0.99 0.009719051684629108
0.985 0.011080048927327984
0.98 0.012441802676681645
0.98 0.012441802676681645
0.974375 0.013974462418688927
0.96875 0.015507607752232208
0.963125 0.017040993382083935
0.9575 0.018574477223528462
0.951875 0.020108008141700082
0.94625 0.021641538114584528
0.940625 0.02317501912016752
0.935 0.024708462266093776
0.9293750000000001 0.026242136946894912
0.92375 0.027776383062592107
0.918125 0.02931154051483826
0.9125 0.030847949205286402
0.906875 0.032385948431577216
0.90125 0.03392575773055916
0.895625 0.035467333397608526
0.89 0.03701059671566132
0.884375 0.03855546896765356
0.87875 0.04010187143652125
0.873125 0.04164972540520047
0.8675 0.0431989534667822
0.8618750000000001 0.04474955247915758
0.8562500000000001 0.04630163197972568
0.8506250000000001 0.047855310920090405
0.845 0.049410708251855666
0.839375 0.05096794292662533
0.83375 0.05252713389600329
0.828125 0.05408840011159348
0.8225 0.05565185862166389
0.816875 0.05721757992995559
0.81125 0.05878558640402247
0.805625 0.06035589818963771
0.8 0.06192853543257447
0.8 0.06192853543257447
0.7739130434782611 0.06925291004077502
0.7478260869565219 0.07663245827784133
0.7217391304347827 0.08408029481407929
0.6956521739130436 0.0915982745252285
0.6695652173913045 0.09914347577357592
0.6434782608695653 0.10667138238561076
0.6173913043478262 0.11416250725252963
0.5913043478260871 0.12159496456482814
0.5652173913043479 0.12892466635926658
0.5391304347826088 0.1361020325950952
0.5130434782608697 0.14307360571037
0.4869565217391305 0.14978012711439534
0.46086956521739136 0.15614705241100935
0.4347826086956522 0.16208088978778776
0.4086956521739131 0.1674472470230272
0.3826086956521739 0.17205596892309089
0.35652173913043483 0.1756356288390099
0.3304347826086957 0.1779644120772602
0.30434782608695654 0.17889120068665262
0.27826086956521745 0.1783748730461737
0.2521739130434783 0.17638373078760522
0.22608695652173916 0.17282914439786426
0.2 0.16763433027094599
0.2 0.16763433027094599
0.19437500000000002 0.1662909141187234
0.18875 0.1648647153152062
0.183125 0.16335387016270522
0.17750000000000002 0.16175651496353155
0.171875 0.1600707860188545
0.16625 0.15829457044737932
0.16062500000000002 0.15642480786471882
0.155 0.15445821271533744
0.149375 0.1523914994436999
0.14375000000000002 0.15022138249427075
0.138125 0.14794457460371577
0.1325 0.14555711558890733
0.12687500000000002 0.14305335125159233
0.12125000000000001 0.1404273650067635
0.11562500000000002 0.13767324026941363
0.11000000000000001 0.1347850604545354
0.10437500000000001 0.13175644512677098
0.09875000000000002 0.12857769132330482
0.09312500000000001 0.12523764726157147
0.08750000000000001 0.12172515514638131
0.081875 0.11802905716347634
0.07625000000000001 0.11413671450980023
0.07062500000000001 0.11002997569478336
0.065 0.1056894068272257
0.05937500000000001 0.10109557401592723
0.053750000000000006 0.09622389408529913
0.048125 0.0910163536349577
0.0425 0.08540159208558493
0.036875000000000005 0.07930828151156366
0.03125 0.07267019029934121
0.025625000000000002 0.06542965326935775
0.02 0.057512130124814216
0.02 0.057512130124814216
0.015 0.04943433279336962
0.01 0.03949016061531127
0.005 0.026800398029850264
0.0 0.010485829476197677
0.0 0.0
0.005 -0.029704721172526417
0.01 -0.039863425446123806
0.015 -0.04790399166155557
0.02 -0.05685580351037295
0.02 -0.05685580351037295
0.025625000000000002 -0.06591546808032964
0.03125 -0.07322126495376427
0.036875000000000005 -0.0794347903664637
0.0425 -0.08522217942700373
0.048125 -0.09079933407038465
0.053750000000000006 -0.09611430513320764
0.05937500000000001 -0.10111166186474849
0.065 -0.10576201939853731
0.07062500000000001 -0.11010122910790295
0.07625000000000001 -0.11417519075661255
0.081875 -0.11802980410843328
0.08750000000000001 -0.12170468684413473
0.09312500000000001 -0.1252124516979233
0.09875000000000002 -0.12855845649915792
0.10437500000000001 -0.13174805898378858
0.11000000000000001 -0.13478661903994008
0.11562500000000002 -0.13768001515009767
0.12125000000000001 -0.14043531507098322
0.12687500000000002 -0.14305975259113596
0.1325 -0.14556056149909502
0.138125 -0.14794497558339964
0.14375000000000002 -0.15021980416070232
0.149375 -0.15238911608235015
0.155 -0.15445589159468323
0.16062500000000002 -0.15642310818127822
0.16625 -0.15829374332571142
0.171875 -0.16007077451155957
0.17750000000000002 -0.1617570145323294
0.183125 -0.1633545831782205
0.18875 -0.1648654179874976
0.19437500000000002 -0.16629145649759058
0.2 -0.1676346362459293
0.2 -0.1676346362459293
0.22608695652173916 -0.1728289422084914
0.2521739130434783 -0.17638377639686983
0.27826086956521745 -0.17837489371790172
0.30434782608695654 -0.17889118340052612
0.3304347826086957 -0.1779644142300254
0.35652173913043483 -0.1756356321391297
0.3826086956521739 -0.17205596755374922
0.4086956521739131 -0.16744724653539636
0.4347826086956522 -0.16208089021782338
0.46086956521739136 -0.1561470524771534
0.4869565217391305 -0.14978012699411053
0.5130434782608697 -0.14307360570023894
0.5391304347826088 -0.1361020326280701
0.5652173913043479 -0.12892466636154237
0.5913043478260871 -0.12159496455587077
0.6173913043478262 -0.11416250725185338
0.6434782608695653 -0.10667138238799756
0.6695652173913045 -0.09914347577375711
0.6956521739130436 -0.09159827452460954
0.7217391304347827 -0.08408029481405388
0.7478260869565219 -0.07663245827801456
0.7739130434782611 -0.06925291004078744
0.8 -0.06192853543253424
0.8 -0.06192853543253424
0.805625 -0.060355898189604254
0.81125 -0.05878558640399846
0.816875 -0.05721757992994199
0.8225 -0.05565185862165997
0.828125 -0.054088400111596824
0.83375 -0.052527133896010963
0.839375 -0.05096794292663486
0.845 -0.04941070825186514
0.8506250000000001 -0.04785531092009841
0.8562500000000001 -0.04630163197973139
0.8618750000000001 -0.044749552479160654
0.8675 -0.04319895346678288
0.873125 -0.041649725405199456
0.87875 -0.040101871436519373
0.884375 -0.03855546896765145
0.89 -0.03701059671565944
0.895625 -0.03546733339760718
0.90125 -0.033925757730558476
0.906875 -0.03238594843157712
0.9125 -0.030847949205286673
0.918125 -0.029311540514838672
0.92375 -0.027776383062592506
0.9293750000000001 -0.0262421369468952
0.935 -0.024708462266093904
0.940625 -0.023175019120167516
0.94625 -0.021641538114584455
0.951875 -0.020108008141700003
0.9575 -0.018574477223528413
0.963125 -0.017040993382083917
0.96875 -0.015507607752232215
0.974375 -0.013974462418688938
0.98 -0.012441802676681653
0.98 -0.012441802676681653
0.985 -0.011080048927327984
0.99 -0.009719051684629108
0.995 -0.008358979616396627
1.0 -0.007
