1.0 0.0
0.995 0.0003434757544830299
0.99 0.0006913275864977345
0.985 0.0010432914874294835
0.98 0.0013991034486636458
0.98 0.0013991034486636458
0.974375 0.001803662817968582
0.96875 0.0022123823498001152
0.963125 0.002624886141267493
0.9575 0.0030407982894799616
0.951875 0.003459742891546768
0.94625 0.0038813440445771585
0.940625 0.004305225845680381
0.935 0.004731012391965681
0.9293750000000001 0.005158327780542306
0.92375 0.005586796108519511
0.918125 0.006016041473006526
0.9125 0.006445687971112607
0.906875 0.006875359699946998
0.90125 0.0073046807566189515
0.895625 0.007733296678623273
0.89 0.008161023276371039
0.884375 0.008587757558701455
0.87875 0.009013397034521026
0.873125 0.00943783921273626
0.8675 0.009860981602253663
0.8618750000000001 0.010282721711979744
0.8562500000000001 0.010702957050821004
0.8506250000000001 0.01112158512768395
0.845 0.011538503451475104
0.839375 0.011953609531100947
0.83375 0.012366800875467992
0.828125 0.012777974993482759
0.8225 0.013187029394051742
0.816875 0.013593861586081448
0.81125 0.013998369078478394
0.805625 0.014400449380149076
0.8 0.0148
0.8 0.0148
0.7739130434782611 0.016613969308225517
0.7478260869565219 0.018343196395065174
0.7217391304347827 0.019959552041930114
0.6956521739130436 0.021434933033276073
0.6695652173913045 0.022750051185680843
0.6434782608695653 0.02390722684579121
0.6173913043478262 0.02491203074082992
0.5913043478260871 0.025770232554015848
0.5652173913043479 0.026499539328334997
0.5391304347826088 0.027136161014412477
0.5130434782608697 0.027717899210842303
0.4869565217391305 0.028280942821894094
0.46086956521739136 0.028824388782375095
0.4347826086956522 0.029310242057630206
0.4086956521739131 0.029698894918679865
0.3826086956521739 0.029953918460229254
0.35652173913043483 0.0300758376023181
0.3304347826086957 0.03008901844262138
0.30434782608695654 0.030018224431774654
0.27826086956521745 0.02988215169804973
0.2521739130434783 0.02965916081064412
0.22608695652173916 0.02931115776050484
0.2 0.0288
0.2 0.0288
0.19437500000000002 0.028664556825252745
0.18875 0.028518472917650597
0.183125 0.028360466687359427
0.17750000000000002 0.028189256544545092
0.171875 0.028003560899373482
0.16625 0.027802098162010454
0.16062500000000002 0.02758358674262188
0.155 0.027346745051373616
0.149375 0.027090291498431552
0.14375000000000002 0.026812944493961547
0.138125 0.026513422448129476
0.1325 0.026190443771101198
0.12687500000000002 0.025842726873042586
0.12125000000000001 0.025468990164119507
0.11562500000000002 0.02506795205449784
0.11000000000000001 0.02463833095434344
0.10437500000000001 0.024178845273822188
0.09875000000000002 0.023688211227561207
0.09312500000000001 0.0231647885295852
0.08750000000000001 0.022606189312978867
0.081875 0.022009931577103563
0.07625000000000001 0.021373533321320654
0.07062500000000001 0.020694512544991477
0.065 0.019970387247477392
0.05937500000000001 0.01919867542813977
0.053750000000000006 0.018376895086339932
0.048125 0.01750256422143927
0.0425 0.01657320083279912
0.036875000000000005 0.015586322919780838
0.03125 0.014539448481745773
0.025625000000000002 0.013430095518055284
0.02 0.012255782028070735
0.02 0.012255782028070735
0.015 0.011155406569481338
0.01 0.01
0.005 0.0087878191312495
0.0 0.007517120774852634
0.0 0.0
0.005 -0.005656673326398118
0.01 -0.01
0.015 -0.013199428905071055
0.02 -0.015424408925876706
0.02 -0.015424408925876706
0.025625000000000002 -0.016973724235511117
0.03125 -0.0177454775073125
0.036875000000000005 -0.017980934828447804
0.0425 -0.017921362286084
0.048125 -0.017808025967388046
0.053750000000000006 -0.01786828302319723
0.05937500000000001 -0.018167799219516275
0.065 -0.018667923299877282
0.07062500000000001 -0.019328265390771152
0.07625000000000001 -0.020108435618688764
0.081875 -0.020968044110121035
0.08750000000000001 -0.021866700991558845
0.09312500000000001 -0.022764016389493096
0.09875000000000002 -0.023619600430414674
0.10437500000000001 -0.024396660755171443
0.11000000000000001 -0.025086975351865957
0.11562500000000002 -0.025695946614285006
0.12125000000000001 -0.02622906084325577
0.12687500000000002 -0.026691804339605434
0.1325 -0.027089663404161187
0.138125 -0.027428124337750204
0.14375000000000002 -0.02771267344119968
0.149375 -0.027948797015336792
0.155 -0.028141981360988735
0.16062500000000002 -0.02829771277898268
0.16625 -0.02842147757014582
0.171875 -0.02851876203530533
0.17750000000000002 -0.028595052475288405
0.183125 -0.028655835190922224
0.18875 -0.028706596483033975
0.19437500000000002 -0.02875282265245084
0.2 -0.028799999999999996
0.2 -0.028799999999999996
0.22608695652173916 -0.029086336286185076
0.2521739130434783 -0.029436892394452935
0.27826086956521745 -0.029777430292349236
0.30434782608695654 -0.030033773357042607
0.3304347826086957 -0.03015256282787728
0.35652173913043483 -0.030131471340858012
0.3826086956521739 -0.02997584773485666
0.4086956521739131 -0.02969120251733873
0.4347826086956522 -0.02929274631138605
0.46086956521739136 -0.028810724919285775
0.4869565217391305 -0.02827667749207397
0.5130434782608697 -0.027720743623966575
0.5391304347826088 -0.027140873102317904
0.5652173913043479 -0.026502825907620615
0.5913043478260871 -0.025770962463547296
0.6173913043478262 -0.02491109945737457
0.6434782608695653 -0.023905982640775942
0.6695652173913045 -0.02274927974245512
0.6956521739130436 -0.021434840524066353
0.7217391304347827 -0.01995983607048533
0.7478260869565219 -0.01834351762336395
0.7739130434782611 -0.016614143852930745
0.8 -0.0148
0.8 -0.0148
0.805625 -0.014400422859154523
0.81125 -0.013998321548324567
0.816875 -0.013593798111698068
0.8225 -0.013186954593462962
0.828125 -0.012777893037807173
0.83375 -0.012366715488918625
0.839375 -0.011953523990985261
0.845 -0.011538420588195007
0.8506250000000001 -0.01112150732473578
0.8562500000000001 -0.010702886244795531
0.8618750000000001 -0.01028265939256218
0.8675 -0.00986092881222366
0.873125 -0.009437796547967902
0.87875 -0.009013364643982828
0.884375 -0.008587735144456378
0.89 -0.008161010093576478
0.895625 -0.007733291535531059
0.90125 -0.007304682015801431
0.906875 -0.006875365477381507
0.9125 -0.006445696553661151
0.918125 -0.006016051370983893
0.92375 -0.005586806055693273
0.9293750000000001 -0.005158336734132814
0.935 -0.004731019532646069
0.940625 -0.004305230577576564
0.94625 -0.0038813459952678347
0.951875 -0.0034597419120634162
0.9575 -0.003040794454306842
0.963125 -0.002624879748341648
0.96875 -0.0022123739205113686
0.974375 -0.0018036530971595394
0.98 -0.001399093404629695
0.98 -0.001399093404629695
0.985 -0.0010432821496166695
0.99 -0.0006913200534722711
0.995 -0.00034347128174916104
1.0 0.0
