1.0 0.0
0.995 0.00020010869013726003
0.99 0.0004823362340015037
0.985 0.000819306846676244
0.98 0.001187691771144388
0.98 0.001187691771144388
0.974375 0.0016236130837637421
0.96875 0.0020722037621670416
0.963125 0.002528687496684684
0.9575 0.0029902030214000366
0.951875 0.00345576411551306
0.94625 0.003924766540772675
0.940625 0.004397233987943691
0.935 0.004873308143332505
0.9293750000000001 0.00535313794463365
0.92375 0.0058368785206419395
0.918125 0.006324669023444306
0.9125 0.006816491739093016
0.906875 0.007312240821300905
0.90125 0.007811808917234634
0.895625 0.008315080097563005
0.89 0.008821931459972893
0.884375 0.009332239847461062
0.87875 0.009845861220493198
0.873125 0.010362598889495242
0.8675 0.010882247996286301
0.8618750000000001 0.01140460362159474
0.8562500000000001 0.011929459170137524
0.8506250000000001 0.012456606204673364
0.845 0.01298583619358807
0.839375 0.013516943183438808
0.83375 0.01404977644674245
0.828125 0.014584238310237764
0.8225 0.015120233244268167
0.816875 0.01565766556943259
0.81125 0.0161964301686517
0.805625 0.016736407029841503
0.8 0.017277474827952787
0.8 0.017277474827952787
0.7739130434782611 0.019797608663723727
0.7478260869565219 0.022327570398389274
0.7217391304347827 0.024858242773156194
0.6956521739130436 0.027378955900062805
0.6695652173913045 0.029879648589758764
0.6434782608695653 0.03235008376290981
0.6173913043478262 0.03477854747999307
0.5913043478260871 0.03715258074557748
0.5652173913043479 0.03945870162291332
0.5391304347826088 0.041682717410665
0.5130434782608697 0.04380796490809285
0.4869565217391305 0.04581656231497915
0.46086956521739136 0.04768855303185869
0.4347826086956522 0.04940187507160736
0.4086956521739131 0.05093294725699617
0.3826086956521739 0.05225470846317389
0.35652173913043483 0.05333770611619092
0.3304347826086957 0.05414929067524956
0.30434782608695654 0.05465083093662134
0.27826086956521745 0.05479872169809591
0.2521739130434783 0.054545378743773666
0.22608695652173916 0.0538328566639418
0.2 0.05259664781542644
0.2 0.05259664781542644
0.19437500000000002 0.05225505504346811
0.18875 0.05188409183704601
0.183125 0.05148226228901734
0.17750000000000002 0.05104811755216394
0.171875 0.0505807709447928
0.16625 0.05007970577089375
0.16062500000000002 0.04954441183722652
0.155 0.048974349111941165
0.149375 0.04836823905750392
0.14375000000000002 0.04772403440047881
0.138125 0.04703965197972575
0.1325 0.046313025867950386
0.12687500000000002 0.04554242650583567
0.12125000000000001 0.044726430397763514
0.11562500000000002 0.04386362520416518
0.11000000000000001 0.04295215963155922
0.10437500000000001 0.041987353147467946
0.09875000000000002 0.0409634030612624
0.09312500000000001 0.03987466165066663
0.08750000000000001 0.038720923738967586
0.081875 0.03750867826981969
0.07625000000000001 0.03624466905204107
0.07062500000000001 0.034921546956890905
0.065 0.03350687895059889
0.05937500000000001 0.03196619975861889
0.053750000000000006 0.030288469905337418
0.048125 0.028494213108902138
0.0425 0.02659742959312568
0.036875000000000005 0.024565387705764635
0.03125 0.02235073871532564
0.025625000000000002 0.01991607086445908
0.02 0.01721914126383326
0.02 0.01721914126383326
0.015 0.014502548715434327
0.01 0.011389098717140604
0.005 0.007665216426878523
0.0 0.0016746520946503824
0.0 0.0
0.005 -0.00649113879901909
0.01 -0.009645091611862024
0.015 -0.011819452715987945
0.02 -0.013616917135306425
0.02 -0.013616917135306425
0.025625000000000002 -0.015445352075239513
0.03125 -0.01699333067686069
0.036875000000000005 -0.018336686095483952
0.0425 -0.01954617026958895
0.048125 -0.020649830106529914
0.053750000000000006 -0.021665655461526295
0.05937500000000001 -0.022593252111667066
0.065 -0.023429743815578115
0.07062500000000001 -0.024185865615688938
0.07625000000000001 -0.024882454675273072
0.081875 -0.025539172664465638
0.08750000000000001 -0.026161963384861295
0.09312500000000001 -0.026749063502161947
0.09875000000000002 -0.02729880954588694
0.10437500000000001 -0.027812556036935686
0.11000000000000001 -0.02829411122495653
0.11562500000000002 -0.028747352856659924
0.12125000000000001 -0.029175505989026868
0.12687500000000002 -0.029580150086362486
0.1325 -0.029962609300732468
0.138125 -0.030324205904337265
0.14375000000000002 -0.030666210595696138
0.149375 -0.03098983739318345
0.155 -0.0312962974111609
0.16062500000000002 -0.03158678938192763
0.16625 -0.031862246806661276
0.171875 -0.03212334838552096
0.17750000000000002 -0.03237076252367656
0.183125 -0.03260515655110051
0.18875 -0.032827130033209334
0.19437500000000002 -0.03303717558608908
0.2 -0.033235776398453654
0.2 -0.033235776398453654
0.22608695652173916 -0.03402002503510263
0.2521739130434783 -0.034604356776648776
0.27826086956521745 -0.03501627305039755
0.30434782608695654 -0.035272466797958306
0.3304347826086957 -0.03538692883747935
0.35652173913043483 -0.035367683223699244
0.3826086956521739 -0.03521920348117314
0.4086956521739131 -0.03494321231462788
0.4347826086956522 -0.034542476390998736
0.46086956521739136 -0.034039763763048084
0.4869565217391305 -0.03338040409434163
0.5130434782608697 -0.03258857948854764
0.5391304347826088 -0.0316900151009999
0.5652173913043479 -0.030659559338762063
0.5913043478260871 -0.02950300420718218
0.6173913043478262 -0.028226186297137176
0.6434782608695653 -0.026825054574833935
0.6695652173913045 -0.025303506568678757
0.6956521739130436 -0.02366085086625189
0.7217391304347827 -0.02190800337630108
0.7478260869565219 -0.020057528582365654
0.7739130434782611 -0.01810500936238977
0.8 -0.016067985778906512
0.8 -0.016067985778906512
0.805625 -0.015618584566567645
0.81125 -0.015165977024625027
0.816875 -0.0147103911055165
0.8225 -0.014252049250390714
0.828125 -0.013791111377279246
0.83375 -0.013327697788713164
0.839375 -0.012861928158657691
0.845 -0.012393925436755585
0.8506250000000001 -0.01192389364567833
0.8562500000000001 -0.011452121199794428
0.8618750000000001 -0.010978900453218433
0.8675 -0.010504524603743615
0.873125 -0.010029303315975645
0.87875 -0.009553561237794012
0.884375 -0.009077623563219887
0.89 -0.008601807999215023
0.895625 -0.008126383995555497
0.90125 -0.007651601861819502
0.906875 -0.0071777114875259534
0.9125 -0.0067049499341124245
0.918125 -0.006233538484973008
0.92375 -0.005763696146647949
0.9293750000000001 -0.005295524308912303
0.935 -0.004828915016416671
0.940625 -0.004363744523500168
0.94625 -0.0039000696046423687
0.951875 -0.003438158470343092
0.9575 -0.002978368136167559
0.963125 -0.0025214656287938005
0.96875 -0.00206851286428064
0.974375 -0.0016222882370518752
0.98 -0.001187460108496629
0.98 -0.001187460108496629
0.985 -0.0008193186147547267
0.99 -0.00048234326619770433
0.995 -0.00020010642970302644
1.0 0.0
