1.0 0.0
0.995 0.0024046542417361996
0.99 0.004504909333193563
0.985 0.006422252799861117
0.98 0.008274006767228417
0.98 0.008274006767228417
0.974375 0.010342301218743893
0.96875 0.012397821818351919
0.963125 0.014442031592054344
0.9575 0.016476862557376643
0.951875 0.018508525094804183
0.94625 0.0205455186046878
0.940625 0.022596364131667646
0.935 0.024669582720383904
0.9293750000000001 0.02677311578147343
0.92375 0.028907640877616908
0.918125 0.031068886931828087
0.9125 0.03325248776288984
0.906875 0.03545407718958499
0.90125 0.03766928903069633
0.895625 0.03989376515319547
0.89 0.042125208026751924
0.884375 0.044366105181507534
0.87875 0.046619621704415075
0.873125 0.04888892268242739
0.8675 0.05117717320249728
0.8618750000000001 0.05348753835157756
0.8562500000000001 0.05582318321662107
0.8506250000000001 0.058187243077827064
0.845 0.06058223298757315
0.839375 0.06301008202888429
0.83375 0.06547269633666099
0.828125 0.0679719820458037
0.8225 0.0705098452912129
0.816875 0.07308819220778907
0.81125 0.07570892893043266
0.805625 0.07837396159404413
0.8 0.08108317953088552
0.8 0.08108317953088552
0.7739130434782611 0.09363938823140827
0.7478260869565219 0.10443494531370785
0.7217391304347827 0.11187559362897996
0.6956521739130436 0.1167755658581888
0.6695652173913045 0.1203161700265982
0.6434782608695653 0.12300757148269342
0.6173913043478262 0.12508349344080888
0.5913043478260871 0.1266732696390553
0.5652173913043479 0.1277914465076615
0.5391304347826088 0.12844532641195358
0.5130434782608697 0.1286371070181925
0.4869565217391305 0.12836798103074876
0.46086956521739136 0.12764523557680926
0.4347826086956522 0.1264822522063778
0.4086956521739131 0.12488917228568747
0.3826086956521739 0.12286204767645936
0.35652173913043483 0.12039279166398557
0.3304347826086957 0.11746178611884174
0.30434782608695654 0.11403901873166405
0.27826086956521745 0.11009880502182763
0.2521739130434783 0.10562702971945019
0.22608695652173916 0.10060211055948257
0.2 0.09495509000586734
0.2 0.09495509000586734
0.19437500000000002 0.09364777598692577
0.18875 0.09230695765760598
0.183125 0.09093232997419409
0.17750000000000002 0.0895236338896392
0.171875 0.0880806103568903
0.16625 0.08660300032889648
0.16062500000000002 0.08509054475860678
0.155 0.08354298459897025
0.149375 0.08196006080293597
0.14375000000000002 0.08034146330645017
0.138125 0.07868557935076945
0.1325 0.07698941732092429
0.12687500000000002 0.07524991933721759
0.12125000000000001 0.07346402751995222
0.11562500000000002 0.0716286839894311
0.11000000000000001 0.06974083086595716
0.10437500000000001 0.06779741026983326
0.09875000000000002 0.06579547413552937
0.09312500000000001 0.06373284993016702
0.08750000000000001 0.06160769909045564
0.081875 0.05941818435750467
0.07625000000000001 0.057162468472423615
0.07062500000000001 0.054838714176321954
0.065 0.052444812497638015
0.05937500000000001 0.04996451620736416
0.053750000000000006 0.04736082527180932
0.048125 0.04459508364364737
0.0425 0.04162863527555222
0.036875000000000005 0.03842282412019771
0.03125 0.03493899413025775
0.025625000000000002 0.03113848925840622
0.02 0.026982653457316978
0.02 0.026982653457316978
0.015 0.022959024616406858
0.01 0.018596948046097916
0.005 0.013869274368844275
0.0 0.008748854207099978
0.0 0.0
0.005 -0.0067561029178986555
0.01 -0.012179530268759543
0.015 -0.01646421780808386
0.02 -0.019804101291372788
0.02 -0.019804101291372788
0.025625000000000002 -0.02267360685428838
0.03125 -0.024868925907466092
0.036875000000000005 -0.026666189634031643
0.0425 -0.028319006185617897
0.048125 -0.029908702761096164
0.053750000000000006 -0.03143705136198965
0.05937500000000001 -0.03290539580330756
0.065 -0.03431507990005914
0.07062500000000001 -0.03566763329117238
0.07625000000000001 -0.036966914320732264
0.081875 -0.03821836780913513
0.08750000000000001 -0.03942746906608752
0.09312500000000001 -0.04059969340129592
0.09875000000000002 -0.04174051612446684
0.10437500000000001 -0.042855405860105965
0.11000000000000001 -0.04394811960003118
0.11562500000000002 -0.04501843964170288
0.12125000000000001 -0.046065585472299435
0.12687500000000002 -0.04708877657899923
0.1325 -0.048087232448980624
0.138125 -0.04906017256942198
0.14375000000000002 -0.0500068164275017
0.149375 -0.05092642404756155
0.155 -0.05181909896333587
0.16062500000000002 -0.05268574162645791
0.16625 -0.05352728369799391
0.171875 -0.054344656839010096
0.17750000000000002 -0.05513879271057272
0.183125 -0.055910622973748006
0.18875 -0.0566610792896022
0.19437500000000002 -0.05739109331920152
0.2 -0.05810154013380754
0.2 -0.05810154013380754
0.22608695652173916 -0.061149526742053206
0.2521739130434783 -0.06380706616151587
0.27826086956521745 -0.06609599516722653
0.30434782608695654 -0.0680401523091094
0.3304347826086957 -0.06965975019800039
0.35652173913043483 -0.07094842221205659
0.3826086956521739 -0.07188895438214091
0.4086956521739131 -0.07246280181717639
0.4347826086956522 -0.0726499795644866
0.46086956521739136 -0.07242499742955252
0.4869565217391305 -0.0717407495921724
0.5130434782608697 -0.07054680341193838
0.5391304347826088 -0.06883989169985197
0.5652173913043479 -0.06666391271832406
0.5913043478260871 -0.0638785725634575
0.6173913043478262 -0.059594946655581606
0.6434782608695653 -0.052814746140595094
0.6695652173913045 -0.04405524642962723
0.6956521739130436 -0.035199821778352444
0.7217391304347827 -0.027563181893156104
0.7478260869565219 -0.020939845275067332
0.7739130434782611 -0.014935087271132583
0.8 -0.009361943252275792
0.8 -0.009361943252275792
0.805625 -0.00820516007066386
0.81125 -0.007063653820339278
0.816875 -0.005942399789256785
0.8225 -0.004846901242959546
0.828125 -0.0037826614469907245
0.83375 -0.002755183666893486
0.839375 -0.0017699711682109928
0.845 -0.0008325272164864086
0.8506250000000001 5.164492273711848e-05
0.8562500000000001 0.0008772596782492515
0.8618750000000001 0.0016445901991898769
0.8675 0.0023597933434634168
0.873125 0.0030293087267783065
0.87875 0.0036595759648429846
0.884375 0.004257034673365891
0.89 0.0048281244680554595
0.895625 0.00537928496462013
0.90125 0.005914658375515308
0.906875 0.006422162128328528
0.9125 0.0068827267304886735
0.918125 0.007277255400295967
0.92375 0.007586651356050627
0.9293750000000001 0.007791817816052875
0.935 0.007873972412938388
0.940625 0.007830692968953052
0.94625 0.007683571568415823
0.951875 0.00745611656412288
0.9575 0.007171836308870399
0.963125 0.0068539471827366106
0.96875 0.0064947876126920205
0.974375 0.006028982638047893
0.98 0.005384830791957569
0.98 0.005384830791957569
0.985 0.004603577433625999
0.99 0.0035358370415110108
0.995 0.0020471390037357963
1.0 0.0
