1.0 0.0
0.995 0.0018465185354234902
0.99 0.0036636187210818544
0.985 0.0054792896957961265
0.98 0.00730344217873701
0.98 0.00730344217873701
0.974375 0.009359865875156179
0.96875 0.011393674601251118
0.963125 0.013402231139531071
0.9575 0.015393218340305884
0.951875 0.017371189521384132
0.94625 0.019339203319206844
0.940625 0.021299496883472185
0.935 0.023253241043857332
0.9293750000000001 0.025201180588958576
0.92375 0.027139567785611277
0.918125 0.02906156524612063
0.9125 0.030960682931660117
0.906875 0.032837308270418655
0.90125 0.03469754679223444
0.895625 0.03654766929535118
0.89 0.038389768026128195
0.884375 0.040215034458597705
0.87875 0.04201290481783456
0.873125 0.04377303521146035
0.8675 0.045490300950381285
0.8618750000000001 0.047164888112616
0.8562500000000001 0.048797220973231574
0.8506250000000001 0.05038775154872087
0.845 0.0519375378120382
0.839375 0.053448226380143696
0.83375 0.05492148814802019
0.828125 0.05635898244824656
0.8225 0.05776131026578019
0.816875 0.05912717881213501
0.81125 0.0604550987042483
0.805625 0.06174358055905738
0.8 0.06299152980618074
0.8 0.06299152980618074
0.7739130434782611 0.0683337543425365
0.7478260869565219 0.07308291429765898
0.7217391304347827 0.07723170948518902
0.6956521739130436 0.08092130108243184
0.6695652173913045 0.08406014478472082
0.6434782608695653 0.08684700490713052
0.6173913043478262 0.08925529360011254
0.5913043478260871 0.0912996933876793
0.5652173913043479 0.09311200923207014
0.5391304347826088 0.09451566318023802
0.5130434782608697 0.09569851104612194
0.4869565217391305 0.09654228857981223
0.46086956521739136 0.09707070057796549
0.4347826086956522 0.09738971801705844
0.4086956521739131 0.09724534353929679
0.3826086956521739 0.0969492152363759
0.35652173913043483 0.09623040640394702
0.3304347826086957 0.0951273728241449
0.30434782608695654 0.09374662223895339
0.27826086956521745 0.09176832526197065
0.2521739130434783 0.08953876024936312
0.22608695652173916 0.08658201441169984
0.2 0.08329260216775881
0.2 0.08329260216775881
0.19437500000000002 0.08248079263854478
0.18875 0.08160897000634312
0.183125 0.08069179666498948
0.17750000000000002 0.07974654765965362
0.171875 0.0787904980355054
0.16625 0.07783821935752709
0.16062500000000002 0.07687886599791376
0.155 0.07588765983791904
0.149375 0.0748396798436015
0.14375000000000002 0.0737109415321984
0.138125 0.07250158479856685
0.1325 0.0712374030877767
0.12687500000000002 0.0699454325927751
0.12125000000000001 0.06865127378682692
0.11562500000000002 0.06734659214556765
0.11000000000000001 0.06598860278387247
0.10437500000000001 0.06453298201696735
0.09875000000000002 0.06294383597217147
0.09312500000000001 0.06124582444813244
0.08750000000000001 0.059490078392283804
0.081875 0.0577259824843039
0.07625000000000001 0.05593742860483254
0.07062500000000001 0.05402692420731312
0.065 0.051893554677743425
0.05937500000000001 0.049528239984926045
0.053750000000000006 0.047059924106240936
0.048125 0.04461153854968049
0.0425 0.04205985438711445
0.036875000000000005 0.0391002726576474
0.03125 0.03565817335808868
0.025625000000000002 0.03217519582379565
0.02 0.02863882339766012
0.02 0.02863882339766012
0.015 0.02441361746974592
0.01 0.019498840039098617
0.005 0.014618321341926923
0.0 0.0031324509970734964
0.0 0.0
0.005 -0.005639564755997305
0.01 -0.009361608801149866
0.015 -0.011581454070194442
0.02 -0.013484988573255367
0.02 -0.013484988573255367
0.025625000000000002 -0.015944202535799222
0.03125 -0.01784320458969554
0.036875000000000005 -0.01931921417188027
0.0425 -0.020883114562935443
0.048125 -0.022530158414811662
0.053750000000000006 -0.024025414246557113
0.05937500000000001 -0.025290772166190075
0.065 -0.0264611733775186
0.07062500000000001 -0.027675388626167793
0.07625000000000001 -0.02893606486446371
0.081875 -0.03015527877441288
0.08750000000000001 -0.031248695647786765
0.09312500000000001 -0.032215665702323544
0.09875000000000002 -0.03312288324390821
0.10437500000000001 -0.034038820612513364
0.11000000000000001 -0.035000541200752744
0.11562500000000002 -0.03597325934434726
0.12125000000000001 -0.036912187111023204
0.12687500000000002 -0.03777422500519899
0.1325 -0.03855407393837725
0.138125 -0.039283669750708364
0.14375000000000002 -0.03999652361529293
0.149375 -0.04072482593955849
0.155 -0.041473503090392994
0.16062500000000002 -0.042221842565834944
0.16625 -0.04294813651750516
0.171875 -0.04363080479217076
0.17750000000000002 -0.044260715958141086
0.183125 -0.04485144892006991
0.18875 -0.04541899815009219
0.19437500000000002 -0.04597935812034284
0.2 -0.046546320792725415
0.2 -0.046546320792725415
0.22608695652173916 -0.049042901339334546
0.2521739130434783 -0.051047564500392724
0.27826086956521745 -0.0529875352471328
0.30434782608695654 -0.05444069802292626
0.3304347826086957 -0.05578572870278345
0.35652173913043483 -0.05674989724318824
0.3826086956521739 -0.057434670211688514
0.4086956521739131 -0.05792478943694143
0.4347826086956522 -0.058030163286500874
0.46086956521739136 -0.058015484349020235
0.4869565217391305 -0.05760285755939517
0.5130434782608697 -0.05690399758433699
0.5391304347826088 -0.055942534734980266
0.5652173913043479 -0.05458184359083895
0.5913043478260871 -0.05298148878048631
0.6173913043478262 -0.050906675096621744
0.6434782608695653 -0.048368498684881814
0.6695652173913045 -0.04526707478284989
0.6956521739130436 -0.04147195233393307
0.7217391304347827 -0.03705125607756002
0.7478260869565219 -0.031857011985934415
0.7739130434782611 -0.026206486854126118
0.8 -0.020256155307316573
0.8 -0.020256155307316573
0.805625 -0.018968983456554286
0.81125 -0.017690463926215566
0.816875 -0.016419412101025033
0.8225 -0.015154077672302898
0.828125 -0.013892710331369375
0.83375 -0.012634325349828628
0.839375 -0.011385312748045256
0.845 -0.010156183972754635
0.8506250000000001 -0.008957495497104574
0.8562500000000001 -0.007799490960402751
0.8618750000000001 -0.006684829044654349
0.8675 -0.005608360395359607
0.873125 -0.004564578196586232
0.87875 -0.003548305632756975
0.884375 -0.0025617234732990463
0.89 -0.0016142432192855815
0.895625 -0.0007155809990674577
0.90125 0.00012582769517814976
0.906875 0.0009095006153452447
0.9125 0.001638004200338559
0.918125 0.0023137579433612407
0.92375 0.0029341419939503785
0.9293750000000001 0.003490475413196465
0.935 0.003973738522363866
0.940625 0.00437597708437781
0.94625 0.004690786070918013
0.951875 0.004911497382893247
0.9575 0.005025761564633222
0.963125 0.0050168792535842084
0.96875 0.004864991955008691
0.974375 0.004543738284788584
0.98 0.004038506672897698
0.98 0.004038506672897698
0.985 0.003445821834376206
0.99 0.002654871821390248
0.995 0.0015819122527470652
1.0 0.0
