1.0 0.0
0.995 0.0010231159471417554
0.99 0.002061800595179366
0.985 0.0031039940699256977
0.98 0.004153343201424038
0.98 0.004153343201424038
0.974375 0.005347693392534319
0.96875 0.006540437187728582
0.963125 0.007729557217733464
0.9575 0.008919014750465673
0.951875 0.010110731271472417
0.94625 0.011305631096035091
0.940625 0.012502665547418156
0.935 0.013698156768497985
0.9293750000000001 0.014888625254739088
0.92375 0.01607537347782673
0.918125 0.01726296172504937
0.9125 0.018455669501502372
0.906875 0.019652074528626745
0.90125 0.020846057884849466
0.895625 0.022031371868347898
0.89 0.023204569645177784
0.884375 0.02436867594093313
0.87875 0.025527626672859922
0.873125 0.0266852391693663
0.8675 0.0278425629526621
0.8618750000000001 0.028997857183938103
0.8562500000000001 0.030149257924489963
0.8506250000000001 0.03129497323766754
0.845 0.03243472149299604
0.839375 0.033569654579278754
0.83375 0.03470098101688471
0.828125 0.0358298986823438
0.8225 0.03695658420224056
0.816875 0.038079360120543373
0.81125 0.03919635296440146
0.805625 0.04030568926096407
0.8 0.04140572515340992
0.8 0.04140572515340992
0.7739130434782611 0.0464043803800741
0.7478260869565219 0.05123190105893524
0.7217391304347827 0.05578787882528308
0.6956521739130436 0.06012936518927461
0.6695652173913045 0.06417549871060453
0.6434782608695653 0.06798892157106796
0.6173913043478262 0.07152706767895463
0.5913043478260871 0.07478186030987369
0.5652173913043479 0.07781469653102005
0.5391304347826088 0.08053991682838499
0.5130434782608697 0.08307908694011133
0.4869565217391305 0.08531943274878019
0.46086956521739136 0.08724886703105704
0.4347826086956522 0.08892761377691245
0.4086956521739131 0.09016322610243957
0.3826086956521739 0.09109218442551018
0.35652173913043483 0.0915554553926917
0.3304347826086957 0.09157906059109491
0.30434782608695654 0.09118622312859778
0.27826086956521745 0.09016263687744493
0.2521739130434783 0.08874269116456891
0.22608695652173916 0.08652475588947756
0.2 0.08381043543577991
0.2 0.08381043543577991
0.19437500000000002 0.08310938768753488
0.18875 0.08234745750555308
0.183125 0.08153624798062946
0.17750000000000002 0.0806894242464845
0.171875 0.0798206514368387
0.16625 0.07894139782449307
0.16062500000000002 0.07804235202845089
0.155 0.0771027569963513
0.149375 0.0761017363848756
0.14375000000000002 0.07501927138207255
0.138125 0.07385704993498314
0.1325 0.07263962947880362
0.12687500000000002 0.0713926577244329
0.12125000000000001 0.07014032706866484
0.11562500000000002 0.06887384164503386
0.11000000000000001 0.06755168397187897
0.10437500000000001 0.06613093458414812
0.09875000000000002 0.0645771646147817
0.09312500000000001 0.0629162479994325
0.08750000000000001 0.06120015751161308
0.081875 0.05947901137786567
0.07625000000000001 0.05773720373894553
0.07062500000000001 0.0558793388693335
0.065 0.05380671693935646
0.05937500000000001 0.0514987547695389
0.053750000000000006 0.049049532503680264
0.048125 0.04655235916517329
0.0425 0.04395819184706482
0.036875000000000005 0.04111170311195671
0.03125 0.037903782472848965
0.025625000000000002 0.034330817872966
0.02 0.030345602674931697
0.02 0.030345602674931697
0.015 0.026298121069971054
0.01 0.0213968341217866
0.005 0.014722777126918793
0.0 0.00396811504030979
0.0 0.0
0.005 -0.006851028363615874
0.01 -0.010379338759855049
0.015 -0.013111457306927933
0.02 -0.015338340798017495
0.02 -0.015338340798017495
0.025625000000000002 -0.0175946672946875
0.03125 -0.01943346290054618
0.036875000000000005 -0.020999264204206856
0.0425 -0.02253131463505667
0.048125 -0.024007374856085978
0.053750000000000006 -0.02528695727921834
0.05937500000000001 -0.026339092081904474
0.065 -0.027279999726712023
0.07062500000000001 -0.02822736918265791
0.07625000000000001 -0.029188739880941148
0.081875 -0.03009660970791998
0.08750000000000001 -0.030885828501547755
0.09312500000000001 -0.03155424484292441
0.09875000000000002 -0.03215160030398142
0.10437500000000001 -0.032729092828343895
0.11000000000000001 -0.03331533974894099
0.11562500000000002 -0.033886784653677886
0.12125000000000001 -0.034412525098852044
0.12687500000000002 -0.034862814413277196
0.1325 -0.035234881098067265
0.138125 -0.03555314864700352
0.14375000000000002 -0.03584324029136478
0.149375 -0.03612978709083934
0.155 -0.036416608436668545
0.16062500000000002 -0.036687770157261955
0.16625 -0.03692655771120289
0.171875 -0.037116362792007244
0.17750000000000002 -0.037250770071356326
0.183125 -0.037341869606128904
0.18875 -0.03740370787451572
0.19437500000000002 -0.03745033135470744
0.2 -0.03749388274381475
0.2 -0.03749388274381475
0.22608695652173916 -0.03745791104053967
0.2521739130434783 -0.03676087101739864
0.27826086956521745 -0.03576921273966676
0.30434782608695654 -0.03421119440377662
0.3304347826086957 -0.03237287860110103
0.35652173913043483 -0.03012935945813393
0.3826086956521739 -0.027582472847843605
0.4086956521739131 -0.02484635232620328
0.4347826086956522 -0.02187512084499109
0.46086956521739136 -0.0188910651318237
0.4869565217391305 -0.015781828837830077
0.5130434782608697 -0.012667024859316632
0.5391304347826088 -0.00959863509410734
0.5652173913043479 -0.006534876836012976
0.5913043478260871 -0.0036495925172274363
0.6173913043478262 -0.0009006596181034174
0.6434782608695653 0.0015884384203136291
0.6695652173913045 0.003797815536023043
0.6956521739130436 0.0057747060764444585
0.7217391304347827 0.007445699008884171
0.7478260869565219 0.008866693129043033
0.7739130434782611 0.00993121538164349
0.8 0.010649870093429563
0.8 0.010649870093429563
0.805625 0.0107502393114983
0.81125 0.010827681682007081
0.816875 0.010882845993587343
0.8225 0.010916607665974232
0.828125 0.010929842118902907
0.83375 0.010923338410975661
0.839375 0.010897068728672112
0.845 0.010850555315948623
0.8506250000000001 0.0107833157272966
0.8562500000000001 0.010694881813048581
0.8618750000000001 0.010585147295288519
0.8675 0.010454387151622438
0.873125 0.010302894535560849
0.87875 0.01013093754555961
0.884375 0.009938216345814791
0.89 0.009723867756942997
0.895625 0.009487004462661193
0.90125 0.009226837510775326
0.906875 0.008943276560691662
0.9125 0.008636533628424528
0.918125 0.008306808321018199
0.92375 0.007953843327456135
0.9293750000000001 0.007576826632452668
0.935 0.00717489396464345
0.940625 0.006746200274988095
0.94625 0.006287460882467108
0.951875 0.005795434131031187
0.9575 0.0052691440673289704
0.963125 0.004709283767412652
0.96875 0.004111608546935132
0.974375 0.003461144898531368
0.98 0.002761123045037488
0.98 0.002761123045037488
0.985 0.0021379454439419544
0.99 0.001510847093868762
0.995 0.0007991708784424542
1.0 0.0
