1.0 0.0
0.995 0.0010009985276955601
0.99 0.0020085583267035823
0.985 0.00300353778602379
0.98 0.004007473847311599
0.98 0.004007473847311599
0.974375 0.005155533972955887
0.96875 0.006295447285859866
0.963125 0.007423311787027088
0.9575 0.00854542738141646
0.951875 0.009665663313396616
0.94625 0.010786683152804023
0.940625 0.011908236021716206
0.935 0.013026185369118431
0.9293750000000001 0.01413651213994813
0.92375 0.015240063368750426
0.918125 0.016341001209577263
0.9125 0.017443261984552406
0.906875 0.0185459743575037
0.90125 0.019644306853446557
0.895625 0.020733318753634662
0.89 0.021810266542118262
0.884375 0.022877483461057373
0.87875 0.02393801755707012
0.873125 0.024994823254294012
0.8675 0.02604867005691305
0.8618750000000001 0.02709812484642414
0.8562500000000001 0.02814165734122457
0.8506250000000001 0.029177799411155468
0.845 0.03020638660704902
0.839375 0.031228491879056627
0.83375 0.03224523706112353
0.828125 0.033257734687767625
0.8225 0.03426620503652966
0.816875 0.035269248489490194
0.81125 0.03626529417058146
0.805625 0.03725277120373574
0.8 0.038230289356424356
0.8 0.038230289356424356
0.7739130434782611 0.04264536527332616
0.7478260869565219 0.04686065530258727
0.7217391304347827 0.05080206398828277
0.6956521739130436 0.054522236526046125
0.6695652173913045 0.05794685140246375
0.6434782608695653 0.06113503379207727
0.6173913043478262 0.06405327942590566
0.5913043478260871 0.06669440101393899
0.5652173913043479 0.06911370780924712
0.5391304347826088 0.07124424210290688
0.5130434782608697 0.0732022102800853
0.4869565217391305 0.07488466028874365
0.46086956521739136 0.07629503169395709
0.4347826086956522 0.07749835693427773
0.4086956521739131 0.07830014017435402
0.3826086956521739 0.07884599233172382
0.35652173913043483 0.07899742658627727
0.3304347826086957 0.07878907049832944
0.30434782608695654 0.07824838578745882
0.27826086956521745 0.07717245177326162
0.2521739130434783 0.0757942963865394
0.22608695652173916 0.07373168031748117
0.2 0.07129158018753994
0.2 0.07129158018753994
0.19437500000000002 0.07066684760474552
0.18875 0.06998789405048718
0.183125 0.06926642813773645
0.17750000000000002 0.06851620548102832
0.171875 0.06775098169489775
0.16625 0.0669823279913483
0.16062500000000002 0.06620115376990596
0.155 0.0653869876670817
0.149375 0.06451923970492719
0.14375000000000002 0.06357817493211078
0.138125 0.06256570175334059
0.1325 0.061506531262329085
0.12687500000000002 0.06042646164392117
0.12125000000000001 0.059349860941318486
0.11562500000000002 0.05826867953004387
0.11000000000000001 0.05714271215381332
0.10437500000000001 0.05593037582295615
0.09875000000000002 0.054598376961600366
0.09312500000000001 0.05317229592541001
0.08750000000000001 0.05170319349756183
0.081875 0.05024034807024978
0.07625000000000001 0.04876981780288539
0.07062500000000001 0.047200910697625664
0.065 0.04543977561744604
0.05937500000000001 0.043468695457202396
0.053750000000000006 0.04138170625384838
0.048125 0.039272100848639566
0.0425 0.03709455293829915
0.036875000000000005 0.03470026190574531
0.03125 0.031989742385472975
0.025625000000000002 0.028975575685599
0.02 0.025629355718602042
0.02 0.025629355718602042
0.015 0.02223665278813044
0.01 0.018118071532255926
0.005 0.01248240117403473
0.0 0.0033876469002580545
0.0 0.0
0.005 -0.004672923873435835
0.01 -0.007088386085181021
0.015 -0.00902505310215048
0.02 -0.010638393754793946
0.02 -0.010638393754793946
0.025625000000000002 -0.012242457059557694
0.03125 -0.013513471831038511
0.036875000000000005 -0.014586664610083075
0.0425 -0.015669657429430002
0.048125 -0.016728156961353255
0.053750000000000006 -0.017618712062778253
0.05937500000000001 -0.018308423146681466
0.065 -0.018912896905674836
0.07062500000000001 -0.019549112061976966
0.07625000000000001 -0.02022153941431603
0.081875 -0.020858001519831488
0.08750000000000001 -0.021388818058447494
0.09312500000000001 -0.02181023062754035
0.09875000000000002 -0.02217278167696497
0.10437500000000001 -0.022528539379909042
0.11000000000000001 -0.022906387084781134
0.11562500000000002 -0.023281638325039378
0.12125000000000001 -0.02362206403673657
0.12687500000000002 -0.023896614928641865
0.1325 -0.02410177703490208
0.138125 -0.024261796100089873
0.14375000000000002 -0.02440214251943056
0.149375 -0.02454729140079925
0.155 -0.02470084082783438
0.16062500000000002 -0.02484657328836812
0.16625 -0.02496748844977696
0.171875 -0.02504669288839782
0.17750000000000002 -0.025077550830025008
0.183125 -0.025072049296592642
0.18875 -0.02504414414423451
0.19437500000000002 -0.025007791229084374
0.2 -0.024975027598711542
0.2 -0.024975027598711542
0.22608695652173916 -0.024664835442262292
0.2521739130434783 -0.02381247624391556
0.27826086956521745 -0.022779027635886785
0.30434782608695654 -0.021273357061732175
0.3304347826086957 -0.019582888508871216
0.35652173913043483 -0.017571330651497404
0.3826086956521739 -0.015336280754127784
0.4086956521739131 -0.012983266398102024
0.4347826086956522 -0.010445864002356404
0.46086956521739136 -0.00793722979473072
0.4869565217391305 -0.00534705637776908
0.5130434782608697 -0.002790148199359921
0.5391304347826088 -0.0003029603685045122
0.5652173913043479 0.002166111885762435
0.5913043478260871 0.004437866777766841
0.6173913043478262 0.006573128639317273
0.6434782608695653 0.008442326185480622
0.6695652173913045 0.01002646287751882
0.6956521739130436 0.011381834683286626
0.7217391304347827 0.01243151387100089
0.7478260869565219 0.013237939168504725
0.7739130434782611 0.01369022885183052
0.8 0.013825322763335798
0.8 0.013825322763335798
0.805625 0.01380317525442826
0.81125 0.013758756344439271
0.816875 0.01369296932669739
0.8225 0.013606993307053299
0.828125 0.013502007391357693
0.83375 0.013379079527332423
0.839375 0.013238226240912436
0.845 0.013078884922867292
0.8506250000000001 0.012900486928008836
0.8562500000000001 0.012702485597411911
0.8618750000000001 0.012484890812156915
0.8675 0.01224829880456486
0.873125 0.01199333376055619
0.87875 0.011720569012596504
0.884375 0.011429425079235354
0.89 0.011118178930405209
0.895625 0.0107850585356813
0.90125 0.010428586170852655
0.906875 0.010049374363721508
0.9125 0.00964894029570362
0.918125 0.009228769228016171
0.92375 0.008789154030763144
0.9293750000000001 0.008328939996249096
0.935 0.00784686528032248
0.940625 0.007340629670845254
0.94625 0.006806408789911771
0.951875 0.006240502116741557
0.9575 0.005642731456039005
0.963125 0.005015529194894866
0.96875 0.004356598443744031
0.974375 0.003653304318711905
0.98 0.0029069923999142967
0.98 0.0029069923999142967
0.985 0.0022384017276276696
0.99 0.001564089362326502
0.995 0.0008212882978966474
1.0 0.0
