1.0 0.0
0.995 0.0018245391393045083
0.99 0.003328951769580066
0.985 0.0047162371263624004
0.98 0.006070924998656069
0.98 0.006070924998656069
0.974375 0.0075924128690565106
0.96875 0.009046750228257539
0.963125 0.01043047594837381
0.9575 0.01176514312253032
0.951875 0.0130549268239252
0.94625 0.014296054753973473
0.940625 0.015492435162196151
0.935 0.016658107357682122
0.9293750000000001 0.017807021170510636
0.92375 0.01894327032061579
0.918125 0.020064170157791463
0.9125 0.02116727127970129
0.906875 0.02225633619541317
0.90125 0.023340292155718385
0.895625 0.02442821675123681
0.89 0.025525934588022978
0.884375 0.026630784068032237
0.87875 0.02773873713949993
0.873125 0.028845873902670537
0.8675 0.029950841588875406
0.8618750000000001 0.031054899597358496
0.8562500000000001 0.03215942448759201
0.8506250000000001 0.033265738687424266
0.845 0.03437398222666988
0.839375 0.03548314651876648
0.83375 0.036592175603638914
0.828125 0.03770001949088466
0.8225 0.03880617461529687
0.816875 0.03991111516746766
0.81125 0.04101541683982832
0.805625 0.0421196553248101
0.8 0.043224299427296865
0.8 0.043224299427296865
0.7739130434782611 0.04833459992661949
0.7478260869565219 0.05335216418648506
0.7217391304347827 0.058183144470120574
0.6956521739130436 0.0628019222725128
0.6695652173913045 0.06713055628745154
0.6434782608695653 0.0712334256810623
0.6173913043478262 0.07504521474729638
0.5913043478260871 0.07855669404776781
0.5652173913043479 0.08183387228843877
0.5391304347826088 0.08474829490037192
0.5130434782608697 0.08740681252991185
0.4869565217391305 0.08971843851930598
0.46086956521739136 0.09168782924096545
0.4347826086956522 0.09336492345848113
0.4086956521739131 0.09454772425639407
0.3826086956521739 0.09541494670899302
0.35652173913043483 0.09579537070812069
0.3304347826086957 0.09571182156626323
0.30434782608695654 0.09519436705193113
0.27826086956521745 0.09401654627174363
0.2521739130434783 0.09243914241851947
0.22608695652173916 0.09002414878908221
0.2 0.08711395565335235
0.2 0.08711395565335235
0.19437500000000002 0.08636341874780908
0.18875 0.08554676132803797
0.183125 0.08467784312596183
0.17750000000000002 0.08377299945344581
0.171875 0.08284856562235499
0.16625 0.08191824753670696
0.16062500000000002 0.0809714741328044
0.155 0.07998455892749975
0.149375 0.07893368727076712
0.14375000000000002 0.07779597824414888
0.138125 0.07657260267719519
0.1325 0.07529030771628158
0.12687500000000002 0.07397707951420504
0.12125000000000001 0.07265942105626183
0.11562500000000002 0.07132877884267072
0.11000000000000001 0.06994101049366583
0.10437500000000001 0.06845038397541588
0.09875000000000002 0.06682030855130161
0.09312500000000001 0.06507985795038382
0.08750000000000001 0.06328681124365954
0.081875 0.0614969335196214
0.07625000000000001 0.05969072668642542
0.07062500000000001 0.05775516709047726
0.065 0.05557333013005747
0.05937500000000001 0.05313557500766744
0.053750000000000006 0.050593504547347866
0.048125 0.048091168313750134
0.0425 0.04547755347701873
0.036875000000000005 0.04238413504277705
0.03125 0.03869548061336713
0.025625000000000002 0.03486556488051762
0.02 0.030981642188027566
0.02 0.030981642188027566
0.015 0.026670312556109077
0.01 0.021315814067887195
0.005 0.014378808574666927
0.0 -0.0004842734550368359
0.0 0.0
0.005 -0.006733681767833885
0.01 -0.010122378298968138
0.015 -0.012417438242528212
0.02 -0.014268649660202717
0.02 -0.014268649660202717
0.025625000000000002 -0.0167544513766909
0.03125 -0.018596154748803544
0.036875000000000005 -0.0199105693226251
0.0425 -0.021253506037925706
0.048125 -0.022642272041666318
0.053750000000000006 -0.02385339818668018
0.05937500000000001 -0.024813348674863737
0.065 -0.025652418492002782
0.07062500000000001 -0.026505037654458483
0.07625000000000001 -0.027381117685254013
0.081875 -0.02820772144937803
0.08750000000000001 -0.028914665321813172
0.09312500000000001 -0.029499843487095247
0.09875000000000002 -0.030015934643869726
0.10437500000000001 -0.03051706918007142
0.11000000000000001 -0.031033077715762816
0.11562500000000002 -0.03153820430885924
0.12125000000000001 -0.031998954687567305
0.12687500000000002 -0.03238314331746533
0.1325 -0.03268788443334863
0.138125 -0.03293915372681525
0.14375000000000002 -0.03316414795810887
0.149375 -0.03338898343480216
0.155 -0.0336174731096605
0.16062500000000002 -0.03383245605272728
0.16625 -0.03401595709067364
0.171875 -0.034150106914904846
0.17750000000000002 -0.03422786943997594
0.183125 -0.034262261146023314
0.18875 -0.03426847038134767
0.19437500000000002 -0.034261685494249614
0.2 -0.034254970383007406
0.2 -0.034254970383007406
0.22608695652173916 -0.03400642657629268
0.2521739130434783 -0.03310452430429744
0.27826086956521745 -0.03194565837351296
0.30434782608695654 -0.03023076945649499
0.3304347826086957 -0.028266942667464084
0.35652173913043483 -0.02590345707584755
0.3826086956521739 -0.023264142855631692
0.4086956521739131 -0.02047020670794454
0.4347826086956522 -0.017449286416796102
0.46086956521739136 -0.014459639974229077
0.4869565217391305 -0.011383953533121006
0.5130434782608697 -0.008353174706931027
0.5391304347826088 -0.005419937351845907
0.5652173913043479 -0.002533475533181508
0.5913043478260871 0.00011805867169020805
0.6173913043478262 0.0025935763632894335
0.6434782608695653 0.004796732738127042
0.6695652173913045 0.006718262749414793
0.6956521739130436 0.0084087951287348
0.7217391304347827 0.009809220164657408
0.7478260869565219 0.0109789168467101
0.7739130434782611 0.011806006503508746
0.8 0.01231293647678992
0.8 0.01231293647678992
0.805625 0.012371334253239597
0.81125 0.01240811443772736
0.816875 0.012424219830747155
0.8225 0.012420843973140482
0.828125 0.012399180405748838
0.83375 0.012360292942265438
0.839375 0.012303995749356113
0.845 0.012229404620307477
0.8506250000000001 0.012135627718705891
0.8562500000000001 0.012021784960698787
0.8618750000000001 0.011887281214578674
0.8675 0.011731814681436465
0.873125 0.011555096991496275
0.87875 0.01135686720072063
0.884375 0.011137475840783274
0.89 0.010897874376513673
0.895625 0.010639039589768752
0.90125 0.01036159553228978
0.906875 0.010063975665892075
0.9125 0.009743773741828405
0.918125 0.009398614178209455
0.92375 0.009027186757859976
0.9293750000000001 0.00862946263478869
0.935 0.008205438944466117
0.940625 0.007752569170261535
0.94625 0.007264608190309913
0.951875 0.0067352576824605825
0.9575 0.006161731593362421
0.963125 0.005543892902276284
0.96875 0.004876412142880436
0.974375 0.004142737062722792
0.98 0.003343784984817667
0.98 0.003343784984817667
0.985 0.0026158144107355057
0.99 0.0018722658151180253
0.995 0.001031075286263139
1.0 0.0
