1.0 0.0
0.995 0.0023138358379840357
0.99 0.00400850030587457
0.985 0.005504292017405197
0.98 0.006927150840711958
0.98 0.006927150840711958
0.974375 0.008496756152145459
0.96875 0.00997770430556108
0.963125 0.011377340462473321
0.9575 0.01272809088502918
0.951875 0.01403895076354886
0.94625 0.015308092178572444
0.940625 0.016539304235439443
0.935 0.017743822098654997
0.9293750000000001 0.01893271594365142
0.92375 0.020108551914700568
0.918125 0.0212680476549881
0.9125 0.02240816135612827
0.906875 0.02353184405024583
0.90125 0.02464702937005526
0.895625 0.025761795842761514
0.89 0.026881013546978846
0.884375 0.028001182540180653
0.87875 0.029117455133970623
0.873125 0.030225133645834755
0.8675 0.03132308098142469
0.8618750000000001 0.03241378310023757
0.8562500000000001 0.033499888461973285
0.8506250000000001 0.03458398499831742
0.845 0.035667338526449655
0.839375 0.03674993052246456
0.83375 0.03783168949111653
0.828125 0.03891254409899295
0.8225 0.03999243782582309
0.816875 0.04107134065749932
0.81125 0.04214922533154618
0.805625 0.04322606458548822
0.8 0.04430187545345743
0.8 0.04430187545345743
0.7739130434782611 0.04929118146209638
0.7478260869565219 0.0542852480635379
0.7217391304347827 0.05923846363288542
0.6956521739130436 0.06416041159673405
0.6695652173913045 0.06901299690592458
0.6434782608695653 0.07380630484759391
0.6173913043478262 0.07852984032262929
0.5913043478260871 0.08317924435190119
0.5652173913043479 0.08772555337523494
0.5391304347826088 0.09202442127202201
0.5130434782608697 0.0959868988785681
0.4869565217391305 0.09946067497286114
0.46086956521739136 0.10233393203698211
0.4347826086956522 0.10456331593924943
0.4086956521739131 0.1061106956885291
0.3826086956521739 0.10705348746863816
0.35652173913043483 0.10736489565727206
0.3304347826086957 0.10706666835830271
0.30434782608695654 0.10614913730544864
0.27826086956521745 0.10450113441011036
0.2521739130434783 0.10217391466881172
0.22608695652173916 0.09898248104097893
0.2 0.09499156726440298
0.2 0.09499156726440298
0.19437500000000002 0.09400388482019245
0.18875 0.09296298986973461
0.183125 0.09187257503264086
0.17750000000000002 0.09073709129771276
0.171875 0.08956098965375171
0.16625 0.08834798556431583
0.16062500000000002 0.08709500348767753
0.155 0.08579529910090683
0.149375 0.08444209222890472
0.14375000000000002 0.08302877597413727
0.138125 0.08155320685068768
0.1325 0.08001798770665243
0.12687500000000002 0.07842595131918151
0.12125000000000001 0.07677966740960313
0.11562500000000002 0.07507548805189121
0.11000000000000001 0.0733034532466615
0.10437500000000001 0.07145332105216241
0.09875000000000002 0.06951611970937933
0.09312500000000001 0.06749200153313506
0.08750000000000001 0.06538510744391068
0.081875 0.06319915366464925
0.07625000000000001 0.060922291074696565
0.07062500000000001 0.05852332832659844
0.065 0.055970324282208016
0.05937500000000001 0.05325667574956251
0.053750000000000006 0.05041386154017366
0.048125 0.04747117044292423
0.0425 0.04438245715988205
0.036875000000000005 0.04104576769468725
0.03125 0.03738317120757455
0.025625000000000002 0.03337262631147753
0.02 0.02896076097283147
0.02 0.02896076097283147
0.015 0.024580657869699027
0.01 0.019668114867751156
0.005 0.013594348582004749
0.0 0.0028867440636622063
0.0 0.0
0.005 -0.006059040770021351
0.01 -0.009313264428078779
0.015 -0.011846630375298322
0.02 -0.01398153640062768
0.02 -0.01398153640062768
0.025625000000000002 -0.016234299182294503
0.03125 -0.01819344419666567
0.036875000000000005 -0.019929545754647227
0.0425 -0.021586054783474855
0.048125 -0.023183423334414
0.053750000000000006 -0.02468695018984539
0.05937500000000001 -0.02608819856374444
0.065 -0.027414523872270304
0.07062500000000001 -0.028693985126972566
0.07625000000000001 -0.029932503269208148
0.081875 -0.03112126962581827
0.08750000000000001 -0.03225195807725979
0.09312500000000001 -0.03332823407630533
0.09875000000000002 -0.03436341309923797
0.10437500000000001 -0.035371060385855975
0.11000000000000001 -0.036359045507167016
0.11562500000000002 -0.037322208994195194
0.12125000000000001 -0.03825357757615196
0.12687500000000002 -0.03914646779359376
0.1325 -0.040000684429642906
0.138125 -0.04082242344856577
0.14375000000000002 -0.04161815121230669
0.149375 -0.0423941145962664
0.155 -0.04315202970241254
0.16062500000000002 -0.043889351932407894
0.16625 -0.04460337127996338
0.171875 -0.04529139405493647
0.17750000000000002 -0.04595239621155217
0.183125 -0.04658844425730049
0.18875 -0.04720193943360957
0.19437500000000002 -0.04779528298190755
0.2 -0.04837052553244559
0.2 -0.04837052553244559
0.22608695652173916 -0.050762651618160175
0.2521739130434783 -0.05266511719436629
0.27826086956521745 -0.054178203436429984
0.30434782608695654 -0.05523345644435098
0.3304347826086957 -0.05593553511657694
0.35652173913043483 -0.0562469637141065
0.3826086956521739 -0.05617141575248491
0.4086956521739131 -0.05569063131799672
0.4347826086956522 -0.054735840514221555
0.46086956521739136 -0.05334628301031944
0.4869565217391305 -0.05148351431130859
0.5130434782608697 -0.049195280289910694
0.5391304347826088 -0.046479379123511716
0.5652173913043479 -0.04324439298505872
0.5913043478260871 -0.03943993260614424
0.6173913043478262 -0.03505807449517073
0.6434782608695653 -0.030218446267120704
0.6695652173913045 -0.025097469530974158
0.6956521739130436 -0.019951436083841954
0.7217391304347827 -0.015062879977652798
0.7478260869565219 -0.010494768243154418
0.7739130434782611 -0.0063340868808370344
0.8 -0.002590109552463995
0.8 -0.002590109552463995
0.805625 -0.001842574978056084
0.81125 -0.001118072991804444
0.816875 -0.0004163751061708682
0.8225 0.00026285104164902996
0.828125 0.0009199378144596391
0.83375 0.0015550308688914165
0.839375 0.0021664773420025877
0.845 0.0027516192564760794
0.8506250000000001 0.0033077876541619013
0.8562500000000001 0.003832391365811954
0.8618750000000001 0.004324725288913656
0.8675 0.004786025858307136
0.873125 0.005217618394780097
0.87875 0.005620698111208259
0.884375 0.0059935593750365165
0.89 0.006331645722242081
0.895625 0.00663028058463128
0.90125 0.006885350166992345
0.906875 0.00709623571116905
0.9125 0.007263658198359056
0.918125 0.007388266235786509
0.92375 0.007468237321157745
0.9293750000000001 0.007498776816452469
0.935 0.007474877256229939
0.940625 0.0073896798159019195
0.94625 0.007233633696364388
0.951875 0.006997408060875651
0.9575 0.006678045110930907
0.963125 0.006277357493309412
0.96875 0.005781281135899983
0.974375 0.005141583668001097
0.98 0.00435231250155631
0.98 0.00435231250155631
0.985 0.0036090224044907928
0.99 0.0027927683576722843
0.995 0.0016958568777579559
1.0 0.0
