1.0 0.0
0.995 0.001420210071235062
0.99 0.0027197420761826746
0.985 0.00399025185932179
0.98 0.005238748212754015
0.98 0.005238748212754015
0.974375 0.006604886076969982
0.96875 0.007919495054663113
0.963125 0.009187432649564335
0.9575 0.010420064649140911
0.951875 0.011628774352298324
0.94625 0.012824840706320305
0.940625 0.014015218149534945
0.935 0.015201083374247549
0.9293750000000001 0.016383210404795956
0.92375 0.017562373265518034
0.918125 0.018739345980751578
0.9125 0.01991487660019522
0.906875 0.02108928188251883
0.90125 0.022262523325631802
0.895625 0.023434551838356663
0.89 0.02460531832951595
0.884375 0.0257747737079322
0.87875 0.026942868882427938
0.873125 0.02810961730706622
0.8675 0.029276492089009624
0.8618750000000001 0.030446437814971836
0.8562500000000001 0.03162246398224563
0.8506250000000001 0.03280740901286807
0.845 0.03400052287549246
0.839375 0.035197649529322736
0.83375 0.03639449837824113
0.828125 0.037586805874648826
0.8225 0.03877290370921684
0.816875 0.03995583523618344
0.81125 0.041139141935003856
0.805625 0.04232636528513335
0.8 0.04352060138051715
0.8 0.04352060138051715
0.7739130434782611 0.04911177597390451
0.7478260869565219 0.054694772689972845
0.7217391304347827 0.060271881687253816
0.6956521739130436 0.06585544176143857
0.6695652173913045 0.07144277880209685
0.6434782608695653 0.07693546940586425
0.6173913043478262 0.08238283696308425
0.5913043478260871 0.08775740451790029
0.5652173913043479 0.09292833159318492
0.5391304347826088 0.09792358957715448
0.5130434782608697 0.1025184850206874
0.4869565217391305 0.10678366810494877
0.46086956521739136 0.11065929944508572
0.4347826086956522 0.11390520183765464
0.4086956521739131 0.11646760618882561
0.3826086956521739 0.11802229729791193
0.35652173913043483 0.11868234957615217
0.3304347826086957 0.11843383354589322
0.30434782608695654 0.1172336432016824
0.27826086956521745 0.11527237518855357
0.2521739130434783 0.11225665828878553
0.22608695652173916 0.10824095658441175
0.2 0.1030917562887355
0.2 0.1030917562887355
0.19437500000000002 0.10183866192861303
0.18875 0.10053875214922875
0.183125 0.09918942599482082
0.17750000000000002 0.09778764718740315
0.171875 0.09633037944898962
0.16625 0.09481489087567319
0.16062500000000002 0.0932413285751081
0.155 0.09161142544749877
0.149375 0.08992693092075738
0.14375000000000002 0.0881894642175118
0.138125 0.08639734866378043
0.1325 0.08454543514326544
0.12687500000000002 0.0826284089951033
0.12125000000000001 0.08064107090042134
0.11562500000000002 0.07858083604944041
0.11000000000000001 0.07644771300808649
0.10437500000000001 0.07424182145751121
0.09875000000000002 0.07196252954141973
0.09312500000000001 0.06960386775657858
0.08750000000000001 0.06715755648520358
0.081875 0.0646153782793839
0.07625000000000001 0.06197151167676924
0.07062500000000001 0.059223043971596376
0.065 0.05636710266693257
0.05937500000000001 0.05339379215463603
0.053750000000000006 0.05028290797091209
0.048125 0.04701356877737641
0.0425 0.043566984440985376
0.036875000000000005 0.039925870884597425
0.03125 0.03606198960556254
0.025625000000000002 0.03192319213802681
0.02 0.027414900538364262
0.02 0.027414900538364262
0.015 0.022944093026227942
0.01 0.017959827938006392
0.005 0.012091326488427836
0.0 0.002992376871157945
0.0 0.0
0.005 -0.007495717919249944
0.01 -0.011041433547898896
0.015 -0.01358030906546383
0.02 -0.015579038853770443
0.02 -0.015579038853770443
0.025625000000000002 -0.01767618586192566
0.03125 -0.019502926326158198
0.036875000000000005 -0.021101688727602267
0.0425 -0.02257523864087193
0.048125 -0.02395105060380741
0.053750000000000006 -0.02522204620285627
0.05937500000000001 -0.026393469220299493
0.065 -0.02748727710692092
0.07062500000000001 -0.028525353611965898
0.07625000000000001 -0.029514061546850788
0.081875 -0.030449189778015594
0.08750000000000001 -0.03132679026054927
0.09312500000000001 -0.032150657564494936
0.09875000000000002 -0.032930963965652336
0.10437500000000001 -0.03367805564823592
0.11000000000000001 -0.034398234074212226
0.11562500000000002 -0.03508845515196213
0.12125000000000001 -0.03574435894159842
0.12687500000000002 -0.036361807948761656
0.1325 -0.036941856450272335
0.138125 -0.03749079280181418
0.14375000000000002 -0.03801513626631009
0.149375 -0.03852115276324794
0.155 -0.03900979411158686
0.16062500000000002 -0.03947696820894176
0.16625 -0.03991838369145477
0.171875 -0.040329781795148734
0.17750000000000002 -0.040710031633706616
0.183125 -0.04106368099293369
0.18875 -0.04139587801766834
0.19437500000000002 -0.04171177085274891
0.2 -0.04201583505794314
0.2 -0.04201583505794314
0.22608695652173916 -0.04320675346477007
0.2521739130434783 -0.043912175329691355
0.27826086956521745 -0.04411260303204793
0.30434782608695654 -0.043625152270658614
0.3304347826086957 -0.042864901200599284
0.35652173913043483 -0.04169809044722802
0.3826086956521739 -0.04016952978711967
0.4086956521739131 -0.03823463138390187
0.4347826086956522 -0.035715645556480075
0.46086956521739136 -0.03296000082077295
0.4869565217391305 -0.02993778338307774
0.5130434782608697 -0.026910363626720134
0.5391304347826088 -0.02396773057101217
0.5652173913043479 -0.021014683556305855
0.5913043478260871 -0.0182374105284522
0.6173913043478262 -0.015478933471688393
0.6434782608695653 -0.01286186059372352
0.6695652173913045 -0.010441137765551452
0.6956521739130436 -0.008171624934915184
0.7217391304347827 -0.006135170078990011
0.7478260869565219 -0.004266694095925241
0.7739130434782611 -0.0026024552511332783
0.8 -0.0011269956315566637
0.8 -0.0011269956315566637
0.805625 -0.0008505856275917273
0.81125 -0.0005937468442786715
0.816875 -0.00035269987344849815
0.8225 -0.0001230705111513402
0.828125 9.951544656266968e-05
0.83375 0.00031880212626228353
0.839375 0.0005325738826760917
0.845 0.000735332359927728
0.8506250000000001 0.000921544988534707
0.8562500000000001 0.0010858614610709317
0.8618750000000001 0.00122754508388865
0.8675 0.0013507199067469956
0.873125 0.0014597417095775045
0.87875 0.001558841515414389
0.884375 0.0016494221916079886
0.89 0.0017300811800395083
0.895625 0.0017992957118285816
0.90125 0.0018555430180948382
0.906875 0.0018973003299579093
0.9125 0.0019230448785374269
0.918125 0.0019312935381246143
0.92375 0.0019218931997989097
0.9293750000000001 0.0018963054117384969
0.935 0.0018560889653583292
0.940625 0.0018028026520733585
0.94625 0.001738005263298539
0.951875 0.001663017754186273
0.9575 0.001575748448065607
0.963125 0.0014715513924590247
0.96875 0.0013457189994928224
0.974375 0.00119355066516233
0.98 0.0010129414032919418
0.98 0.0010129414032919418
0.985 0.0008320200335365081
0.99 0.0006358346809902302
0.995 0.00040466409268848525
1.0 0.0
