1.0 0.0
0.995 0.0016030703737033897
0.99 0.002842875004524982
0.985 0.00400768458137921
0.98 0.005129094819061512
0.98 0.005129094819061512
0.974375 0.006354771875103006
0.96875 0.007563599042657979
0.963125 0.008759863100293445
0.9575 0.009942332156476306
0.951875 0.01112268581022432
0.94625 0.012318386013921205
0.940625 0.013539101860398124
0.935 0.014784047879625499
0.9293750000000001 0.01605141320912641
0.92375 0.017335667760077854
0.918125 0.018628747647363494
0.9125 0.019922904347924614
0.906875 0.02121643425836053
0.90125 0.022512613064455206
0.895625 0.023814859061133915
0.89 0.025125139896804323
0.884375 0.026442071421175998
0.87875 0.027763797552737796
0.873125 0.029088589436787767
0.8675 0.03041768763090039
0.8618750000000001 0.03175532630263291
0.8562500000000001 0.03310587168599295
0.8506250000000001 0.03447355284333893
0.845 0.035859721541498225
0.839375 0.03726299853905617
0.83375 0.03868189670538114
0.828125 0.04011493209898954
0.8225 0.041560926769239365
0.816875 0.04301925829286239
0.81125 0.044489362977904616
0.805625 0.04597067713241207
0.8 0.04746265207810674
0.8 0.04746265207810674
0.7739130434782611 0.054509624864113454
0.7478260869565219 0.06166306017556901
0.7217391304347827 0.0686153303916499
0.6956521739130436 0.07503363746604018
0.6695652173913045 0.08062032262380192
0.6434782608695653 0.0853223964555027
0.6173913043478262 0.08929010823341108
0.5913043478260871 0.09268652006928117
0.5652173913043479 0.09560441818484908
0.5391304347826088 0.09810636933833168
0.5130434782608697 0.10019240173111885
0.4869565217391305 0.10182899223573148
0.46086956521739136 0.10293838442364264
0.4347826086956522 0.10339985062278802
0.4086956521739131 0.10311461222904732
0.3826086956521739 0.10213673665810151
0.35652173913043483 0.10056433374842412
0.3304347826086957 0.09850207308991003
0.30434782608695654 0.09599180747669613
0.27826086956521745 0.09297454987206881
0.2521739130434783 0.08941051176445876
0.22608695652173916 0.08532477122757658
0.2 0.08066245579694635
0.2 0.08066245579694635
0.19437500000000002 0.07957737000971679
0.18875 0.07846335841587826
0.183125 0.07731940538142308
0.17750000000000002 0.07614442174244576
0.171875 0.07493731833504068
0.16625 0.07369700110686392
0.16062500000000002 0.0724223297668414
0.155 0.07111213855507696
0.149375 0.06976526144622898
0.14375000000000002 0.06838052559725766
0.138125 0.06695658558819148
0.1325 0.06549191417799119
0.12687500000000002 0.06398497545751403
0.12125000000000001 0.06243420542917574
0.11562500000000002 0.06083740340198445
0.11000000000000001 0.05919173713800923
0.10437500000000001 0.057494347340192736
0.09875000000000002 0.05574235748956943
0.09312500000000001 0.05393276875195705
0.08750000000000001 0.052062529355583864
0.081875 0.050128505261541396
0.07625000000000001 0.04812480950110718
0.07062500000000001 0.046042213014161164
0.065 0.04387128399438714
0.05937500000000001 0.04160251426642634
0.053750000000000006 0.039226283556818
0.048125 0.036732813949798666
0.0425 0.0341101939239519
0.036875000000000005 0.031344826465261114
0.03125 0.028406626005370045
0.025625000000000002 0.02522986437325728
0.02 0.0217370118560748
0.02 0.0217370118560748
0.015 0.01828844667155347
0.01 0.014388727364530177
0.005 0.00955626385545244
0.0 0.0018484351430627008
0.0 0.0
0.005 -0.005479863548464432
0.01 -0.007547446541713741
0.015 -0.00899432797267134
0.02 -0.01002483662719001
0.02 -0.01002483662719001
0.025625000000000002 -0.011125825463146461
0.03125 -0.012070956489808719
0.036875000000000005 -0.012880023059880508
0.0425 -0.013619855558589465
0.048125 -0.014307796227349309
0.053750000000000006 -0.01493843197152394
0.05937500000000001 -0.015513006276763303
0.065 -0.016041820939862873
0.07062500000000001 -0.01653546999242796
0.07625000000000001 -0.017000298372978544
0.081875 -0.017439756241576086
0.08750000000000001 -0.017857127186484942
0.09312500000000001 -0.018253852726824806
0.09875000000000002 -0.01862985704228184
0.10437500000000001 -0.01898502262326039
0.11000000000000001 -0.019320115750360897
0.11562500000000002 -0.019637944750121705
0.12125000000000001 -0.019941605467908834
0.12687500000000002 -0.02023411539416471
0.1325 -0.02051666325326055
0.138125 -0.020788594100902794
0.14375000000000002 -0.021049171657294034
0.149375 -0.02129770635062056
0.155 -0.021534488349951877
0.16062500000000002 -0.021760737753312723
0.16625 -0.021977711395822004
0.171875 -0.022186661761204866
0.17750000000000002 -0.02238842382775938
0.183125 -0.02258307459131499
0.18875 -0.02277061091248437
0.19437500000000002 -0.02295102965188015
0.2 -0.023124332319434674
0.2 -0.023124332319434674
0.22608695652173916 -0.023836440874413545
0.2521739130434783 -0.024414133407668723
0.27826086956521745 -0.024890321411633904
0.30434782608695654 -0.02525877169521892
0.3304347826086957 -0.0255298299122455
0.35652173913043483 -0.025704493647267068
0.3826086956521739 -0.025787976495222322
0.4086956521739131 -0.02579599004324961
0.4347826086956522 -0.025729813797567672
0.46086956521739136 -0.025564909137562812
0.4869565217391305 -0.025310309830925675
0.5130434782608697 -0.02496599188459049
0.5391304347826088 -0.024519757949127585
0.5652173913043479 -0.023961006245060174
0.5913043478260871 -0.023282696182507452
0.6173913043478262 -0.022461458518216366
0.6434782608695653 -0.021478669539407663
0.6695652173913045 -0.020288171746558496
0.6956521739130436 -0.018783018646723337
0.7217391304347827 -0.016808217966726696
0.7478260869565219 -0.014248881772746061
0.7739130434782611 -0.011182178356961793
0.8 -0.007906030661565403
0.8 -0.007906030661565403
0.805625 -0.007205715216047884
0.81125 -0.006515433559761563
0.816875 -0.005839600286659762
0.8225 -0.005182715958348533
0.828125 -0.004549281136433929
0.83375 -0.003943493566692981
0.839375 -0.0033666867225059355
0.845 -0.0028186164032036644
0.8506250000000001 -0.0022990219650231973
0.8562500000000001 -0.0018076121111525634
0.8618750000000001 -0.001343319621737233
0.8675 -0.0009042597913258311
0.873125 -0.0004885089418114775
0.87875 -9.420012193083359e-05
0.884375 0.0002792477665513852
0.89 0.0006311403625457025
0.895625 0.000960728656902684
0.90125 0.0012673320625943315
0.906875 0.00155075594725613
0.9125 0.0018110159979680854
0.918125 0.002048038127926304
0.92375 0.002258708120924583
0.9293750000000001 0.0024362210054489344
0.935 0.0025735552604952464
0.940625 0.0026639873848420133
0.94625 0.002701231324836041
0.951875 0.0026796737060053354
0.9575 0.0026028523298019003
0.963125 0.00248111597389553
0.96875 0.002317831727636332
0.974375 0.0021009031455043133
0.98 0.0018212641072591442
0.98 0.0018212641072591442
0.985 0.0015225694988860825
0.99 0.0011702858900863463
0.995 0.0007407582250315007
1.0 0.0
