1.0 0.0
0.995 0.0030815677914997185
0.99 0.005086407634035657
0.985 0.006916823646248218
0.98 0.008648901127910464
0.98 0.008648901127910464
0.974375 0.010594746205425644
0.96875 0.012443980961617312
0.963125 0.01423917211084369
0.9575 0.016068773981313993
0.951875 0.0179216051319941
0.94625 0.01974143744877362
0.940625 0.02151472636587685
0.935 0.023285285910143217
0.9293750000000001 0.025097151418459397
0.92375 0.026947035987781826
0.918125 0.02879941350589675
0.9125 0.030620224880465133
0.906875 0.032410057599272124
0.90125 0.03419803804746703
0.895625 0.036014082658399844
0.89 0.037872967886291686
0.884375 0.03975448842949468
0.87875 0.04163351357638338
0.873125 0.04348585941438109
0.8675 0.04530943986340915
0.8618750000000001 0.04712444675086862
0.8562500000000001 0.04895205471894922
0.8506250000000001 0.05081251830890293
0.845 0.05270679213862467
0.839375 0.05461751214821309
0.83375 0.056526590593460824
0.828125 0.058416053570004955
0.8225 0.06027884982405797
0.816875 0.062127758209676975
0.81125 0.06397765405419914
0.805625 0.06584341268496167
0.8 0.06773764532126741
0.8 0.06773764532126741
0.7739130434782611 0.07660651358604992
0.7478260869565219 0.08512653869974551
0.7217391304347827 0.0934563450079792
0.6956521739130436 0.10102694418096454
0.6695652173913045 0.10791858299611108
0.6434782608695653 0.11393914936481314
0.6173913043478262 0.11924197064105313
0.5913043478260871 0.123873671138889
0.5652173913043479 0.12768582330051226
0.5391304347826088 0.13101054601648443
0.5130434782608697 0.1335696406782517
0.4869565217391305 0.13566366431897128
0.46086956521739136 0.13731139474185317
0.4347826086956522 0.13826871776170707
0.4086956521739131 0.13887322213569595
0.3826086956521739 0.13874512138940318
0.35652173913043483 0.13815990750589385
0.3304347826086957 0.13700870496416107
0.30434782608695654 0.13510625790870187
0.27826086956521745 0.13275455309831866
0.2521739130434783 0.12940368195295895
0.22608695652173916 0.12552570608896194
0.2 0.12047945626206431
0.2 0.12047945626206431
0.19437500000000002 0.11928455780505368
0.18875 0.1180740121024165
0.183125 0.1168287345934735
0.17750000000000002 0.11552671807993965
0.171875 0.11414595536353002
0.16625 0.11266715312454356
0.16062500000000002 0.11109668806040203
0.155 0.10945507620803527
0.149375 0.10776298096972169
0.14375000000000002 0.10604011108453876
0.138125 0.10428200982682133
0.1325 0.10245876057567549
0.12687500000000002 0.10053923293992235
0.12125000000000001 0.09849359360569782
0.11562500000000002 0.09632141069748468
0.11000000000000001 0.09405141612278206
0.10437500000000001 0.09171359133435625
0.09875000000000002 0.08933062015197615
0.09312500000000001 0.08687335639199925
0.08750000000000001 0.0842902220302305
0.081875 0.08153084950131492
0.07625000000000001 0.07858849394955612
0.07062500000000001 0.07550936903710591
0.065 0.07234159935363052
0.05937500000000001 0.0690667833714635
0.053750000000000006 0.06556886937339904
0.048125 0.061733269562858864
0.0425 0.05757820910528588
0.036875000000000005 0.05322060125310494
0.03125 0.048646108449176814
0.025625000000000002 0.043551308960858244
0.02 0.03772164589387456
0.02 0.03772164589387456
0.015 0.03199443640370713
0.01 0.02553297245861996
0.005 0.017357686323730238
0.0 0.004712301324461675
0.0 0.0
0.005 -0.01193161916282636
0.01 -0.017333503495047666
0.015 -0.020387027563793327
0.02 -0.022575019612143876
0.02 -0.022575019612143876
0.025625000000000002 -0.025096455765268134
0.03125 -0.026814436275917477
0.036875000000000005 -0.027956548396406038
0.0425 -0.0291450127718446
0.048125 -0.03036385927444056
0.053750000000000006 -0.03130720091852662
0.05937500000000001 -0.03189045449117179
0.065 -0.03232683241301428
0.07062500000000001 -0.032833395462252064
0.07625000000000001 -0.03341534347939619
0.081875 -0.033933541863157994
0.08750000000000001 -0.03425406596670461
0.09312500000000001 -0.03437555683512446
0.09875000000000002 -0.03440585182269959
0.10437500000000001 -0.03445583750169598
0.11000000000000001 -0.034585045906625096
0.11562500000000002 -0.03473435158329269
0.12125000000000001 -0.034827922175170355
0.12687500000000002 -0.0347928855958589
0.1325 -0.03462546103398453
0.138125 -0.03439152197720024
0.14375000000000002 -0.03416001479041373
0.149375 -0.03399700113347604
0.155 -0.03390803345011011
0.16062500000000002 -0.03384123137389534
0.16625 -0.03374244563975933
0.171875 -0.03355788034813681
0.17750000000000002 -0.033267644142981945
0.183125 -0.03291339947790093
0.18875 -0.03254331638165953
0.19437500000000002 -0.03220556488302346
0.2 -0.031941422392059125
0.2 -0.031941422392059125
0.22608695652173916 -0.03088522892864592
0.2521739130434783 -0.029064692425385636
0.27826086956521745 -0.02782594648668781
0.30434782608695654 -0.025867705000456515
0.3304347826086957 -0.024447780920329416
0.35652173913043483 -0.022680624755223217
0.3826086956521739 -0.020976185065199285
0.4086956521739131 -0.01952930786659279
0.4347826086956522 -0.017607328380569297
0.46086956521739136 -0.01626125873039186
0.4869565217391305 -0.014439193835201692
0.5130434782608697 -0.01278742864555223
0.5391304347826088 -0.011307463092564383
0.5652173913043479 -0.009322842113542503
0.5913043478260871 -0.007824730912798235
0.6173913043478262 -0.005805718616244114
0.6434782608695653 -0.003853590270171473
0.6695652173913045 -0.0018211522226269862
0.6956521739130436 0.0006588389615711013
0.7217391304347827 0.002817563175796346
0.7478260869565219 0.0055489295262278965
0.7739130434782611 0.007561015734433762
0.8 0.009819059260400498
0.8 0.009819059260400498
0.805625 0.010193881332825797
0.81125 0.010470589892139122
0.816875 0.010684699460983452
0.8225 0.010877932722855798
0.828125 0.011092012361253187
0.83375 0.01136267148321505
0.839375 0.011668989028885815
0.845 0.011958838174251647
0.8506250000000001 0.01217976685745349
0.8562500000000001 0.012281402193530511
0.8618750000000001 0.01226600166598624
0.8675 0.01219127228852034
0.873125 0.012117564565368047
0.87875 0.012102310722620744
0.884375 0.012136793055336237
0.89 0.012146678625316045
0.895625 0.012054823157981467
0.90125 0.0117996407193924
0.906875 0.011430045430716265
0.9125 0.011042775442718518
0.918125 0.010731814920120111
0.92375 0.010492330743709963
0.9293750000000001 0.010199524369484078
0.935 0.00972361127275653
0.940625 0.00905130943430363
0.94625 0.008340344736704792
0.951875 0.007746130381937844
0.9575 0.0071950948167761085
0.963125 0.006443233394411542
0.96875 0.0054201541278578345
0.974375 0.004439750712803328
0.98 0.0036292404518659216
0.98 0.0036292404518659216
0.985 0.0026895723155694337
0.99 0.0015181215301769445
0.995 0.0006869608727748579
1.0 0.0
