1.0 0.0
0.995 0.0017744969372773876
0.99 0.002694252560109351
0.985 0.003410504330013911
0.98 0.004022456704562694
0.98 0.004022456704562694
0.974375 0.00476505024483768
0.96875 0.005437845450413358
0.963125 0.006065120371249416
0.9575 0.0067258048121314525
0.951875 0.007407226736819983
0.94625 0.008055317152655103
0.940625 0.008656614806259351
0.935 0.009252217050419167
0.9293750000000001 0.009883346261671708
0.92375 0.010545141380081089
0.918125 0.01120134609582636
0.9125 0.011817407920886553
0.906875 0.012397083568118254
0.90125 0.012975685602298438
0.895625 0.013589388200396553
0.89 0.01425463813885652
0.884375 0.014942300948386127
0.87875 0.015616824347980703
0.873125 0.016244051153249152
0.8675 0.016822385060937334
0.8618750000000001 0.01738305598717209
0.8562500000000001 0.01795874201343838
0.8506250000000001 0.01858095775154516
0.845 0.019256813017421066
0.839375 0.019970253618301827
0.83375 0.020704310261013503
0.828125 0.021442308122334088
0.8225 0.022195826040190103
0.816875 0.02302773746673334
0.81125 0.024006338809400302
0.805625 0.025199926475627535
0.8 0.026665673977681208
0.8 0.026665673977681208
0.7739130434782611 0.035466532864404945
0.7478260869565219 0.04459134617046256
0.7217391304347827 0.05432290329382998
0.6956521739130436 0.06330161063478162
0.6695652173913045 0.07199523112271798
0.6434782608695653 0.07947157923879755
0.6173913043478262 0.08584834592468972
0.5913043478260871 0.09148140946239568
0.5652173913043479 0.0961372616810527
0.5391304347826088 0.10034919256698571
0.5130434782608697 0.10347133593342615
0.4869565217391305 0.1058825333248463
0.46086956521739136 0.10771728559287401
0.4347826086956522 0.10866881985481014
0.4086956521739131 0.10918776413444328
0.3826086956521739 0.10894291673806601
0.35652173913043483 0.10812266777297222
0.3304347826086957 0.10669640961404601
0.30434782608695654 0.10451761236025972
0.27826086956521745 0.10178771331700437
0.2521739130434783 0.0982066273086669
0.22608695652173916 0.09401518774730831
0.2 0.08893091753959954
0.2 0.08893091753959954
0.19437500000000002 0.08774637286312713
0.18875 0.08654320691321292
0.183125 0.0853128627602824
0.17750000000000002 0.08404534994268349
0.171875 0.08273067799876409
0.16625 0.08136000770619241
0.16062500000000002 0.07993538917764031
0.155 0.07846487049624876
0.149375 0.07695656225819238
0.14375000000000002 0.07541819896296059
0.138125 0.07384799494504866
0.1325 0.0722341344234172
0.12687500000000002 0.07056432344317416
0.12125000000000001 0.06882672713843895
0.11562500000000002 0.06701991702166522
0.11000000000000001 0.06515278686764445
0.10437500000000001 0.06323467271663287
0.09875000000000002 0.06127237120640407
0.09312500000000001 0.05925464336792788
0.08750000000000001 0.05716244448589864
0.081875 0.054977100914103
0.07625000000000001 0.05269343642916139
0.07062500000000001 0.05032266084867256
0.065 0.047876579734601216
0.05937500000000001 0.04534664768007746
0.053750000000000006 0.04269444716117871
0.048125 0.03988154636839375
0.0425 0.03690351153490818
0.036875000000000005 0.03378114356029387
0.03125 0.030496453760144107
0.025625000000000002 0.02694616964205212
0.02 0.023033256888254538
0.02 0.023033256888254538
0.015 0.01920694875689582
0.01 0.015013761135351987
0.005 0.010170179015824548
0.0 0.0031792324073529137
0.0 0.0
0.005 -0.010153650343539428
0.01 -0.014668761186580092
0.015 -0.01740173063222804
0.02 -0.019296024410300115
0.02 -0.019296024410300115
0.025625000000000002 -0.021460525941225373
0.03125 -0.02324222811472528
0.036875000000000005 -0.024698922411574866
0.0425 -0.02607528042724922
0.048125 -0.027398868498374602
0.053750000000000006 -0.028598078087813367
0.05937500000000001 -0.02965656758905215
0.065 -0.030632557442191417
0.07062500000000001 -0.03158527426409333
0.07625000000000001 -0.032521433118335163
0.081875 -0.03341197453726569
0.08750000000000001 -0.03422900416907758
0.09312500000000001 -0.03497538947551344
0.09875000000000002 -0.035679336876345315
0.10437500000000001 -0.03636975538393035
0.11000000000000001 -0.03706239367887679
0.11562500000000002 -0.037742592770258133
0.12125000000000001 -0.03839141228546621
0.12687500000000002 -0.03899069061142465
0.1325 -0.03954044200639446
0.138125 -0.040059004714939485
0.14375000000000002 -0.04056552536476009
0.149375 -0.04107834801310915
0.155 -0.04159898209889391
0.16062500000000002 -0.042112958347345374
0.16625 -0.04260517624030208
0.171875 -0.04306063753079848
0.17750000000000002 -0.04347415663933371
0.183125 -0.04385836291628339
0.18875 -0.044227769137205
0.19437500000000002 -0.044596888077655994
0.2 -0.04497815887591982
0.2 -0.04497815887591982
0.22608695652173916 -0.046667148388475514
0.2521739130434783 -0.04792630073752346
0.27826086956521745 -0.04918563464061883
0.30434782608695654 -0.050042851929250495
0.3304347826086957 -0.05093901564812736
0.35652173913043483 -0.05153173771431267
0.3826086956521739 -0.05201295185165846
0.4086956521739131 -0.052433209878687735
0.4347826086956522 -0.052500222838686675
0.46086956521739136 -0.05269673597888364
0.4869565217391305 -0.05249466205599285
0.5130434782608697 -0.05224979533339149
0.5391304347826088 -0.05191553431192342
0.5652173913043479 -0.05113113821933873
0.5913043478260871 -0.050506569489690734
0.6173913043478262 -0.049364411781319034
0.6434782608695653 -0.04814920614667437
0.6695652173913045 -0.04662006252311858
0.6956521739130436 -0.044430466328062496
0.7217391304347827 -0.042135132524969046
0.7478260869565219 -0.038845916739463804
0.7739130434782611 -0.0355414897364753
0.8 -0.030906905175949774
0.8 -0.030906905175949774
0.805625 -0.029807882388481324
0.81125 -0.028719103607547626
0.816875 -0.027622308988597934
0.8225 -0.02649533604401552
0.828125 -0.025316022286183678
0.83375 -0.024066186821033092
0.839375 -0.022765309825680227
0.845 -0.021453615626697446
0.8506250000000001 -0.020171544753741798
0.8562500000000001 -0.018958193034482627
0.8618750000000001 -0.01781861774934056
0.8675 -0.016722014346327106
0.873125 -0.015635868603160335
0.87875 -0.014529128565940335
0.884375 -0.013403888179771697
0.89 -0.012295119366510985
0.895625 -0.011239202730839863
0.90125 -0.010266309577106395
0.906875 -0.009362510874990685
0.9125 -0.008494791126673876
0.918125 -0.007630993123655692
0.92375 -0.006770317962772779
0.9293750000000001 -0.005950036117703943
0.935 -0.005209133825503796
0.940625 -0.004556574989417201
0.94625 -0.003957255307531915
0.951875 -0.0033759956967579744
0.9575 -0.002827001344453532
0.963125 -0.002361237442278694
0.96875 -0.0019928488108418045
0.974375 -0.0016544961838621055
0.98 -0.001336501565883593
0.98 -0.001336501565883593
0.985 -0.00119306137730444
0.99 -0.001053752147815047
0.995 -0.0008814486755995192
1.0 0.0
