1.0 0.0
0.995 0.0021928286826608414
0.99 0.0038019454803983805
0.985 0.0052899343533034104
0.98 0.006681564047423786
0.98 0.006681564047423786
0.974375 0.008293207504524547
0.96875 0.009858804272510008
0.963125 0.01136705784007636
0.9575 0.012841975747943248
0.951875 0.014286223372224889
0.94625 0.01569275960314413
0.940625 0.01706261922354958
0.935 0.01840769799557239
0.9293750000000001 0.019739985325006332
0.92375 0.021063158415184528
0.918125 0.02237523161759302
0.9125 0.023674313300178
0.906875 0.024961879959312743
0.90125 0.026242182468268566
0.895625 0.02751954600637662
0.89 0.02879619992159143
0.884375 0.030069531028008186
0.87875 0.03133624431389615
0.873125 0.0325931568838305
0.8675 0.033839702582814664
0.8618750000000001 0.03507795332006781
0.8562500000000001 0.03631009738596057
0.8506250000000001 0.03753821989746112
0.845 0.038762241819021055
0.839375 0.03998002999228947
0.83375 0.04118937011024029
0.828125 0.042388063836069106
0.8225 0.04357544513610768
0.816875 0.04475362987804335
0.81125 0.045925028036983576
0.805625 0.04709204958803586
0.8 0.04825668110456236
0.8 0.04825668110456236
0.7739130434782611 0.05356202393626292
0.7478260869565219 0.05861414681768526
0.7217391304347827 0.0634717878765623
0.6956521739130436 0.06802473917254356
0.6695652173913045 0.07229399335028557
0.6434782608695653 0.07617383264191871
0.6173913043478262 0.07963895983763379
0.5913043478260871 0.08268720036855451
0.5652173913043479 0.08526383135289847
0.5391304347826088 0.08738502666094458
0.5130434782608697 0.08906589226859485
0.4869565217391305 0.09030086288701503
0.46086956521739136 0.09107921999123832
0.4347826086956522 0.09141976598502378
0.4086956521739131 0.09136084626660632
0.3826086956521739 0.0908398155768379
0.35652173913043483 0.08988699843146163
0.3304347826086957 0.08851392983268742
0.30434782608695654 0.08670199503143475
0.27826086956521745 0.08447396295657338
0.2521739130434783 0.08180316554545285
0.22608695652173916 0.0786678115145274
0.2 0.075025897683571
0.2 0.075025897683571
0.19437500000000002 0.07416770242246934
0.18875 0.07328213130887586
0.183125 0.07236911117343403
0.17750000000000002 0.0714286299731986
0.171875 0.07046067566522432
0.16625 0.06946507429855407
0.16062500000000002 0.06844012046777918
0.155 0.06738326522483477
0.149375 0.06629195082994695
0.14375000000000002 0.06516367216108256
0.138125 0.06399725601321932
0.1325 0.06279293244288661
0.12687500000000002 0.06155099840544274
0.12125000000000001 0.06027162806054505
0.11562500000000002 0.058952212102142416
0.11000000000000001 0.05758738025756031
0.10437500000000001 0.05617164395833319
0.09875000000000002 0.05470017737723504
0.09312500000000001 0.05317286167637623
0.08750000000000001 0.051591615186057906
0.081875 0.04995809833838232
0.07625000000000001 0.048265045603447715
0.07062500000000001 0.046494355221283305
0.065 0.04462745562671443
0.05937500000000001 0.0426552875735448
0.053750000000000006 0.04058275444842719
0.048125 0.03841320311287335
0.0425 0.03611165942086397
0.036875000000000005 0.033614612220918196
0.03125 0.030884869276751135
0.025625000000000002 0.027943452049974598
0.02 0.02471492642985675
0.02 0.02471492642985675
0.015 0.02133881149686871
0.01 0.01737171722249424
0.005 0.012338094222013915
0.0 0.00289574522035464
0.0 0.0
0.005 -0.009254623937191548
0.01 -0.012758634873105825
0.015 -0.015054489853378178
0.02 -0.016653995263320863
0.02 -0.016653995263320863
0.025625000000000002 -0.018187877551949658
0.03125 -0.01946413407547506
0.036875000000000005 -0.020527555344247276
0.0425 -0.02143519757104202
0.048125 -0.022228003163943258
0.053750000000000006 -0.02293912826207376
0.05937500000000001 -0.023588119258439618
0.065 -0.02417639292538856
0.07062500000000001 -0.024704442298147923
0.07625000000000001 -0.025177018323647164
0.081875 -0.02560177273513095
0.08750000000000001 -0.02598617212191465
0.09312500000000001 -0.026333683227458264
0.09875000000000002 -0.026644478063391715
0.10437500000000001 -0.02691863423384286
0.11000000000000001 -0.027157178008718016
0.11562500000000002 -0.02736332760246855
0.12125000000000001 -0.02754060985400633
0.12687500000000002 -0.02769246579150299
0.1325 -0.027820333661899645
0.138125 -0.02792363261026579
0.14375000000000002 -0.028001692706735047
0.149375 -0.028053882925596654
0.155 -0.028080388289890706
0.16062500000000002 -0.02808216838190589
0.16625 -0.028060213383102908
0.171875 -0.02801551375087449
0.17750000000000002 -0.027949086417612
0.183125 -0.027861996381153244
0.18875 -0.027755313720898164
0.19437500000000002 -0.027630108516246688
0.2 -0.027487341769236933
0.2 -0.027487341769236933
0.22608695652173916 -0.026592033258722347
0.2521739130434783 -0.025334173092237823
0.27826086956521745 -0.023798663248105707
0.30434782608695654 -0.021976008701566078
0.3304347826086957 -0.01991053603093207
0.35652173913043483 -0.017637857025380982
0.3826086956521739 -0.015321659790589543
0.4086956521739131 -0.013024030702044609
0.4347826086956522 -0.010716336071729778
0.46086956521739136 -0.008556222662649285
0.4869565217391305 -0.006482676499582864
0.5130434782608697 -0.004513187959434245
0.5391304347826088 -0.0026790464039511876
0.5652173913043479 -0.0009726657757593102
0.5913043478260871 0.0005912869796525359
0.6173913043478262 0.0020512535453194956
0.6434782608695653 0.0033319552317208055
0.6695652173913045 0.004449377464897742
0.6956521739130436 0.00543879009865497
0.7217391304347827 0.006237155699380182
0.7478260869565219 0.006906164380955643
0.7739130434782611 0.007297577936298642
0.8 0.007525781790239295
0.8 0.007525781790239295
0.805625 0.007542084013528883
0.81125 0.007541307056819756
0.816875 0.007526525639292956
0.8225 0.007501368135588014
0.828125 0.007469462920344471
0.83375 0.007433942379567252
0.839375 0.0073932474451856075
0.845 0.007343234942478423
0.8506250000000001 0.007279734764223439
0.8562500000000001 0.007198724739247063
0.8618750000000001 0.007099927413218656
0.8675 0.006987010635549848
0.873125 0.0068638303433252515
0.87875 0.006734032443435608
0.884375 0.006596501993340958
0.89 0.006445401683584056
0.895625 0.006274691871175395
0.90125 0.006079402872213712
0.906875 0.0058621641768331146
0.9125 0.005628894170577167
0.918125 0.005385345730175961
0.92375 0.005131277323958246
0.9293750000000001 0.00485917013310586
0.935 0.004561182045996036
0.940625 0.004235454018218216
0.94625 0.003888909235119477
0.951875 0.003528404188267141
0.9575 0.003149782912104513
0.963125 0.0027407158645362767
0.96875 0.00230149308232673
0.974375 0.001860055866622056
0.98 0.001407904449516982
0.98 0.001407904449516982
0.985 0.0009153040953078307
0.99 0.00045393941314889464
0.995 1.891838918626542e-05
1.0 0.0
