1.0 0.0
0.995 0.0016635024772271698
0.99 0.003203248927457123
0.985 0.004706914264915065
0.98 0.006194693299165485
0.98 0.006194693299165485
0.974375 0.007848500492180641
0.96875 0.009465124562803141
0.963125 0.011052164862833714
0.9575 0.012625839890008438
0.951875 0.014190501677461416
0.94625 0.01574497841430273
0.940625 0.01728903111151251
0.935 0.018823684790676396
0.9293750000000001 0.020350046424404283
0.92375 0.021869175747732016
0.918125 0.023382100008866685
0.9125 0.02488996011945037
0.906875 0.026395822985887645
0.90125 0.02790435683579672
0.895625 0.02942027401623032
0.89 0.03094605814625354
0.884375 0.03247837866407554
0.87875 0.03401296880498524
0.873125 0.0355456457661881
0.8675 0.03707421969211015
0.8618750000000001 0.03859852863794834
0.8562500000000001 0.04011850161418906
0.8506250000000001 0.04163409919216351
0.845 0.043145971327303
0.839375 0.04465543766311734
0.83375 0.046163845463719204
0.828125 0.047672529191969584
0.8225 0.049181651566998344
0.816875 0.05068927862711387
0.81125 0.05219325875202351
0.805625 0.053691440321434594
0.8 0.05518192628019809
0.8 0.05518192628019809
0.7739130434782611 0.062013810291893436
0.7478260869565219 0.06874222953453313
0.7217391304347827 0.07529451864097604
0.6956521739130436 0.0816110741152826
0.6695652173913045 0.08763822232550379
0.6434782608695653 0.09341611542678002
0.6173913043478262 0.09879744849935297
0.5913043478260871 0.10371528992324515
0.5652173913043479 0.10819520689494598
0.5391304347826088 0.11197562094136096
0.5130434782608697 0.1149366269867792
0.4869565217391305 0.11697830168561783
0.46086956521739136 0.11813245501702689
0.4347826086956522 0.11851997043167262
0.4086956521739131 0.11819309058647626
0.3826086956521739 0.11732673161088766
0.35652173913043483 0.11584960982436707
0.3304347826086957 0.11380339009315625
0.30434782608695654 0.11121720726520551
0.27826086956521745 0.10797441579208474
0.2521739130434783 0.10428462243304713
0.22608695652173916 0.0998120224731221
0.2 0.09482270564729381
0.2 0.09482270564729381
0.19437500000000002 0.09364266731233861
0.18875 0.0924102679005383
0.183125 0.09113395140306983
0.17750000000000002 0.0898237493583938
0.171875 0.08848969330497064
0.16625 0.08714013516052023
0.16062500000000002 0.08576791913119326
0.155 0.08435751151761582
0.149375 0.0828932967496052
0.14375000000000002 0.08136026139948122
0.138125 0.07975890247128554
0.1325 0.0781062105609472
0.12687500000000002 0.07641997527178943
0.12125000000000001 0.07471697989467721
0.11562500000000002 0.07299022228986167
0.11000000000000001 0.07120855366302693
0.10437500000000001 0.06933974665746308
0.09875000000000002 0.06735787094028906
0.09312500000000001 0.06528222944207693
0.08750000000000001 0.06315189889770627
0.081875 0.06100459446405873
0.07625000000000001 0.05882709430880544
0.07062500000000001 0.056542879905158376
0.065 0.0540727808809492
0.05937500000000001 0.051409585632798335
0.053750000000000006 0.048654233946674015
0.048125 0.04590248766775117
0.0425 0.04305061957339255
0.036875000000000005 0.03984790832101573
0.03125 0.036227704145991885
0.025625000000000002 0.03253661686903874
0.02 0.02874083022912295
0.02 0.02874083022912295
0.015 0.02439789634872478
0.01 0.019454799576278534
0.005 0.014261272581602246
0.0 0.0012030431947349044
0.0 0.0
0.005 -0.0062346970478179145
0.01 -0.011086086868205393
0.015 -0.013951932146038687
0.02 -0.016224999179164163
0.02 -0.016224999179164163
0.025625000000000002 -0.01894049614469665
0.03125 -0.021179369675147667
0.036875000000000005 -0.023039855883329654
0.0425 -0.024893070516714907
0.048125 -0.026743926889333813
0.053750000000000006 -0.02843383753185382
0.05937500000000001 -0.029914957104970216
0.065 -0.031289896123206824
0.07062500000000001 -0.03266394811074297
0.07625000000000001 -0.03404601702096954
0.081875 -0.03538087379077302
0.08750000000000001 -0.03661541715838216
0.09312500000000001 -0.037749185762400425
0.09875000000000002 -0.03882407934828436
0.10437500000000001 -0.03988311958635385
0.11000000000000001 -0.04095040382626878
0.11562500000000002 -0.04200673937755411
0.12125000000000001 -0.043026907046372694
0.12687500000000002 -0.04398666500336559
0.1325 -0.044883652473593556
0.138125 -0.04573706240502409
0.14375000000000002 -0.046566999639137824
0.149375 -0.04739279043298892
0.155 -0.04821768903494835
0.16062500000000002 -0.04902983571487835
0.16625 -0.04981678399115646
0.171875 -0.05056616036888415
0.17750000000000002 -0.05127306014316813
0.183125 -0.05194640352523867
0.18875 -0.05259660808560807
0.19437500000000002 -0.053234091394788643
0.2 -0.05386777795049001
0.2 -0.05386777795049001
0.22608695652173916 -0.05659616738448668
0.2521739130434783 -0.058774091922767106
0.27826086956521745 -0.0606984912217715
0.30434782608695654 -0.06209587079898528
0.3304347826086957 -0.06318674759187361
0.35652173913043483 -0.06383634576834747
0.3826086956521739 -0.06410476635536187
0.4086956521739131 -0.06402233590240634
0.4347826086956522 -0.06343721339334175
0.46086956521739136 -0.06242457555147242
0.4869565217391305 -0.06074245586018698
0.5130434782608697 -0.058307166050484784
0.5391304347826088 -0.055080803610584594
0.5652173913043479 -0.05112523246397635
0.5913043478260871 -0.04678082846269913
0.6173913043478262 -0.04211648300363614
0.6434782608695653 -0.03730520510719417
0.6695652173913045 -0.032428782325100276
0.6956521739130436 -0.027524486355356533
0.7217391304347827 -0.022732741124562222
0.7478260869565219 -0.018051722674430764
0.7739130434782611 -0.013610127393755198
0.8 -0.009415125126875815
0.8 -0.009415125126875815
0.805625 -0.00855749598298732
0.81125 -0.007721486837224657
0.816875 -0.006906324847926452
0.8225 -0.006110940167618252
0.828125 -0.005334262948825597
0.83375 -0.004575497970503701
0.839375 -0.003836495457113985
0.845 -0.0031205840575667418
0.8506250000000001 -0.00243110857249814
0.8562500000000001 -0.0017712867231484612
0.8618750000000001 -0.001141255068593613
0.8675 -0.00053797838648774
0.873125 4.172375353625956e-05
0.87875 0.0006007843554903642
0.884375 0.0011366198825333612
0.89 0.001641225368578016
0.895625 0.002106367445307066
0.90125 0.002525205428577504
0.906875 0.0028995477395733224
0.9125 0.0032345182283561977
0.918125 0.003535074503401654
0.92375 0.003800482078776354
0.9293750000000001 0.004023160281832021
0.935 0.004195158877223742
0.940625 0.004310394338883049
0.94625 0.004365497435159891
0.951875 0.004357064932836361
0.9575 0.004278038344899535
0.963125 0.00411856674937201
0.96875 0.003867869982646035
0.974375 0.0035133276490524907
0.98 0.003042659752822365
0.98 0.003042659752822365
0.985 0.002517603362600318
0.99 0.0018695274824737152
0.995 0.001059945815131279
1.0 0.0
