1.0 0.0001798
0.995 0.0006630789677364629
0.99 0.0011301631821827288
0.985 0.0015828467004144534
0.98 0.0020229235795072935
0.98 0.0020229235795072935
0.974375 0.0025051750064412942
0.96875 0.002976296188123695
0.963125 0.0034388415534766714
0.9575 0.003895365531422397
0.951875 0.004348422550883047
0.94625 0.004800567040780794
0.940625 0.005254353430037815
0.935 0.005712336147576281
0.9293750000000001 0.006177069622318372
0.92375 0.006651108283186265
0.918125 0.007137006559102119
0.9125 0.007637318878988121
0.906875 0.00815459967176644
0.90125 0.00869140336635925
0.895625 0.009249812207839976
0.89 0.00982873598256034
0.884375 0.010425777878813687
0.87875 0.011038537025418706
0.873125 0.011664612551194086
0.8675 0.01230160358495852
0.8618750000000001 0.012947109255530703
0.8562500000000001 0.013598728691729315
0.8506250000000001 0.014254061022373064
0.845 0.014911135823025319
0.839375 0.015569842251922265
0.83375 0.01623057152487227
0.828125 0.01689371486553984
0.8225 0.01755966349758948
0.816875 0.018228808644685693
0.81125 0.018901541530492998
0.805625 0.019578253378675897
0.8 0.020259334979015386
0.8 0.020259334979015386
0.7739130434782611 0.02346019786553091
0.7478260869565219 0.026653072085345626
0.7217391304347827 0.02974556777232707
0.6956521739130436 0.03268555669778762
0.6695652173913045 0.035459182555982516
0.6434782608695653 0.03812036388134784
0.6173913043478262 0.040707037766728
0.5913043478260871 0.04321474700724286
0.5652173913043479 0.04563737173966129
0.5391304347826088 0.04797202676807257
0.5130434782608697 0.05021416117086869
0.4869565217391305 0.05235700066472555
0.46086956521739136 0.054390032426680224
0.4347826086956522 0.056297981193857344
0.4086956521739131 0.058044828783894706
0.3826086956521739 0.05957951651003881
0.35652173913043483 0.06083913144489372
0.3304347826086957 0.06175091837279487
0.30434782608695654 0.062216849085912906
0.27826086956521745 0.06216336932847187
0.2521739130434783 0.061697368768613224
0.22608695652173916 0.06095451811647549
0.2 0.05995177120368307
0.2 0.05995177120368307
0.19437500000000002 0.059699380825220943
0.18875 0.05943133871831921
0.183125 0.059145434569743076
0.17750000000000002 0.058839458066257753
0.171875 0.05851119889462849
0.16625 0.058158446741620504
0.16062500000000002 0.057778991293999
0.155 0.05737062223852924
0.149375 0.05693112790847618
0.14375000000000002 0.056458258153074474
0.138125 0.05594971974610602
0.1325 0.05540321718590954
0.12687500000000002 0.0548164549708238
0.12125000000000001 0.05418713759918758
0.11562500000000002 0.053512969569339555
0.11000000000000001 0.05279165537961852
0.10437500000000001 0.05202089952836319
0.09875000000000002 0.05119826360401603
0.09312500000000001 0.05031850219200337
0.08750000000000001 0.04937380614192723
0.081875 0.048356272172302296
0.07625000000000001 0.04725799694606211
0.07062500000000001 0.046070824338197876
0.065 0.04478576357378414
0.05937500000000001 0.04339365185644063
0.053750000000000006 0.04188532638978703
0.048125 0.04024996688594769
0.0425 0.038450179561735874
0.036875000000000005 0.036427168078921816
0.03125 0.03412152800178751
0.025625000000000002 0.03147383482866835
0.02 0.028376661253757214
0.02 0.028376661253757214
0.015 0.025038340702360717
0.01 0.020890415749726738
0.005 0.015113185941713401
0.0 0.006514712243053544
0.0 0.0
0.005 -0.012392953539082806
0.01 -0.01563598107533045
0.015 -0.017511291671642146
0.02 -0.018436971288801215
0.02 -0.018436971288801215
0.025625000000000002 -0.018773489960769885
0.03125 -0.018724539758299037
0.036875000000000005 -0.01842554855527563
0.0425 -0.017981479726754762
0.048125 -0.017497296647791545
0.053750000000000006 -0.017068528945682233
0.05937500000000001 -0.016714357561467004
0.065 -0.016416966653352124
0.07062500000000001 -0.016158297362407044
0.07625000000000001 -0.01592045025396947
0.081875 -0.01569614766159152
0.08750000000000001 -0.015495213597845996
0.09312500000000001 -0.015329020359909457
0.09875000000000002 -0.015208940244958462
0.10437500000000001 -0.015144521211267283
0.11000000000000001 -0.015134488283250064
0.11562500000000002 -0.015173590635882781
0.12125000000000001 -0.015256571338820678
0.12687500000000002 -0.01537817346171895
0.1325 -0.015533140074232826
0.138125 -0.015716214246017532
0.14375000000000002 -0.015922139046728286
0.149375 -0.016145657546020296
0.155 -0.016381995916455717
0.16062500000000002 -0.016628390755532085
0.16625 -0.016882601551271043
0.171875 -0.01714238779284816
0.17750000000000002 -0.017405508969439012
0.183125 -0.01766972457021916
0.18875 -0.017932794084364198
0.19437500000000002 -0.018192477001049697
0.2 -0.018446533407861485
0.2 -0.018446533407861485
0.22608695652173916 -0.019532374828893338
0.2521739130434783 -0.020488561644085766
0.27826086956521745 -0.02133996994032355
0.30434782608695654 -0.022086965031076145
0.3304347826086957 -0.022729076391248326
0.35652173913043483 -0.023273678755636892
0.3826086956521739 -0.023710449191441017
0.4086956521739131 -0.023996190583419497
0.4347826086956522 -0.024120367088710466
0.46086956521739136 -0.02412299869701938
0.4869565217391305 -0.024018428110038174
0.5130434782608697 -0.02378631717442913
0.5391304347826088 -0.023389115122038413
0.5652173913043479 -0.022781444121295943
0.5913043478260871 -0.02200702584168397
0.6173913043478262 -0.021171508257347108
0.6434782608695653 -0.02033361019831889
0.6695652173913045 -0.019498270943646954
0.6956521739130436 -0.01847229869871908
0.7217391304347827 -0.017034509473753498
0.7478260869565219 -0.01537416897691438
0.7739130434782611 -0.013776118876122642
0.8 -0.012230584457571064
0.8 -0.012230584457571064
0.805625 -0.011894917608776676
0.81125 -0.01155752070486103
0.816875 -0.011218718579338345
0.8225 -0.010878836065722843
0.828125 -0.010538197997528736
0.83375 -0.010197129208270244
0.839375 -0.009855954531461592
0.845 -0.009514998800616991
0.8506250000000001 -0.009174586483373832
0.8562500000000001 -0.008834920425102151
0.8618750000000001 -0.008495906403288726
0.8675 -0.008157405687224301
0.873125 -0.007819279546199617
0.87875 -0.007481389249505421
0.884375 -0.007143596066432452
0.89 -0.006805761266271453
0.895625 -0.0064677461183131665
0.90125 -0.0061294124835553285
0.906875 -0.005790686687738719
0.9125 -0.0054516165931981836
0.918125 -0.005112263527987104
0.92375 -0.004772688820158862
0.9293750000000001 -0.004432953797766827
0.935 -0.004093119788864397
0.940625 -0.003753248121504944
0.94625 -0.0034134001237418497
0.951875 -0.003073637123628492
0.9575 -0.0027340204492182557
0.963125 -0.002394611428564517
0.96875 -0.002055471389720658
0.974375 -0.0017166616607400603
0.98 -0.0013782435696761029
0.98 -0.0013782435696761029
0.985 -0.0010778058495960817
0.99 -0.0007777691012061334
0.995 -0.00047817639715828914
1.0 -0.00017907081010458018
