1.0 0.0001825194495161852
0.995 0.000779909417170537
0.99 0.0013764218354476178
0.985 0.0019721535664541535
0.98 0.0025672014722968694
0.98 0.0025672014722968694
0.974375 0.0032359335862776964
0.96875 0.0039040607401311924
0.963125 0.004571720848849159
0.9575 0.0052390518274233995
0.951875 0.005906191590845716
0.94625 0.006573278054107913
0.940625 0.007240449132201791
0.935 0.007907842740119155
0.9293750000000001 0.008575596792851805
0.92375 0.00924384920539156
0.918125 0.009912737892730193
0.9125 0.010582400769859524
0.906875 0.011252975751771355
0.90125 0.011924600753457481
0.895625 0.012597422549128198
0.89 0.013271687993434696
0.884375 0.013947707154531684
0.87875 0.014625791094915025
0.873125 0.015306250877080605
0.8675 0.015989397563524285
0.8618750000000001 0.016675542216741956
0.8562500000000001 0.017364995899229473
0.8506250000000001 0.018058069673482727
0.845 0.018755050621338858
0.839375 0.019456006086924656
0.83375 0.02016088542658856
0.828125 0.02086963686728174
0.8225 0.021582208635955405
0.816875 0.022298548959560745
0.81125 0.023018606065048935
0.805625 0.023742328179371178
0.8 0.02446966352947866
0.8 0.02446966352947866
0.7739130434782611 0.027866091815932633
0.7478260869565219 0.031186275164403025
0.7217391304347827 0.03430613043849314
0.6956521739130436 0.03723322854492034
0.6695652173913045 0.03999686964614929
0.6434782608695653 0.04260068416507001
0.6173913043478262 0.045048048968669686
0.5913043478260871 0.047353041856523496
0.5652173913043479 0.04951714277036265
0.5391304347826088 0.05151447772424507
0.5130434782608697 0.05333602076294045
0.4869565217391305 0.055003295048669666
0.46086956521739136 0.056492252942837315
0.4347826086956522 0.057718836933187904
0.4086956521739131 0.05866047517959022
0.3826086956521739 0.05935881632732353
0.35652173913043483 0.05977135281937882
0.3304347826086957 0.05979024094461525
0.30434782608695654 0.05942568066174541
0.27826086956521745 0.05876601263797693
0.2521739130434783 0.05785501565309593
0.22608695652173916 0.05670265414580778
0.2 0.055258834313592846
0.2 0.055258834313592846
0.19437500000000002 0.054901950007187866
0.18875 0.05452696872125483
0.183125 0.05413268304001311
0.17750000000000002 0.053717878113231456
0.171875 0.05328133909067872
0.16625 0.052821851122123696
0.16062500000000002 0.05233819935733521
0.155 0.05182916894608206
0.149375 0.05129354503813307
0.14375000000000002 0.050729820735672664
0.138125 0.05013328146716983
0.1325 0.04949722882880286
0.12687500000000002 0.048814934995751
0.12125000000000001 0.04807967214319355
0.11562500000000002 0.04728471244630977
0.11000000000000001 0.04642332808027894
0.10437500000000001 0.04548879122028034
0.09875000000000002 0.04447437404149325
0.09312500000000001 0.04337356401648749
0.08750000000000001 0.04218120439839848
0.081875 0.04089266484226015
0.07625000000000001 0.03950331616834034
0.07062500000000001 0.038008571492877
0.065 0.03640506847258429
0.05937500000000001 0.03469082800311063
0.053750000000000006 0.03286394516359653
0.048125 0.03092251327502531
0.0425 0.028859021769762544
0.036875000000000005 0.026647925526070194
0.03125 0.024260058561151522
0.025625000000000002 0.021666254892209857
0.02 0.01882772944362072
0.02 0.01882772944362072
0.015 0.01599294366228033
0.01 0.012723891467234941
0.005 0.008693127050207061
0.0 0.0033026067466943266
0.0 0.0
0.005 -0.007532916541880881
0.01 -0.010780856615666542
0.015 -0.013281516778794435
0.02 -0.01533155192987746
0.02 -0.01533155192987746
0.025625000000000002 -0.017271100623451354
0.03125 -0.018989540897982687
0.036875000000000005 -0.02054190573902927
0.0425 -0.021950098714815684
0.048125 -0.02323602220389713
0.053750000000000006 -0.02442132695854735
0.05937500000000001 -0.025520856382024584
0.065 -0.026542026499773143
0.07062500000000001 -0.027491877409737416
0.07625000000000001 -0.028377449209861787
0.081875 -0.02920532487139309
0.08750000000000001 -0.02998017118681926
0.09312500000000001 -0.03070615294516972
0.09875000000000002 -0.03138743493365147
0.10437500000000001 -0.032028149932672126
0.11000000000000001 -0.0326317350694923
0.11562500000000002 -0.03320095360264575
0.12125000000000001 -0.033738541142133524
0.12687500000000002 -0.03424723329795661
0.1325 -0.03472976568011604
0.138125 -0.03518887389861281
0.14375000000000002 -0.03562729356344794
0.149375 -0.03604776028462245
0.155 -0.03645293598851495
0.16062500000000002 -0.0368443144901293
0.16625 -0.03722245561945934
0.171875 -0.03758789308380894
0.17750000000000002 -0.03794116059048194
0.183125 -0.03828279184678222
0.18875 -0.03861332056001362
0.19437500000000002 -0.03893328043748002
0.2 -0.039243205186485275
0.2 -0.039243205186485275
0.22608695652173916 -0.04056076440077793
0.2521739130434783 -0.04169923586281099
0.27826086956521745 -0.042680057368054164
0.30434782608695654 -0.04351803754268626
0.3304347826086957 -0.044223426144516874
0.35652173913043483 -0.04479743577250732
0.3826086956521739 -0.045243278596581234
0.4086956521739131 -0.04557302470850888
0.4347826086956522 -0.04577314767588211
0.46086956521739136 -0.04577813654200708
0.4869565217391305 -0.04552738452509676
0.5130434782608697 -0.04497845966348118
0.5391304347826088 -0.04413768832628689
0.5652173913043479 -0.04306879672263747
0.5913043478260871 -0.04181295137020853
0.6173913043478262 -0.040385030479740756
0.6434782608695653 -0.03879248618182321
0.6695652173913045 -0.03703819207625625
0.6956521739130436 -0.03512919442251602
0.7217391304347827 -0.03307323233651615
0.7478260869565219 -0.030862001556063154
0.7739130434782611 -0.028475788561397486
0.8 -0.02587297247802338
0.8 -0.02587297247802338
0.805625 -0.025278630446805547
0.81125 -0.024672393043117
0.816875 -0.024055019369773698
0.8225 -0.023427270604989878
0.828125 -0.02278990792697978
0.83375 -0.022143692513957626
0.839375 -0.021489385544137644
0.845 -0.02082774819573408
0.8506250000000001 -0.020159541646961134
0.8562500000000001 -0.019485440449904468
0.8618750000000001 -0.018805708874989602
0.8675 -0.018120489848066232
0.873125 -0.017429926276680087
0.87875 -0.016734161068376892
0.884375 -0.01603333713070237
0.89 -0.015327597371202243
0.895625 -0.01461708469742224
0.90125 -0.013901941894182762
0.906875 -0.013182174497522136
0.9125 -0.012457387868186953
0.918125 -0.0117271148290808
0.92375 -0.010990888203107268
0.9293750000000001 -0.010248240813169926
0.935 -0.0094987054821724
0.940625 -0.008741815033018262
0.94625 -0.007977102288611097
0.951875 -0.007204100071854498
0.9575 -0.006422341205652053
0.963125 -0.005631358512907351
0.96875 -0.00483068481652398
0.974375 -0.00401985293940553
0.98 -0.003198395704455591
0.98 -0.003198395704455591
0.985 -0.0024589137699207227
0.99 -0.0017103392499375233
0.995 -0.00095234403109946
1.0 -0.0001846
