1.0 6e-05
0.995 0.0021283716895907022
0.99 0.0037692888221222917
0.985 0.0051100396497462
0.98 0.006237947899419817
0.98 0.006237947899419817
0.974375 0.007343332926661444
0.96875 0.008345379741108898
0.963125 0.009308330775923282
0.9575 0.010267020920202317
0.951875 0.011238237604435136
0.94625 0.012237138708704173
0.940625 0.013266772702003675
0.935 0.01432386493993389
0.9293750000000001 0.01540507974809352
0.92375 0.016506122235774932
0.918125 0.017620700871254565
0.9125 0.0187422748901784
0.906875 0.019864306671247337
0.90125 0.02098153447186059
0.895625 0.022091924815020706
0.89 0.023193947039208514
0.884375 0.024286070482904838
0.87875 0.025366778818850896
0.873125 0.02643478689873714
0.8675 0.027488996481623548
0.8618750000000001 0.028528314680895592
0.8562500000000001 0.029551648609938717
0.8506250000000001 0.030557944917892488
0.845 0.03154688750126117
0.839375 0.03251881295014021
0.83375 0.03347408040092126
0.828125 0.034413048989995976
0.8225 0.035336077828368534
0.816875 0.03624349645384673
0.81125 0.03713554777860059
0.805625 0.03801245893643356
0.8 0.03887445706114914
0.8 0.03887445706114914
0.7739130434782611 0.04268407547613732
0.7478260869565219 0.04620553767200285
0.7217391304347827 0.049472110046423705
0.6956521739130436 0.052518942011877665
0.6695652173913045 0.05536851558612575
0.6434782608695653 0.05803386426339138
0.6173913043478262 0.060524121877802796
0.5913043478260871 0.06285026268122042
0.5652173913043479 0.06499888661155426
0.5391304347826088 0.06694540711247461
0.5130434782608697 0.06868058255496183
0.4869565217391305 0.07018870049407624
0.46086956521739136 0.0714473371268482
0.4347826086956522 0.07243186494715838
0.4086956521739131 0.07312127872356551
0.3826086956521739 0.07349403237165862
0.35652173913043483 0.07352565106658403
0.3304347826086957 0.07320006673512458
0.30434782608695654 0.07248967354761905
0.27826086956521745 0.07135404771302996
0.2521739130434783 0.0697641915850037
0.22608695652173916 0.06766846426027998
0.2 0.0649957131277092
0.2 0.0649957131277092
0.19437500000000002 0.06433599499808257
0.18875 0.06364455611030481
0.183125 0.06292036159982207
0.17750000000000002 0.062162376602080446
0.171875 0.06136954067252704
0.16625 0.06054034773020353
0.16062500000000002 0.059672913336548505
0.155 0.05876534104184756
0.149375 0.057815734396386195
0.14375000000000002 0.05682219980431771
0.138125 0.05578291406034309
0.1325 0.05469612709527424
0.12687500000000002 0.05356009224315532
0.12125000000000001 0.0523730628380305
0.11562500000000002 0.05113319175654746
0.11000000000000001 0.049837829430027306
0.10437500000000001 0.04848394173263018
0.09875000000000002 0.047068492122272064
0.09312500000000001 0.04558846778484671
0.08750000000000001 0.044041491896100196
0.081875 0.04242587820715002
0.07625000000000001 0.040739975137404565
0.07062500000000001 0.038981854906894875
0.065 0.03714530790679857
0.05937500000000001 0.03522075042417368
0.053750000000000006 0.03319850709066971
0.048125 0.031068820322481403
0.0425 0.02882173023283092
0.036875000000000005 0.026447158554645713
0.03125 0.023920327013085937
0.025625000000000002 0.02118540218751715
0.02 0.018189134329059914
0.02 0.018189134329059914
0.015 0.015305558481774537
0.01 0.012171794312503582
0.005 0.008049008781352542
0.0 0.0017608473944639587
0.0 -0.00019
0.005 -0.006335029241175432
0.01 -0.007420901732982116
0.015 -0.009152012195061362
0.02 -0.010000877674457875
0.02 -0.010000877674457875
0.025625000000000002 -0.010461613801269682
0.03125 -0.010945577375538383
0.036875000000000005 -0.011411667384364485
0.0425 -0.011754991684293023
0.048125 -0.011967421722318029
0.053750000000000006 -0.012086632160804156
0.05937500000000001 -0.012146821182002594
0.065 -0.012157360454001065
0.07062500000000001 -0.012117532207609364
0.07625000000000001 -0.012026654605221485
0.081875 -0.01188644775055385
0.08750000000000001 -0.011701679875446314
0.09312500000000001 -0.01147731583124846
0.09875000000000002 -0.011218218481044743
0.10437500000000001 -0.010927219131643353
0.11000000000000001 -0.010605278114967254
0.11562500000000002 -0.01025328595923065
0.12125000000000001 -0.009872135614895637
0.12687500000000002 -0.009463105545116413
0.1325 -0.00902827865225538
0.138125 -0.008569838545683687
0.14375000000000002 -0.008089968834772478
0.149375 -0.007590821949977536
0.155 -0.007073880280925851
0.16062500000000002 -0.006539981330054428
0.16625 -0.005989936453921708
0.171875 -0.005424557009086118
0.17750000000000002 -0.00484466427817486
0.183125 -0.004251392220172946
0.18875 -0.003646243069916112
0.19437500000000002 -0.0030307402016617555
0.2 -0.0024064069896672833
0.2 -0.0024064069896672833
0.22608695652173916 0.0005682270244572405
0.2521739130434783 0.003622520942354924
0.27826086956521745 0.0066851193097625175
0.30434782608695654 0.00968340440274945
0.3304347826086957 0.012562443549607644
0.35652173913043483 0.015265893909559087
0.3826086956521739 0.017751839309123822
0.4086956521739131 0.019991520641394086
0.4347826086956522 0.021956576213282543
0.46086956521739136 0.023630540347567956
0.4869565217391305 0.02500222791533285
0.5130434782608697 0.026059958066350194
0.5391304347826088 0.02681376651112457
0.5652173913043479 0.027274142343212418
0.5913043478260871 0.027439023745145216
0.6173913043478262 0.027329698457971726
0.6434782608695653 0.02696705984278117
0.6695652173913045 0.026359996748385878
0.6956521739130436 0.025530487351470236
0.7217391304347827 0.024504186040377678
0.7478260869565219 0.023296423348672945
0.7739130434782611 0.021890167493301655
0.8 0.0202538488980896
0.8 0.0202538488980896
0.805625 0.019867040380822324
0.81125 0.019467090371949998
0.816875 0.01905348507649261
0.8225 0.018625710699470166
0.828125 0.018183287860082106
0.83375 0.017725926116619918
0.839375 0.017253399529444102
0.845 0.016765482214287777
0.8506250000000001 0.016261948286884067
0.8562500000000001 0.015742583358046097
0.8618750000000001 0.015207505810097674
0.8675 0.014657209906055485
0.873125 0.014092210065978985
0.87875 0.013513020709927602
0.884375 0.012920162934138469
0.89 0.012314390885084323
0.895625 0.011696746960625289
0.90125 0.011068291431660795
0.906875 0.010430084569090269
0.9125 0.00978318319899438
0.918125 0.009128622030414068
0.92375 0.00846742703126941
0.9293750000000001 0.007800624147947207
0.935 0.0071293337897572725
0.940625 0.006455433123044507
0.94625 0.005781162871589659
0.951875 0.005108759692060205
0.9575 0.004439726658126424
0.963125 0.003774161956731637
0.96875 0.003112086708105273
0.974375 0.002459147310836585
0.98 0.0018301563084454073
0.98 0.0018301563084454073
0.985 0.0013032746951363416
0.99 0.000814904736818003
0.995 0.0003728175405335813
1.0 -1e-05
