1.0 0.0
0.995 0.003407602562137278
0.99 0.006668130630968048
0.985 0.009787936927970808
0.98 0.012773374174624062
0.98 0.012773374174624062
0.974375 0.015979287954313352
0.96875 0.019032226251286657
0.963125 0.021941234249055357
0.9575 0.024715357131130836
0.951875 0.027363640081024477
0.94625 0.029895128282247656
0.940625 0.032318866918311755
0.935 0.03464390117272816
0.9293750000000001 0.036879276229008245
0.92375 0.039034037270663444
0.918125 0.04111722948120504
0.9125 0.043137898044144474
0.906875 0.04510508814299311
0.90125 0.047027844961262354
0.895625 0.04891455624743706
0.89 0.050768388604194095
0.884375 0.05259001881467851
0.87875 0.054380108328273766
0.873125 0.056139318594363385
0.8675 0.057868311062330806
0.8618750000000001 0.05956774718155957
0.8562500000000001 0.061238288401433125
0.8506250000000001 0.06288059617133497
0.845 0.06449533194064865
0.839375 0.06608315715875751
0.83375 0.06764473327504512
0.828125 0.06918072173889502
0.8225 0.0706917839996906
0.816875 0.07217858150681543
0.81125 0.07364177570965293
0.805625 0.07508202805758664
0.8 0.0765
0.8 0.0765
0.7739130434782611 0.0827725892128645
0.7478260869565219 0.08845792095828124
0.7217391304347827 0.09343372014822103
0.6956521739130436 0.09757792705217472
0.6695652173913045 0.1008414881389163
0.6434782608695653 0.10335431197634731
0.6173913043478262 0.1052732268223704
0.5913043478260871 0.10675373690922814
0.5652173913043479 0.10787190492955658
0.5391304347826088 0.10858065918960182
0.5130434782608697 0.10882233579032904
0.4869565217391305 0.10854289788039367
0.46086956521739136 0.10777173070532745
0.4347826086956522 0.10662164160753823
0.4086956521739131 0.1052090649771241
0.3826086956521739 0.10363926193561904
0.35652173913043483 0.10188760435749843
0.3304347826086957 0.09984566460300609
0.30434782608695654 0.09740361837381548
0.27826086956521745 0.09446358060535179
0.2521739130434783 0.09100703825902186
0.22608695652173916 0.08704785749816737
0.2 0.08260000000000002
0.2 0.08260000000000002
0.19437500000000002 0.08157803706317435
0.18875 0.08053294687232287
0.183125 0.07946367364218082
0.17750000000000002 0.07836916158748357
0.171875 0.07724835492296635
0.16625 0.07610019786336453
0.16062500000000002 0.07492363462341337
0.155 0.07371760941784818
0.149375 0.07248106625716653
0.14375000000000002 0.07121274573103456
0.138125 0.06991080328787164
0.1325 0.06857328980635254
0.12687500000000002 0.067198256165152
0.12125000000000001 0.06578375324294476
0.11562500000000002 0.06432783191840563
0.11000000000000001 0.0628285430702093
0.10437500000000001 0.06128393757703055
0.09875000000000002 0.05969204826067629
0.09312500000000001 0.05804797595904018
0.08750000000000001 0.05634067314652089
0.081875 0.05455831810930918
0.07625000000000001 0.052689089133595705
0.07062500000000001 0.05072116450557115
0.065 0.0486427225114262
0.05937500000000001 0.046441941437351544
0.053750000000000006 0.044106999569537855
0.048125 0.04162607519417587
0.0425 0.038987346597456216
0.036875000000000005 0.03617899206556962
0.03125 0.033189189884706746
0.025625000000000002 0.03000611834105829
0.02 0.026617955720814938
0.02 0.026617955720814938
0.015 0.023424523557853728
0.01 0.020051400743667295
0.005 0.01649028451080655
0.0 0.012732872091822464
0.0 0.0
0.005 -0.006386644595714941
0.01 -0.011672859460953257
0.015 -0.015981752028334097
0.02 -0.019436429730476625
0.02 -0.019436429730476625
0.025625000000000002 -0.02245517161954491
0.03125 -0.024723889489164274
0.036875000000000005 -0.02641786716429441
0.0425 -0.02771238846989502
0.048125 -0.0287827372309258
0.053750000000000006 -0.02979510851702836
0.05937500000000001 -0.030810040617271314
0.065 -0.03181990615583755
0.07062500000000001 -0.03281594166249517
0.07625000000000001 -0.033789383667012264
0.081875 -0.03473146869915695
0.08750000000000001 -0.03563343328869733
0.09312500000000001 -0.0364865139654015
0.09875000000000002 -0.03728194725903755
0.10437500000000001 -0.03801204234406611
0.11000000000000001 -0.038677627007607664
0.11562500000000002 -0.039283591326740606
0.12125000000000001 -0.03983485039649531
0.12687500000000002 -0.04033631931190216
0.1325 -0.04079291316799157
0.138125 -0.0412095470597939
0.14375000000000002 -0.04159113608233956
0.149375 -0.041942595330658916
0.155 -0.04226837902037701
0.16062500000000002 -0.04257036242279001
0.16625 -0.04284952425472587
0.171875 -0.0431068423328574
0.17750000000000002 -0.04334329447385748
0.183125 -0.043559858494398924
0.18875 -0.04375751221115461
0.19437500000000002 -0.04393723344079734
0.2 -0.0441
0.2 -0.0441
0.22608695652173916 -0.04465280321786426
0.2521739130434783 -0.0449073538828095
0.27826086956521745 -0.044909030995322695
0.30434782608695654 -0.0447032212270092
0.3304347826086957 -0.04433791175862622
0.35652173913043483 -0.043867464470356166
0.3826086956521739 -0.04334720013218667
0.4086956521739131 -0.04283203000460381
0.4347826086956522 -0.042352294777999
0.46086956521739136 -0.04190025075911684
0.4869565217391305 -0.04146487817868942
0.5130434782608697 -0.04103515264403944
0.5391304347826088 -0.040599943424075004
0.5652173913043479 -0.04014801344928965
0.5913043478260871 -0.03966812102676761
0.6173913043478262 -0.03914866228547403
0.6434782608695653 -0.038573823033740046
0.6695652173913045 -0.03792507274400386
0.6956521739130436 -0.03718383561643882
0.7217391304347827 -0.03632924992688033
0.7478260869565219 -0.03532525712616521
0.7739130434782611 -0.034129599238325876
0.8 -0.0327
0.8 -0.0327
0.805625 -0.032357000843564694
0.81125 -0.032000798213935325
0.816875 -0.03163103113849929
0.8225 -0.03124733864464393
0.828125 -0.0308493597597566
0.83375 -0.030436733511224633
0.839375 -0.030009098926435416
0.845 -0.029566095032776296
0.8506250000000001 -0.029107360857634594
0.8562500000000001 -0.0286325354283977
0.8618750000000001 -0.02814125777245296
0.8675 -0.027633166917187722
0.873125 -0.02710790188998936
0.87875 -0.0265651017182452
0.884375 -0.02600440542934261
0.89 -0.02542545205066895
0.895625 -0.024827880609611566
0.90125 -0.024211310772317987
0.906875 -0.023572218423618077
0.9125 -0.022900486946179067
0.918125 -0.022185169609510398
0.92375 -0.021415319683121534
0.9293750000000001 -0.020579990436521894
0.935 -0.019668235139220967
0.940625 -0.01866910706072817
0.94625 -0.017571659470552965
0.951875 -0.016364945638204797
0.9575 -0.015038018833193108
0.963125 -0.013579932325027355
0.96875 -0.011979739383216979
0.974375 -0.010226493277271428
0.98 -0.008309247276700155
0.98 -0.008309247276700155
0.985 -0.006458500202557174
0.99 -0.004461835457525116
0.995 -0.0023115648029055375
1.0 0.0
