1.0 0.003
0.995 0.004778742644498228
0.99 0.006544576250208336
0.985 0.00829786051799135
0.98 0.010038955148708307
0.98 0.010038955148708307
0.974375 0.01198356405243378
0.96875 0.01391371284535229
0.963125 0.01582991367966636
0.9575 0.017732678707578498
0.951875 0.019622520081291246
0.94625 0.021499949953007115
0.940625 0.023365480474928632
0.935 0.025219623799258323
0.9293750000000001 0.0270628920781987
0.92375 0.028895797463952332
0.918125 0.03071885210872166
0.9125 0.03253256816470926
0.906875 0.034337457784117634
0.90125 0.03613403311914931
0.895625 0.03792278851015222
0.89 0.03970398442039812
0.884375 0.041477716632010976
0.87875 0.04324407749048937
0.873125 0.045003159341331866
0.8675 0.046755054530037
0.8618750000000001 0.04849985540210335
0.8562500000000001 0.05023765430302947
0.8506250000000001 0.05196854357831392
0.845 0.053692615573455275
0.839375 0.055409962633952044
0.83375 0.057120677105302824
0.828125 0.05882485133300614
0.8225 0.0605225776625606
0.816875 0.06221394843946471
0.81125 0.06389905600921708
0.805625 0.06557799271731624
0.8 0.06725085090926076
0.8 0.06725085090926076
0.7739130434782611 0.0749061798745751
0.7478260869565219 0.08226622041602846
0.7217391304347827 0.08915387636448253
0.6956521739130436 0.095392076953967
0.6695652173913045 0.10086436220797138
0.6434782608695653 0.1056414075584778
0.6173913043478262 0.1098298914112401
0.5913043478260871 0.11353635776366292
0.5652173913043479 0.11684909560839908
0.5391304347826088 0.11981981488132783
0.5130434782608697 0.12249586141538205
0.4869565217391305 0.12492299031448022
0.46086956521739136 0.12708352920387259
0.4347826086956522 0.12887648059900542
0.4086956521739131 0.13019518365470908
0.3826086956521739 0.13093463290645485
0.35652173913043483 0.13101935467580608
0.3304347826086957 0.13039932093528817
0.30434782608695654 0.12902533612525438
0.27826086956521745 0.12684988612022727
0.2521739130434783 0.12384134577208362
0.22608695652173916 0.11997683501758402
0.2 0.11523356470760165
0.2 0.11523356470760165
0.19437500000000002 0.11409335774023152
0.18875 0.11290972740159134
0.183125 0.11168023053033212
0.17750000000000002 0.11040239067653465
0.171875 0.10907373139027991
0.16625 0.10769177622164867
0.16062500000000002 0.10625404872072187
0.155 0.10475807243758035
0.149375 0.10320137092230498
0.14375000000000002 0.10158123172063513
0.138125 0.09989259831675543
0.1325 0.09812907223705818
0.12687500000000002 0.09628423918452449
0.12125000000000001 0.09435168486213541
0.11562500000000002 0.09232499497287203
0.11000000000000001 0.09019775521971535
0.10437500000000001 0.08796355130564655
0.09875000000000002 0.08561596893364666
0.09312500000000001 0.08314654845307122
0.08750000000000001 0.08053541614566317
0.081875 0.07775874052585312
0.07625000000000001 0.07479268622002723
0.07062500000000001 0.07161485200725885
0.065 0.06823687817891759
0.05937500000000001 0.06470504375073247
0.053750000000000006 0.061067181344857516
0.048125 0.057371090218634846
0.0425 0.05362827077942671
0.036875000000000005 0.04974472155298049
0.03125 0.04560738059041335
0.025625000000000002 0.04110318594284248
0.02 0.036119075661385024
0.02 0.036119075661385024
0.015 0.031194462485073213
0.01 0.025721916790924386
0.005 0.019622031558598346
0.0 0.012815399767754851
0.0 0.0
0.005 -0.008122934726207186
0.01 -0.013411518651888226
0.015 -0.016565502953307675
0.02 -0.018284638806730088
0.02 -0.018284638806730088
0.025625000000000002 -0.01937483804095127
0.03125 -0.020334780692457106
0.036875000000000005 -0.021260916618456072
0.0425 -0.022092013284298512
0.048125 -0.02276683815533475
0.053750000000000006 -0.023227302808192615
0.05937500000000001 -0.023466767864344297
0.065 -0.02352058006666141
0.07062500000000001 -0.023425313141359493
0.07625000000000001 -0.023217535205659796
0.081875 -0.022930267496243648
0.08750000000000001 -0.02258691612834837
0.09312500000000001 -0.022209273663071682
0.09875000000000002 -0.021819132661511267
0.10437500000000001 -0.021436794263123213
0.11000000000000001 -0.02106674875280076
0.11562500000000002 -0.020703967008445408
0.12125000000000001 -0.02034328922578063
0.12687500000000002 -0.019979555600529872
0.1325 -0.019607606328416603
0.138125 -0.01922228160516429
0.14375000000000002 -0.01881842162649638
0.149375 -0.01839086658813635
0.155 -0.01793495190578005
0.16062500000000002 -0.017449471059475655
0.16625 -0.016934691813326477
0.171875 -0.016390887410372163
0.17750000000000002 -0.01581833109365234
0.183125 -0.015217296106206672
0.18875 -0.014588055691074782
0.19437500000000002 -0.013930883091296307
0.2 -0.013246051549910896
0.2 -0.013246051549910896
0.22608695652173916 -0.009745265172508382
0.2521739130434783 -0.005860179757915773
0.27826086956521745 -0.0017975050970645572
0.30434782608695654 0.0022362554047905417
0.3304347826086957 0.006103336667016908
0.35652173913043483 0.00983392364338156
0.3826086956521739 0.013483373290836044
0.4086956521739131 0.017105961916864126
0.4347826086956522 0.020696974917322374
0.46086956521739136 0.024163474688737942
0.4869565217391305 0.027405298031398417
0.5130434782608697 0.03032312929345151
0.5391304347826088 0.03283510181000397
0.5652173913043479 0.034875732354724166
0.5913043478260871 0.036380171874184526
0.6173913043478262 0.03728905706434605
0.6434782608695653 0.03760018884088485
0.6695652173913045 0.03734533533558363
0.6956521739130436 0.03655671322775399
0.7217391304347827 0.035264645620666855
0.7478260869565219 0.033488015669709804
0.7739130434782611 0.03124143202864
0.8 0.028539496094407223
0.8 0.028539496094407223
0.805625 0.027898751603925107
0.81125 0.027238270561405518
0.816875 0.02655874738127094
0.8225 0.025860876477943873
0.828125 0.02514535226584681
0.83375 0.02441286915940224
0.839375 0.023664121573032666
0.845 0.022899803921160568
0.8506250000000001 0.022120610618208435
0.8562500000000001 0.021327236078598794
0.8618750000000001 0.020520374716754115
0.8675 0.019700720947096895
0.873125 0.018868969184049626
0.87875 0.018025813842034808
0.884375 0.017171949335474928
0.89 0.016308070078792477
0.895625 0.015434870486409957
0.90125 0.01455303958964855
0.906875 0.013662769837443136
0.9125 0.01276336296175397
0.918125 0.011854027946195656
0.92375 0.010933973774382797
0.9293750000000001 0.010002409429929976
0.935 0.009058543896451835
0.940625 0.008101586157562958
0.94625 0.007130745196877945
0.951875 0.006145229998011405
0.9575 0.005144249544577933
0.963125 0.004127012820192138
0.96875 0.0030927288084686214
0.974375 0.0020406064930219843
0.98 0.0009698548574668315
0.98 0.0009698548574668315
0.985 1.7967284280382464e-06
0.99 -0.0009821614201029605
0.995 -0.0019825751442157716
1.0 -0.003
