1.0 0.003
0.995 0.004258223430318787
0.99 0.005495576303694797
0.985 0.006712699793121676
0.98 0.007910235071593063
0.98 0.007910235071593063
0.974375 0.009234846561980179
0.96875 0.010536391127588165
0.963125 0.01181578168855836
0.9575 0.013073931165032101
0.951875 0.01431175247715073
0.94625 0.015530158545055578
0.940625 0.016730062288887983
0.935 0.017912376628789285
0.9293750000000001 0.01907801448490082
0.92375 0.020227888777363947
0.918125 0.02136291242631996
0.9125 0.02248399835191022
0.906875 0.023592059474276065
0.90125 0.024688008713558834
0.895625 0.025772740174141242
0.89 0.026846998531465903
0.884375 0.027911457202461028
0.87875 0.028966789165203323
0.873125 0.030013667397769492
0.8675 0.031052764878236216
0.8618750000000001 0.032084754584680214
0.8562500000000001 0.033110309495178174
0.8506250000000001 0.034130102587806806
0.845 0.035144806840642834
0.839375 0.036155095231762885
0.83375 0.037161640739243704
0.828125 0.038165116341162014
0.8225 0.039166195015594464
0.816875 0.04016554974061779
0.81125 0.0411638534943087
0.805625 0.042161779254743875
0.8 0.04315999999999999
0.8 0.04315999999999999
0.7739130434782611 0.04778779214679382
0.7478260869565219 0.05235377560338188
0.7217391304347827 0.05677532264979126
0.6956521739130436 0.0609699163894467
0.6695652173913045 0.06489260905759198
0.6434782608695653 0.06859054713295608
0.6173913043478262 0.07212473001897997
0.5913043478260871 0.0755551789788612
0.5652173913043479 0.07888322686119004
0.5391304347826088 0.08201923947191544
0.5130434782608697 0.0848657574950387
0.4869565217391305 0.0873288769242567
0.46086956521739136 0.08939646587626213
0.4347826086956522 0.09113816459074364
0.4086956521739131 0.09262716861708532
0.3826086956521739 0.09392656941315874
0.35652173913043483 0.09498199837300186
0.3304347826086957 0.09566330620430832
0.30434782608695654 0.09583908060333267
0.27826086956521745 0.09539540602225277
0.2521739130434783 0.09433468534662456
0.22608695652173916 0.09270440296157353
0.2 0.09054
0.2 0.09054
0.19437500000000002 0.09000442415304391
0.18875 0.08943423261212795
0.183125 0.08881817688723431
0.17750000000000002 0.08814500848834526
0.171875 0.087403478925443
0.16625 0.08658233970850977
0.16062500000000002 0.08567034234752774
0.155 0.08465623835247917
0.149375 0.08352878418739251
0.14375000000000002 0.08228167054631164
0.138125 0.08092278146564427
0.1325 0.07946253745345278
0.12687500000000002 0.07791135901779947
0.12125000000000001 0.07627966666674661
0.11562500000000002 0.07457788090835653
0.11000000000000001 0.07281642225069151
0.10437500000000001 0.07100571120181393
0.09875000000000002 0.06915611487564997
0.09312500000000001 0.06726933051328586
0.08750000000000001 0.06532887465248488
0.081875 0.06331597455742756
0.07625000000000001 0.0612118574922943
0.07062500000000001 0.05899745617265859
0.065 0.056651364100084346
0.05937500000000001 0.05415105926989509
0.053750000000000006 0.051474012807476044
0.048125 0.04859779830493399
0.0425 0.045506137357669584
0.036875000000000005 0.042192280966189016
0.03125 0.038650299864770976
0.025625000000000002 0.034874264787694155
0.02 0.03085824646923726
0.02 0.03085824646923726
0.015 0.027082191698295635
0.01 0.02310767137435031
0.005 0.018930521184576436
0.0 0.01454657681614917
0.0 0.0
0.005 -0.009040111089578253
0.01 -0.01483805554478913
0.015 -0.018221944455210876
0.02 -0.02001988891042175
0.02 -0.02001988891042175
0.025625000000000002 -0.021177684151972055
0.03125 -0.022267621443665047
0.036875000000000005 -0.02335502748535804
0.0425 -0.02435757343211921
0.048125 -0.025192930439016763
0.053750000000000006 -0.02578606245999259
0.05937500000000001 -0.026146712235895833
0.065 -0.026339318499128614
0.07062500000000001 -0.02642923158195227
0.07625000000000001 -0.026481657269867547
0.081875 -0.02653833056811771
0.08750000000000001 -0.026591768309951212
0.09312500000000001 -0.026628289886254486
0.09875000000000002 -0.02663421468791391
0.10437500000000001 -0.02659746659701886
0.11000000000000001 -0.02651871186894382
0.11562500000000002 -0.026404693243240032
0.12125000000000001 -0.02626219088199408
0.12687500000000002 -0.02609798494729252
0.1325 -0.025918855601221934
0.138125 -0.025731583005868915
0.14375000000000002 -0.025542947323320027
0.149375 -0.02535972871566185
0.155 -0.02518769408861985
0.16062500000000002 -0.025026940466133248
0.16625 -0.024875593771876283
0.171875 -0.02473177795050686
0.17750000000000002 -0.024593616946682904
0.183125 -0.024459234705062324
0.18875 -0.02432675517030304
0.19437500000000002 -0.024194302287062965
0.2 -0.024060000000000005
0.2 -0.024060000000000005
0.22608695652173916 -0.023399093141331366
0.2521739130434783 -0.02271323225585006
0.27826086956521745 -0.02204241938809581
0.30434782608695654 -0.02137933018037021
0.3304347826086957 -0.02071226655825921
0.35652173913043483 -0.02004138088654369
0.3826086956521739 -0.019368608087043514
0.4086956521739131 -0.01869587015653587
0.4347826086956522 -0.018024313589238478
0.46086956521739136 -0.017353882850401868
0.4869565217391305 -0.016684419004935332
0.5130434782608697 -0.016015739362615522
0.5391304347826088 -0.015347114865168592
0.5652173913043479 -0.014677270086270195
0.5913043478260871 -0.014004905844463372
0.6173913043478262 -0.013329051592482538
0.6434782608695653 -0.012652557155536972
0.6695652173913045 -0.01198073711527134
0.6956521739130436 -0.01131894713260423
0.7217391304347827 -0.01067008539129992
0.7478260869565219 -0.010020712767000754
0.7739130434782611 -0.009350725457306579
0.8 -0.00864
0.8 -0.00864
0.805625 -0.00847946188022915
0.81125 -0.008315886251033789
0.816875 -0.008149065311235498
0.8225 -0.007978791259655869
0.828125 -0.007804856295116471
0.83375 -0.007627052616438892
0.839375 -0.0074451724224447145
0.845 -0.007259007911955519
0.8506250000000001 -0.007068351283792881
0.8562500000000001 -0.006872994736778394
0.8618750000000001 -0.006672730469733634
0.8675 -0.006467350681480182
0.873125 -0.006256647570839623
0.87875 -0.006040413336633534
0.884375 -0.005818440177683502
0.89 -0.005590520292811105
0.895625 -0.0053564458808379265
0.90125 -0.005116009847403554
0.906875 -0.0048691198677211205
0.9125 -0.004615924288534438
0.918125 -0.0043566017614092775
0.92375 -0.004091330937911413
0.9293750000000001 -0.003820290469606609
0.935 -0.003543659008060647
0.940625 -0.0032616152048392947
0.94625 -0.0029743377115083224
0.951875 -0.0026820051796335033
0.9575 -0.0023847962607806074
0.963125 -0.0020828896065154074
0.96875 -0.0017764638684036748
0.974375 -0.0014656976980111807
0.98 -0.0011507697469036974
0.98 -0.0011507697469036974
0.985 -0.0008674843740745313
0.99 -0.000581177310177773
0.995 -0.00029197402791805276
1.0 0.0
