1.0 0.0016
0.995 0.0020894663158747694
0.99 0.002612765251971576
0.985 0.00316736229282995
0.98 0.003750722922989423
0.98 0.003750722922989423
0.974375 0.0044382293409934844
0.96875 0.00515532321618123
0.963125 0.005898395834156797
0.9575 0.006663838480524325
0.951875 0.007448042440887946
0.94625 0.0082473990008518
0.940625 0.009058299446020027
0.935 0.009877135061996759
0.9293750000000001 0.010700297134386139
0.92375 0.011524176948792313
0.918125 0.012345165790819387
0.9125 0.013159654946071521
0.906875 0.013964035700152845
0.90125 0.0147546993386675
0.895625 0.015528404677891914
0.89 0.01628525327636381
0.884375 0.01702713079597792
0.87875 0.017755939628982982
0.873125 0.018473582167627692
0.8675 0.019181960804160802
0.8618750000000001 0.01988297793083103
0.8562500000000001 0.020578535939887108
0.8506250000000001 0.02127053722357776
0.845 0.02196088417415172
0.839375 0.022651479183857702
0.83375 0.023344224644944435
0.828125 0.02404102294966065
0.8225 0.02474377649025507
0.816875 0.02545438765897644
0.81125 0.02617475884807346
0.805625 0.026906792449794874
0.8 0.027652390856389413
0.8 0.027652390856389413
0.7739130434782611 0.031279716327249636
0.7478260869565219 0.03503944358933323
0.7217391304347827 0.03872476852221408
0.6956521739130436 0.04212906256333196
0.6695652173913045 0.04513623987950313
0.6434782608695653 0.04786829503842751
0.6173913043478262 0.0504858880947628
0.5913043478260871 0.05314805363923431
0.5652173913043479 0.05589035570678779
0.5391304347826088 0.05854035201857469
0.5130434782608697 0.060905612172375174
0.4869565217391305 0.06279924368416924
0.46086956521739136 0.06418646951984033
0.4347826086956522 0.06519979383302602
0.4086956521739131 0.06598030043353886
0.3826086956521739 0.0666580649334933
0.35652173913043483 0.06721517285669068
0.3304347826086957 0.06752777719681369
0.30434782608695654 0.06746973012963688
0.27826086956521745 0.06693518814802694
0.2521739130434783 0.06597155776141435
0.22608695652173916 0.06469620037548716
0.2 0.0632268354699351
0.2 0.0632268354699351
0.19437500000000002 0.06289561009628608
0.18875 0.0625588480801694
0.183125 0.06221390641695077
0.17750000000000002 0.061858138831661295
0.171875 0.06148889904933211
0.16625 0.06110354079499431
0.16062500000000002 0.06069941779367903
0.155 0.06027388377041736
0.149375 0.05982429245024048
0.14375000000000002 0.059345934402434984
0.138125 0.058824439027067264
0.1325 0.05824261019045173
0.12687500000000002 0.05758325140910552
0.12125000000000001 0.05682916619954574
0.11562500000000002 0.05596315807828954
0.11000000000000001 0.05496803056185401
0.10437500000000001 0.053826587166756285
0.09875000000000002 0.05252163590273629
0.09312500000000001 0.051047734526991136
0.08750000000000001 0.049436661143548916
0.081875 0.04772754654558829
0.07625000000000001 0.045959521526287975
0.07062500000000001 0.04416857603246657
0.065 0.04235236272531581
0.05937500000000001 0.04048290546269624
0.053750000000000006 0.03853175888032782
0.048125 0.03647054492753176
0.0425 0.03428069654207039
0.036875000000000005 0.03196367022111731
0.03125 0.029523364331802644
0.025625000000000002 0.026963677241256524
0.02 0.024288507316609077
0.02 0.024288507316609077
0.015 0.021816781434652696
0.01 0.019259627995762453
0.005 0.01661978494777187
0.0 0.013899990238514418
0.0 0.0
0.005 -0.008858215866086918
0.01 -0.014071828620907606
0.015 -0.016520728417823673
0.02 -0.017084805410196743
0.02 -0.017084805410196743
0.025625000000000002 -0.0165619511888614
0.03125 -0.01577736209560033
0.036875000000000005 -0.014941917681759152
0.0425 -0.014102095866791575
0.048125 -0.013304374570151302
0.053750000000000006 -0.012592386082513
0.05937500000000001 -0.011972019209654258
0.065 -0.011422397889059337
0.07062500000000001 -0.010922077797687293
0.07625000000000001 -0.010449639819603607
0.081875 -0.009989457622599741
0.08750000000000001 -0.009539057059737564
0.09312500000000001 -0.009097779396804777
0.09875000000000002 -0.008664965899589074
0.10437500000000001 -0.008240017020735383
0.11000000000000001 -0.007822840415298892
0.11562500000000002 -0.007413601564788593
0.12125000000000001 -0.007012467984144558
0.12687500000000002 -0.0066196071883068515
0.1325 -0.006235186692215542
0.138125 -0.005859374010810695
0.14375000000000002 -0.005492336659032378
0.149375 -0.00513424215182066
0.155 -0.004785143283375489
0.16062500000000002 -0.004444422230470182
0.16625 -0.004111218200710632
0.171875 -0.0037846700641714828
0.17750000000000002 -0.003463916690927379
0.183125 -0.0031480969510529707
0.18875 -0.002836349714622901
0.19437500000000002 -0.0025278138517118125
0.2 -0.002221628232394356
0.2 -0.002221628232394356
0.22608695652173916 -0.000829686023615342
0.2521739130434783 0.0004824221532008454
0.27826086956521745 0.0016667363177846684
0.30434782608695654 0.0026753357861126637
0.3304347826086957 0.003473307816588935
0.35652173913043483 0.0040574876791719195
0.3826086956521739 0.004429463232326745
0.4086956521739131 0.004591144566624542
0.4347826086956522 0.004563407365345044
0.46086956521739136 0.004396314122215574
0.4869565217391305 0.004142413655905944
0.5130434782608697 0.0038531734552250565
0.5391304347826088 0.0035554569792481576
0.5652173913043479 0.003251670839731334
0.5913043478260871 0.0029431697553848695
0.6173913043478262 0.0026320638649013316
0.6434782608695653 0.002329196377267039
0.6695652173913045 0.0020510217077280325
0.6956521739130436 0.0018140867622587582
0.7217391304347827 0.0016309207864998708
0.7478260869565219 0.0014874400196876422
0.7739130434782611 0.0013587395932718517
0.8 0.0012198832881338516
0.8 0.0012198832881338516
0.805625 0.0011861825598608745
0.81125 0.0011505099326050497
0.816875 0.0011125254043471795
0.8225 0.0010718889730680669
0.828125 0.0010282606367485157
0.83375 0.0009813003933693287
0.839375 0.0009306682409113088
0.845 0.000876024177355259
0.8506250000000001 0.0008170282006819815
0.8562500000000001 0.0007533403088722818
0.8618750000000001 0.0006846204999069616
0.8675 0.000610528771766824
0.873125 0.0005307251224326722
0.87875 0.0004448695498853097
0.884375 0.00035262205210553893
0.89 0.0002536426270741632
0.895625 0.00014759127277198586
0.90125 3.413174889386613e-05
0.906875 -8.646137654543635e-05
0.9125 -0.00021263267189497394
0.918125 -0.0003426654220136328
0.92375 -0.0004748429117602995
0.9293750000000001 -0.0006074484259938629
0.935 -0.0007387652495732043
0.940625 -0.0008670766673572119
0.94625 -0.0009906659642047726
0.951875 -0.0011078164249747728
0.9575 -0.0012168113345260984
0.963125 -0.0013159339777176358
0.96875 -0.0014034676394082718
0.974375 -0.0014776956044568923
0.98 -0.0015369011577223834
0.98 -0.0015369011577223834
0.985 -0.001575529093316714
0.99 -0.0015997253481694618
0.995 -0.0016082842183680745
1.0 -0.0016
