1.0 0.0
0.995 0.001032684142745047
0.99 0.0020332584332712384
0.985 0.0030035204066584885
0.98 0.003945267597986708
0.98 0.003945267597986708
0.974375 0.004972887254624152
0.96875 0.005969252276556106
0.963125 0.006936922044785019
0.9575 0.007878455940313351
0.951875 0.008796413344143553
0.94625 0.00969335363727808
0.940625 0.010571836200719383
0.935 0.01143442041546992
0.9293750000000001 0.01228366566253214
0.92375 0.013122131322908516
0.918125 0.013952376777601468
0.9125 0.014776961407613467
0.906875 0.015598444593946968
0.90125 0.01641938571760442
0.895625 0.017242215163117424
0.89 0.018068168713847248
0.884375 0.018897835213502235
0.87875 0.019731797131980165
0.873125 0.02057063693917879
0.8675 0.0214149371049959
0.8618750000000001 0.022265280099329248
0.8562500000000001 0.023122248392076623
0.8506250000000001 0.023986424453135778
0.845 0.024858390752404525
0.839375 0.02573872975978058
0.83375 0.02662802394516174
0.828125 0.027526855778445766
0.8225 0.028435807729530454
0.816875 0.029355462268313558
0.81125 0.030286401864692836
0.805625 0.031229208988566085
0.8 0.03218446610983107
0.8 0.03218446610983107
0.7739130434782611 0.03677666979624306
0.7478260869565219 0.04159763837604748
0.7217391304347827 0.0465936911039023
0.6956521739130436 0.05171114617511577
0.6695652173913045 0.05689578455991449
0.6434782608695653 0.06209194944057477
0.6173913043478262 0.06724374601220365
0.5913043478260871 0.07229527290380097
0.5652173913043479 0.07719008068146845
0.5391304347826088 0.08187076748066377
0.5130434782608697 0.08627983617121725
0.4869565217391305 0.09035984959401448
0.46086956521739136 0.09405516410802614
0.4347826086956522 0.09731219521672221
0.4086956521739131 0.10007747183777725
0.3826086956521739 0.10229374405125963
0.35652173913043483 0.10384856307421919
0.3304347826086957 0.10458766486692576
0.30434782608695654 0.10435574813994627
0.27826086956521745 0.10302578886123705
0.2521739130434783 0.10070019077182085
0.22608695652173916 0.09759276929439777
0.2 0.09391807785469276
0.2 0.09391807785469276
0.19437500000000002 0.09307147829532965
0.18875 0.0922033206909855
0.183125 0.09130595124733981
0.17750000000000002 0.09037168751219075
0.171875 0.08939284703333648
0.16625 0.08836174735857512
0.16062500000000002 0.08727070603570485
0.155 0.08611204061252374
0.149375 0.08487806863683006
0.14375000000000002 0.08356174699738358
0.138125 0.08215974953650336
0.1325 0.08067008985541194
0.12687500000000002 0.07909078334654049
0.12125000000000001 0.07741984540232019
0.11562500000000002 0.07565529141518228
0.11000000000000001 0.07379513677755786
0.10437500000000001 0.07183739688187817
0.09875000000000002 0.06978008712945825
0.09312500000000001 0.06762164279122666
0.08750000000000001 0.0653620413668599
0.081875 0.06300161436283827
0.07625000000000001 0.06054069328564212
0.07062500000000001 0.0579804792999913
0.065 0.05533456588308052
0.05937500000000001 0.05262577849390595
0.053750000000000006 0.049877162960421655
0.048125 0.047111569282978896
0.0425 0.04431125687704713
0.036875000000000005 0.041368372236261663
0.03125 0.03816293842880802
0.025625000000000002 0.03457497852287172
0.02 0.03048451558663827
0.02 0.03048451558663827
0.015 0.02632970318283792
0.01 0.021598791125724374
0.005 0.01620751578143071
0.0 0.01007161351608993
0.0 0.0
0.005 -0.007819513969377962
0.01 -0.012502602707902233
0.015 -0.014798973071303281
0.02 -0.015458331915311575
0.02 -0.015458331915311575
0.025625000000000002 -0.01517678762942157
0.03125 -0.014628518574096121
0.036875000000000005 -0.013981617988923603
0.0425 -0.013264136938689698
0.048125 -0.01250412648818009
0.053750000000000006 -0.011729876626482102
0.05937500000000001 -0.010972825082884432
0.065 -0.010266631246740878
0.07062500000000001 -0.00964500113795108
0.07625000000000001 -0.009141530060586118
0.081875 -0.008765524504320244
0.08750000000000001 -0.008471692552762916
0.09312500000000001 -0.008207291298466219
0.09875000000000002 -0.007919577833982228
0.10437500000000001 -0.007560550489827246
0.11000000000000001 -0.007122598544560027
0.11562500000000002 -0.006618543006145245
0.12125000000000001 -0.0060613631365714436
0.12687500000000002 -0.0054640381978271505
0.1325 -0.0048395474519009034
0.138125 -0.004200870160781237
0.14375000000000002 -0.0035609855864566797
0.149375 -0.0029328729909157756
0.155 -0.0023279720871433062
0.16062500000000002 -0.0017489177014955485
0.16625 -0.001195219712966209
0.171875 -0.000666384290211419
0.17750000000000002 -0.0001619176018873102
0.183125 0.00031867418334997866
0.18875 0.0007758848968443163
0.19437500000000002 0.00121020836993957
0.2 0.0016221384339885397
0.2 0.0016221384339885397
0.22608695652173916 0.0032599734948953294
0.2521739130434783 0.0045113519302468355
0.27826086956521745 0.005460794575346664
0.30434782608695654 0.006192731347433118
0.3304347826086957 0.0067623690978459725
0.35652173913043483 0.0071539783434355474
0.3826086956521739 0.007341274540712104
0.4086956521739131 0.007298481372159299
0.4347826086956522 0.0070294103976665905
0.46086956521739136 0.006583221065016822
0.4869565217391305 0.006012914330795159
0.5130434782608697 0.005370945588088895
0.5391304347826088 0.004697423232596624
0.5652173913043479 0.004020219287426731
0.5913043478260871 0.003366682337711241
0.6173913043478262 0.0027615974252896093
0.6434782608695653 0.0022001547381749714
0.6695652173913045 0.0016585485325889065
0.6956521739130436 0.0011126608186315832
0.7217391304347827 0.0005494527377760082
0.7478260869565219 2.9362149684806797e-05
0.7739130434782611 -0.0003572641306006926
0.8 -0.000519992113330105
0.8 -0.000519992113330105
0.805625 -0.0005174290898805968
0.81125 -0.0005020312296861125
0.816875 -0.0004755830898944297
0.8225 -0.00043986922765584655
0.828125 -0.00039667420012066057
0.83375 -0.00034778256443916965
0.839375 -0.00029497887776167166
0.845 -0.00024004769723846416
0.8506250000000001 -0.000184773580019844
0.8562500000000001 -0.00013094108325611086
0.8618750000000001 -8.033476409756188e-05
0.8675 -3.473917969449464e-05
0.873125 4.061112802793108e-06
0.87875 3.428155624400354e-05
0.884375 5.413759347883902e-05
0.89 6.184466735700147e-05
0.895625 5.561822072819349e-05
0.90125 3.368308388286144e-05
0.906875 -4.211627197682087e-06
0.9125 -5.512037295866864e-05
0.918125 -0.00011569512732341534
0.92375 -0.00018258786421523925
0.9293750000000001 -0.0002524505575574586
0.935 -0.00032193518127338777
0.940625 -0.00038769370928634514
0.94625 -0.00044637811551964755
0.951875 -0.0004946403738966122
0.9575 -0.0005291324583405561
0.963125 -0.0005465063427747964
0.96875 -0.0005434140011226498
0.974375 -0.0005165074073074339
0.98 -0.000462438535252465
0.98 -0.000462438535252465
0.985 -0.00038886782641541835
0.99 -0.00028883878474225547
0.995 -0.00015999998451108114
1.0 0.0
