1.0 0.0
0.995 0.0010430148796430365
0.99 0.002067182955188272
0.985 0.0030734872048687953
0.98 0.004062910606917696
0.98 0.004062910606917696
0.974375 0.005157057969130989
0.96875 0.006232484182441298
0.963125 0.007290588838903156
0.9575 0.008332771530571102
0.951875 0.009360431849499667
0.94625 0.010374969387743387
0.940625 0.011377783737356796
0.935 0.012370274490394434
0.9293750000000001 0.013353841238910829
0.92375 0.01432988357496054
0.918125 0.015299801090598059
0.9125 0.016264993377877946
0.906875 0.01722686002885473
0.90125 0.018186800635582957
0.895625 0.019146053011275393
0.89 0.02010457017157948
0.884375 0.021061692447841087
0.87875 0.022016756398138645
0.873125 0.022969098580550587
0.8675 0.023918055553155324
0.8618750000000001 0.024862963874031318
0.8562500000000001 0.02580316010125697
0.8506250000000001 0.026737980792910725
0.845 0.027666762507071035
0.839375 0.02858884180181628
0.83375 0.02950355523522491
0.828125 0.03041023936537537
0.8225 0.03130823075034607
0.816875 0.03219686594821545
0.81125 0.03307548151706196
0.805625 0.033943414014964
0.8 0.0348
0.8 0.0348
0.7739130434782611 0.03861917798552138
0.7478260869565219 0.04219862826359415
0.7217391304347827 0.0455569342736401
0.6956521739130436 0.0487126588220362
0.6695652173913045 0.05167737011297689
0.6434782608695653 0.05444549029043889
0.6173913043478262 0.05700886236780056
0.5913043478260871 0.05935946640469766
0.5652173913043479 0.06149750523620523
0.5391304347826088 0.06343592699932929
0.5130434782608697 0.06518877620113435
0.4869565217391305 0.06676880431642047
0.46086956521739136 0.06815902307790153
0.4347826086956522 0.06931270447620545
0.4086956521739131 0.07018182746969547
0.3826086956521739 0.07072164431335898
0.35652173913043483 0.07092545933543855
0.3304347826086957 0.0708111265888575
0.30434782608695654 0.07039690928861718
0.27826086956521745 0.06969175797145918
0.2521739130434783 0.06864271248905436
0.22608695652173916 0.06717155670963317
0.2 0.0652
0.2 0.0652
0.19437500000000002 0.06470124323522668
0.18875 0.06417191859605309
0.183125 0.06360836397500651
0.17750000000000002 0.06300691726461427
0.171875 0.062363916357403626
0.16625 0.0616756991459019
0.16062500000000002 0.06093860352263638
0.155 0.06014896738013435
0.149375 0.05930312997401471
0.14375000000000002 0.058398788199096656
0.138125 0.057437544207537675
0.1325 0.05642169805437742
0.12687500000000002 0.055353549794655524
0.12125000000000001 0.0542353994834116
0.11562500000000002 0.05306954717568528
0.11000000000000001 0.05185829292651618
0.10437500000000001 0.05060393679094396
0.09875000000000002 0.04930871718655863
0.09312500000000001 0.04796486415007486
0.08750000000000001 0.046543620166625506
0.081875 0.04501358501569285
0.07625000000000001 0.04334335847675906
0.07062500000000001 0.041507046001778
0.065 0.03952247739201185
0.05937500000000001 0.03742833337741274
0.053750000000000006 0.03526342310011876
0.048125 0.03306576265526076
0.0425 0.030825785317535256
0.036875000000000005 0.02846017098996567
0.03125 0.025879255199517445
0.025625000000000002 0.022993373473156088
0.02 0.019712861337847064
0.02 0.019712861337847064
0.015 0.016393069929436604
0.01 0.012627651549537237
0.005 0.008353631972917589
0.0 0.0035080369743462777
0.0 0.0
0.005 -0.003541277798091404
0.01 -0.005732438899045704
0.015 -0.0068879611009542985
0.02 -0.0073223222019085975
0.02 -0.0073223222019085975
0.025625000000000002 -0.007340430478763812
0.03125 -0.007194991398794546
0.036875000000000005 -0.006959946068825283
0.0425 -0.006659676696634796
0.048125 -0.006318565490001861
0.053750000000000006 -0.005959862638309966
0.05937500000000001 -0.005593658617097437
0.065 -0.0052215537639379705
0.07062500000000001 -0.004845006914105849
0.07625000000000001 -0.004465481467101878
0.081875 -0.0040851819387080456
0.08750000000000001 -0.0037078669638363885
0.09312500000000001 -0.0033374908686109963
0.09875000000000002 -0.0029780079791559486
0.10437500000000001 -0.0026328506965997904
0.11000000000000001 -0.0023013064550510684
0.11562500000000002 -0.0019806860688830305
0.12125000000000001 -0.00166828817929118
0.12687500000000002 -0.0013614114274710242
0.1325 -0.001057354454618069
0.138125 -0.0007534159019278213
0.14375000000000002 -0.0004468944105957848
0.149375 -0.00013508862181746872
0.155 0.00018404814214661075
0.16062500000000002 0.000508899158154574
0.16625 0.0008365741438052574
0.171875 0.0011641815380235457
0.17750000000000002 0.0014888297797343243
0.183125 0.0018076273078624745
0.18875 0.0021176825613328813
0.19437500000000002 0.002416103979070429
0.2 0.0027
0.2 0.0027
0.22608695652173916 0.0038080566383410005
0.2521739130434783 0.004642861370400564
0.27826086956521745 0.005305767727248365
0.30434782608695654 0.0058979891483757685
0.3304347826086957 0.006473248028229647
0.35652173913043483 0.006968850659687583
0.3826086956521739 0.007304591888339366
0.4086956521739131 0.007401130114074175
0.4347826086956522 0.007230936994744298
0.46086956521739136 0.006846794738044841
0.4869565217391305 0.006308393986066
0.5130434782608697 0.0056753167809660355
0.5391304347826088 0.005004647366468746
0.5652173913043479 0.004350972187863464
0.5913043478260871 0.003768769090507594
0.6173913043478262 0.003306637173606974
0.6434782608695653 0.0029448351123554655
0.6695652173913045 0.0026195309858101697
0.6956521739130436 0.0022661580297592466
0.7217391304347827 0.0018306220428015061
0.7478260869565219 0.0013284504211009641
0.7739130434782611 0.0008035721511641305
0.8 0.0002999999999999999
0.8 0.0002999999999999999
0.805625 0.00019838791246236278
0.81125 9.976297799177762e-05
0.816875 4.07540419429429e-06
0.8225 -8.872460132403723e-05
0.828125 -0.0001786868309571672
0.83375 -0.00026586107709904584
0.839375 -0.0003502971321436233
0.845 -0.0004320447884848497
0.8506250000000001 -0.0005111538385166768
0.8562500000000001 -0.0005876740746330514
0.8618750000000001 -0.0006616552892279257
0.8675 -0.0007331472746952494
0.873125 -0.000802199823428973
0.87875 -0.0008688627278230465
0.884375 -0.00093318578027142
0.89 -0.000995218773168044
0.895625 -0.0010550114989068685
0.90125 -0.0011126101953084463
0.906875 -0.0011674839263379393
0.9125 -0.0012178914237187205
0.918125 -0.001261939016839752
0.92375 -0.001297733035089997
0.9293750000000001 -0.0013233798078584177
0.935 -0.0013369856645339755
0.940625 -0.0013366569345056336
0.94625 -0.0013204999471623543
0.951875 -0.0012866210318931003
0.9575 -0.0012331265180868336
0.963125 -0.001158122735132517
0.96875 -0.0010597160124191129
0.974375 -0.0009360126793355834
0.98 -0.0007851190652708913
0.98 -0.0007851190652708913
0.985 -0.0006266341309940317
0.99 -0.00044383929895316844
0.995 -0.00023540458375344373
1.0 0.0
