1.0 0.0018
0.995 0.002972947690638277
0.99 0.004149557275024513
0.985 0.00532951760085618
0.98 0.006512517515830758
0.98 0.006512517515830758
0.974375 0.007846638257994736
0.96875 0.009183769150635332
0.963125 0.01052346716635306
0.9575 0.01186528927774842
0.951875 0.013208792457421927
0.94625 0.014553533677974084
0.940625 0.015899069912005397
0.935 0.017244958132116378
0.9293750000000001 0.018590755310907533
0.92375 0.0199360184209794
0.918125 0.021280304434932423
0.9125 0.022623170325367155
0.906875 0.023964173064884083
0.90125 0.02530286962608373
0.895625 0.02663881698156659
0.89 0.02797157210393318
0.884375 0.02930069196578401
0.87875 0.03062573353971958
0.873125 0.0319462537983404
0.8675 0.033261809714246984
0.8618750000000001 0.03457195826003983
0.8562500000000001 0.03587625640831946
0.8506250000000001 0.03717426113168636
0.845 0.03846552940274109
0.839375 0.03974961819408407
0.83375 0.04102608447831587
0.828125 0.042294485228036985
0.8225 0.04355437741584792
0.816875 0.04480531801434918
0.81125 0.046046863996141274
0.805625 0.04727857233382472
0.8 0.0485
0.8 0.0485
0.7739130434782611 0.05402606474900229
0.7478260869565219 0.05932940269944199
0.7217391304347827 0.06441793329685273
0.6956521739130436 0.06929956309339419
0.6695652173913045 0.07397782778745926
0.6434782608695653 0.07844554868369381
0.6173913043478262 0.08269393541500066
0.5913043478260871 0.08671422278157327
0.5652173913043479 0.09049915562103299
0.5391304347826088 0.09404381932901462
0.5130434782608697 0.0973435006394767
0.4869565217391305 0.100391497443497
0.46086956521739136 0.10313536424589381
0.4347826086956522 0.1054769121652261
0.4086956521739131 0.1073159634771719
0.3826086956521739 0.10856100204929693
0.35652173913043483 0.10922120275486012
0.3304347826086957 0.10937070240627715
0.30434782608695654 0.1090847205149498
0.27826086956521745 0.10840159026296453
0.2521739130434783 0.10711442451511988
0.22608695652173916 0.10491630041111136
0.2 0.1015
0.2 0.1015
0.19437500000000002 0.10057549919574812
0.18875 0.09958617155314392
0.183125 0.09853811212897695
0.17750000000000002 0.09743741598003687
0.171875 0.09629017816311324
0.16625 0.09510249373499573
0.16062500000000002 0.09388045775247388
0.155 0.09263016527233739
0.149375 0.09135770788057912
0.14375000000000002 0.0900657202497071
0.138125 0.08874689321976495
0.1325 0.08739214058290043
0.12687500000000002 0.08599237613126134
0.12125000000000001 0.08453851365699543
0.11562500000000002 0.0830214669522505
0.11000000000000001 0.08143214980917432
0.10437500000000001 0.0797614760199146
0.09875000000000002 0.07800034382171744
0.09312500000000001 0.0761371257246582
0.08750000000000001 0.07415489779476833
0.081875 0.07203606918166733
0.07625000000000001 0.06976304903497438
0.07062500000000001 0.06731824650430883
0.065 0.06468407073928997
0.05937500000000001 0.061842930889537115
0.053750000000000006 0.05877723610466957
0.048125 0.05546939553430665
0.0425 0.05190181832806765
0.036875000000000005 0.04805691363557189
0.03125 0.04391709060643868
0.025625000000000002 0.03946475839028731
0.02 0.034682326136737114
0.02 0.034682326136737114
0.015 0.030139933547327434
0.01 0.025310467615317057
0.005 0.020181573724252003
0.0 0.014740897257678364
0.0 0.0
0.005 -0.0033203140347510584
0.01 -0.0058804187130014115
0.015 -0.007755366373876234
0.02 -0.009020209356500707
0.02 -0.009020209356500707
0.025625000000000002 -0.009807340921138948
0.03125 -0.010024158500365352
0.036875000000000005 -0.00977752372547338
0.0425 -0.009174298227756502
0.048125 -0.008321343638508177
0.053750000000000006 -0.007321080861237656
0.05937500000000001 -0.006224307338962658
0.065 -0.005048515056319292
0.07062500000000001 -0.003810640906970621
0.07625000000000001 -0.0025276217845797196
0.081875 -0.0012163945828096657
0.08750000000000001 0.00010610380467647755
0.09312500000000001 0.0014229364842156351
0.09875000000000002 0.002717166562144733
0.10437500000000001 0.003973144393863387
0.11000000000000001 0.0051854432690183454
0.11562500000000002 0.006353511510878608
0.12125000000000001 0.007476827466014919
0.12687500000000002 0.008554869480998036
0.1325 0.00958711590239871
0.138125 0.010573045076787694
0.14375000000000002 0.01151213535073574
0.149375 0.012403865070813596
0.155 0.013248100448780487
0.16062500000000002 0.014046878074842836
0.16625 0.014802989058206513
0.171875 0.015519225265626574
0.17750000000000002 0.01619837856385809
0.183125 0.01684324081965613
0.18875 0.01745660389977575
0.19437500000000002 0.018041259670972018
0.2 0.018600000000000002
0.2 0.018600000000000002
0.22608695652173916 0.02088742662344656
0.2521739130434783 0.022681210825910007
0.27826086956521745 0.02398505404742676
0.30434782608695654 0.024802723454540716
0.3304347826086957 0.025160267499829813
0.35652173913043483 0.025138353363583697
0.3826086956521739 0.024825864039526385
0.4086956521739131 0.024311217677524692
0.4347826086956522 0.023654941796013008
0.46086956521739136 0.02287433343470538
0.4869565217391305 0.021982970882458246
0.5130434782608697 0.020994716881658017
0.5391304347826088 0.019929976605881257
0.5652173913043479 0.01881569765989462
0.5913043478260871 0.017679112101994795
0.6173913043478262 0.016545843635529307
0.6434782608695653 0.015422818837561726
0.6695652173913045 0.014304901623036933
0.6956521739130436 0.013186754862531175
0.7217391304347827 0.012062988724925297
0.7478260869565219 0.010927863018229123
0.7739130434782611 0.009775494623454572
0.8 0.008599999999999998
0.8 0.008599999999999998
0.805625 0.008342973846365363
0.81125 0.008084781564664068
0.816875 0.007825605811121948
0.8225 0.0075656292419648274
0.828125 0.007305034513418535
0.83375 0.007044004281708895
0.839375 0.006782721203061736
0.845 0.006521367933702886
0.8506250000000001 0.006260127129858165
0.8562500000000001 0.0059991814477534135
0.8618750000000001 0.00573871354361445
0.8675 0.005478906073667103
0.873125 0.005219941694137199
0.87875 0.004962003061250568
0.884375 0.004705272831233032
0.89 0.004449933660310422
0.895625 0.0041961682047085645
0.90125 0.003944159120653284
0.906875 0.0036940890643704107
0.9125 0.003446140692085771
0.918125 0.0032004966600251905
0.92375 0.0029573396244144973
0.9293750000000001 0.002716852241479515
0.935 0.0024792171674460775
0.940625 0.0022446170585400087
0.94625 0.002013234570987136
0.951875 0.0017852523610132852
0.9575 0.0015608530848442849
0.963125 0.0013402193987059607
0.96875 0.0011235339588241404
0.974375 0.0009109794214246515
0.98 0.0007027384427333203
0.98 0.0007027384427333203
0.985 0.0005214042714573677
0.99 0.00034375095037290893
0.995 0.00016990676478532561
1.0 0.0
