1.0 0.0016
0.995 0.003048230593292049
0.99 0.004507429790610815
0.985 0.005976630459410633
0.98 0.007454865467145848
0.98 0.007454865467145848
0.974375 0.00912747451575147
0.96875 0.01080891659192498
0.963125 0.012497814665147251
0.9575 0.014192791704899175
0.951875 0.01589247068066163
0.94625 0.017595474561915497
0.940625 0.01930042631814166
0.935 0.02100594891882101
0.9293750000000001 0.022710665333434417
0.92375 0.0244131985314628
0.918125 0.026112171482386974
0.9125 0.027806207155687872
0.906875 0.029493928520846348
0.90125 0.031173958547343308
0.895625 0.03284497708065209
0.89 0.03450641581292712
0.884375 0.036158238336713514
0.87875 0.037800419473042544
0.873125 0.03943293404294546
0.8675 0.041055756867453545
0.8618750000000001 0.04266886276759807
0.8562500000000001 0.04427222656441029
0.8506250000000001 0.045865823078921494
0.845 0.04744962713216297
0.839375 0.049023613545165934
0.83375 0.050587757138961686
0.828125 0.05214203273458148
0.8225 0.05368641515305661
0.816875 0.055220879215418336
0.81125 0.05674539974269792
0.805625 0.05825995155592664
0.8 0.05976450947613577
0.8 0.05976450947613577
0.7739130434782611 0.0666098777184787
0.7478260869565219 0.07323103671662792
0.7217391304347827 0.0796188740156671
0.6956521739130436 0.0857642708328671
0.6695652173913045 0.09164411194570155
0.6434782608695653 0.09719142952316608
0.6173913043478262 0.10233069027736107
0.5913043478260871 0.10698660321538235
0.5652173913043479 0.11112064279164217
0.5391304347826088 0.1147700917171951
0.5130434782608697 0.11798159046972125
0.4869565217391305 0.12080077814009389
0.46086956521739136 0.12322965677368873
0.4347826086956522 0.12521065745603746
0.4086956521739131 0.12668192600239034
0.3826086956521739 0.12758288633647802
0.35652173913043483 0.12787743603281948
0.3304347826086957 0.12755148855057405
0.30434782608695654 0.1265917421775884
0.27826086956521745 0.12496772485700464
0.2521739130434783 0.12247656612481725
0.22608695652173916 0.11881585967569487
0.2 0.11368199435472931
0.2 0.11368199435472931
0.19437500000000002 0.11235276820201784
0.18875 0.11094399184868926
0.183125 0.10946447674875712
0.17750000000000002 0.10792332034360912
0.171875 0.1063296200746331
0.16625 0.1046924733832168
0.16062500000000002 0.10302097771074802
0.155 0.10132423049861446
0.149375 0.09961132918820396
0.14375000000000002 0.09788996115957799
0.138125 0.09615077067313015
0.1325 0.09437308912212497
0.12687500000000002 0.09253604456966302
0.12125000000000001 0.09061876507884478
0.11562500000000002 0.08860037871277084
0.11000000000000001 0.08646001353454166
0.10437500000000001 0.08417679760725783
0.09875000000000002 0.08172985899401987
0.09312500000000001 0.07910632878508354
0.08750000000000001 0.07634429426717768
0.081875 0.07350182868906749
0.07625000000000001 0.07063705234965924
0.07062500000000001 0.06780590248468932
0.065 0.06500311043391699
0.05937500000000001 0.062155387616676445
0.053750000000000006 0.05918589482235806
0.048125 0.05601779462650626
0.0425 0.05257974908401498
0.036875000000000005 0.04881807142315062
0.03125 0.044682609044934554
0.025625000000000002 0.04012320935038819
0.02 0.035089719740532856
0.02 0.035089719740532856
0.015 0.030176961312979048
0.01 0.024814762804620426
0.005 0.018967900442237465
0.0 0.012601150452610588
0.0 0.0
0.005 -0.010793554909635074
0.01 -0.018188111349674962
0.015 -0.022956789599313604
0.02 -0.02587270993774493
0.02 -0.02587270993774493
0.025625000000000002 -0.027901120975369342
0.03125 -0.029494719676393763
0.036875000000000005 -0.030873186742894434
0.0425 -0.03206897519051561
0.048125 -0.03311453717715153
0.053750000000000006 -0.03404148858246842
0.05937500000000001 -0.03486325284992755
0.065 -0.03557562169043507
0.07062500000000001 -0.036173662711852836
0.07625000000000001 -0.03665244414573249
0.081875 -0.03701183646928254
0.08750000000000001 -0.037268086811115014
0.09312500000000001 -0.03744093019724366
0.09875000000000002 -0.0375501016536822
0.10437500000000001 -0.03761480643506561
0.11000000000000001 -0.03764648789304592
0.11562500000000002 -0.03765069755449496
0.12125000000000001 -0.037632840122617604
0.12687500000000002 -0.03759832030061878
0.1325 -0.03755254279170343
0.138125 -0.037500912299076476
0.14375000000000002 -0.03744883352594282
0.149375 -0.037401711175507404
0.155 -0.0373645050183803
0.16062500000000002 -0.03733783618299308
0.16625 -0.037319877603807984
0.171875 -0.037308774631039356
0.17750000000000002 -0.037302672614901576
0.183125 -0.03729971690560901
0.18875 -0.03729805285337602
0.19437500000000002 -0.03729582580841697
0.2 -0.03729118112094626
0.2 -0.03729118112094626
0.22608695652173916 -0.03721466842822808
0.2521739130434783 -0.03705724468548983
0.27826086956521745 -0.03683745253254215
0.30434782608695654 -0.03657382050982468
0.3304347826086957 -0.036274588205595
0.35652173913043483 -0.03591999782243649
0.3826086956521739 -0.03548557421737357
0.4086956521739131 -0.03494716490401072
0.4347826086956522 -0.03430589737619781
0.46086956521739136 -0.03360593006409159
0.4869565217391305 -0.03289561224347575
0.5130434782608697 -0.03222159059897061
0.5391304347826088 -0.031584728885792834
0.5652173913043479 -0.030936094769772087
0.5913043478260871 -0.03022424891674226
0.6173913043478262 -0.02940167977782925
0.6434782608695653 -0.02847187099986004
0.6695652173913045 -0.02747393048765797
0.6956521739130436 -0.026447695207043424
0.7217391304347827 -0.02541825727322667
0.7478260869565219 -0.024304242295189845
0.7739130434782611 -0.022977520979588148
0.8 -0.02130976337353592
0.8 -0.02130976337353592
0.805625 -0.020893323715438675
0.81125 -0.020455898528769542
0.816875 -0.019998554457237208
0.8225 -0.019522358511235984
0.828125 -0.019028377701160195
0.83375 -0.01851767903740414
0.839375 -0.017991329530362137
0.845 -0.017450396190428503
0.8506250000000001 -0.016895946027997526
0.8562500000000001 -0.016329046053463556
0.8618750000000001 -0.01575076327722089
0.8675 -0.015162164709663837
0.873125 -0.014564317361186713
0.87875 -0.01395828824218383
0.884375 -0.0133451443630495
0.89 -0.012725952734178037
0.895625 -0.012101780365963752
0.90125 -0.011473694837457079
0.906875 -0.010842949976878284
0.9125 -0.010211253294946161
0.918125 -0.009580380070235529
0.92375 -0.008952105581321219
0.9293750000000001 -0.008328205106778033
0.935 -0.007710453925180826
0.940625 -0.007100627315104406
0.94625 -0.006500500555123601
0.951875 -0.00591184892381323
0.9575 -0.005336447699748116
0.963125 -0.004776072161503087
0.96875 -0.0042324975876529645
0.974375 -0.003707499256772572
0.98 -0.003202852447436734
0.98 -0.003202852447436734
0.985 -0.002772797892670943
0.99 -0.002361473076587006
0.995 -0.0019701248340687496
1.0 -0.0016
