1.0 0.00105
0.995 0.0021865486570494344
0.99 0.00330096367535783
0.985 0.004395148895740801
0.98 0.005471008159013966
0.98 0.005471008159013966
0.974375 0.006661815089510237
0.96875 0.007834548521170461
0.963125 0.008991919196093434
0.9575 0.010136637856377952
0.951875 0.011271415244122803
0.94625 0.01239896210142679
0.940625 0.013521989170388708
0.935 0.01464320719310734
0.9293750000000001 0.015765326911681483
0.92375 0.016891059068209972
0.918125 0.018023114404791537
0.9125 0.019164203663525
0.906875 0.020317037586509157
0.90125 0.021484326915842802
0.895625 0.022668490788938997
0.89 0.023869327742322203
0.884375 0.025085251167526808
0.87875 0.026314661895554824
0.873125 0.02755596075740826
0.8675 0.028807548584089113
0.8618750000000001 0.030067826206599386
0.8562500000000001 0.03133519445594107
0.8506250000000001 0.032608054163116185
0.845 0.03388480615912674
0.839375 0.03516385127497472
0.83375 0.03644359034166211
0.828125 0.03772242419019094
0.8225 0.0389987536515632
0.816875 0.0402709795567809
0.81125 0.04153750273684603
0.805625 0.042796724022760614
0.8 0.04404704424552664
0.8 0.04404704424552664
0.7739130434782611 0.04970425324052745
0.7478260869565219 0.055107755500836006
0.7217391304347827 0.06023183819710538
0.6956521739130436 0.06505084210006147
0.6695652173913045 0.06956607428510948
0.6434782608695653 0.0738495144415818
0.6173913043478262 0.07798457879742134
0.5913043478260871 0.08205374910091096
0.5652173913043479 0.08606938921089965
0.5391304347826088 0.08992622512383809
0.5130434782608697 0.09350773922197546
0.4869565217391305 0.09669970039019304
0.46086956521739136 0.09945019802135234
0.4347826086956522 0.10177558141198063
0.4086956521739131 0.10369567732704238
0.3826086956521739 0.10522712863385965
0.35652173913043483 0.10634389988761161
0.3304347826086957 0.10698946805353722
0.30434782608695654 0.1071066511511641
0.27826086956521745 0.10662722081037757
0.2521739130434783 0.10539978016096999
0.22608695652173916 0.1032350492311114
0.2 0.09994355596059155
0.2 0.09994355596059155
0.19437500000000002 0.09906777250964949
0.18875 0.09812852139142762
0.183125 0.09712345753132799
0.17750000000000002 0.09605023549673228
0.171875 0.09490650985502229
0.16625 0.09368993517357976
0.16062500000000002 0.09239816601978654
0.155 0.09102885696102425
0.149375 0.08957966256467476
0.14375000000000002 0.08804845105427105
0.138125 0.08643405434706697
0.1325 0.08473557594349707
0.12687500000000002 0.08295211935945132
0.12125000000000001 0.08108278811081973
0.11562500000000002 0.07912668571349228
0.11000000000000001 0.07708291568335894
0.10437500000000001 0.07495058153630972
0.09875000000000002 0.07272878730652971
0.09312500000000001 0.07041736845473945
0.08750000000000001 0.06801834796274181
0.081875 0.06553415600243365
0.07625000000000001 0.06296722274571172
0.07062500000000001 0.060318047652195395
0.065 0.057565184995998685
0.05937500000000001 0.05467326442412647
0.053750000000000006 0.0516066937775397
0.048125 0.048329935889408135
0.0425 0.04481412233823788
0.036875000000000005 0.041043344305553384
0.03125 0.037003183052733084
0.025625000000000002 0.032679219841155474
0.02 0.028057035932198975
0.02 0.028057035932198975
0.015 0.02368641359599324
0.01 0.01905864076690619
0.005 0.014163590703958109
0.0 0.00899113666616919
0.0 0.0
0.005 -0.006210337592937245
0.01 -0.009599146348915653
0.015 -0.010870534176955693
0.02 -0.010728608986077841
0.02 -0.010728608986077841
0.025625000000000002 -0.009756147623576171
0.03125 -0.008672668068080492
0.036875000000000005 -0.007614786212436158
0.0425 -0.006597120104297377
0.048125 -0.0056342877913183485
0.053750000000000006 -0.004739719029788971
0.05937500000000001 -0.00391257438611069
0.065 -0.0031425875866401424
0.07062500000000001 -0.002419325013801522
0.07625000000000001 -0.001732371637563149
0.081875 -0.0010744556555066932
0.08750000000000001 -0.0004449620622419239
0.09312500000000001 0.00015587617209867298
0.09875000000000002 0.0007278260773826121
0.10437500000000001 0.0012708331711293942
0.11000000000000001 0.0017862522726119062
0.11562500000000002 0.002276106946897688
0.12125000000000001 0.002742424795177706
0.12687500000000002 0.0031872334186429326
0.1325 0.0036125604184843335
0.138125 0.004020433395892878
0.14375000000000002 0.004412879952059538
0.149375 0.004791927688175277
0.155 0.005159273520306889
0.16062500000000002 0.00551481358584987
0.16625 0.005857834025246147
0.171875 0.0061876204907980415
0.17750000000000002 0.006503458634807871
0.183125 0.0068046341095779495
0.18875 0.007090432567410595
0.19437500000000002 0.007360139660608123
0.2 0.0076130410420698295
0.2 0.0076130410420698295
0.22608695652173916 0.008576703533352019
0.2521739130434783 0.009278176597540844
0.27826086956521745 0.009831596310084803
0.30434782608695654 0.010350915359593503
0.3304347826086957 0.01089148521130213
0.35652173913043483 0.011366562952215638
0.3826086956521739 0.011668288087517043
0.4086956521739131 0.011690215011922795
0.4347826086956522 0.011408270096885803
0.46086956521739136 0.01092462720080683
0.4869565217391305 0.010352154855089269
0.5130434782608697 0.009800484804481292
0.5391304347826088 0.009306125801126976
0.5652173913043479 0.008833191193572239
0.5913043478260871 0.008342703066070734
0.6173913043478262 0.007798610028135437
0.6434782608695653 0.007198552374749504
0.6695652173913045 0.006561751683253432
0.6956521739130436 0.00590778230619433
0.7217391304347827 0.005254435674929153
0.7478260869565219 0.0046077357375510775
0.7739130434782611 0.003968937305523423
0.8 0.003339281621989353
0.8 0.003339281621989353
0.805625 0.0032048389826066464
0.81125 0.003070941918086753
0.816875 0.002937652941489319
0.8225 0.002805034565873995
0.828125 0.0026731493043004304
0.83375 0.002542059669828277
0.839375 0.002411828175517183
0.845 0.002282517334426797
0.8506250000000001 0.0021541896596167687
0.8562500000000001 0.002026907664146752
0.8618750000000001 0.0019007338610763929
0.8675 0.0017757307634653425
0.873125 0.0016519608843732498
0.87875 0.0015294867368597649
0.884375 0.0014083708339845372
0.89 0.001288675688807217
0.895625 0.0011704638143874536
0.90125 0.0010537969585532585
0.906875 0.0009386174727911791
0.9125 0.0008246197930584517
0.918125 0.0007114674988428983
0.92375 0.0005988241696323419
0.9293750000000001 0.00048635338491460363
0.935 0.0003737187241775106
0.940625 0.0002605837669088835
0.94625 0.00014661209259654568
0.951875 3.146728072831961e-05
0.9575 -8.518708920797144e-05
0.963125 -0.0002036874377245047
0.96875 -0.00032437018533345717
0.974375 -0.0004475717525470059
0.98 -0.000573628559877328
0.98 -0.000573628559877328
0.985 -0.0006883480138188331
0.99 -0.000805825552567622
0.995 -0.0009262974550019322
1.0 -0.00105
