1.0 0.0
0.995 0.001182773050246951
0.99 0.002334080926731707
0.985 0.0034557419820945116
0.98 0.004549574568975609
0.98 0.004549574568975609
0.974375 0.005749136575110104
0.96875 0.0069183685500130935
0.963125 0.008059859515314925
0.9575 0.009176198492645948
0.951875 0.010269974503636509
0.94625 0.011343776569916952
0.940625 0.01240019371311763
0.935 0.013441814954868883
0.9293750000000001 0.014471229316801067
0.92375 0.015491025820544542
0.918125 0.016503793487729616
0.9125 0.017512121339986666
0.906875 0.018518598398946023
0.90125 0.01952581368623805
0.895625 0.020536085456934874
0.89 0.021549581621780493
0.884375 0.02256544465198796
0.87875 0.023582810703515346
0.873125 0.02460081593232069
0.8675 0.025618596494362055
0.8618750000000001 0.026635288545597494
0.8562500000000001 0.02765002824198506
0.8506250000000001 0.028661951739482806
0.845 0.029670195194048826
0.839375 0.030673894761641105
0.83375 0.03167218659821773
0.828125 0.03266420685973678
0.8225 0.03364909170215628
0.816875 0.03462597728143429
0.81125 0.035593999753528886
0.805625 0.03655229527439811
0.8 0.0375
0.8 0.0375
0.7739130434782611 0.04175160122234065
0.7478260869565219 0.045789993083534535
0.7217391304347827 0.049648333595942166
0.6956521739130436 0.053359760428686565
0.6695652173913045 0.05695051489337631
0.6434782608695653 0.06042993307125263
0.6173913043478262 0.06380480813886846
0.5913043478260871 0.06708151892774518
0.5652173913043479 0.0702415835675058
0.5391304347826088 0.07322798609983099
0.5130434782608697 0.07598039580614821
0.4869565217391305 0.07844018665865597
0.46086956521739136 0.08058794051728241
0.4347826086956522 0.08244344712968565
0.4086956521739131 0.08402820093429447
0.3826086956521739 0.0853587383306046
0.35652173913043483 0.08639395851551218
0.3304347826086957 0.08705557539391369
0.30434782608695654 0.08726468311583903
0.27826086956521745 0.08694753419575287
0.2521739130434783 0.08606467395488225
0.22608695652173916 0.0845906371988014
0.2 0.0825
0.2 0.0825
0.19437500000000002 0.08196444380940363
0.18875 0.08138984057401041
0.183125 0.08076699362037768
0.17750000000000002 0.08008670627506276
0.171875 0.07933978186462301
0.16625 0.07851702371561575
0.16062500000000002 0.07760923515459833
0.155 0.0766072195081281
0.149375 0.07550178363335916
0.14375000000000002 0.0742872508618538
0.138125 0.07296805968499263
0.1325 0.07155045625971562
0.12687500000000002 0.07004068674296264
0.12125000000000001 0.06844499729167355
0.11562500000000002 0.0667696340627883
0.11000000000000001 0.06502084321324668
0.10437500000000001 0.06320487089998869
0.09875000000000002 0.061327923995696906
0.09312500000000001 0.059389830591787034
0.08750000000000001 0.05737704249008925
0.081875 0.055274327179905346
0.07625000000000001 0.053066452150537
0.07062500000000001 0.05073794362490172
0.065 0.04827141176285429
0.05937500000000001 0.045648553006951836
0.053750000000000006 0.04285105817254726
0.048125 0.03986084688862882
0.0425 0.03667356760230845
0.036875000000000005 0.0333061484287898
0.03125 0.02977734799235963
0.025625000000000002 0.026105924917304728
0.02 0.02231063782791187
0.02 0.02231063782791187
0.015 0.018848229421709224
0.01 0.015315949562784164
0.005 0.011726973032528778
0.0 0.008094474612335138
0.0 0.0
0.005 -0.005194865645350292
0.01 -0.007833632822675147
0.015 -0.008605967177324855
0.02 -0.00820153435464971
0.02 -0.00820153435464971
0.025625000000000002 -0.0071984142720411945
0.03125 -0.0063180689271495755
0.036875000000000005 -0.005603267332257955
0.0425 -0.004972265676974296
0.048125 -0.0043433201509065576
0.053750000000000006 -0.003640162234860927
0.05937500000000001 -0.002850173669823035
0.065 -0.0020018008807652452
0.07062500000000001 -0.0011241747040596944
0.07625000000000001 -0.0002463690846812344
0.081875 0.0006117797730303519
0.08750000000000001 0.0014498071855127534
0.09312500000000001 0.002269687687862491
0.09875000000000002 0.003073395815176084
0.10437500000000001 0.0038626595739671412
0.11000000000000001 0.004637249116930447
0.11562500000000002 0.005396000950611503
0.12125000000000001 0.006137745831618009
0.12687500000000002 0.006861314516557676
0.1325 0.007565537762038205
0.138125 0.008249246324667303
0.14375000000000002 0.008911270961052679
0.149375 0.00955044242780203
0.155 0.010166009813687867
0.16062500000000002 0.010759563070084584
0.16625 0.011333505935155905
0.171875 0.01189024296412057
0.17750000000000002 0.012432178712197327
0.183125 0.012961717734604904
0.18875 0.013481264586562049
0.19437500000000002 0.013993223823287503
0.2 0.0145
0.2 0.0145
0.22608695652173916 0.016798087190775156
0.2521739130434783 0.0189524292270585
0.27826086956521745 0.020879041275914063
0.30434782608695654 0.02249407073926206
0.3304347826086957 0.023758492635267664
0.35652173913043483 0.024743169147581442
0.3826086956521739 0.02553549181687644
0.4086956521739131 0.026221988371411393
0.4347826086956522 0.026837357794585265
0.46086956521739136 0.027335964515264422
0.4869565217391305 0.027665262463000603
0.5130434782608697 0.02777413934196876
0.5391304347826088 0.027644459672677778
0.5652173913043479 0.027291064791970448
0.5913043478260871 0.026730229811312806
0.6173913043478262 0.025979436228736063
0.6434782608695653 0.025070189786091802
0.6695652173913045 0.02404304412447053
0.6956521739130436 0.022938703683283403
0.7217391304347827 0.02178694700698907
0.7478260869565219 0.020544917290401702
0.7739130434782611 0.01914012670122424
0.8 0.017499999999999998
0.8 0.017499999999999998
0.805625 0.017108662212886948
0.81125 0.01670337488965407
0.816875 0.016284504567858373
0.8225 0.015852417785056888
0.828125 0.015407481078806615
0.83375 0.014950060986664565
0.839375 0.01448052404618776
0.845 0.013999236794933206
0.8506250000000001 0.013506565770457904
0.8562500000000001 0.013002877510318894
0.8618750000000001 0.012488538552073172
0.8675 0.011963915433277753
0.873125 0.011429374691489653
0.87875 0.010885282864265879
0.884375 0.010332006489163449
0.89 0.009769912103739373
0.895625 0.009199366245550665
0.90125 0.008620740266876833
0.906875 0.00803518731056242
0.9125 0.007445499932461349
0.918125 0.006854677119654486
0.92375 0.006265717859222702
0.9293750000000001 0.0056816211382468545
0.935 0.005105385943807832
0.940625 0.004540011262986494
0.94625 0.003988496082863707
0.951875 0.003453839390520342
0.9575 0.002939040173037266
0.963125 0.0024470974174953487
0.96875 0.0019810101109754585
0.974375 0.0015437772405584639
0.98 0.001138397793325233
0.98 0.001138397793325233
0.985 0.0008072260734820527
0.99 0.0005056983449939249
0.995 0.00023592089234014294
1.0 0.0
