1.0 0.0
0.995 0.0012114150941816616
0.99 0.0024004654660727213
0.985 0.0035679833857603337
0.98 0.004714801123331652
0.98 0.004714801123331652
0.974375 0.00598126416545366
0.96875 0.007223766890971477
0.963125 0.008443494309442788
0.9575 0.009641631430425283
0.951875 0.010819363263476647
0.94625 0.011977874818154566
0.940625 0.013118351104016728
0.935 0.01424197713062082
0.9293750000000001 0.015349937907524529
0.92375 0.016443418444285558
0.918125 0.01752360375046156
0.9125 0.018591678835610234
0.906875 0.019648828709289273
0.90125 0.020696238381056362
0.895625 0.021735025610913054
0.89 0.022765735255043662
0.884375 0.02378862236668568
0.87875 0.02480393975440697
0.873125 0.025811940226775378
0.8675 0.026812876592358755
0.8618750000000001 0.027807001659724957
0.8562500000000001 0.02879456823744183
0.8506250000000001 0.029775829134077236
0.845 0.030751037158199036
0.839375 0.03172044511837505
0.83375 0.03268430582317316
0.828125 0.03364287208116121
0.8225 0.03459639670090705
0.816875 0.035545132490978536
0.81125 0.03648933225994352
0.805625 0.037429248816369866
0.8 0.0383651349688254
0.8 0.0383651349688254
0.7739130434782611 0.042654795846566014
0.7478260869565219 0.04685608189353253
0.7217391304347827 0.050961604659063235
0.6956521739130436 0.054963916987770464
0.6695652173913045 0.05883158560563705
0.6434782608695653 0.062472419357749547
0.6173913043478262 0.06578475229198605
0.5913043478260871 0.0686679836824984
0.5652173913043479 0.07109247303104164
0.5391304347826088 0.07314282356089713
0.5130434782608697 0.07491398066478924
0.4869565217391305 0.07649685167582308
0.46086956521739136 0.07788205145524602
0.4347826086956522 0.07895560007024555
0.4086956521739131 0.07959861858803007
0.3826086956521739 0.07970043540681095
0.35652173913043483 0.07925187456258244
0.3304347826086957 0.07831225157503606
0.30434782608695654 0.07694216669205169
0.27826086956521745 0.07519025589832555
0.2521739130434783 0.07302146557176471
0.22608695652173916 0.07036500760797901
0.2 0.06714996007712769
0.2 0.06714996007712769
0.19437500000000002 0.06637630681068471
0.18875 0.06557036812102504
0.183125 0.06472896507303405
0.17750000000000002 0.06384891861452899
0.171875 0.06292704969332719
0.16625 0.06196017925724597
0.16062500000000002 0.060945128254102636
0.155 0.059878717631714505
0.149375 0.05875776846194403
0.14375000000000002 0.057580013004611255
0.138125 0.056346282654829924
0.1325 0.055058067094618315
0.12687500000000002 0.05371685600599472
0.12125000000000001 0.05232413907097737
0.11562500000000002 0.05088140597158459
0.11000000000000001 0.04939014638983465
0.10437500000000001 0.04785185000774581
0.09875000000000002 0.04626799800158781
0.09312500000000001 0.04463756812642206
0.08750000000000001 0.04295356187121511
0.081875 0.04120810784166116
0.07625000000000001 0.03939333464345436
0.07062500000000001 0.037501644669467676
0.065 0.03552790079060847
0.05937500000000001 0.03346826638822703
0.053750000000000006 0.031318916636737706
0.048125 0.02907599347399496
0.0425 0.02673316615933064
0.036875000000000005 0.02427996746767382
0.03125 0.021705536302990183
0.025625000000000002 0.018999011569245435
0.02 0.016149532170405274
0.02 0.016149532170405274
0.015 0.013487870014827274
0.01 0.010697046323473864
0.005 0.007769433001462251
0.0 0.004697401953909626
0.0 0.0
0.005 -0.0031864660401623884
0.01 -0.004958509138870221
0.015 -0.005673546390741495
0.02 -0.0056889948903942125
0.02 -0.0056889948903942125
0.025625000000000002 -0.005315066777993764
0.03125 -0.004895340547641632
0.036875000000000005 -0.0044624324505971764
0.0425 -0.0039845178203794865
0.048125 -0.0034297719905076523
0.053750000000000006 -0.0027692452550804555
0.05937500000000001 -0.002007844277638548
0.065 -0.001172526862774374
0.07062500000000001 -0.0002906278078680182
0.07625000000000001 0.0006105871907125046
0.081875 0.001515072713435236
0.08750000000000001 0.002430312235380557
0.09312500000000001 0.003366751937521657
0.09875000000000002 0.004334838000831727
0.10437500000000001 0.0053432681453476506
0.11000000000000001 0.006387093397726627
0.11562500000000002 0.007454952839341612
0.12125000000000001 0.008535448406794358
0.12687500000000002 0.009617182036686626
0.1325 0.010688755665620168
0.138125 0.011738771230196732
0.14375000000000002 0.01275583066701809
0.149375 0.013728535912685972
0.155 0.014647583336127087
0.16062500000000002 0.015514890635508089
0.16625 0.016336117750421635
0.171875 0.017116927206675858
0.17750000000000002 0.017862981530078897
0.183125 0.018579943246438867
0.18875 0.019273474881563904
0.19437500000000002 0.019949238961262127
0.2 0.02061289800343686
0.2 0.02061289800343686
0.22608695652173916 0.023589501234002937
0.2521739130434783 0.026357085839753366
0.27826086956521745 0.028847866625883428
0.30434782608695654 0.030994093465035774
0.3304347826086957 0.03273877739142199
0.35652173913043483 0.034050824821533286
0.3826086956521739 0.03490295821730481
0.4086956521739131 0.03526854701818157
0.4347826086956522 0.035157818969091356
0.46086956521739136 0.03463703262416464
0.4869565217391305 0.03377714013020638
0.5130434782608697 0.03264892754015976
0.5391304347826088 0.03131948173190355
0.5652173913043479 0.029852256398615662
0.5913043478260871 0.028310552339025553
0.6173913043478262 0.026751519928535816
0.6434782608695653 0.025162282495009847
0.6695652173913045 0.023485473732779212
0.6956521739130436 0.021663016196361424
0.7217391304347827 0.019648682844686422
0.7478260869565219 0.017473897995470562
0.7739130434782611 0.01520135106894066
0.8 0.012893817225827324
0.8 0.012893817225827324
0.805625 0.012397763233941629
0.81125 0.0119037310760892
0.816875 0.01141244936043501
0.8225 0.010924646695144051
0.828125 0.010441051688381301
0.83375 0.009962392948311744
0.839375 0.009489399083100357
0.845 0.00902279870091213
0.8506250000000001 0.008563320409912034
0.8562500000000001 0.008111692818265064
0.8618750000000001 0.007668644534136201
0.8675 0.00723490416569042
0.873125 0.006811200321092707
0.87875 0.006398261608508045
0.884375 0.005996816636101414
0.89 0.005607594012037798
0.895625 0.005231322344482178
0.90125 0.004868727088480375
0.906875 0.0045200513157438605
0.9125 0.004184541397360808
0.918125 0.0038613203712712426
0.92375 0.0035495112754151898
0.9293750000000001 0.003248237147732669
0.935 0.0029566210261637166
0.940625 0.0026737859486483514
0.94625 0.0023988549531265987
0.951875 0.0021309510775384833
0.9575 0.0018691973598240306
0.963125 0.0016127168379232652
0.96875 0.0013606325497762125
0.974375 0.0011120675333228978
0.98 0.0008661448265033455
0.98 0.0008661448265033455
0.985 0.0006490561522959116
0.99 0.00043274640213209154
0.995 0.0002165996575280621
1.0 0.0
