1.0 0.0
0.995 0.0010410236203934858
0.99 0.002070067726689854
0.985 0.003087367624893275
0.98 0.0040931586210079165
0.98 0.0040931586210079165
0.974375 0.0052112097406590095
0.96875 0.006315327750572239
0.963125 0.007405847686054325
0.9575 0.008483104582411981
0.951875 0.009547433474951936
0.94625 0.0105991693989809
0.940625 0.011638647389805596
0.935 0.01266620248273274
0.9293750000000001 0.013682169713069053
0.92375 0.01468688411612127
0.918125 0.01568068072719607
0.9125 0.016663894581600197
0.906875 0.01763686071464036
0.90125 0.018599914161623297
0.895625 0.019553391279349
0.89 0.02049764037194413
0.884375 0.021433016089200826
0.87875 0.02235987313943116
0.873125 0.023278566230947203
0.8675 0.02418945007206103
0.8618750000000001 0.02509287937108472
0.8562500000000001 0.02598920883633034
0.8506250000000001 0.026878793176109986
0.845 0.027761987098735716
0.839375 0.02863914531251959
0.83375 0.029510622525773703
0.828125 0.030376773446810123
0.8225 0.031237952783940922
0.816875 0.032094515245478177
0.81125 0.03294681553973396
0.805625 0.03379520837502036
0.8 0.034640048459649436
0.8 0.034640048459649436
0.7739130434782611 0.038513518138245405
0.7478260869565219 0.04230132902583447
0.7217391304347827 0.04598579242595403
0.6956521739130436 0.049549193597988865
0.6695652173913045 0.05296115974412138
0.6434782608695653 0.05615832592125843
0.6173913043478262 0.05907201990779333
0.5913043478260871 0.061634279252898834
0.5652173913043479 0.06382927611673749
0.5391304347826088 0.06572801981584317
0.5130434782608697 0.0674097414509891
0.4869565217391305 0.06895074786803905
0.46086956521739136 0.07034961254615983
0.4347826086956522 0.07152086796791182
0.4086956521739131 0.07237485842723304
0.3826086956521739 0.07282403097736863
0.35652173913043483 0.0728083311813799
0.3304347826086957 0.07228701235498812
0.30434782608695654 0.07121972793377354
0.27826086956521745 0.06957728660568822
0.2521739130434783 0.06741244023086725
0.22608695652173916 0.06481447266625659
0.2 0.061872835947965076
0.2 0.061872835947965076
0.19437500000000002 0.061201561429052205
0.18875 0.060514656136065825
0.183125 0.05980764344931035
0.17750000000000002 0.059076045022599596
0.171875 0.05831538250974736
0.16625 0.05752117756456744
0.16062500000000002 0.056688951840873636
0.155 0.05581422699247976
0.149375 0.05489252467319959
0.14375000000000002 0.053920344761216446
0.138125 0.05289813146104948
0.1325 0.05182732297902335
0.12687500000000002 0.05070935752148147
0.12125000000000001 0.04954567329476719
0.11562500000000002 0.04833770850522389
0.11000000000000001 0.047086901359194945
0.10437500000000001 0.045794690063023745
0.09875000000000002 0.044462500989005664
0.09312500000000001 0.04308427717956484
0.08750000000000001 0.04163367536505237
0.081875 0.04008094794410982
0.07625000000000001 0.03839634731537873
0.07062500000000001 0.036553365669484306
0.065 0.03455899361016659
0.05937500000000001 0.03244000771640621
0.053750000000000006 0.030223441218224917
0.048125 0.027936087435919937
0.0425 0.02558172094706871
0.036875000000000005 0.023122325726552793
0.03125 0.0205154675744967
0.025625000000000002 0.017718712291024966
0.02 0.014689625676262101
0.02 0.014689625676262101
0.015 0.011767756280409632
0.01 0.008598985298427937
0.005 0.005153509835479922
0.0 0.0014015269967284827
0.0 0.0
0.005 -0.004669368449928654
0.01 -0.007757453152775804
0.015 -0.00963075370666623
0.02 -0.010655769709724705
0.02 -0.010655769709724705
0.025625000000000002 -0.011251222676656734
0.03125 -0.011645742781938074
0.036875000000000005 -0.011900771391514724
0.0425 -0.012011121376515242
0.048125 -0.01197160560806818
0.053750000000000006 -0.01177886913327174
0.05937500000000001 -0.011452901296881092
0.065 -0.011029784004344671
0.07062500000000001 -0.010545917779419971
0.07625000000000001 -0.010037647195358504
0.081875 -0.009529588512852162
0.08750000000000001 -0.009020255688388374
0.09312500000000001 -0.00850464093451305
0.09875000000000002 -0.00797773646377209
0.10437500000000001 -0.007435148524893548
0.11000000000000001 -0.006877622828201107
0.11562500000000002 -0.006308466938805539
0.12125000000000001 -0.005731007200100575
0.12687500000000002 -0.005148569955479942
0.1325 -0.004564481548337377
0.138125 -0.00398206832206661
0.14375000000000002 -0.00340465662006137
0.149375 -0.0028355727857153953
0.155 -0.002277711142705784
0.16062500000000002 -0.0017315086905435066
0.16625 -0.0011965347921981298
0.171875 -0.0006723578217257205
0.17750000000000002 -0.00015854615318234652
0.183125 0.00034533183937591604
0.18875 0.0008397077818929999
0.19437500000000002 0.0013250133003128374
0.2 0.0018016800205765313
0.2 0.0018016800205765313
0.22608695652173916 0.0039055846392646422
0.2521739130434783 0.0058384346467249505
0.27826086956521745 0.00760572479699958
0.30434782608695654 0.009212930510105796
0.3304347826086957 0.010659349022740806
0.35652173913043483 0.011929296909647912
0.3826086956521739 0.013004864370688462
0.4086956521739131 0.013868342862695806
0.4347826086956522 0.014513582708179294
0.46086956521739136 0.014952059602012183
0.4869565217391305 0.01519673190648259
0.5130434782608697 0.015260703845741524
0.5391304347826088 0.01516032822013984
0.5652173913043479 0.014915148454192763
0.5913043478260871 0.014544842242694034
0.6173913043478262 0.014068848299844528
0.6434782608695653 0.01350389187825491
0.6695652173913045 0.01286497784480736
0.6956521739130436 0.012167083721558523
0.7217391304347827 0.011421125674884148
0.7478260869565219 0.010611471210902165
0.7739130434782611 0.009711821768728486
0.8 0.008695849897632904
0.8 0.008695849897632904
0.805625 0.008459099443463512
0.81125 0.008216101166300739
0.816875 0.007967228299239496
0.8225 0.007712854075374691
0.828125 0.007453351727801231
0.83375 0.007189094489614027
0.839375 0.006920455593907989
0.845 0.006647808273778022
0.8506250000000001 0.006371525762319033
0.8562500000000001 0.006091981292625941
0.8618750000000001 0.005809548097793648
0.8675 0.005524599410917062
0.873125 0.005237508465091097
0.87875 0.004948648493410656
0.884375 0.004658392728970654
0.89 0.004367114404865994
0.895625 0.0040751867541915865
0.90125 0.003782985144548505
0.906875 0.0034912051850923688
0.9125 0.003201200917684117
0.918125 0.0029144073861558342
0.92375 0.0026322596343396104
0.9293750000000001 0.0023561927060675248
0.935 0.002087641645171676
0.940625 0.0018280414954841445
0.94625 0.0015788273008370173
0.951875 0.0013414341050623814
0.9575 0.0011172969519923231
0.963125 0.0009078508854589288
0.96875 0.000714530949294286
0.974375 0.0005387721873304811
0.98 0.0003820096433996004
0.98 0.0003820096433996004
0.985 0.0002597727107987528
0.99 0.0001546868745988309
0.995 6.776001194939372e-05
1.0 0.0
