1.0 0.0008
0.995 0.001475494609441959
0.99 0.0021584540790601414
0.985 0.0028483712021683
0.98 0.0035447387720801884
0.98 0.0035447387720801884
0.974375 0.004335231056163482
0.96875 0.005132523078375396
0.963125 0.005935892663570868
0.9575 0.006744617636604829
0.951875 0.007557975822332212
0.94625 0.008375245045607948
0.940625 0.009195703131286977
0.935 0.010018627904224225
0.9293750000000001 0.010843297189274632
0.92375 0.011668988811293144
0.918125 0.01249498059513466
0.9125 0.013320550365654138
0.906875 0.0141449759477065
0.90125 0.014967535166146689
0.895625 0.015787561853538013
0.89 0.016604834638355253
0.884375 0.017419344259898804
0.87875 0.0182310827637713
0.873125 0.01904004219557538
0.8675 0.019846214600913663
0.8618750000000001 0.020649592025388793
0.8562500000000001 0.0214501665146034
0.8506250000000001 0.02224793011416012
0.845 0.0230428748696616
0.839375 0.023834992826710432
0.83375 0.024624276030909276
0.828125 0.025410716527860772
0.8225 0.02619430636316753
0.816875 0.026975037582432193
0.81125 0.027752902231257412
0.805625 0.028527892355245808
0.8 0.029300000000000003
0.8 0.029300000000000003
0.7739130434782611 0.03284666728678345
0.7478260869565219 0.03635311706372115
0.7217391304347827 0.03984129951764273
0.6956521739130436 0.04333312185799592
0.6695652173913045 0.046835921961776855
0.6434782608695653 0.05032132350165315
0.6173913043478262 0.05375557797755947
0.5913043478260871 0.057104856740473844
0.5652173913043479 0.06033052220397275
0.5391304347826088 0.06338648292866035
0.5130434782608697 0.06622600628348722
0.4869565217391305 0.06880282674380211
0.46086956521739136 0.07108142223210967
0.4347826086956522 0.07303701411807048
0.4086956521739131 0.07464529087774319
0.3826086956521739 0.07588183540907838
0.35652173913043483 0.0767210032645191
0.3304347826086957 0.0771363581606971
0.30434782608695654 0.07710145061698066
0.27826086956521745 0.07658438397563466
0.2521739130434783 0.07551704874554062
0.22608695652173916 0.07381656269127564
0.2 0.0714
0.2 0.0714
0.19437500000000002 0.0707771329202261
0.18875 0.07011676303952612
0.183125 0.06941853648923703
0.17750000000000002 0.06868209940069585
0.171875 0.06790709790523954
0.16625 0.0670931781342051
0.16062500000000002 0.0662399862189295
0.155 0.06534716829074974
0.149375 0.06441436929693552
0.14375000000000002 0.06344005485374016
0.138125 0.062419298224643975
0.1325 0.06134656643067711
0.12687500000000002 0.06021632649286974
0.12125000000000001 0.05902304543225195
0.11562500000000002 0.057761190269853935
0.11000000000000001 0.056425228026705784
0.10437500000000001 0.0550096257238377
0.09875000000000002 0.053508900792320124
0.09312500000000001 0.05192575599352646
0.08750000000000001 0.05028005870757137
0.081875 0.0485938376450499
0.07625000000000001 0.046889121516557004
0.07062500000000001 0.04518174093125862
0.065 0.043438303092219445
0.05937500000000001 0.041601941926246576
0.053750000000000006 0.039615646798014686
0.048125 0.03742267224251347
0.0425 0.03498218301363321
0.036875000000000005 0.03227800470456018
0.03125 0.02929608427100068
0.025625000000000002 0.026022368668661065
0.02 0.022442804853247653
0.02 0.022442804853247653
0.015 0.018992848219192615
0.01 0.01528026019566979
0.005 0.011295170880514082
0.0 0.007027710371560385
0.0 0.0
0.005 -0.005965142372087332
0.01 -0.009660571186043666
0.015 -0.011639428813956333
0.02 -0.012454857627912668
0.02 -0.012454857627912668
0.025625000000000002 -0.01267010031095408
0.03125 -0.012720087390966148
0.036875000000000005 -0.012694136970978211
0.0425 -0.012588995967975957
0.048125 -0.012401411298945066
0.053750000000000006 -0.01212686153820773
0.05937500000000001 -0.01174608077662314
0.065 -0.01123029053507435
0.07062500000000001 -0.01055055379161147
0.07625000000000001 -0.009678114101683365
0.081875 -0.00861353627586009
0.08750000000000001 -0.007418871728984308
0.09312500000000001 -0.006163914131869884
0.09875000000000002 -0.004918457155330665
0.10437500000000001 -0.003745973552766229
0.11000000000000001 -0.002659737304874904
0.11562500000000002 -0.0016490839908356208
0.12125000000000001 -0.0007032017631820679
0.12687500000000002 0.0001887212255520662
0.1325 0.0010374968228330857
0.138125 0.0018539368761273018
0.14375000000000002 0.0026488532329010275
0.149375 0.003433057740620563
0.155 0.004215769426817624
0.16062500000000002 0.004997294371538324
0.16625 0.005774840122299744
0.171875 0.00654561111564254
0.17750000000000002 0.007306811788107367
0.183125 0.008055646576234872
0.18875 0.00878931991656571
0.19437500000000002 0.009505036245640537
0.2 0.010199999999999999
0.2 0.010199999999999999
0.22608695652173916 0.01312474753042373
0.2521739130434783 0.015587470508491538
0.27826086956521745 0.01763261977548124
0.30434782608695654 0.01930462468144575
0.3304347826086957 0.02064062905119322
0.35652173913043483 0.02165991750163094
0.3826086956521739 0.02237908824655234
0.4086956521739131 0.022814807592394744
0.4347826086956522 0.02298782740422697
0.46086956521739136 0.02292523216299675
0.4869565217391305 0.02265465109080267
0.5130434782608697 0.02220293059866693
0.5391304347826088 0.021578912442854623
0.5652173913043479 0.020773433724873683
0.5913043478260871 0.019776548735155684
0.6173913043478262 0.018581507140804056
0.6434782608695653 0.01721870486273261
0.6695652173913045 0.01574250314689409
0.6956521739130436 0.014207662661325256
0.7217391304347827 0.01266609696320478
0.7478260869565219 0.011150792016726826
0.7739130434782611 0.00968701242143849
0.8 0.008299999999999998
0.8 0.008299999999999998
0.805625 0.00801334094486823
0.81125 0.007731144936318055
0.816875 0.00745313220030232
0.8225 0.007179022962773873
0.828125 0.006908537449685551
0.83375 0.006641395886990199
0.839375 0.006377318500640663
0.845 0.006116025516589785
0.8506250000000001 0.0058572371607904
0.8562500000000001 0.005600673659195368
0.8618750000000001 0.005346055237757523
0.8675 0.00509310212242971
0.873125 0.004841534539164773
0.87875 0.004591072713915552
0.884375 0.004341436872634898
0.89 0.0040923472412756475
0.895625 0.003843524045790646
0.90125 0.003594689607813423
0.906875 0.00334590653512872
0.9125 0.003097951014794502
0.918125 0.0028516890861780943
0.92375 0.002607986788646827
0.9293750000000001 0.0023677101615680236
0.935 0.002131725244309021
0.940625 0.0019008980762371432
0.94625 0.001676094696719718
0.951875 0.0014581811451240747
0.9575 0.0012480234608175404
0.963125 0.0010464876831674436
0.96875 0.0008544398515411133
0.974375 0.0006727460053058769
0.98 0.0005022721838290631
0.98 0.0005022721838290631
0.985 0.0003608592959035822
0.99 0.0002296041378717974
0.995 0.00010911495686137971
1.0 0.0
