1.0 0.0
0.995 0.003177043901787332
0.99 0.006223111286523183
0.985 0.00914376994316074
0.98 0.011944587660653195
0.98 0.011944587660653195
0.974375 0.014959192769982296
0.96875 0.017837098498105355
0.963125 0.020586232419527995
0.9575 0.023214522108755808
0.951875 0.025729895140294425
0.94625 0.028140279088649443
0.940625 0.030453601528326473
0.935 0.032677790033831144
0.9293750000000001 0.034820772179669036
0.92375 0.03689047554034583
0.918125 0.03889482769036703
0.9125 0.04084175620423831
0.906875 0.042739188656465275
0.90125 0.04459505262155352
0.895625 0.04641719557750708
0.89 0.048210267901571846
0.884375 0.049974717951357925
0.87875 0.05171070828577288
0.873125 0.05341840146372431
0.8675 0.05509796004411979
0.8618750000000001 0.05674954658586689
0.8562500000000001 0.05837332364787319
0.8506250000000001 0.05996945378904625
0.845 0.06153809956829371
0.839375 0.06307942354452305
0.83375 0.06459358827664191
0.828125 0.06608075632355785
0.8225 0.06754109024417845
0.816875 0.06897475259741129
0.81125 0.07038190594216395
0.805625 0.071762712837344
0.8 0.07311733584185899
0.8 0.07311733584185899
0.7739130434782611 0.07906740790151101
0.7478260869565219 0.08451682637478362
0.7217391304347827 0.08953113171910242
0.6956521739130436 0.09417588374762491
0.6695652173913045 0.09850986733368704
0.6434782608695653 0.10256451028325894
0.6173913043478262 0.1063643361988525
0.5913043478260871 0.10993385246187908
0.5652173913043479 0.11328823267502326
0.5391304347826088 0.11641769182525005
0.5130434782608697 0.11930831750690771
0.4869565217391305 0.12194597645406254
0.46086956521739136 0.12429658169487405
0.4347826086956522 0.1262904868714364
0.4086956521739131 0.12785437311791462
0.3826086956521739 0.12891572312228258
0.35652173913043483 0.1294275702777571
0.3304347826086957 0.12937321588074083
0.30434782608695654 0.12873771471832177
0.27826086956521745 0.12749942190697608
0.2521739130434783 0.1255373073630308
0.22608695652173916 0.12265427242424434
0.2 0.11865128683289984
0.2 0.11865128683289984
0.19437500000000002 0.11762209809174544
0.18875 0.11653062665962476
0.183125 0.11537985984444835
0.17750000000000002 0.11417372249949216
0.171875 0.11291613947803228
0.16625 0.11161103563334472
0.16062500000000002 0.11026233581870554
0.155 0.10887396488739069
0.149375 0.10744984769267628
0.14375000000000002 0.10599387089350294
0.138125 0.10450371934361247
0.1325 0.10296407272556735
0.12687500000000002 0.10135797313980277
0.12125000000000001 0.09966846268675403
0.11562500000000002 0.09787858346685634
0.11000000000000001 0.09597137758054497
0.10437500000000001 0.09392988712825519
0.09875000000000002 0.09173715421042224
0.09312500000000001 0.08937689073702976
0.08750000000000001 0.08685092276783159
0.081875 0.08418083672065868
0.07625000000000001 0.08138921884567087
0.07062500000000001 0.07849863287468091
0.065 0.07551342436274185
0.05937500000000001 0.0723868714239079
0.053750000000000006 0.06906337160337513
0.048125 0.0654873224463396
0.0425 0.06159789609001178
0.036875000000000005 0.0572947515043751
0.03125 0.05245948170968862
0.025625000000000002 0.04697358659539628
0.02 0.04071856605094197
0.02 0.04071856605094197
0.015 0.03441706517135362
0.01 0.02733100411610226
0.005 0.019377156470092277
0.0 0.010472295818227985
0.0 0.0
0.005 -0.014246558807667096
0.01 -0.023891188647684004
0.015 -0.02997950773774426
0.02 -0.03355713429554139
0.02 -0.03355713429554139
0.025625000000000002 -0.03588281922000574
0.03125 -0.0377047918186585
0.036875000000000005 -0.03938042703953899
0.0425 -0.04083294361585508
0.048125 -0.04198373687922153
0.053750000000000006 -0.04275546301010344
0.05937500000000001 -0.0431601050107783
0.065 -0.043356597265639445
0.07062500000000001 -0.04351756291567666
0.07625000000000001 -0.04381562510187974
0.081875 -0.044361871664007395
0.08750000000000001 -0.04488628701581748
0.09312500000000001 -0.044973141124228164
0.09875000000000002 -0.044206411008173976
0.10437500000000001 -0.04217829957573882
0.11000000000000001 -0.038771051706974126
0.11562500000000002 -0.03422733205476224
0.12125000000000001 -0.0288123152900081
0.12687500000000002 -0.022791176083616638
0.1325 -0.016429089106492836
0.138125 -0.009991229029541623
0.14375000000000002 -0.003742770523667931
0.149375 0.0020511117402232442
0.155 0.0071676305178430145
0.16062500000000002 0.01160623261623775
0.16625 0.015438948064061354
0.171875 0.018737847562508497
0.17750000000000002 0.021575001812773824
0.183125 0.02402248151605195
0.18875 0.02615235737353754
0.19437500000000002 0.028036700086425226
0.2 0.029747415448497745
0.2 0.029747415448497745
0.22608695652173916 0.03619878243198664
0.2521739130434783 0.04062090131997716
0.27826086956521745 0.043518840187389586
0.30434782608695654 0.04539664432684999
0.3304347826086957 0.0466315415262646
0.35652173913043483 0.04735279742564517
0.3826086956521739 0.04766095482700364
0.4086956521739131 0.047655574365778317
0.4347826086956522 0.04740203418656149
0.46086956521739136 0.04692349246642168
0.4869565217391305 0.046240495214151585
0.5130434782608697 0.04537215234342301
0.5391304347826088 0.044314550609944055
0.5652173913043479 0.04304523412360218
0.5913043478260871 0.041541220180079955
0.6173913043478262 0.03978251718920168
0.6434782608695653 0.03777599560645284
0.6695652173913045 0.03554271610749222
0.6956521739130436 0.03310386779389151
0.7217391304347827 0.03048324743524667
0.7478260869565219 0.027719088974076968
0.7739130434782611 0.02485459471650514
0.8 0.021932970712944196
0.8 0.021932970712944196
0.805625 0.021299472530109508
0.81125 0.020664824940577316
0.816875 0.020028671770082742
0.8225 0.019390656844360907
0.828125 0.018750423989146916
0.83375 0.018107617030175892
0.839375 0.017461879793182963
0.845 0.016812856103903248
0.8506250000000001 0.016160189788071835
0.8562500000000001 0.015503524671423886
0.8618750000000001 0.014842504579694502
0.8675 0.0141767733386188
0.873125 0.013505974773931896
0.87875 0.012829752711368912
0.884375 0.012147750976664968
0.89 0.011459613395555174
0.895625 0.010764983793774658
0.90125 0.010063525110492166
0.906875 0.009356292583018837
0.9125 0.008646653927106594
0.918125 0.007938194992219153
0.92375 0.007234501627820232
0.9293750000000001 0.0065391596833735315
0.935 0.00585575500834279
0.940625 0.005187873452191713
0.94625 0.004539100864384013
0.951875 0.003913023094383407
0.9575 0.003313225991653606
0.963125 0.002743295405658329
0.96875 0.0022068171858612893
0.974375 0.0017073771817262013
0.98 0.0012485612427167807
0.98 0.0012485612427167807
0.985 0.0008777278545083931
0.99 0.0005443442135275862
0.995 0.00025092877646218115
1.0 0.0
