1.0 0.0
0.995 0.00111895623311107
0.99 0.002239564822591873
0.985 0.003361110469900052
0.98 0.004482877876493253
0.98 0.004482877876493253
0.974375 0.005744240650046698
0.96875 0.0070039603257952
0.963125 0.008261018441556384
0.9575 0.009514396535147868
0.951875 0.01076307614438728
0.94625 0.012006038807092237
0.940625 0.013242266061080369
0.935 0.014470739444169293
0.9293750000000001 0.015690440494176627
0.92375 0.016900350748920025
0.918125 0.01809945174621706
0.9125 0.019286725023885374
0.906875 0.020461152119742594
0.90125 0.021621714571606335
0.895625 0.022767496551586802
0.89 0.023898719418920154
0.884375 0.02501631248593455
0.87875 0.026121215760817627
0.873125 0.02721436925175703
0.8675 0.0282967129669404
0.8618750000000001 0.02936918691455539
0.8562500000000001 0.03043273110278965
0.8506250000000001 0.03148828553983081
0.845 0.032536790233866554
0.839375 0.03357918519308448
0.83375 0.03461641042567225
0.828125 0.03564940593981751
0.8225 0.03667911174370792
0.816875 0.03770646784553111
0.81125 0.03873241425347474
0.805625 0.03975789097572645
0.8 0.040783838020473875
0.8 0.040783838020473875
0.7739130434782611 0.04554428979768763
0.7478260869565219 0.05022803306684602
0.7217391304347827 0.054719859068555414
0.6956521739130436 0.05890460673465195
0.6695652173913045 0.06271718984387259
0.6434782608695653 0.06623673541390937
0.6173913043478262 0.06956817508321812
0.5913043478260871 0.07281581837826268
0.5652173913043479 0.07601838672334711
0.5391304347826088 0.07909212366251869
0.5130434782608697 0.0819398618989164
0.4869565217391305 0.08446588667715836
0.46086956521739136 0.08662484258378171
0.4347826086956522 0.08843346335639528
0.4086956521739131 0.08991231352541056
0.3826086956521739 0.09108002949209094
0.35652173913043483 0.09192398608186796
0.3304347826086957 0.09240619690106941
0.30434782608695654 0.09248794370661348
0.27826086956521745 0.09212387189432039
0.2521739130434783 0.09120984958818193
0.22608695652173916 0.08961104458337507
0.2 0.08719235764064903
0.2 0.08719235764064903
0.19437500000000002 0.08655023400554732
0.18875 0.08586131744993554
0.183125 0.08512260629156522
0.17750000000000002 0.0843310829333801
0.171875 0.0834837297783241
0.16625 0.08257752922934102
0.16062500000000002 0.08160946368937462
0.155 0.0805765155613688
0.149375 0.07947566724826738
0.14375000000000002 0.07830427187286855
0.138125 0.07706281295644762
0.1325 0.07575334593973868
0.12687500000000002 0.0743779381097043
0.12125000000000001 0.07293865675330714
0.11562500000000002 0.0714375691575097
0.11000000000000001 0.06987674260927462
0.10437500000000001 0.06825824439556447
0.09875000000000002 0.06658414180334188
0.09312500000000001 0.06485076346261599
0.08750000000000001 0.06302585372796085
0.081875 0.06106827447680062
0.07625000000000001 0.05893688479787818
0.07062500000000001 0.05659303981136363
0.065 0.05405045108362375
0.05937500000000001 0.05137252472388385
0.053750000000000006 0.048624630037685204
0.048125 0.04587206249764826
0.0425 0.0431289375118799
0.036875000000000005 0.040268833908145014
0.03125 0.03714142068902895
0.025625000000000002 0.03359636685711708
0.02 0.029483341414994726
0.02 0.029483341414994726
0.015 0.025228973541532734
0.01 0.020301475664410415
0.005 0.014595265519325598
0.0 0.00800476084197606
0.0 0.0
0.005 -0.007145434516619256
0.01 -0.012391434359589573
0.015 -0.01608735872425092
0.02 -0.018582566805943272
0.02 -0.018582566805943272
0.025625000000000002 -0.020389437319704305
0.03125 -0.021549725089265333
0.036875000000000005 -0.022244124863983493
0.0425 -0.022594498249984492
0.048125 -0.02272270685339405
0.053750000000000006 -0.022747402468255414
0.05937500000000001 -0.02273193861600908
0.065 -0.022693045682863993
0.07062500000000001 -0.02264599512374201
0.07625000000000001 -0.022606050428302247
0.081875 -0.0225821576064317
0.08750000000000001 -0.02256559973848244
0.09312500000000001 -0.022544596726659562
0.09875000000000002 -0.02250736847316822
0.10437500000000001 -0.022442982246636826
0.11000000000000001 -0.022349954034338173
0.11562500000000002 -0.022232710198311422
0.12125000000000001 -0.022095767595338323
0.12687500000000002 -0.021943643082200624
0.1325 -0.02178085351568007
0.138125 -0.021611915752558414
0.14375000000000002 -0.02144134664961739
0.149375 -0.021273663063638752
0.155 -0.02111291130271779
0.16062500000000002 -0.020959599848737725
0.16625 -0.020812627661850127
0.171875 -0.020670885584600975
0.17750000000000002 -0.020533264459536228
0.183125 -0.02039865512920186
0.18875 -0.020265948436143832
0.19437500000000002 -0.020134035222908103
0.2 -0.020001806332040652
0.2 -0.020001806332040652
0.22608695652173916 -0.019371464406804238
0.2521739130434783 -0.0187189776416588
0.27826086956521745 -0.018055174455772652
0.30434782608695654 -0.01739087574588961
0.3304347826086957 -0.016733466964246362
0.35652173913043483 -0.016081496738713258
0.3826086956521739 -0.015432112374889229
0.4086956521739131 -0.014782480070015374
0.4347826086956522 -0.01413102449125758
0.46086956521739136 -0.01347819640254732
0.4869565217391305 -0.012824629984775699
0.5130434782608697 -0.012170952725828924
0.5391304347826088 -0.011517629231976174
0.5652173913043479 -0.010864956099247388
0.5913043478260871 -0.010213222204634121
0.6173913043478262 -0.009562668586645286
0.6434782608695653 -0.008912960366181034
0.6695652173913045 -0.00826338148360349
0.6956521739130436 -0.007613209079698946
0.7217391304347827 -0.006961832279839963
0.7478260869565219 -0.006309401960599029
0.7739130434782611 -0.005656386239617947
0.8 -0.005003254280167912
0.8 -0.005003254280167912
0.805625 -0.0048624519698435
0.81125 -0.0047216650561850045
0.816875 -0.004580892391724336
0.8225 -0.004440132828981363
0.828125 -0.004299385220475955
0.83375 -0.004158648418727983
0.839375 -0.004017921276257318
0.845 -0.0038772026455838257
0.8506250000000001 -0.0037364913792273763
0.8562500000000001 -0.0035957863297078458
0.8618750000000001 -0.003455086349545099
0.8675 -0.003314390291259008
0.873125 -0.003173697007369443
0.87875 -0.0030330053503962715
0.884375 -0.002892314172859365
0.89 -0.002751622327278593
0.895625 -0.0026109286661738255
0.90125 -0.0024702320445577674
0.906875 -0.002329531775594488
0.9125 -0.002188828162092257
0.918125 -0.0020481216358607672
0.92375 -0.0019074126287097113
0.9293750000000001 -0.0017667015724487766
0.935 -0.001625988898887663
0.940625 -0.001485275039836059
0.94625 -0.0013445604271036574
0.951875 -0.0012038454925001499
0.9575 -0.0010631306678352285
0.963125 -0.0009224163849185863
0.96875 -0.000781703075559915
0.974375 -0.0006409911715689069
0.98 -0.0005002811047552542
0.98 -0.0005002811047552542
0.985 -0.0003752073812122358
0.99 -0.00025013575372285525
0.995 -0.0001250665255608606
1.0 0.0
