1.0 0.0
0.995 0.0003788116907062562
0.99 0.000775893373821063
0.985 0.001190326161299026
0.98 0.0016211911650947505
0.98 0.0016211911650947505
0.974375 0.0021244118046335548
0.96875 0.002645958161624314
0.963125 0.0031845218974242704
0.9575 0.0037387946733906646
0.951875 0.004307468150880738
0.94625 0.00488923399125173
0.940625 0.005482783855860884
0.935 0.0060868094060654385
0.9293750000000001 0.006700002303222638
0.92375 0.007321054208689732
0.918125 0.007948656783823938
0.9125 0.008581501689982514
0.906875 0.009218280588522693
0.90125 0.009857685140801724
0.895625 0.010498547319309234
0.89 0.011140813404186866
0.884375 0.011784961057969784
0.87875 0.012431471215756006
0.873125 0.013080824812643551
0.8675 0.013733502783730431
0.8618750000000001 0.014389986064114674
0.8562500000000001 0.015050755588894288
0.8506250000000001 0.015716292293167296
0.845 0.01638707711203173
0.839375 0.017063590980585578
0.83375 0.017746314833926868
0.828125 0.01843572960715363
0.8225 0.019132316235363864
0.816875 0.0198365556536556
0.81125 0.02054892879712686
0.805625 0.021269916600875658
0.8 0.021999999999999995
0.8 0.021999999999999995
0.7739130434782611 0.025500484345383226
0.7478260869565219 0.029145556660023317
0.7217391304347827 0.032873832067032656
0.6956521739130436 0.0366239611192924
0.6695652173913045 0.040346605061317264
0.6434782608695653 0.04402186727551977
0.6173913043478262 0.0476342798654162
0.5913043478260871 0.05116857374149604
0.5652173913043479 0.05462140823263842
0.5391304347826088 0.05800793171622645
0.5130434782608697 0.06134488302542852
0.4869565217391305 0.06464647005415923
0.46086956521739136 0.06786868909349429
0.4347826086956522 0.07090932483167066
0.4086956521739131 0.07366363101767132
0.3826086956521739 0.0760308575438523
0.35652173913043483 0.07795670946927895
0.3304347826086957 0.07941686292831299
0.30434782608695654 0.08038749357323782
0.27826086956521745 0.08083554818872862
0.2521739130434783 0.08066662004760117
0.22608695652173916 0.07976127373371782
0.2 0.07800000000000001
0.2 0.07800000000000001
0.19437500000000002 0.07749748305592111
0.18875 0.07695443293199879
0.183125 0.07637566853795186
0.17750000000000002 0.07576600878349912
0.171875 0.07513027257835936
0.16625 0.07447327883225141
0.16062500000000002 0.07379984645489406
0.155 0.07311479435600612
0.149375 0.07242293792753428
0.14375000000000002 0.07172558886036966
0.138125 0.07101398042821047
0.1325 0.07027754480541723
0.12687500000000002 0.06950571416635042
0.12125000000000001 0.06868792068537045
0.11562500000000002 0.06781359653683787
0.11000000000000001 0.0668721738951131
0.10437500000000001 0.06585308493455666
0.09875000000000002 0.06474577982962684
0.09312500000000001 0.06354263152067594
0.08750000000000001 0.062242141981385495
0.081875 0.06084358493963394
0.07625000000000001 0.059346234123299625
0.07062500000000001 0.05774651751846916
0.065 0.05601826310936096
0.05937500000000001 0.05412452156652716
0.053750000000000006 0.052028277187533535
0.048125 0.049692395588058776
0.0425 0.047072621470556644
0.036875000000000005 0.044113662121982394
0.03125 0.04075927537419456
0.025625000000000002 0.0369532190590517
0.02 0.03263925100841238
0.02 0.03263925100841238
0.015 0.02833275078432073
0.01 0.023540998655450143
0.005 0.01822449394952569
0.0 0.012343735994272425
0.0 0.0
0.005 -0.013234056928205335
0.01 -0.02252702846410267
0.015 -0.028852971535897335
0.02 -0.03318594307179468
0.02 -0.03318594307179468
0.025625000000000002 -0.03689079324361985
0.03125 -0.04035959737580209
0.036875000000000005 -0.04368918275798432
0.0425 -0.046805348215706845
0.048125 -0.04963389257450994
0.053750000000000006 -0.052107822559813805
0.05937500000000001 -0.05424393673314294
0.065 -0.05611309290512137
0.07062500000000001 -0.05778704987385809
0.07625000000000001 -0.05933742092019448
0.081875 -0.06081219095863788
0.08750000000000001 -0.06220979627406231
0.09312500000000001 -0.06352243409849154
0.09875000000000002 -0.0647423016639492
0.10437500000000001 -0.06586310195386591
0.11000000000000001 -0.06689049616401128
0.11562500000000002 -0.06783584802973965
0.12125000000000001 -0.06871055640597151
0.12687500000000002 -0.06952602014762754
0.1325 -0.07029363810962831
0.138125 -0.07102480914689442
0.14375000000000002 -0.07173093211434649
0.149375 -0.07242340586690507
0.155 -0.07311170699345919
0.16062500000000002 -0.07379455565285753
0.16625 -0.07446693259580921
0.171875 -0.07512381481859741
0.17750000000000002 -0.07576017931750544
0.183125 -0.07637100308881645
0.18875 -0.07695126312881374
0.19437500000000002 -0.0774959364337805
0.2 -0.07800000000000001
0.2 -0.07800000000000001
0.22608695652173916 -0.07976526805599984
0.2521739130434783 -0.08067056901061757
0.27826086956521745 -0.08083740873628288
0.30434782608695654 -0.08038721732107441
0.3304347826086957 -0.07941573395807253
0.35652173913043483 -0.07795572104465379
0.3826086956521739 -0.07603046793431639
0.4086956521739131 -0.07366376768579955
0.4347826086956522 -0.0709096356723022
0.46086956521739136 -0.06786893185443589
0.4869565217391305 -0.06464654583474021
0.5130434782608697 -0.06134483248976348
0.5391304347826088 -0.05800784799825524
0.5652173913043479 -0.0546213498411662
0.5913043478260871 -0.051168560773455884
0.6173913043478262 -0.047634296411194425
0.6434782608695653 -0.044021889380862815
0.6695652173913045 -0.040346618767271615
0.6956521739130436 -0.03662396276287025
0.7217391304347827 -0.03287382702079945
0.7478260869565219 -0.02914555095287566
0.7739130434782611 -0.02550048124431022
0.8 -0.021999999999999995
0.8 -0.021999999999999995
0.805625 -0.021269917072064628
0.81125 -0.02054892964157801
0.816875 -0.019836556781382145
0.8225 -0.019132317564319025
0.828125 -0.018435731063230643
0.83375 -0.01774631635095898
0.839375 -0.01706359250034605
0.845 -0.016387078584233827
0.8506250000000001 -0.0157162936754643
0.8562500000000001 -0.01505075684687948
0.8618750000000001 -0.014389987171321356
0.8675 -0.013733503721631912
0.873125 -0.013080825570653147
0.87875 -0.012431471791227047
0.884375 -0.011784961456195614
0.89 -0.011140813638400835
0.895625 -0.010498547410684702
0.90125 -0.009857685118430281
0.906875 -0.009218280485877091
0.9125 -0.008581501537499458
0.918125 -0.007948656607970134
0.92375 -0.007321054031961872
0.9293750000000001 -0.0067000021441474145
0.935 -0.006086809279199539
0.940625 -0.005482783771790986
0.94625 -0.00488923395659451
0.951875 -0.004307468168282867
0.9575 -0.0037387947415288073
0.963125 -0.0031845220110050853
0.96875 -0.0026459583113844568
0.974375 -0.0021244119773396737
0.98 -0.0016211913435434902
0.98 -0.0016211913435434902
0.985 -0.0011903263272005885
0.99 -0.0007758935076576177
0.995 -0.00037881177017171053
1.0 0.0
