1.0 0.0
0.995 0.000998254076613319
0.99 0.002016533181664537
0.985 0.0030537234231049993
0.98 0.0041087109088860495
0.98 0.0041087109088860495
0.974375 0.005315458172880786
0.96875 0.0065417343137929105
0.963125 0.007785953340795334
0.9575 0.009046529263060966
0.951875 0.010321876089762719
0.94625 0.011610407830073501
0.940625 0.012910538493166224
0.935 0.0142206820882138
0.9293750000000001 0.015539252624389134
0.92375 0.01686466411086517
0.918125 0.01819533055681476
0.9125 0.019529665971410846
0.906875 0.020866084363826334
0.90125 0.022202999743234142
0.895625 0.023538906138311746
0.89 0.02487293306791295
0.884375 0.026204513098519674
0.87875 0.02753308066295798
0.873125 0.02885807019405393
0.8675 0.03017891612463354
0.8618750000000001 0.031495052887522905
0.8562500000000001 0.03280591491554805
0.8506250000000001 0.034110936641535056
0.845 0.035409552498309994
0.839375 0.03670119691869883
0.83375 0.037985304335527686
0.828125 0.039261309181622614
0.8225 0.040528645889809645
0.816875 0.04178674889291484
0.81125 0.043035052623764274
0.805625 0.04427299151518398
0.8 0.0455
0.8 0.0455
0.7739130434782611 0.051051342746971665
0.7478260869565219 0.05641973104131777
0.7217391304347827 0.061669466829242334
0.6956521739130436 0.06686472969729954
0.6695652173913045 0.07202821931076014
0.6434782608695653 0.07708095446590793
0.6173913043478262 0.08192865900280114
0.5913043478260871 0.08647792580334598
0.5652173913043479 0.0906874902603264
0.5391304347826088 0.09459690865838656
0.5130434782608697 0.09825268961695441
0.4869565217391305 0.1016973516356241
0.46086956521739136 0.10488164045781105
0.4347826086956522 0.10766452907075215
0.4086956521739131 0.1099010003418503
0.3826086956521739 0.11145324646667097
0.35652173913043483 0.1122672680806665
0.3304347826086957 0.11234313578050674
0.30434782608695654 0.11168182132888178
0.27826086956521745 0.11027213061705163
0.2521739130434783 0.10802199082300791
0.22608695652173916 0.10480633528142354
0.2 0.1005
0.2 0.1005
0.19437500000000002 0.09941640048699303
0.18875 0.09827509481359335
0.183125 0.09707490642886824
0.17750000000000002 0.09581465878188496
0.171875 0.09449317532171085
0.16625 0.09310927949741322
0.16062500000000002 0.09166179475805936
0.155 0.09014954455271655
0.149375 0.08857135290245674
0.14375000000000002 0.0869266135449588
0.138125 0.08521635901115349
0.1325 0.08344191469833989
0.12687500000000002 0.08160460600381698
0.12125000000000001 0.0797057583248838
0.11562500000000002 0.07774669705883938
0.11000000000000001 0.07572874760298273
0.10437500000000001 0.0736532353546129
0.09875000000000002 0.07152144682707406
0.09312500000000001 0.06932835475154889
0.08750000000000001 0.06705569187260839
0.081875 0.06468352378526154
0.07625000000000001 0.062191916084517115
0.07062500000000001 0.05956281320464456
0.065 0.05679308074068877
0.05937500000000001 0.05388669977515683
0.053750000000000006 0.05084769521187972
0.048125 0.0476796604686442
0.0425 0.04436029980058378
0.036875000000000005 0.04082718926071952
0.03125 0.03701445301371864
0.025625000000000002 0.0328562152242484
0.02 0.028286600056976065
0.02 0.028286600056976065
0.015 0.023826111155425825
0.01 0.018942266590698573
0.005 0.01358879965814362
0.0 0.007719443653110238
0.0 0.0
0.005 -0.00929716994680838
0.01 -0.015154384973404187
0.015 -0.018426015026595806
0.02 -0.01996643005319162
0.02 -0.01996643005319162
0.025625000000000002 -0.020693567856237494
0.03125 -0.021251132604720238
0.036875000000000005 -0.021786422353202977
0.0425 -0.022304990182844663
0.048125 -0.022812389174804257
0.053750000000000006 -0.02331287089220536
0.05937500000000001 -0.023795556751011
0.065 -0.02423980678191927
0.07062500000000001 -0.024624818325873845
0.07625000000000001 -0.02492986880651456
0.081875 -0.02514723907526939
0.08750000000000001 -0.02529647814160702
0.09312500000000001 -0.025400568560593827
0.09875000000000002 -0.025482492887296104
0.10437500000000001 -0.02556330516813436
0.11000000000000001 -0.025648743829845763
0.11562500000000002 -0.02573724370519966
0.12125000000000001 -0.02582719464717184
0.12687500000000002 -0.025916986508738138
0.1325 -0.026005009142874364
0.138125 -0.02608965240255634
0.14375000000000002 -0.026169306140759886
0.149375 -0.026242360210460815
0.155 -0.026307367277138793
0.16062500000000002 -0.026363791056709985
0.16625 -0.026411411986289452
0.171875 -0.026450010820985394
0.17750000000000002 -0.02647936831590604
0.183125 -0.026499265226159602
0.18875 -0.02650948230685431
0.19437500000000002 -0.026509800313098367
0.2 -0.026500000000000003
0.2 -0.026500000000000003
0.22608695652173916 -0.026317784944193602
0.2521739130434783 -0.02590247656302174
0.27826086956521745 -0.025243322757244314
0.30434782608695654 -0.024329643165322146
0.3304347826086957 -0.023175076506333638
0.35652173913043483 -0.021852875528835608
0.3826086956521739 -0.020445260194001977
0.4086956521739131 -0.019033622971448064
0.4347826086956522 -0.01764970683727269
0.46086956521739136 -0.01624829805262408
0.4869565217391305 -0.014777562946181615
0.5130434782608697 -0.013188244712887215
0.5391304347826088 -0.011490354471721372
0.5652173913043479 -0.009753171265703114
0.5913043478260871 -0.008048551004114035
0.6173913043478262 -0.006443687343604649
0.6434782608695653 -0.004951575253989167
0.6695652173913045 -0.003550242810348701
0.6956521739130436 -0.0022171353061854987
0.7217391304347827 -0.0009387814105837925
0.7478260869565219 0.00023790392650301136
0.7739130434782611 0.0012413716405430988
0.8 0.0020000000000000005
0.8 0.0020000000000000005
0.805625 0.0021247629348924006
0.81125 0.0022353225407936916
0.816875 0.0023321890749531536
0.8225 0.002415872794620067
0.828125 0.002486883957043709
0.83375 0.0025457328194733583
0.839375 0.002592929639158297
0.845 0.0026289846733478007
0.8506250000000001 0.0026544081792911497
0.8562500000000001 0.002669710414237623
0.8618750000000001 0.0026754016354364994
0.8675 0.0026719921001370573
0.873125 0.002659992065588578
0.87875 0.0026399117890403374
0.884375 0.002612261527741617
0.89 0.0025775515389416955
0.895625 0.0025362920798898507
0.90125 0.002488991031390149
0.906875 0.0024357703989550186
0.9125 0.0023759430085015004
0.918125 0.002308719795858078
0.92375 0.0022333116968532387
0.9293750000000001 0.002148929647315465
0.935 0.0020547845830732464
0.940625 0.0019500874399550664
0.94625 0.0018340491537894104
0.951875 0.0017058806604047644
0.9575 0.0015647928956296136
0.963125 0.0014099967952924432
0.96875 0.0012407032952217395
0.974375 0.0010561233312459874
0.98 0.0008554678391936725
0.98 0.0008554678391936725
0.985 0.0006629740067503674
0.99 0.0004566008793952544
0.995 0.0002357942721409323
1.0 0.0
