1.0 0.0
0.995 0.0026700549160379255
0.99 0.0051873016875296435
0.985 0.007559858512757417
0.98 0.009795843590003505
0.98 0.009795843590003505
0.974375 0.012158188992608768
0.96875 0.014369519290414311
0.963125 0.016441393402458745
0.9575 0.018385370247780683
0.951875 0.02021300874541873
0.94625 0.021935867814411508
0.940625 0.023565506373797618
0.935 0.025113483342615664
0.9293750000000001 0.026591357639904268
0.92375 0.028010688184702072
0.918125 0.029383033896047614
0.9125 0.03071995369297955
0.906875 0.032033006494536484
0.90125 0.03333375121975704
0.895625 0.034632891264867106
0.89 0.03593384176557139
0.884375 0.037236331096702935
0.87875 0.038540059077276964
0.873125 0.03984472552630872
0.8675 0.041150030262813456
0.8618750000000001 0.04245567310580637
0.8562500000000001 0.043761353874302716
0.8506250000000001 0.0450667723873177
0.845 0.04637162846386661
0.839375 0.047675621922964595
0.83375 0.04897845258362692
0.828125 0.050279820264868845
0.8225 0.05157942478570556
0.816875 0.052876965965152324
0.81125 0.05417214362222436
0.805625 0.05546465757593689
0.8 0.05675420764530517
0.8 0.05675420764530517
0.7739130434782611 0.06268793461562698
0.7478260869565219 0.06852537858929346
0.7217391304347827 0.07424049021492479
0.6956521739130436 0.07980725434942217
0.6695652173913045 0.08521345408319708
0.6434782608695653 0.0904817475267262
0.6173913043478262 0.09564021830462846
0.5913043478260871 0.10071632552661372
0.5652173913043479 0.10569616604657402
0.5391304347826088 0.11049938155886396
0.5130434782608697 0.11503961420879177
0.4869565217391305 0.11923110290534418
0.46086956521739136 0.12300288073257579
0.4347826086956522 0.12629939416207236
0.4086956521739131 0.12906581033686446
0.3826086956521739 0.13124430528188927
0.35652173913043483 0.13274001291338375
0.3304347826086957 0.1334330448281887
0.30434782608695654 0.13320304203924221
0.27826086956521745 0.13194555409876813
0.2521739130434783 0.12966808993967077
0.22608695652173916 0.12642622320936184
0.2 0.12227571245420829
0.2 0.12227571245420829
0.19437500000000002 0.12126496360038025
0.18875 0.12020030742693368
0.183125 0.1190662672496886
0.17750000000000002 0.1178473651904595
0.171875 0.11652812337106098
0.16625 0.11509306391330765
0.16062500000000002 0.11352670893901406
0.155 0.11181358056999481
0.149375 0.10993820128796958
0.14375000000000002 0.1078906726880781
0.138125 0.1056807887029619
0.1325 0.10332268587385912
0.12687500000000002 0.1008305007420078
0.12125000000000001 0.09821836984864608
0.11562500000000002 0.09550042973501205
0.11000000000000001 0.09269081694234382
0.10437500000000001 0.08980366801187943
0.09875000000000002 0.08685308642892818
0.09312500000000001 0.08384204708304674
0.08750000000000001 0.08074627949136154
0.081875 0.07753742061537934
0.07625000000000001 0.07418710741660693
0.07062500000000001 0.0706713910970016
0.065 0.06700720193663168
0.05937500000000001 0.06323360839629251
0.053750000000000006 0.05938989704764905
0.048125 0.05551461668411943
0.0425 0.05158819410825133
0.036875000000000005 0.04749194265542772
0.03125 0.04309750017703831
0.025625000000000002 0.03827650452447283
0.02 0.032900593549120956
0.02 0.032900593549120956
0.015 0.02755238150181287
0.01 0.021574143057230495
0.005 0.014875725375746324
0.0 0.007366975617732783
0.0 0.0
0.005 -0.005695394559170967
0.01 -0.009283906377617125
0.015 -0.011265615878109049
0.02 -0.012140603483417315
0.02 -0.012140603483417315
0.025625000000000002 -0.012424618152488064
0.03125 -0.012501692572101238
0.036875000000000005 -0.012489526187297949
0.0425 -0.012424860130104272
0.048125 -0.012344435532546286
0.053750000000000006 -0.012282864168937806
0.05937500000000001 -0.012249354149455651
0.065 -0.012236410162513516
0.07062500000000001 -0.01223624405461491
0.07625000000000001 -0.012241069053783964
0.081875 -0.012243341871980772
0.08750000000000001 -0.01223604000521508
0.09312500000000001 -0.012212208060446782
0.09875000000000002 -0.012164890644635773
0.10437500000000001 -0.012088115835644982
0.11000000000000001 -0.011983905953923074
0.11562500000000002 -0.011858171475310222
0.12125000000000001 -0.011716848791370279
0.12687500000000002 -0.011565874293667096
0.1325 -0.011411184373764533
0.138125 -0.01125871542322644
0.14375000000000002 -0.011114403833616681
0.149375 -0.010984185996499099
0.155 -0.01087289708076847
0.16062500000000002 -0.010779074215614182
0.16625 -0.010699019289342108
0.171875 -0.010629031536293975
0.17750000000000002 -0.010565410190811518
0.183125 -0.010504454487236478
0.18875 -0.010442463659910585
0.19437500000000002 -0.010375736943175572
0.2 -0.010300573571373175
0.2 -0.010300573571373175
0.22608695652173916 -0.009813685413506827
0.2521739130434783 -0.009172239212984509
0.27826086956521745 -0.008483460052427384
0.30434782608695654 -0.007854476831530406
0.3304347826086957 -0.007359219405010843
0.35652173913043483 -0.006989969203594337
0.3826086956521739 -0.006726681518321186
0.4086956521739131 -0.0065492687396028785
0.4347826086956522 -0.006435054954041317
0.46086956521739136 -0.0063573441527651825
0.4869565217391305 -0.00628909354918602
0.5130434782608697 -0.006204270631521483
0.5391304347826088 -0.006100163073546842
0.5652173913043479 -0.0059974254216455195
0.5913043478260871 -0.005917731834428866
0.6173913043478262 -0.005881375114248867
0.6434782608695653 -0.005892545036355735
0.6695652173913045 -0.005945021032626096
0.6956521739130436 -0.0060324080700300195
0.7217391304347827 -0.006149301914332759
0.7478260869565219 -0.006296901066885609
0.7739130434782611 -0.006479103442697465
0.8 -0.006699815015276724
0.8 -0.006699815015276724
0.805625 -0.006752721264419047
0.81125 -0.006806975501972029
0.816875 -0.006861951292909908
0.8225 -0.006917022202201927
0.828125 -0.006971561794817335
0.83375 -0.007024943635725378
0.839375 -0.007076541289895306
0.845 -0.007125728322296366
0.8506250000000001 -0.007171878297897807
0.8562500000000001 -0.007214364781668872
0.8618750000000001 -0.007252561338578812
0.8675 -0.007285841533596873
0.873125 -0.007313578931692304
0.87875 -0.007335147097834351
0.884375 -0.007349919596992263
0.89 -0.007357269994135286
0.895625 -0.0073565718542326665
0.90125 -0.007347189464720696
0.906875 -0.007326885621580137
0.9125 -0.007290014629004162
0.918125 -0.007230494083583854
0.92375 -0.007142241581910298
0.9293750000000001 -0.007019174720574575
0.935 -0.006855211096167772
0.940625 -0.006644268305280971
0.94625 -0.006380263944505252
0.951875 -0.0060571156104317035
0.9575 -0.005668740899651406
0.963125 -0.005209057408755444
0.96875 -0.004671982734334899
0.974375 -0.004051434472980857
0.98 -0.0033413302212844005
0.98 -0.0033413302212844005
0.985 -0.00263002653916572
0.99 -0.0018388848524570091
0.995 -0.0009636332948408934
1.0 0.0
