1.0 0.0
0.995 0.0015211798090078803
0.99 0.0030283343729001003
0.985 0.004521957129268322
0.98 0.006002541515704203
0.98 0.006002541515704203
0.974375 0.007653228411511155
0.96875 0.009288740697645372
0.963125 0.010909780944427797
0.9575 0.01251705172217937
0.951875 0.014111255601221027
0.94625 0.015693095151873705
0.940625 0.017263272944458348
0.935 0.018822491549295887
0.9293750000000001 0.02037145353670727
0.92375 0.02191086147701346
0.918125 0.02344141794053534
0.9125 0.024963825497593867
0.906875 0.02647878671851
0.90125 0.02798700417360466
0.895625 0.02948916188078946
0.89 0.030985615779548108
0.884375 0.032476440657705254
0.87875 0.03396170220618575
0.873125 0.035441466115914484
0.8675 0.03691579807781632
0.8618750000000001 0.03838476378281613
0.8562500000000001 0.03984842892183876
0.8506250000000001 0.0413068591858091
0.845 0.042760120265652034
0.839375 0.04420827785229238
0.83375 0.045651397636655024
0.828125 0.047089545309664846
0.8225 0.048522786562246706
0.816875 0.04995118708532546
0.81125 0.05137481256982599
0.805625 0.052793728706673176
0.8 0.05420800118679187
0.8 0.05420800118679187
0.7739130434782611 0.06070159413258293
0.7478260869565219 0.06705579224200944
0.7217391304347827 0.07322495448775493
0.6956521739130436 0.07916343396848541
0.6695652173913045 0.08483835527534733
0.6434782608695653 0.09026260822724747
0.6173913043478262 0.09545932973725436
0.5913043478260871 0.1004515964975519
0.5652173913043479 0.10524287548957857
0.5391304347826088 0.1097889178392513
0.5130434782608697 0.11403835569340363
0.4869565217391305 0.11793995236111754
0.46086956521739136 0.12145202469331298
0.4347826086956522 0.1245487566157909
0.4086956521739131 0.12720582872056463
0.3826086956521739 0.12939907918777027
0.35652173913043483 0.13110886750374903
0.3304347826086957 0.13232063709542824
0.30434782608695654 0.13302010199019498
0.27826086956521745 0.1331840362637696
0.2521739130434783 0.13266262353159794
0.22608695652173916 0.1312121431438906
0.2 0.12858665510251865
0.2 0.12858665510251865
0.19437500000000002 0.12784273298095
0.18875 0.12702973012815036
0.183125 0.12614257576696472
0.17750000000000002 0.1251757183276021
0.171875 0.12412360624027166
0.16625 0.12298068793518242
0.16062500000000002 0.12174141184254347
0.155 0.12040022639256395
0.149375 0.11895158001545292
0.14375000000000002 0.1173899275225441
0.138125 0.11571089674450895
0.1325 0.11391264945481056
0.12687500000000002 0.11199367774869555
0.12125000000000001 0.10995247372141051
0.11562500000000002 0.1077875294682021
0.11000000000000001 0.10549733708431687
0.10437500000000001 0.10308038866500144
0.09875000000000002 0.10053517630550247
0.09312500000000001 0.09786000260782078
0.08750000000000001 0.0950479994358126
0.081875 0.09208663175313701
0.07625000000000001 0.08896307553656271
0.07062500000000001 0.08566450466839406
0.065 0.08217639853176889
0.05937500000000001 0.07847948665272597
0.053750000000000006 0.07455367256265448
0.048125 0.07037885979294355
0.0425 0.06592733473280311
0.036875000000000005 0.06111540857087936
0.03125 0.055834429010907384
0.025625000000000002 0.049975628653517394
0.02 0.043430240099339615
0.02 0.043430240099339615
0.015 0.03694779289279653
0.01 0.02976052575228351
0.005 0.021792047856844025
0.0 0.012965968385521491
0.0 0.0
0.005 -0.008170336196152131
0.01 -0.013840229062321536
0.015 -0.017586257389386992
0.02 -0.019984999968227286
0.02 -0.019984999968227286
0.025625000000000002 -0.021791066035968358
0.03125 -0.023326605843305127
0.036875000000000005 -0.024747235679448306
0.0425 -0.0260462191776335
0.048125 -0.027216795744585433
0.053750000000000006 -0.02825252575745163
0.05937500000000001 -0.029156261378431737
0.065 -0.02994135026736025
0.07062500000000001 -0.030621702917434934
0.07625000000000001 -0.031211229821853582
0.081875 -0.03172421710560034
0.08750000000000001 -0.03217652731231314
0.09312500000000001 -0.032584436462651786
0.09875000000000002 -0.03296422057889097
0.10437500000000001 -0.0333316100948573
0.11000000000000001 -0.03369107307901652
0.11562500000000002 -0.03403648656847193
0.12125000000000001 -0.034361316437682005
0.12687500000000002 -0.03465902856110527
0.1325 -0.034923088813200207
0.138125 -0.03514696306842532
0.14375000000000002 -0.03532411720123912
0.149375 -0.0354480170861001
0.155 -0.03551261196440791
0.16062500000000002 -0.03551862116383938
0.16625 -0.03547174877270318
0.171875 -0.035377814658454416
0.17750000000000002 -0.03524263868854821
0.183125 -0.03507204073043969
0.18875 -0.03487184065158399
0.19437500000000002 -0.03464785831943619
0.2 -0.03440591360145143
0.2 -0.03440591360145143
0.22608695652173916 -0.03314137334601615
0.2521739130434783 -0.031683706167965495
0.27826086956521745 -0.030070157969981307
0.30434782608695654 -0.028337950489501634
0.3304347826086957 -0.0265180645640683
0.35652173913043483 -0.0246239625785168
0.3826086956521739 -0.02266605594879151
0.4086956521739131 -0.02065507702958267
0.4347826086956522 -0.018626903564380647
0.46086956521739136 -0.01666021513486437
0.4869565217391305 -0.014837859856139834
0.5130434782608697 -0.01323987406314755
0.5391304347826088 -0.011874064042554498
0.5652173913043479 -0.010671538872906582
0.5913043478260871 -0.00955970141192007
0.6173913043478262 -0.008471415559692776
0.6434782608695653 -0.00740669692143144
0.6695652173913045 -0.006410692123266386
0.6956521739130436 -0.005529385507544129
0.7217391304347827 -0.004798961730715078
0.7478260869565219 -0.004188620617603041
0.7739130434782611 -0.0036395434982098673
0.8 -0.0030928172265444562
0.8 -0.0030928172265444562
0.805625 -0.0029697587638606395
0.81125 -0.002844886111116566
0.816875 -0.0027190481565250945
0.8225 -0.0025930937912606884
0.828125 -0.0024678719064978078
0.83375 -0.002344231393410915
0.839375 -0.002223021143174471
0.845 -0.0021050900469629374
0.8506250000000001 -0.001991286995950775
0.8562500000000001 -0.0018824608813124474
0.8618750000000001 -0.0017794605942224164
0.8675 -0.0016831350258551415
0.873125 -0.0015943330673850859
0.87875 -0.0015139036099867105
0.884375 -0.0014426955448344767
0.89 -0.0013815577631028472
0.895625 -0.001331339155966282
0.90125 -0.0012928828126998796
0.906875 -0.00126596550687137
0.9125 -0.0012480606834324563
0.918125 -0.0012363415454202588
0.92375 -0.0012279812958718972
0.9293750000000001 -0.0012201531378244904
0.935 -0.0012100302743151587
0.940625 -0.001194785908381021
0.94625 -0.0011715932430591974
0.951875 -0.001137625481386807
0.9575 -0.001090055826400969
0.963125 -0.0010260574811388039
0.96875 -0.0009428036486374306
0.974375 -0.0008374675319339689
0.98 -0.000707222334065538
0.98 -0.000707222334065538
0.985 -0.0005682522770442825
0.99 -0.00040538210226358093
0.995 -0.00021662645986747346
1.0 0.0
