1.0 0.0
0.995 0.0012884595308214227
0.99 0.0025531949992781853
0.985 0.0037957313011885837
0.98 0.005017593332370914
0.98 0.005017593332370914
0.974375 0.006369374577213893
0.96875 0.007699091083990474
0.963125 0.009008914042254443
0.9575 0.010301014641559582
0.951875 0.011577564071459677
0.94625 0.01284073352150851
0.940625 0.014092694181259868
0.935 0.015335617240267531
0.9293750000000001 0.016571673888085288
0.92375 0.01780303531426694
0.918125 0.01903187270836623
0.9125 0.020260357259936964
0.906875 0.021490660158532928
0.90125 0.022724952593707902
0.895625 0.023965229935420284
0.89 0.025212091248736832
0.884375 0.026465469739673567
0.87875 0.027725294513497912
0.873125 0.028991494675477316
0.8675 0.030263999330879178
0.8618750000000001 0.03154273758497097
0.8562500000000001 0.03282763854302008
0.8506250000000001 0.03411863131029397
0.845 0.0354156449920601
0.839375 0.03671860869358583
0.83375 0.03802745152013862
0.828125 0.03934210257698593
0.8225 0.04066249096939515
0.816875 0.04198854580263373
0.81125 0.04332019618196912
0.805625 0.044657371212668745
0.8 0.046
0.8 0.046
0.7739130434782611 0.05228348070903456
0.7478260869565219 0.05860096938778386
0.7217391304347827 0.0648706989464232
0.6956521739130436 0.07101097664246041
0.6695652173913045 0.07696531347913395
0.6434782608695653 0.08273900309302155
0.6173913043478262 0.08834663253726815
0.5913043478260871 0.09380218586621913
0.5652173913043479 0.09908346720623666
0.5391304347826088 0.10411220179530906
0.5130434782608697 0.1088052908810269
0.4869565217391305 0.11308133058222962
0.46086956521739136 0.11689789905647778
0.4347826086956522 0.12025155650005331
0.4086956521739131 0.12314055798048669
0.3826086956521739 0.12555717279520737
0.35652173913043483 0.1274240856642168
0.3304347826086957 0.12861908803175656
0.30434782608695654 0.12901922312080566
0.27826086956521745 0.12850449343814682
0.2521739130434783 0.1269745748092904
0.22608695652173916 0.12433716863742258
0.2 0.1205
0.2 0.1205
0.19437500000000002 0.11950579047965552
0.18875 0.11844669500319228
0.183125 0.11731789978250645
0.17750000000000002 0.11611459102949426
0.171875 0.11483195495605195
0.16625 0.11346517777407567
0.16062500000000002 0.11200944569546165
0.155 0.1104599449321061
0.149375 0.10881186487426492
0.14375000000000002 0.10706356055841648
0.138125 0.10522249302146827
0.1325 0.10329775062047444
0.12687500000000002 0.10129842171248907
0.12125000000000001 0.09923359465456615
0.11562500000000002 0.09711235780375983
0.11000000000000001 0.09494379951712412
0.10437500000000001 0.09273700815171314
0.09875000000000002 0.0905009536950707
0.09312500000000001 0.08822538588551881
0.08750000000000001 0.08585974964314969
0.081875 0.08334841479530496
0.07625000000000001 0.08063575116932617
0.07062500000000001 0.07767320256647607
0.065 0.07446839210277288
0.05937500000000001 0.07105573325028011
0.053750000000000006 0.06746980447170667
0.048125 0.06374403851438562
0.0425 0.059843125203099604
0.036875000000000005 0.05562520283267814
0.03125 0.050939243974943975
0.025625000000000002 0.0456342212017199
0.02 0.03955910708482868
0.02 0.03955910708482868
0.015 0.033390416621533414
0.01 0.0263878572202284
0.005 0.018445357491027874
0.0 0.009456846044046018
0.0 0.0
0.005 -0.012677920843494265
0.01 -0.021638960421747132
0.015 -0.027761039578252867
0.02 -0.031922079156505745
0.02 -0.031922079156505745
0.025625000000000002 -0.035352020860585316
0.03125 -0.038374690794899476
0.036875000000000005 -0.04113157947921364
0.0425 -0.043617217011546076
0.048125 -0.04582613348991511
0.053750000000000006 -0.04775660579611268
0.05937500000000001 -0.049450467173300275
0.065 -0.05097765174294215
0.07062500000000001 -0.05240856197447429
0.07625000000000001 -0.05381340401484495
0.081875 -0.055230506147047644
0.08750000000000001 -0.056631348846984064
0.09312500000000001 -0.057978995263891955
0.09875000000000002 -0.059236508547008994
0.10437500000000001 -0.06037081007686488
0.11000000000000001 -0.06137946211456968
0.11562500000000002 -0.06227463870679684
0.12125000000000001 -0.06306860388812144
0.12687500000000002 -0.06377362169311875
0.1325 -0.06440195615636389
0.138125 -0.06496587131243209
0.14375000000000002 -0.06547763119589853
0.149375 -0.06594949984133838
0.155 -0.06639231650568284
0.16062500000000002 -0.06680894781314808
0.16625 -0.06719948875018969
0.171875 -0.06756403152049437
0.17750000000000002 -0.0679026683277489
0.183125 -0.06821549137563998
0.18875 -0.06850259286785437
0.19437500000000002 -0.06876406500807879
0.2 -0.069
0.2 -0.069
0.22608695652173916 -0.06978017468435956
0.2521739130434783 -0.07012523824709528
0.27826086956521745 -0.0701473516373098
0.30434782608695654 -0.06995857092847234
0.3304347826086957 -0.0696353993543781
0.35652173913043483 -0.06916718849758548
0.3826086956521739 -0.06853018048649578
0.4086956521739131 -0.0677009871237308
0.4347826086956522 -0.06667840066514118
0.46086956521739136 -0.06549559306908229
0.4869565217391305 -0.06418869368767341
0.5130434782608697 -0.06279278247179747
0.5391304347826088 -0.06131880314390194
0.5652173913043479 -0.05975356319799879
0.5913043478260871 -0.058082820726863715
0.6173913043478262 -0.05629406617803796
0.6434782608695653 -0.054394928623212234
0.6695652173913045 -0.0524060297948189
0.6956521739130436 -0.050348207969635954
0.7217391304347827 -0.04823362574189267
0.7478260869565219 -0.0460167697682339
0.7739130434782611 -0.043628598254232286
0.8 -0.041
0.8 -0.041
0.805625 -0.04039492843958438
0.81125 -0.0397742901616596
0.816875 -0.03913691014923317
0.8225 -0.03848161338531261
0.828125 -0.0378072248529054
0.83375 -0.03711256953501903
0.839375 -0.03639647241466101
0.845 -0.035657758474838847
0.8506250000000001 -0.03489525269855999
0.8562500000000001 -0.03410778006883201
0.8618750000000001 -0.033294165568662354
0.8675 -0.032453234181058534
0.873125 -0.03158381088902807
0.87875 -0.030684720675578418
0.884375 -0.02975478852371711
0.89 -0.02879283941645163
0.895625 -0.02779769833678948
0.90125 -0.026768186655441242
0.906875 -0.025702539196405586
0.9125 -0.02459776079658097
0.918125 -0.023450701415635513
0.92375 -0.022258211013237345
0.9293750000000001 -0.021017139549054563
0.935 -0.019724336982755344
0.940625 -0.01837665327400779
0.94625 -0.016970938382480025
0.951875 -0.015504042267840176
0.9575 -0.01397281488975637
0.963125 -0.012374106207896734
0.96875 -0.010704766181929393
0.974375 -0.00896164477152247
0.98 -0.007141591936344096
0.98 -0.007141591936344096
0.985 -0.005456636253319902
0.99 -0.0037061939522580723
0.995 -0.0018880526591532301
1.0 0.0
