1.0 0.0
0.995 0.0011980146066572581
0.99 0.0023940246006859084
0.985 0.0035876971612669073
0.98 0.004778699467581211
0.98 0.004778699467581211
0.974375 0.006114970872959491
0.96875 0.007446967631789642
0.963125 0.008774215864428928
0.9575 0.010096241691234607
0.951875 0.01141257123256394
0.94625 0.012722730608774185
0.940625 0.014026245940222604
0.935 0.015322643347266456
0.9293750000000001 0.016611448950263008
0.92375 0.017892188869569534
0.918125 0.019164389225543248
0.9125 0.02042757613854144
0.906875 0.02168127572892137
0.90125 0.0229250141170403
0.895625 0.024158428905229044
0.89 0.025382043051200343
0.884375 0.026596801714077037
0.87875 0.027803652653144596
0.873125 0.029003543627688512
0.8675 0.030197422396994238
0.8618750000000001 0.03138623672034728
0.8562500000000001 0.03257093435703311
0.8506250000000001 0.033752463066337196
0.845 0.03493177060754506
0.839375 0.03610980473994211
0.83375 0.03728751322281386
0.828125 0.03846584381544581
0.8225 0.039645744277123404
0.816875 0.04082816236713213
0.81125 0.0420140458447575
0.805625 0.043204342469284965
0.8 0.044399999999999995
0.8 0.044399999999999995
0.7739130434782611 0.050007177720333376
0.7478260869565219 0.05563219936528798
0.7217391304347827 0.06115722153656101
0.6956521739130436 0.06646453596497247
0.6695652173913045 0.07148224315399412
0.6434782608695653 0.0762507359081996
0.6173913043478262 0.08082729817252073
0.5913043478260871 0.08526817329728224
0.5652173913043479 0.08956716895638056
0.5391304347826088 0.09362131752524806
0.5130434782608697 0.09731932662246
0.4869565217391305 0.10055253649697521
0.46086956521739136 0.10327283789657021
0.4347826086956522 0.10549267206783967
0.4086956521739131 0.10722711288776142
0.3826086956521739 0.1084877480785916
0.35652173913043483 0.1092456388139438
0.3304347826086957 0.10944570010701704
0.30434782608695654 0.10903241120167026
0.27826086956521745 0.10793961459407125
0.2521739130434783 0.10603043968173734
0.22608695652173916 0.10313916900244774
0.2 0.09910000000000001
0.2 0.09910000000000001
0.19437500000000002 0.09806385162955558
0.18875 0.096972695800365
0.183125 0.09583260444710616
0.17750000000000002 0.09464964950445706
0.171875 0.09342990290709571
0.16625 0.09217943658970007
0.16062500000000002 0.09090432248694806
0.155 0.08961063253351775
0.149375 0.08830443390141587
0.14375000000000002 0.08698705014215048
0.138125 0.08564615975428895
0.1325 0.08426700274875275
0.12687500000000002 0.0828348191364633
0.12125000000000001 0.08133484892834204
0.11562500000000002 0.07975233213531047
0.11000000000000001 0.07807250876828993
0.10437500000000001 0.07628061883820197
0.09875000000000002 0.07436199048983151
0.09312500000000001 0.07231626260406139
0.08750000000000001 0.07017308364232103
0.081875 0.06796588080544065
0.07625000000000001 0.06572808129425048
0.07062500000000001 0.06348393361440277
0.065 0.061184791911011546
0.05937500000000001 0.058747249031709387
0.053750000000000006 0.05608768374377493
0.048125 0.05312274843848541
0.0425 0.04978551294703534
0.036875000000000005 0.046034494132491145
0.03125 0.04183039784990812
0.025625000000000002 0.03713392995434164
0.02 0.03190579630084704
0.02 0.03190579630084704
0.015 0.0267804637895477
0.01 0.02117640493220392
0.005 0.015066022194917721
0.0 0.008421718043791026
0.0 0.0
0.005 -0.009078714628022759
0.01 -0.01496535731401138
0.015 -0.018454642685988624
0.02 -0.020341285371977248
0.02 -0.020341285371977248
0.025625000000000002 -0.021537344280873547
0.03125 -0.022574822765713903
0.036875000000000005 -0.023549779375554258
0.0425 -0.02442099534543918
0.048125 -0.025147251910413244
0.053750000000000006 -0.025692220656066654
0.05937500000000001 -0.026076423493082843
0.065 -0.026357059961237612
0.07062500000000001 -0.02659194089412497
0.07625000000000001 -0.026838735086993224
0.081875 -0.0271320478587067
0.08750000000000001 -0.02745812047141692
0.09312500000000001 -0.027797104293203305
0.09875000000000002 -0.028129150692145208
0.10437500000000001 -0.028436153666579138
0.11000000000000001 -0.028713846645804512
0.11562500000000002 -0.028964562699657116
0.12125000000000001 -0.029190675542410147
0.12687500000000002 -0.029394558888336864
0.1325 -0.029578586451710482
0.138125 -0.029745131946804244
0.14375000000000002 -0.029896569087891386
0.149375 -0.030035271589245124
0.155 -0.0301634109669702
0.16062500000000002 -0.030282027296247932
0.16625 -0.03039176731363497
0.171875 -0.03049327736076965
0.17750000000000002 -0.030587203779290334
0.183125 -0.030674192910835358
0.18875 -0.03075489109704309
0.19437500000000002 -0.030829944679551843
0.2 -0.0309
0.2 -0.0309
0.22608695652173916 -0.031161872721742867
0.2521739130434783 -0.03129636528195659
0.27826086956521745 -0.031269699000153736
0.30434782608695654 -0.031048200244835754
0.3304347826086957 -0.03063380699173612
0.35652173913043483 -0.030115752926351737
0.3826086956521739 -0.02959640285779012
0.4086956521739131 -0.029177472004657208
0.4347826086956522 -0.02892170015546214
0.46086956521739136 -0.028831415182064057
0.4869565217391305 -0.02890374823230923
0.5130434782608697 -0.02913399669262019
0.5391304347826088 -0.02947528143667379
0.5652173913043479 -0.029838546825401196
0.5913043478260871 -0.030132903458309865
0.6173913043478262 -0.03027163497939256
0.6434782608695653 -0.03021653667478379
0.6695652173913045 -0.029960701664257884
0.6956521739130436 -0.02949774469814984
0.7217391304347827 -0.028817715635237624
0.7478260869565219 -0.02788696493522795
0.7739130434782611 -0.026662175071924882
0.8 -0.025100000000000004
0.8 -0.025100000000000004
0.805625 -0.024714848680017772
0.81125 -0.024312196023243016
0.816875 -0.023892242465344746
0.8225 -0.023455188441991952
0.828125 -0.023001234388853608
0.83375 -0.0225305807415987
0.839375 -0.022043427935896222
0.845 -0.02153997640741517
0.8506250000000001 -0.021020426591824494
0.8562500000000001 -0.020484978924793226
0.8618750000000001 -0.01993383384199033
0.8675 -0.019367191779084796
0.873125 -0.018785253171745616
0.87875 -0.018188218455641773
0.884375 -0.01757628806644225
0.89 -0.01694966243981605
0.895625 -0.016308542011432142
0.90125 -0.015653123249098677
0.906875 -0.014982958339218918
0.9125 -0.014296248411578096
0.918125 -0.013591024473927644
0.92375 -0.012865317534019012
0.9293750000000001 -0.012117158599603627
0.935 -0.01134457867843296
0.940625 -0.010545608778258445
0.94625 -0.009718279906831523
0.951875 -0.008860623071903637
0.9575 -0.007970669281226233
0.963125 -0.007046449542550756
0.96875 -0.006085994863628649
0.974375 -0.005087336252211355
0.98 -0.0040485047160503185
0.98 -0.0040485047160503185
0.985 -0.003089781728203031
0.99 -0.0020963785370377392
0.995 -0.0010669122563661576
1.0 0.0
