1.0 0.0
0.995 0.0011389662543643123
0.99 0.0023214178276837446
0.985 0.0035446881816259862
0.98 0.004806110777858729
0.98 0.004806110777858729
0.974375 0.006267494898024737
0.96875 0.007769993919988897
0.963125 0.009309811151477276
0.9575 0.01088314990021594
0.951875 0.012486213473930951
0.94625 0.014115205180348386
0.940625 0.015766328327194302
0.935 0.017435786222194768
0.9293750000000001 0.019119782173075858
0.92375 0.020814519487563663
0.918125 0.022516201473384186
0.9125 0.024221031438263523
0.906875 0.02592521268992775
0.90125 0.02762494853610293
0.895625 0.029316533498461056
0.89 0.03099795005973969
0.884375 0.03266866814618174
0.87875 0.03432820859330239
0.873125 0.03597609223661675
0.8675 0.037611839911639966
0.8618750000000001 0.03923497245388717
0.8562500000000001 0.04084501069887354
0.8506250000000001 0.04244147548211418
0.845 0.04402388763912427
0.839375 0.04559176800541891
0.83375 0.04714463741651324
0.828125 0.04868201670792243
0.8225 0.05020342671516161
0.816875 0.05170838827374591
0.81125 0.05319642221919049
0.805625 0.05466704938701048
0.8 0.056119790612721036
0.8 0.056119790612721036
0.7739130434782611 0.0626230017373655
0.7478260869565219 0.06878349568427856
0.7217391304347827 0.07466449969480288
0.6956521739130436 0.08032925853841982
0.6695652173913045 0.08581983476959897
0.6434782608695653 0.09110009075543227
0.6173913043478262 0.09611584700769432
0.5913043478260871 0.10081292296681418
0.5652173913043479 0.10513672685208943
0.5391304347826088 0.10903163633953944
0.5130434782608697 0.11244187027307857
0.4869565217391305 0.1153119570549917
0.46086956521739136 0.11761032092610776
0.4347826086956522 0.11934586028297152
0.4086956521739131 0.12053139017897642
0.3826086956521739 0.12118028037776049
0.35652173913043483 0.12132175283263422
0.3304347826086957 0.12100281866848081
0.30434782608695654 0.12027143273147098
0.27826086956521745 0.11916497311407029
0.2521739130434783 0.11757690710198215
0.22608695652173916 0.11529682776107851
0.2 0.11211202646173601
0.2 0.11211202646173601
0.19437500000000002 0.11128614256527407
0.18875 0.1104062429905944
0.183125 0.1094704767656501
0.17750000000000002 0.10847703204771371
0.171875 0.1074240969940578
0.16625 0.10630985976195494
0.16062500000000002 0.10513250850867763
0.155 0.10389023139149836
0.149375 0.10258121656768976
0.14375000000000002 0.10120364679418015
0.138125 0.09975525024957191
0.1325 0.09823296298753575
0.12687500000000002 0.09663364155408088
0.12125000000000001 0.09495414249521635
0.11562500000000002 0.09319132235695136
0.11000000000000001 0.09134203768529506
0.10437500000000001 0.08940314502625658
0.09875000000000002 0.08737150092584509
0.09312500000000001 0.08524330756619922
0.08750000000000001 0.083001259356309
0.081875 0.08061534811166238
0.07625000000000001 0.07805507251051058
0.07062500000000001 0.07528994429313678
0.065 0.07229406072425416
0.05937500000000001 0.06905283099745851
0.053750000000000006 0.06555337778666398
0.048125 0.061782823765784686
0.0425 0.05772154875586843
0.036875000000000005 0.05330591202851142
0.03125 0.04845460808124407
0.025625000000000002 0.04308628388207719
0.02 0.037119586399021555
0.02 0.037119586399021555
0.015 0.031247750360230173
0.01 0.024781709780527714
0.005 0.017664327825375845
0.0 0.009838467660236145
0.0 0.0
0.005 -0.010169066092893036
0.01 -0.017111068312304325
0.015 -0.021565568889759232
0.02 -0.02427213005678313
0.02 -0.02427213005678313
0.025625000000000002 -0.026148519188852283
0.03125 -0.02767434525061731
0.036875000000000005 -0.029081801563184212
0.0425 -0.030368174632478488
0.048125 -0.03153056298426812
0.053750000000000006 -0.03256614124064848
0.05937500000000001 -0.033474921666092096
0.065 -0.034260534431634335
0.07062500000000001 -0.034926844749926786
0.07625000000000001 -0.03547771783362101
0.081875 -0.03591920993254773
0.08750000000000001 -0.036268058610096146
0.09312500000000001 -0.03654425148352694
0.09875000000000002 -0.036767776934881265
0.10437500000000001 -0.036958245225365054
0.11000000000000001 -0.037125653478080715
0.11562500000000002 -0.0372698472262
0.12125000000000001 -0.03739018609141327
0.12687500000000002 -0.03748602969541091
0.1325 -0.03755673765988331
0.138125 -0.03760166960652084
0.14375000000000002 -0.037620185157013875
0.149375 -0.0376116439330528
0.155 -0.03757546192546339
0.16062500000000002 -0.03751195119616049
0.16625 -0.037422141548946776
0.171875 -0.03730708293944767
0.17750000000000002 -0.037167825323288606
0.183125 -0.03700541865609502
0.18875 -0.036820912893492305
0.19437500000000002 -0.0366153579911059
0.2 -0.03638980390456122
0.2 -0.03638980390456122
0.22608695652173916 -0.03510813013741536
0.2521739130434783 -0.03349252441410103
0.27826086956521745 -0.03161451936538786
0.30434782608695654 -0.029545642311647788
0.3304347826086957 -0.027353832976997082
0.35652173913043483 -0.0250968136509793
0.3826086956521739 -0.022830499738833464
0.4086956521739131 -0.02061068488625094
0.4347826086956522 -0.018483441942911443
0.46086956521739136 -0.016478194183088365
0.4869565217391305 -0.014622730293606537
0.5130434782608697 -0.012944260284710445
0.5391304347826088 -0.01145507267161829
0.5652173913043479 -0.010151579900129043
0.5913043478260871 -0.009029424594421943
0.6173913043478262 -0.00808146144261423
0.6434782608695653 -0.007266263278330985
0.6695652173913045 -0.006519362938076239
0.6956521739130436 -0.005775865592885494
0.7217391304347827 -0.0049863929321424
0.7478260869565219 -0.004208014758958303
0.7739130434782611 -0.0035424713938629767
0.8 -0.00309165634809683
0.8 -0.00309165634809683
0.805625 -0.0030320156156049987
0.81125 -0.002985350341887987
0.816875 -0.0029498443123217298
0.8225 -0.002923681304990318
0.828125 -0.002905045097977848
0.83375 -0.00289211946936841
0.839375 -0.0028830881972461003
0.845 -0.0028761350596950125
0.8506250000000001 -0.0028694438347992386
0.8562500000000001 -0.002861198300642873
0.8618750000000001 -0.0028495822353100096
0.8675 -0.002832779416884741
0.873125 -0.002808973623451162
0.87875 -0.0027763486330933643
0.884375 -0.0027330882238954437
0.89 -0.0026773761739414923
0.895625 -0.0026073962613156047
0.90125 -0.002521337386909848
0.906875 -0.002418462291647969
0.9125 -0.0023004236339317177
0.918125 -0.002169196521757057
0.92375 -0.0020267560631199574
0.9293750000000001 -0.0018750773660163823
0.935 -0.001716135538442306
0.940625 -0.0015519056883936929
0.94625 -0.0013843629238665096
0.951875 -0.0012154823528567247
0.9575 -0.0010472390833603054
0.963125 -0.000881608223373219
0.96875 -0.000720564880891433
0.974375 -0.0005660841639109152
0.98 -0.000420141180427633
0.98 -0.000420141180427633
0.985 -0.0002991782676458744
0.99 -0.0001879089789985744
0.995 -8.772049595889549e-05
1.0 0.0
