1.0 0.0
0.995 0.0011354019641935992
0.99 0.002271663380922596
0.985 0.0034087779898605538
0.98 0.004546739530681036
0.98 0.004546739530681036
0.974375 0.005827950817529857
0.96875 0.007110217165687997
0.963125 0.008393529661526605
0.9575 0.009677879391416823
0.951875 0.010963257441729799
0.94625 0.012249654898836684
0.940625 0.013537062849108621
0.935 0.01482547237891676
0.9293750000000001 0.016114874574632246
0.92375 0.017405260522626254
0.918125 0.01869662130926987
0.9125 0.019988948020934278
0.906875 0.021282231743990618
0.90125 0.02257646356481005
0.895625 0.02387162352334754
0.89 0.02516726891950918
0.884375 0.026462411737797613
0.87875 0.027756027901977284
0.873125 0.029047093335812582
0.8675 0.030334583963067922
0.8618750000000001 0.03161747570750774
0.8562500000000001 0.03289474449289642
0.8506250000000001 0.03416536624299841
0.845 0.035428316881578104
0.839375 0.03668257233239989
0.83375 0.03792710851922821
0.828125 0.039160901365827464
0.8225 0.040382926795962074
0.816875 0.041592160733396444
0.81125 0.042787579101894985
0.805625 0.043968157825222134
0.8 0.04513287282714228
0.8 0.04513287282714228
0.7739130434782611 0.05031995745154668
0.7478260869565219 0.05520320015129751
0.7217391304347827 0.05985704368133379
0.6956521739130436 0.06435594707936662
0.6695652173913045 0.0687500947092145
0.6434782608695653 0.07300513741209902
0.6173913043478262 0.07706833649919502
0.5913043478260871 0.08088698747455732
0.5652173913043479 0.08441752685625067
0.5391304347826088 0.08763780431543046
0.5130434782608697 0.09052873155693884
0.4869565217391305 0.09307145957762489
0.46086956521739136 0.09526220354434192
0.4347826086956522 0.09712094373782389
0.4086956521739131 0.09866975411348562
0.3826086956521739 0.09992799300930452
0.35652173913043483 0.10084627252230875
0.3304347826086957 0.10130277294499007
0.30434782608695654 0.10117222120943158
0.27826086956521745 0.10032966636678976
0.2521739130434783 0.09865423408500605
0.22608695652173916 0.09602784684071418
0.2 0.09233248182172857
0.2 0.09233248182172857
0.19437500000000002 0.0913841557045911
0.18875 0.09038165719453232
0.183125 0.08933082805021371
0.17750000000000002 0.08823816065799238
0.171875 0.08711014740422526
0.16625 0.08595328067526946
0.16062500000000002 0.08477405285748192
0.155 0.08357895633721972
0.149375 0.08237448350083987
0.14375000000000002 0.08116678657469797
0.138125 0.07994879406509504
0.1325 0.07869625639826132
0.12687500000000002 0.0773837759604222
0.12125000000000001 0.07598595513780307
0.11562500000000002 0.07447739631662947
0.11000000000000001 0.07283270188312674
0.10437500000000001 0.0710264742235203
0.09875000000000002 0.06903331572403563
0.09312500000000001 0.06683149578736447
0.08750000000000001 0.06444841727052299
0.081875 0.0619465715856146
0.07625000000000001 0.05938920799510767
0.07062500000000001 0.05683918414307615
0.065 0.054322372296144006
0.05937500000000001 0.051797821616303245
0.053750000000000006 0.04921755935762775
0.048125 0.046533612774191414
0.0425 0.043696367983022524
0.036875000000000005 0.04064810229970487
0.03125 0.03732859304997628
0.025625000000000002 0.033677616852555645
0.02 0.02963495032616183
0.02 0.02963495032616183
0.015 0.025663957134845237
0.01 0.02129359951510284
0.005 0.0164815806614258
0.0 0.011185603768305272
0.0 0.0
0.005 -0.009512609462847979
0.01 -0.016120607339972524
0.015 -0.020499982338115258
0.02 -0.023326723164017817
0.02 -0.023326723164017817
0.025625000000000002 -0.025492608716472222
0.03125 -0.027395544166502795
0.036875000000000005 -0.029229787790084987
0.0425 -0.030961653947346297
0.048125 -0.03255721808355406
0.053750000000000006 -0.03398308345645854
0.05937500000000001 -0.03522974446253706
0.065 -0.03632083642564966
0.07062500000000001 -0.03728243477333342
0.07625000000000001 -0.03814061493312547
0.081875 -0.0389176642559804
0.08750000000000001 -0.03961473078388658
0.09312500000000001 -0.040225632615742
0.09875000000000002 -0.040744180649630944
0.10437500000000001 -0.04116436003176224
0.11000000000000001 -0.04148617807634502
0.11562500000000002 -0.041717056042085074
0.12125000000000001 -0.041864871568606
0.12687500000000002 -0.041937502295531316
0.1325 -0.041942825862484594
0.138125 -0.04188871990908937
0.14375000000000002 -0.0417830620749692
0.149375 -0.041633729999747626
0.155 -0.041448400645068745
0.16062500000000002 -0.041230657638545457
0.16625 -0.040980261971081684
0.171875 -0.04069682817452669
0.17750000000000002 -0.04037997078072976
0.183125 -0.04002930432154013
0.18875 -0.039644443328807066
0.19437500000000002 -0.039225002334379845
0.2 -0.03877059587010774
0.2 -0.03877059587010774
0.22608695652173916 -0.03623214547644527
0.2521739130434783 -0.03315429851929918
0.27826086956521745 -0.029778212863089768
0.30434782608695654 -0.02634501347742373
0.3304347826086957 -0.023051420728683585
0.35652173913043483 -0.019968394094677357
0.3826086956521739 -0.017144783533657035
0.4086956521739131 -0.01462894876627434
0.4347826086956522 -0.012432688919250175
0.46086956521739136 -0.010506591418240879
0.4869565217391305 -0.008795408922186797
0.5130434782608697 -0.007245082436533502
0.5391304347826088 -0.005830903696554321
0.5652173913043479 -0.004558682536905893
0.5913043478260871 -0.003435650724002725
0.6173913043478262 -0.0024673822955445235
0.6434782608695653 -0.0016397724445948998
0.6695652173913045 -0.000925823999869331
0.6956521739130436 -0.0002983159217426469
0.7217391304347827 0.00026287462902608455
0.7478260869565219 0.0007306247226916444
0.7739130434782611 0.001058516861177507
0.8 0.0012000762894090714
0.8 0.0012000762894090714
0.805625 0.00120194145232144
0.81125 0.0011940468400069412
0.816875 0.0011774407090464434
0.8225 0.0011531713160208134
0.828125 0.0011222869175109176
0.83375 0.001085835770097625
0.839375 0.0010448661303618012
0.845 0.0010004262548843146
0.8506250000000001 0.0009535644002460315
0.8562500000000001 0.0009053288230278206
0.8618750000000001 0.0008567677798105486
0.8675 0.0008089295271750829
0.873125 0.0007628623217022902
0.87875 0.0007196144199730387
0.884375 0.0006802340785681951
0.89 0.0006457695540686266
0.895625 0.000617269103055201
0.90125 0.0005957757991807768
0.906875 0.0005815398002692239
0.9125 0.0005731729411661789
0.918125 0.0005690843283093043
0.92375 0.0005676830681362623
0.9293750000000001 0.0005673782670847153
0.935 0.0005665790315923256
0.940625 0.0005636944680967554
0.94625 0.0005571336830356669
0.951875 0.0005453057828467224
0.9575 0.0005266198739675845
0.963125 0.0004994850628359153
0.96875 0.0004623104558893773
0.974375 0.00041350515956563246
0.98 0.0003514782803023433
0.98 0.0003514782803023433
0.985 0.0002839575764234906
0.99 0.00020361585201102877
0.995 0.0001093357716686384
1.0 0.0
