1.0 0.0
0.995 0.0011763640018740914
0.99 0.0023049286542607297
0.985 0.003389372097417075
0.98 0.004433387129789539
0.98 0.004433387129789539
0.974375 0.005564468125860089
0.96875 0.006655176722831618
0.963125 0.007711353525214403
0.9575 0.008738542471475695
0.951875 0.009740018271423949
0.94625 0.01071800775969114
0.940625 0.0116747321309758
0.935 0.01261241257997646
0.9293750000000001 0.013533223062474994
0.92375 0.014438745546367465
0.918125 0.015330158696128374
0.9125 0.016208633425443295
0.906875 0.0170753406479978
0.90125 0.017931451277477427
0.895625 0.018778135353053775
0.89 0.019616344419217027
0.884375 0.020446525176458754
0.87875 0.021269053243542186
0.873125 0.02208430423923053
0.8675 0.022892653782287005
0.8618750000000001 0.023694477491474828
0.8562500000000001 0.024490150985557218
0.8506250000000001 0.025280040685584704
0.845 0.026064320082525367
0.839375 0.02684297954620457
0.83375 0.027616002212197618
0.828125 0.028383371216079797
0.8225 0.02914506969342638
0.816875 0.02990108077981267
0.81125 0.03065138761081394
0.805625 0.031395973322005465
0.8 0.03213482236667863
0.8 0.03213482236667863
0.7739130434782611 0.03548630492768928
0.7478260869565219 0.03871427831962435
0.7217391304347827 0.041814206826596936
0.6956521739130436 0.04476744476854094
0.6695652173913045 0.047553821537759396
0.6434782608695653 0.050161239239095934
0.6173913043478262 0.05258075888198689
0.5913043478260871 0.05480006417930942
0.5652173913043479 0.056803086427412885
0.5391304347826088 0.058574995109018035
0.5130434782608697 0.060106663978574434
0.4869565217391305 0.06139043227988916
0.46086956521739136 0.06241970627454093
0.4347826086956522 0.06318895924188007
0.4086956521739131 0.06369337823572026
0.3826086956521739 0.0639308329522359
0.35652173913043483 0.06389974366526821
0.3304347826086957 0.06359592166353102
0.30434782608695654 0.06299960221253845
0.27826086956521745 0.06207487373811992
0.2521739130434783 0.060785891305908425
0.22608695652173916 0.05906629705114893
0.2 0.05685356558249819
0.2 0.05685356558249819
0.19437500000000002 0.05630677139573971
0.18875 0.05573414165176584
0.183125 0.05513502090597377
0.17750000000000002 0.054508738672773546
0.171875 0.05385462446657519
0.16625 0.05317199463442958
0.16062500000000002 0.052460040976055944
0.155 0.05171788668907652
0.149375 0.05094465425611745
0.14375000000000002 0.050139466304812245
0.138125 0.0493014491333774
0.1325 0.04842973290722813
0.12687500000000002 0.04752344797614387
0.12125000000000001 0.046581690804386656
0.11562500000000002 0.045602789757867496
0.11000000000000001 0.044584311312776785
0.10437500000000001 0.04352378930153936
0.09875000000000002 0.04241859053383627
0.09312500000000001 0.04126489557315276
0.08750000000000001 0.04005837157985289
0.081875 0.03879465033467105
0.07625000000000001 0.037468245582425896
0.07062500000000001 0.03607231375828118
0.065 0.03459988381795028
0.05937500000000001 0.033041604946488654
0.053750000000000006 0.03138463318873655
0.048125 0.02961534353018051
0.0425 0.0277129033816532
0.036875000000000005 0.02565107999805851
0.03125 0.023402497242441506
0.025625000000000002 0.020937497309061727
0.02 0.018193616848422047
0.02 0.018193616848422047
0.015 0.015405925115107064
0.01 0.012216296405717936
0.005 0.00830789370984498
0.0 0.0018625380932577376
0.0 -9e-05
0.005 -0.007011768167878046
0.01 -0.009864067813533875
0.015 -0.011753110645695269
0.02 -0.01304700176103417
0.02 -0.01304700176103417
0.025625000000000002 -0.014319867405965477
0.03125 -0.015315821186214884
0.036875000000000005 -0.016079100423673564
0.0425 -0.01670667743909255
0.048125 -0.017241440251091606
0.053750000000000006 -0.017701173543670335
0.05937500000000001 -0.018101282173796508
0.065 -0.01845417156551899
0.07062500000000001 -0.018771643882444684
0.07625000000000001 -0.019060560993171747
0.081875 -0.019324419092898643
0.08750000000000001 -0.019566496282337458
0.09312500000000001 -0.019787523359597835
0.09875000000000002 -0.019986132872189567
0.10437500000000001 -0.020160896884081042
0.11000000000000001 -0.020310901645937584
0.11562500000000002 -0.02043642146511532
0.12125000000000001 -0.020537897926630806
0.12687500000000002 -0.020615774402503995
0.1325 -0.020670535972551366
0.138125 -0.020702709764262334
0.14375000000000002 -0.02071282476010634
0.149375 -0.02070143149479231
0.155 -0.02066953258013528
0.16062500000000002 -0.020618559720578983
0.16625 -0.020549961571987154
0.171875 -0.020465188578365115
0.17750000000000002 -0.02036586275146789
0.183125 -0.020253917584861135
0.18875 -0.020131319502506004
0.19437500000000002 -0.020000034928363636
0.2 -0.019861987524890063
0.2 -0.019861987524890063
0.22608695652173916 -0.019176584853219474
0.2521739130434783 -0.01849453349509665
0.27826086956521745 -0.01785414696867347
0.30434782608695654 -0.01725648720049774
0.3304347826086957 -0.016675789965861325
0.35652173913043483 -0.016099229578194096
0.3826086956521739 -0.015527304734561086
0.4086956521739131 -0.014961241766816161
0.4347826086956522 -0.01439908383827849
0.46086956521739136 -0.013839551167649374
0.4869565217391305 -0.01328473005881026
0.5130434782608697 -0.012737409037685775
0.5391304347826088 -0.012197267355027014
0.5652173913043479 -0.011660874986411558
0.5913043478260871 -0.011125713482399867
0.6173913043478262 -0.010593472003884998
0.6434782608695653 -0.01006660779845922
0.6695652173913045 -0.009542013929260114
0.6956521739130436 -0.00901157286488524
0.7217391304347827 -0.008470934029911219
0.7478260869565219 -0.007925460283718704
0.7739130434782611 -0.007380373901381096
0.8 -0.006832630124788896
0.8 -0.006832630124788896
0.805625 -0.00671362371662669
0.81125 -0.006594210131919438
0.816875 -0.006474449632769919
0.8225 -0.0063544125046701705
0.828125 -0.0062341690331122294
0.83375 -0.006113789503588128
0.839375 -0.005993344201589906
0.845 -0.005872903412609596
0.8506250000000001 -0.005752537422139233
0.8562500000000001 -0.005632309444082835
0.8618750000000001 -0.005512103688680234
0.8675 -0.005391615774121243
0.873125 -0.005270532327693541
0.87875 -0.005148539976684809
0.884375 -0.005025325348382726
0.89 -0.004900575070074972
0.895625 -0.004773975769049227
0.90125 -0.004645129204145982
0.906875 -0.004513034372747482
0.9125 -0.004376429399227427
0.918125 -0.004234051363828416
0.92375 -0.004084637346793042
0.9293750000000001 -0.003926924428363898
0.935 -0.003759637864068988
0.940625 -0.0035808876239639686
0.94625 -0.0033878805329127576
0.951875 -0.0031777513474118956
0.9575 -0.002947634823957925
0.963125 -0.0026946570918329397
0.96875 -0.0024143413812884045
0.974375 -0.0020987397606481947
0.98 -0.0017394504982765353
0.98 -0.0017394504982765353
0.985 -0.001376644767909576
0.99 -0.0009679783894988748
0.995 -0.000510162056471816
1.0 0.0
