1.0 0.0052
0.995 0.006643617520280451
0.99 0.008079040034156548
0.985 0.009506289209006553
0.98 0.01092538671220873
0.98 0.01092538671220873
0.974375 0.012512154586719707
0.96875 0.014088663775199578
0.963125 0.0156549451282709
0.9575 0.017211029496556247
0.951875 0.018756947730678174
0.94625 0.020292730681259242
0.940625 0.021818409198922025
0.935 0.023334014134289073
0.9293750000000001 0.02483957633798297
0.92375 0.026335126660626287
0.918125 0.02782069595284154
0.9125 0.02929631506525133
0.906875 0.0307620148484782
0.90125 0.03221782615314474
0.895625 0.03366378094617158
0.89 0.03509992005977396
0.884375 0.03652628855378001
0.87875 0.037942931514053986
0.873125 0.03934989402646014
0.8675 0.0407472211768627
0.8618750000000001 0.04213495805112592
0.8562500000000001 0.04351314973511406
0.8506250000000001 0.044881841314691355
0.845 0.04624107787572209
0.839375 0.047590904504070435
0.83375 0.048931366285600686
0.828125 0.050262508306177095
0.8225 0.051584375651663884
0.816875 0.05289701340792532
0.81125 0.05420046666082567
0.805625 0.05549478049622914
0.8 0.05678
0.8 0.05678
0.7739130434782611 0.06262214325942016
0.7478260869565219 0.06826989197105084
0.7217391304347827 0.07372348354817802
0.6956521739130436 0.07898315101807275
0.6695652173913045 0.08404764054894902
0.6434782608695653 0.08891205353062408
0.6173913043478262 0.09357094310105032
0.5913043478260871 0.09801870028757613
0.5652173913043479 0.10223998948129964
0.5391304347826088 0.10620439878713125
0.5130434782608697 0.10988021942514803
0.4869565217391305 0.11323605232543016
0.46086956521739136 0.11624762174812797
0.4347826086956522 0.11889777528346208
0.4086956521739131 0.12116967023165612
0.3826086956521739 0.12304429825512266
0.35652173913043483 0.12447747547671918
0.3304347826086957 0.12540877573571937
0.30434782608695654 0.12577750216667047
0.27826086956521745 0.12551892309376259
0.2521739130434783 0.124541483421931
0.22608695652173916 0.12274268565042225
0.2 0.12001999999999999
0.2 0.12001999999999999
0.19437500000000002 0.11930169174508648
0.18875 0.1185333092737696
0.183125 0.11771250077658386
0.17750000000000002 0.11683691444406392
0.171875 0.11590419846674438
0.16625 0.11491200103515982
0.16062500000000002 0.1138579703398448
0.155 0.11273975457133398
0.149375 0.11155500157330696
0.14375000000000002 0.11030101372191936
0.138125 0.10897409965391254
0.1325 0.10757039041629675
0.12687500000000002 0.1060860170560821
0.12125000000000001 0.1045171106202788
0.11562500000000002 0.102859802155897
0.11000000000000001 0.10111022270994686
0.10437500000000001 0.09926450332943862
0.09875000000000002 0.09731874725597865
0.09312500000000001 0.09526454282874688
0.08750000000000001 0.0930840106469614
0.081875 0.09075807915315656
0.07625000000000001 0.08826767678986668
0.07062500000000001 0.08559490701820176
0.065 0.08273120493367511
0.05937500000000001 0.07967245562926314
0.053750000000000006 0.0764145716036234
0.048125 0.0729526503322756
0.0425 0.06923288790247206
0.036875000000000005 0.0651256832496508
0.03125 0.06049491512414736
0.025625000000000002 0.05520446227629741
0.02 0.04911820345643655
0.02 0.04911820345643655
0.015 0.0429300693550062
0.01 0.03590999539141791
0.005 0.027962379261380687
0.0 0.018991618660603456
0.0 0.0
0.005 -0.02026243693512249
0.01 -0.03430321846756125
0.015 -0.04365678153243875
0.02 -0.04985756306487752
0.02 -0.04985756306487752
0.025625000000000002 -0.054974922659614296
0.03125 -0.05971561302782224
0.036875000000000005 -0.06427835652103017
0.0425 -0.06859857702320571
0.048125 -0.07261169841831645
0.053750000000000006 -0.07625914171333718
0.05937500000000001 -0.07955204447020142
0.065 -0.08254652267339667
0.07062500000000001 -0.08529944194778628
0.07625000000000001 -0.08786757599412157
0.081875 -0.09029277233545341
0.08750000000000001 -0.09258557833466645
0.09312500000000001 -0.09475260010833961
0.09875000000000002 -0.09680044377305166
0.10437500000000001 -0.098735590825109
0.11000000000000001 -0.10056353306512567
0.11562500000000002 -0.10228929033530765
0.12125000000000001 -0.10391787957126543
0.12687500000000002 -0.10545431770860962
0.1325 -0.10690362168295081
0.138125 -0.1082708084298996
0.14375000000000002 -0.10956089488506655
0.149375 -0.11077889798406224
0.155 -0.1119294896932742
0.16062500000000002 -0.11301541163373041
0.16625 -0.11403873435351718
0.171875 -0.1150015277269527
0.17750000000000002 -0.1159058616283552
0.183125 -0.11675380593204293
0.18875 -0.11754743051233416
0.19437500000000002 -0.1182888052435471
0.2 -0.11898
0.2 -0.11898
0.22608695652173916 -0.12157255122740669
0.2521739130434783 -0.1232356341657799
0.27826086956521745 -0.12407453672966538
0.30434782608695654 -0.12419451185668802
0.3304347826086957 -0.12368895530833238
0.35652173913043483 -0.12262219702492445
0.3826086956521739 -0.1210541948316942
0.4086956521739131 -0.11904464163350213
0.4347826086956522 -0.11663733511303374
0.46086956521739136 -0.11385143535860348
0.4869565217391305 -0.11070398309556924
0.5130434782608697 -0.1072123235282985
0.5391304347826088 -0.10340080487837995
0.5652173913043479 -0.09930077838462358
0.5913043478260871 -0.09494389976484895
0.6173913043478262 -0.0903605311747552
0.6434782608695653 -0.08556599711039053
0.6695652173913045 -0.08056592035189933
0.6956521739130436 -0.07536576198416095
0.7217391304347827 -0.06997043309905808
0.7478260869565219 -0.06438118843503159
0.7739130434782611 -0.05859779114951554
0.8 -0.05262
0.8 -0.05262
0.805625 -0.0513055311471289
0.81125 -0.04998196782734925
0.816875 -0.048649264965765104
0.8225 -0.047307377487480595
0.828125 -0.04595626031759974
0.83375 -0.04459586838122661
0.839375 -0.043226156603465314
0.845 -0.041847079909419896
0.8506250000000001 -0.0404585932241944
0.8562500000000001 -0.03906065147289295
0.8618750000000001 -0.0376532095806196
0.8675 -0.036236222472478416
0.873125 -0.03480964507357348
0.87875 -0.03337343230900885
0.884375 -0.0319275391038886
0.89 -0.030471920383316798
0.895625 -0.029006531072397524
0.90125 -0.02753132612224086
0.906875 -0.026046264706683718
0.9125 -0.024551314854611463
0.918125 -0.02304644570991736
0.92375 -0.021531626416494688
0.9293750000000001 -0.02000682611823669
0.935 -0.01847201395903671
0.940625 -0.016927159082787992
0.94625 -0.015372230633383811
0.951875 -0.013807197754717447
0.9575 -0.012232029590682173
0.963125 -0.010646695285171271
0.96875 -0.009051163982078017
0.974375 -0.007445404825295685
0.98 -0.005829386958717554
0.98 -0.005829386958717554
0.985 -0.004384289438182727
0.99 -0.0029310402190381663
0.995 -0.001469617630053911
1.0 0.0
