1.0 0.0
0.995 6.767088632755584e-05
0.99 0.0001715509664464098
0.985 0.0003111725521575287
0.98 0.00048606795526187955
0.98 0.00048606795526187955
0.974375 0.000724406191992114
0.96875 0.0010061300283722419
0.963125 0.0013305735567907496
0.9575 0.0016970708696361235
0.951875 0.0021049560592968494
0.94625 0.0025535632181614126
0.940625 0.0030422264386183
0.935 0.0035702798130559984
0.9293750000000001 0.004137057433862992
0.92375 0.0047418933934277804
0.918125 0.005384121784138826
0.9125 0.006063076698384627
0.906875 0.006778092228553665
0.90125 0.007528502467034435
0.895625 0.008313639057047708
0.89 0.009132814191281223
0.884375 0.009985330787003333
0.87875 0.010870491704358935
0.873125 0.011787599803492942
0.8675 0.012735957944550243
0.8618750000000001 0.01371486898767575
0.8562500000000001 0.014723635793014365
0.8506250000000001 0.015761561220710988
0.845 0.01682794813091055
0.839375 0.017922099383757894
0.83375 0.01904331783939796
0.828125 0.02019090635797565
0.8225 0.02136416779963586
0.816875 0.0225624050245235
0.81125 0.02378492089278347
0.805625 0.025031018264560674
0.8 0.026299999999999997
0.8 0.026299999999999997
0.7739130434782611 0.03246569053253187
0.7478260869565219 0.039048393762531414
0.7217391304347827 0.04598791765782103
0.6956521739130436 0.05322403552531719
0.6695652173913045 0.06068477062482357
0.6434782608695653 0.06826934300330958
0.6173913043478262 0.07587264009450236
0.5913043478260871 0.08339014052822256
0.5652173913043479 0.09075279469989571
0.5391304347826088 0.09794653424163494
0.5130434782608697 0.10496202035430069
0.4869565217391305 0.11178597570015097
0.46086956521739136 0.11831453655358509
0.4347826086956522 0.12435325280114373
0.4086956521739131 0.12970373579076494
0.3826086956521739 0.13417601388511036
0.35652173913043483 0.13767796324300033
0.3304347826086957 0.14018058763368024
0.30434782608695654 0.14165594295323594
0.27826086956521745 0.14206862854065289
0.2521739130434783 0.14133367254331222
0.22608695652173916 0.13934588092573869
0.2 0.136
0.2 0.136
0.19437500000000002 0.1350897154324875
0.18875 0.13410643533180064
0.183125 0.13304520103980813
0.17750000000000002 0.13190105389837883
0.171875 0.13066903524938148
0.16625 0.12934418643468487
0.16062500000000002 0.12792154879615775
0.155 0.1263961636756689
0.149375 0.12476307291973009
0.14375000000000002 0.12301782099921485
0.138125 0.12115739818700134
0.1325 0.11917905313314991
0.12687500000000002 0.11708003448772081
0.12125000000000001 0.11485759090077417
0.11562500000000002 0.11250897102237037
0.11000000000000001 0.11003142350256953
0.10437500000000001 0.107422196991432
0.09875000000000002 0.10467851148329992
0.09312500000000001 0.10179293400030155
0.08750000000000001 0.09874827429257803
0.081875 0.09552611349636042
0.07625000000000001 0.09210803274787972
0.07062500000000001 0.0884784252695941
0.065 0.08464401700373753
0.05937500000000001 0.080622183746798
0.053750000000000006 0.07643036688328067
0.048125 0.07208506849254395
0.0425 0.06754643234514757
0.036875000000000005 0.0626872468330135
0.03125 0.05737278590689039
0.025625000000000002 0.051468323517527025
0.02 0.04483913361567213
0.02 0.04483913361567213
0.015 0.038229192812189415
0.01 0.030845555179103822
0.005 0.022593598305967265
0.0 0.013378699782331634
0.0 0.0
0.005 -0.010467219509908617
0.01 -0.01686960975495431
0.015 -0.02021039024504569
0.02 -0.021492780490091387
0.02 -0.021492780490091387
0.025625000000000002 -0.02172385248030651
0.03125 -0.021725232460580546
0.036875000000000005 -0.021676746815854575
0.0425 -0.02159269217611539
0.048125 -0.02148736517134979
0.053750000000000006 -0.021373522277658586
0.05937500000000001 -0.021246015682218435
0.065 -0.021088146418061313
0.07062500000000001 -0.02088302299898346
0.07625000000000001 -0.020613818512148344
0.081875 -0.020274191145223115
0.08750000000000001 -0.019879786317416104
0.09312500000000001 -0.01944901803105558
0.09875000000000002 -0.019000300288469767
0.10437500000000001 -0.018550253972146217
0.11000000000000001 -0.018101259560939366
0.11562500000000002 -0.017648906680429337
0.12125000000000001 -0.017188743134159117
0.12687500000000002 -0.016716316725671723
0.1325 -0.01622717525851015
0.138125 -0.015716866536217403
0.14375000000000002 -0.015180938362336485
0.149375 -0.014614938540410398
0.155 -0.01401578177041651
0.16062500000000002 -0.013388031498981488
0.16625 -0.01273891021345198
0.171875 -0.012075643070894218
0.17750000000000002 -0.011405455228374441
0.183125 -0.010735571842958895
0.18875 -0.010073218071713814
0.19437500000000002 -0.009425619071705433
0.2 -0.008799999999999999
0.2 -0.008799999999999999
0.22608695652173916 -0.006256481402892774
0.2521739130434783 -0.00423126725949908
0.27826086956521745 -0.0026145165201078868
0.30434782608695654 -0.001296524319337958
0.3304347826086957 -0.0002137522796074665
0.35652173913043483 0.0005841687986084403
0.3826086956521739 0.001030585073610644
0.4086956521739131 0.0010596958768794207
0.4347826086956522 0.0006568909306585145
0.46086956521739136 -0.00011309493712494942
0.4869565217391305 -0.0011787015131087138
0.5130434782608697 -0.0024682206227238804
0.5391304347826088 -0.003906540983648691
0.5652173913043479 -0.005415148205808553
0.5913043478260871 -0.006915379937922229
0.6173913043478262 -0.008331015962738976
0.6434782608695653 -0.009614225871112821
0.6695652173913045 -0.010735495259126657
0.6956521739130436 -0.01166561498961717
0.7217391304347827 -0.012378556510270665
0.7478260869565219 -0.012869435796853514
0.7739130434782611 -0.013141994571244204
0.8 -0.0132
0.8 -0.0132
0.805625 -0.013184592140528991
0.81125 -0.013158457850162526
0.816875 -0.013120671020256994
0.8225 -0.013070305542168792
0.828125 -0.013006435307254299
0.83375 -0.012928134206869902
0.839375 -0.012834476132371994
0.845 -0.012724534975116967
0.8506250000000001 -0.012597384626461192
0.8562500000000001 -0.012452098977761073
0.8618750000000001 -0.012287751920372998
0.8675 -0.012103417345653348
0.873125 -0.011898169144958514
0.87875 -0.011671081209644883
0.884375 -0.011421227431068846
0.89 -0.01114768170058679
0.895625 -0.010849517909555101
0.90125 -0.010525810536969622
0.906875 -0.010175729479782595
0.9125 -0.009798644726180476
0.918125 -0.009393951459391314
0.92375 -0.00896104486264317
0.9293750000000001 -0.00849932011916409
0.935 -0.008008172412182147
0.940625 -0.007486996924925387
0.94625 -0.006935188840621867
0.951875 -0.006352143342499644
0.9575 -0.005737255613786773
0.963125 -0.005089920837711311
0.96875 -0.004409534197501313
0.974375 -0.0036954908763848346
0.98 -0.002947186057589933
0.98 -0.002947186057589933
0.985 -0.0022527745379156408
0.99 -0.0015303895431924494
0.995 -0.0007796062912705169
1.0 0.0
