1.0 0.0019
0.995 0.0015116245399569074
0.99 0.00112
0.985 0.0007265631900646394
0.98 0.00033275092008618604
0.98 0.00033275092008618604
0.974375 -0.00010894881107032732
0.96875 -0.0005483893303684951
0.963125 -0.0009878970132145332
0.9575 -0.0014303778669801821
0.951875 -0.0018787378990371827
0.94625 -0.002335030359771475
0.940625 -0.002791395199609071
0.935 -0.0032335766915824785
0.9293750000000001 -0.00364721251410098
0.92375 -0.004017881373192672
0.918125 -0.004321586334489152
0.9125 -0.004514250367825271
0.906875 -0.0045492680021921575
0.90125 -0.004380033766580933
0.895625 -0.003966447746905559
0.89 -0.0033200751516974793
0.884375 -0.002477118852586559
0.87875 -0.0014739334543087414
0.873125 -0.00034687356159996335
0.8675 0.000867706220803832
0.8618750000000001 0.002133451288166705
0.8562500000000001 0.0034140070357527186
0.8506250000000001 0.004673018858825927
0.845 0.005879456013768441
0.839375 0.007032078503257467
0.83375 0.008140002903551444
0.828125 0.009212356189075021
0.8225 0.010258265334252866
0.816875 0.011286857313509627
0.81125 0.012307259101269964
0.805625 0.013328597671958538
0.8 0.01436
0.8 0.01436
0.7739130434782611 0.01934056296347285
0.7478260869565219 0.02445444324034378
0.7217391304347827 0.029456692869956513
0.6956521739130436 0.034210093694398536
0.6695652173913045 0.03863421937944608
0.6434782608695653 0.04273653344664585
0.6173913043478262 0.046536418781981816
0.5913043478260871 0.05005056261714281
0.5652173913043479 0.05328543038437846
0.5391304347826088 0.05623199894701158
0.5130434782608697 0.05887655445590143
0.4869565217391305 0.06120117221171361
0.46086956521739136 0.06318709182609819
0.4347826086956522 0.06481511717004107
0.4086956521739131 0.06606823927192387
0.3826086956521739 0.0669338282648682
0.35652173913043483 0.06742952943189069
0.3304347826086957 0.06759056786176083
0.30434782608695654 0.06743578221210168
0.27826086956521745 0.06697017898949513
0.2521739130434783 0.06616394088108908
0.22608695652173916 0.06496502856302734
0.2 0.06328
0.2 0.06328
0.19437500000000002 0.06284259655139901
0.18875 0.0623763710777342
0.183125 0.0618800639011472
0.17750000000000002 0.061352415343779616
0.171875 0.06079216572777308
0.16625 0.06019805537526925
0.16062500000000002 0.05956882460840966
0.155 0.058903213749336006
0.149375 0.05819996301291874
0.14375000000000002 0.05745770577195762
0.138125 0.056674768067392495
0.1325 0.05584942101733166
0.12687500000000002 0.054979935739883426
0.12125000000000001 0.054064439580038995
0.11562500000000002 0.05309938852030281
0.11000000000000001 0.05208016024480089
0.10437500000000001 0.051002114466019516
0.09875000000000002 0.04986060901321002
0.09312500000000001 0.04865069592532901
0.08750000000000001 0.04736678599979167
0.081875 0.04600320929030945
0.07625000000000001 0.044554174303792195
0.07062500000000001 0.043012476565579924
0.065 0.04137
0.05937500000000001 0.03961673978042599
0.053750000000000006 0.037735196849817285
0.048125 0.03570600217550341
0.0425 0.03351000164323756
0.036875000000000005 0.031128374262329454
0.03125 0.028537247530367505
0.025625000000000002 0.025653691997622786
0.02 0.02237
0.02 0.02237
0.015 0.019045237704699212
0.01 0.0151
0.005 0.010090000000000002
0.0 0.0013318715782716026
0.0 0.0
0.005 -0.007999999999999998
0.01 -0.010719999999999999
0.015 -0.012583865559881282
0.02 -0.01404
0.02 -0.01404
0.025625000000000002 -0.015375482601708033
0.03125 -0.016483031579682395
0.036875000000000005 -0.017453778119130955
0.0425 -0.018346760996222195
0.048125 -0.019170262752563463
0.053750000000000006 -0.019928308467118586
0.05937500000000001 -0.02062618645018127
0.065 -0.02127
0.07062500000000001 -0.021865389298654433
0.07625000000000001 -0.02241608773101854
0.081875 -0.02292534949150848
0.08750000000000001 -0.023396279305158082
0.09312500000000001 -0.02383175021945851
0.09875000000000002 -0.024234615352649973
0.10437500000000001 -0.024607634762139702
0.11000000000000001 -0.0249528294449591
0.11562500000000002 -0.025271867960757647
0.12125000000000001 -0.025566416698669804
0.12687500000000002 -0.025838141578768847
0.1325 -0.026088680377459247
0.138125 -0.02631962724845877
0.14375000000000002 -0.026532572592995997
0.149375 -0.026729106812299532
0.155 -0.026910728477244725
0.16062500000000002 -0.02707842230331238
0.16625 -0.027232994367249293
0.171875 -0.027375250566446067
0.17750000000000002 -0.027505996798293353
0.183125 -0.027626038960181763
0.18875 -0.027736182949501923
0.19437500000000002 -0.027837234663644458
0.2 -0.02793
0.2 -0.02793
0.22608695652173916 -0.028262566465770404
0.2521739130434783 -0.02843882822455644
0.27826086956521745 -0.028457737213966165
0.30434782608695654 -0.02830067378302563
0.3304347826086957 -0.02794871611711225
0.35652173913043483 -0.027390640331160662
0.3826086956521739 -0.02662316971845082
0.4086956521739131 -0.025656359899818026
0.4347826086956522 -0.024509594632314897
0.46086956521739136 -0.02321411536377197
0.4869565217391305 -0.021793385544790947
0.5130434782608697 -0.02026083498785789
0.5391304347826088 -0.018650650540787756
0.5652173913043479 -0.017016044448242215
0.5913043478260871 -0.015372494149562016
0.6173913043478262 -0.013712813691075885
0.6434782608695653 -0.012126995195911192
0.6695652173913045 -0.010758943992318342
0.6956521739130436 -0.00967223462603139
0.7217391304347827 -0.008897067978765378
0.7478260869565219 -0.008520013003668366
0.7739130434782611 -0.008595079286026647
0.8 -0.00889
0.8 -0.00889
0.805625 -0.008952400154553907
0.81125 -0.00901484666150818
0.816875 -0.009082229552061203
0.8225 -0.009159438857411365
0.828125 -0.009251364608757057
0.83375 -0.009362896837296663
0.839375 -0.009498925574228573
0.845 -0.009664340850751171
0.8506250000000001 -0.00986402599549492
0.8562500000000001 -0.010096188579431802
0.8618750000000001 -0.0103398333164138
0.8675 -0.010570533205512647
0.873125 -0.010763861245800069
0.87875 -0.010895390436347793
0.884375 -0.010940693776227544
0.89 -0.010875344264511057
0.895625 -0.01067491490027005
0.90125 -0.010315140159363032
0.906875 -0.009797974310901063
0.9125 -0.009180354469891995
0.918125 -0.008526141068576677
0.92375 -0.007899194539195931
0.9293750000000001 -0.007355977416802432
0.935 -0.006894200423211136
0.940625 -0.006483557171060816
0.94625 -0.00609356872728325
0.951875 -0.005693998916421944
0.9575 -0.005269177019724212
0.963125 -0.004826008776328279
0.96875 -0.004373341986266207
0.974375 -0.0039200244495700585
0.98 -0.003473373277119828
0.98 -0.003473373277119828
0.985 -0.0030810299578398702
0.99 -0.00269
0.995 -0.0022973133614400867
1.0 -0.0019
