1.0 0.0
0.995 0.00020774863729405873
0.99 0.00042979592194539526
0.985 0.0006515661122806672
0.98 0.0008738731142962855
0.98 0.0008738731142962855
0.974375 0.0011276682592240342
0.96875 0.0013834482179284297
0.963125 0.0016491428329931171
0.9575 0.0019351883031528594
0.951875 0.0022391752951512905
0.94625 0.0025527244391267295
0.940625 0.0028722338123106325
0.935 0.003200532963894639
0.9293750000000001 0.003540495892568378
0.92375 0.0038899029181218574
0.918125 0.004243047766044623
0.9125 0.004594401104604923
0.906875 0.004942352506518906
0.90125 0.005288445219355517
0.895625 0.00563431070002582
0.89 0.005981264940437263
0.884375 0.006329891370552861
0.87875 0.006680669690751047
0.873125 0.00703409738099446
0.8675 0.00739109753483708
0.8618750000000001 0.007753028339489853
0.8562500000000001 0.008121267658049502
0.8506250000000001 0.008497140617803982
0.845 0.008880875003595426
0.839375 0.009271661869858477
0.83375 0.009668651669896588
0.828125 0.010070996511514722
0.8225 0.010478007247833838
0.816875 0.010889282934615307
0.81125 0.01130445309690182
0.805625 0.011723147259736076
0.8 0.012144929727114328
0.8 0.012144929727114328
0.7739130434782611 0.014109411657017646
0.7478260869565219 0.016052654817806798
0.7217391304347827 0.0180129002200222
0.6956521739130436 0.019950681055231328
0.6695652173913045 0.021872130961115566
0.6434782608695653 0.02375147340435908
0.6173913043478262 0.02554540826167764
0.5913043478260871 0.027218681678014355
0.5652173913043479 0.02874014339211798
0.5391304347826088 0.030083841269443544
0.5130434782608697 0.031255506521544636
0.4869565217391305 0.03223150836799062
0.46086956521739136 0.033021756776886645
0.4347826086956522 0.033679939569827566
0.4086956521739131 0.0342385943647342
0.3826086956521739 0.03470361935458748
0.35652173913043483 0.03496991178492739
0.3304347826086957 0.03495019952525523
0.30434782608695654 0.03468444621224309
0.27826086956521745 0.03427893443956504
0.2521739130434783 0.03374369119907391
0.22608695652173916 0.03299651617636282
0.2 0.032102136836520315
0.2 0.032102136836520315
0.19437500000000002 0.03190464859645259
0.18875 0.031706392590522464
0.183125 0.031500223902661155
0.17750000000000002 0.03127826798251564
0.171875 0.031032650279732864
0.16625 0.030756079474820334
0.16062500000000002 0.03044678090856072
0.155 0.030106018561415326
0.149375 0.029735088083655523
0.14375000000000002 0.029335282413177472
0.138125 0.028907825228678873
0.1325 0.028453866900447006
0.12687500000000002 0.027974554275731915
0.12125000000000001 0.027471011399097224
0.11562500000000002 0.026943858078381608
0.11000000000000001 0.026393220871292467
0.10437500000000001 0.02581920573050386
0.09875000000000002 0.025221751887385523
0.09312500000000001 0.02459962114949525
0.08750000000000001 0.023951068287395662
0.081875 0.023274305644694716
0.07625000000000001 0.022566119432132586
0.07062500000000001 0.021821523680786114
0.065 0.021035380652829252
0.05937500000000001 0.02020044008927719
0.053750000000000006 0.019306365480344433
0.048125 0.018342558387389726
0.0425 0.01729817242442634
0.036875000000000005 0.01616213364630493
0.03125 0.014916337445070914
0.025625000000000002 0.013527787135146803
0.02 0.011945009268276983
0.02 0.011945009268276983
0.015 0.010300429033410349
0.01 0.008349453564044219
0.005 0.005754625433470689
0.0 0.0009050940391819055
0.0 0.0
0.005 -0.005668281174876716
0.01 -0.008369586018932383
0.015 -0.010336667357639672
0.02 -0.011920600034799089
0.02 -0.011920600034799089
0.025625000000000002 -0.013523135411947693
0.03125 -0.014925169605076456
0.036875000000000005 -0.016163925037083894
0.0425 -0.01729525883405139
0.048125 -0.018341019433681063
0.053750000000000006 -0.0193069857529018
0.05937500000000001 -0.02020134313656455
0.065 -0.02103562077707884
0.07062500000000001 -0.021821271600460285
0.07625000000000001 -0.022565846591495742
0.081875 -0.023274225878344268
0.08750000000000001 -0.02395113786851566
0.09312500000000001 -0.02459971343691371
0.09875000000000002 -0.025221797869963827
0.10437500000000001 -0.025819197931705482
0.11000000000000001 -0.026393192504253007
0.11562500000000002 -0.02694383464053187
0.12125000000000001 -0.027471003818040265
0.12687500000000002 -0.027974559267032458
0.1325 -0.028453875532513478
0.138125 -0.028907831678418587
0.14375000000000002 -0.029335284361946483
0.149375 -0.029735086614184746
0.155 -0.030106016013018436
0.16062500000000002 -0.030446778850810312
0.16625 -0.030756078628191647
0.171875 -0.03103265051925632
0.17750000000000002 -0.031278268688227896
0.183125 -0.031500224595850175
0.18875 -0.031706393000992386
0.19437500000000002 -0.03190464866252376
0.2 -0.032102136685217025
0.2 -0.032102136685217025
0.22608695652173916 -0.03299651621517907
0.2521739130434783 -0.033743691192341094
0.27826086956521745 -0.03427893443893737
0.30434782608695654 -0.0346844462135871
0.3304347826086957 -0.034950199524458
0.35652173913043483 -0.03496991178525495
0.3826086956521739 -0.03470361935448346
0.4086956521739131 -0.0342385943647566
0.4347826086956522 -0.03367993956982756
0.46086956521739136 -0.03302175677688366
0.4869565217391305 -0.03223150836799226
0.5130434782608697 -0.031255506521544074
0.5391304347826088 -0.03008384126944367
0.5652173913043479 -0.028740143392117983
0.5913043478260871 -0.027218681678014337
0.6173913043478262 -0.025545408261677647
0.6434782608695653 -0.023751473404359076
0.6695652173913045 -0.021872130961115566
0.6956521739130436 -0.019950681055231328
0.7217391304347827 -0.0180129002200222
0.7478260869565219 -0.016052654817806798
0.7739130434782611 -0.014109411657017646
0.8 -0.012144929727114328
0.8 -0.012144929727114328
0.805625 -0.011723147259736076
0.81125 -0.01130445309690182
0.816875 -0.010889282934615307
0.8225 -0.010478007247833838
0.828125 -0.010070996511514722
0.83375 -0.009668651669896588
0.839375 -0.009271661869858477
0.845 -0.008880875003595426
0.8506250000000001 -0.008497140617803982
0.8562500000000001 -0.008121267658049502
0.8618750000000001 -0.007753028339489853
0.8675 -0.00739109753483708
0.873125 -0.00703409738099446
0.87875 -0.006680669690751047
0.884375 -0.006329891370552861
0.89 -0.005981264940437263
0.895625 -0.00563431070002582
0.90125 -0.005288445219355517
0.906875 -0.004942352506518906
0.9125 -0.004594401104604923
0.918125 -0.004243047766044623
0.92375 -0.0038899029181218574
0.9293750000000001 -0.003540495892568378
0.935 -0.003200532963894639
0.940625 -0.0028722338123106325
0.94625 -0.0025527244391267295
0.951875 -0.0022391752951512905
0.9575 -0.0019351883031528594
0.963125 -0.0016491428329931171
0.96875 -0.0013834482179284297
0.974375 -0.0011276682592240342
0.98 -0.0008738731142962855
0.98 -0.0008738731142962855
0.985 -0.0006515661122806672
0.99 -0.00042979592194539526
0.995 -0.00020774863729405873
1.0 0.0
