1.0 0.0
0.995 0.000540888541019141
0.99 0.0010966513880255211
0.985 0.0016659699645223311
0.98 0.0022475256940127607
0.98 0.0022475256940127607
0.974375 0.0029147613293679674
0.96875 0.0035939383618008264
0.963125 0.004283179365010218
0.9575 0.004980606912695017
0.951875 0.005684343578554104
0.94625 0.0063924269607459495
0.940625 0.007101906816771776
0.935 0.007809195587579743
0.9293750000000001 0.008510695092175462
0.92375 0.009202822238533508
0.918125 0.009884444005961567
0.9125 0.010559565167694625
0.906875 0.011232837436511364
0.90125 0.01190891252519046
0.895625 0.012591865107596703
0.89 0.013281187192867652
0.884375 0.013974185444516547
0.87875 0.014668153067423062
0.873125 0.015360408563999731
0.8675 0.016049788288630545
0.8618750000000001 0.016737481266255273
0.8562500000000001 0.01742487890207651
0.8506250000000001 0.01811337260129689
0.845 0.018804096256952348
0.839375 0.019496742800442918
0.83375 0.02019050422153194
0.828125 0.020884572007029253
0.8225 0.021578136435305737
0.816875 0.02227035113504366
0.81125 0.022960327364033372
0.805625 0.02364717401983284
0.8 0.02433
0.8 0.02433
0.7739130434782611 0.02743391572998554
0.7478260869565219 0.03043643832805798
0.7217391304347827 0.0333342733362967
0.6956521739130436 0.0361006111357273
0.6695652173913045 0.03871283087115636
0.6434782608695653 0.04116970306091114
0.6173913043478262 0.04346101854446879
0.5913043478260871 0.04555302097073677
0.5652173913043479 0.047419515858408104
0.5391304347826088 0.049050306011599376
0.5130434782608697 0.050438417551077336
0.4869565217391305 0.05157965802453614
0.46086956521739136 0.05248099712166858
0.4347826086956522 0.05316090078282344
0.4086956521739131 0.053645961139716467
0.3826086956521739 0.053956357268144316
0.35652173913043483 0.05404058679172621
0.3304347826086957 0.054126073207791885
0.30434782608695654 0.05266650144884777
0.27826086956521745 0.05269394002530953
0.2521739130434783 0.051787444926763716
0.22608695652173916 0.05052373669100128
0.2 0.04902999999999999
0.2 0.04902999999999999
0.19437500000000002 0.04865971661671583
0.18875 0.04827167335851793
0.183125 0.04786292702830791
0.17750000000000002 0.04743053442898739
0.171875 0.046971593501722184
0.16625 0.04648394070179711
0.16062500000000002 0.04596605127946355
0.155 0.04541642154776409
0.149375 0.044833547867768254
0.14375000000000002 0.04421597443527519
0.138125 0.043562383042972164
0.1325 0.042871480073287005
0.12687500000000002 0.04214197190864757
0.12125000000000001 0.04137255359937392
0.11562500000000002 0.04056178846003365
0.11000000000000001 0.03970815481438623
0.10437500000000001 0.038810129569677713
0.09875000000000002 0.037866185927770184
0.09312500000000001 0.03687419542881182
0.08750000000000001 0.03583076792972626
0.081875 0.034732354419101566
0.07625000000000001 0.033575405885525794
0.07062500000000001 0.03235600850464661
0.065 0.031067351220479798
0.05937500000000001 0.02970124136768368
0.053750000000000006 0.028249477772159953
0.048125 0.026703760445371514
0.0425 0.025049860532453658
0.036875000000000005 0.02326435645449658
0.03125 0.021320066804696076
0.025625000000000002 0.01918126893128793
0.02 0.01679089759604454
0.02 0.01679089759604454
0.015 0.014325651941893672
0.01 0.011430098779178688
0.005 0.00768
0.0 0.0015290369957972815
0.0 0.0
0.005 -0.004830000000000001
0.01 -0.007140379618186602
0.015 -0.008903812143971719
0.02 -0.010324763332281174
0.02 -0.010324763332281174
0.025625000000000002 -0.011601079942968379
0.03125 -0.012698392593358589
0.036875000000000005 -0.013660609242507886
0.0425 -0.014507431131861738
0.048125 -0.01526354950810708
0.053750000000000006 -0.01595431622208675
0.05937500000000001 -0.016592597975815523
0.065 -0.01718320541289513
0.07062500000000001 -0.01773081490928709
0.07625000000000001 -0.01824010098140582
0.081875 -0.018715436201704662
0.08750000000000001 -0.0191605599668479
0.09312500000000001 -0.019579131945417744
0.09875000000000002 -0.019974811805996383
0.10437500000000001 -0.02035101180615531
0.11000000000000001 -0.02070917934167851
0.11562500000000002 -0.02104982482029488
0.12125000000000001 -0.02137345287921412
0.12687500000000002 -0.021680567958626606
0.1325 -0.021971662677563192
0.138125 -0.02224721133225749
0.14375000000000002 -0.022507686642788485
0.149375 -0.022753561329235176
0.155 -0.02298529236918603
0.16062500000000002 -0.023203248649926022
0.16625 -0.023407768434676506
0.171875 -0.02359918995591181
0.17750000000000002 -0.023777859784360283
0.183125 -0.02394437737436103
0.18875 -0.02409963454028539
0.19437500000000002 -0.02424453938215712
0.2 -0.024379999999999995
0.2 -0.024379999999999995
0.22608695652173916 -0.02489809114969281
0.2521739130434783 -0.025254796595149353
0.27826086956521745 -0.025494253056782462
0.30434782608695654 -0.02562230793368265
0.3304347826086957 -0.0256004683292812
0.35652173913043483 -0.02538858840628833
0.3826086956521739 -0.024981477758545395
0.4086956521739131 -0.024398785915280607
0.4347826086956522 -0.023666593630449435
0.46086956521739136 -0.022783513441693153
0.4869565217391305 -0.021750515837438297
0.5130434782608697 -0.020574737964267193
0.5391304347826088 -0.019264019834143525
0.5652173913043479 -0.01782689292318665
0.5913043478260871 -0.016277872979300723
0.6173913043478262 -0.014637803615399014
0.6434782608695653 -0.012945404850061463
0.6695652173913045 -0.011247948304129061
0.6956521739130436 -0.009567709471052913
0.7217391304347827 -0.0079170302146
0.7478260869565219 -0.006328321476653882
0.7739130434782611 -0.004840101976439529
0.8 -0.0034800000000000005
0.8 -0.0034800000000000005
0.805625 -0.0032059786878741643
0.81125 -0.002940021554829291
0.816875 -0.0026831141430976257
0.8225 -0.0024362419949114085
0.828125 -0.0022004173182224984
0.83375 -0.001977131023981284
0.839375 -0.0017682880884323333
0.845 -0.0015758071406686616
0.8506250000000001 -0.0014016059537447089
0.8562500000000001 -0.0012467496863009997
0.8618750000000001 -0.0011098509464801541
0.8675 -0.0009890840506778756
0.873125 -0.0008826233152898689
0.87875 -0.0007887628456712684
0.884375 -0.0007071892938305874
0.89 -0.0006384877289720664
0.895625 -0.0005832581939198757
0.90125 -0.0005420898332942223
0.906875 -0.0005138021958468855
0.9125 -0.0004935039918803791
0.918125 -0.0004758366712023191
0.92375 -0.00045544168362032225
0.9293750000000001 -0.00042767461299064345
0.935 -0.00039356247508934403
0.940625 -0.00035683683417406394
0.94625 -0.0003212459106901674
0.951875 -0.0002904975042371269
0.9575 -0.00026587416366091976
0.963125 -0.0002448992991396059
0.96875 -0.00022477295408411231
0.974375 -0.00020269517190536638
0.98 -0.00017586599601429517
0.98 -0.00017586599601429517
0.985 -0.00014576549302501655
0.99 -0.00010773199202859033
0.995 -5.979899402144273e-05
1.0 0.0
