1.0 0.01969
0.995 0.023184149586620528
0.99 0.02649
0.985 0.029640850413379476
0.98 0.03267
0.98 0.03267
0.974375 0.03596730689758863
0.96875 0.03916130972408449
0.963125 0.042265526724098085
0.9575 0.04530342845732389
0.951875 0.04828751582871759
0.94625 0.05121599604837184
0.940625 0.054085077976058306
0.935 0.05689691396031794
0.9293750000000001 0.05969120030658646
0.92375 0.06245915208778672
0.918125 0.06501893563724502
0.9125 0.06739787875696872
0.906875 0.06997329689211047
0.90125 0.07273701025680161
0.895625 0.07535545343029139
0.89 0.07776769814176589
0.884375 0.08004850887290413
0.87875 0.0822733130510744
0.873125 0.08448949115742393
0.8675 0.08668560929164822
0.8618750000000001 0.08884282777780475
0.8562500000000001 0.09094355496055444
0.8506250000000001 0.09298470742407298
0.845 0.09497256190706194
0.839375 0.09691354993566381
0.83375 0.09881289276230164
0.828125 0.10067233027975292
0.8225 0.10249298023205576
0.816875 0.1042759982841218
0.81125 0.10602322085638309
0.805625 0.10773707320459495
0.8 0.10942
0.8 0.10942
0.7739130434782611 0.1168695101533649
0.7478260869565219 0.1238539160057111
0.7217391304347827 0.13048689918668152
0.6956521739130436 0.13680268737126342
0.6695652173913045 0.1428134477719695
0.6434782608695653 0.14847251827950664
0.6173913043478262 0.15376647612733968
0.5913043478260871 0.15864717105034773
0.5652173913043479 0.16306040042086795
0.5391304347826088 0.1669187689155621
0.5130434782608697 0.17016371913051173
0.4869565217391305 0.17281038059819703
0.46086956521739136 0.17490828283853277
0.4347826086956522 0.17655598528755473
0.4086956521739131 0.17777487141879655
0.3826086956521739 0.17852435583738893
0.35652173913043483 0.17870899401956913
0.3304347826086957 0.17828916813595075
0.30434782608695654 0.17730002820049098
0.27826086956521745 0.17575006569272209
0.2521739130434783 0.17361972074614007
0.22608695652173916 0.17092308381031013
0.2 0.16723
0.2 0.16723
0.19437500000000002 0.16677795583520516
0.18875 0.16635771149847742
0.183125 0.16571575618503617
0.17750000000000002 0.16460584125696734
0.171875 0.16300196598086678
0.16625 0.16113275934910026
0.16062500000000002 0.15924103427369543
0.155 0.15752607198281096
0.149375 0.15594356332514317
0.14375000000000002 0.1543645164206118
0.138125 0.1526608150231812
0.1325 0.15076198229868365
0.12687500000000002 0.1486868825013469
0.12125000000000001 0.1464620651403145
0.11562500000000002 0.14411023292057917
0.11000000000000001 0.1416235384173765
0.10437500000000001 0.1389795656969277
0.09875000000000002 0.1361558619688786
0.09312500000000001 0.1331385583654099
0.08750000000000001 0.12993127990962344
0.081875 0.12652455473889224
0.07625000000000001 0.12289200112399556
0.07062500000000001 0.11901615141720875
0.065 0.114883152520009
0.05937500000000001 0.11046372664841152
0.053750000000000006 0.10571897652596642
0.048125 0.10059773486303222
0.0425 0.09503940411049824
0.036875000000000005 0.08896971617802452
0.03125 0.08227003792582768
0.025625000000000002 0.07477709851178832
0.02 0.06626999999999998
0.02 0.06626999999999998
0.015 0.05753747866217891
0.01 0.04692
0.005 0.033030000000000004
0.0 0.004617305321599627
0.0 1e-05
0.005 -0.030280000000000005
0.01 -0.04196
0.015 -0.05060246954074178
0.02 -0.05751
0.02 -0.05751
0.025625000000000002 -0.0640939201307928
0.03125 -0.06977651913902583
0.036875000000000005 -0.07475972355925214
0.0425 -0.07918812455591286
0.048125 -0.08316946322591916
0.053750000000000006 -0.08677581055908307
0.05937500000000001 -0.09006254268394566
0.065 -0.09307290333201974
0.07062500000000001 -0.0958354404222158
0.07625000000000001 -0.09837297616520857
0.081875 -0.10070640602468917
0.08750000000000001 -0.10285700792635384
0.09312500000000001 -0.10484643758700923
0.09875000000000002 -0.10668297147670533
0.10437500000000001 -0.10836459867802026
0.11000000000000001 -0.10989979823394097
0.11562500000000002 -0.1113022348449459
0.12125000000000001 -0.11258557354604258
0.12687500000000002 -0.11375834803390378
0.1325 -0.11481833160056472
0.138125 -0.11576194261192618
0.14375000000000002 -0.11658778494992483
0.149375 -0.11731986912041578
0.155 -0.11799859699952403
0.16062500000000002 -0.118664619642789
0.16625 -0.11933467405592368
0.171875 -0.11995670833625534
0.17750000000000002 -0.12046637741493539
0.183125 -0.1208033244878242
0.18875 -0.12097879007883483
0.19437500000000002 -0.1210659444862792
0.2 -0.12114
0.2 -0.12114
0.22608695652173916 -0.12175376676366745
0.2521739130434783 -0.12198315321258882
0.27826086956521745 -0.12204186171584434
0.30434782608695654 -0.12194010492306177
0.3304347826086957 -0.12162708398100112
0.35652173913043483 -0.12105737030941212
0.3826086956521739 -0.1202018652833457
0.4086956521739131 -0.11907622984365104
0.4347826086956522 -0.11771546180956864
0.46086956521739136 -0.11616511364001798
0.4869565217391305 -0.1143909535418189
0.5130434782608697 -0.11233364177690505
0.5391304347826088 -0.1099552736106908
0.5652173913043479 -0.10722673946058207
0.5913043478260871 -0.10416177950709435
0.6173913043478262 -0.10079097314056919
0.6434782608695653 -0.09714993419693327
0.6695652173913045 -0.09327713876187418
0.6956521739130436 -0.08925096403849943
0.7217391304347827 -0.08512948592783122
0.7478260869565219 -0.0809348774308655
0.7739130434782611 -0.07664457983757675
0.8 -0.07216
0.8 -0.07216
0.805625 -0.07115352503779203
0.81125 -0.07012970051298541
0.816875 -0.0690874228852287
0.8225 -0.06802559835072966
0.828125 -0.06694342839728214
0.83375 -0.06584045590078848
0.839375 -0.06471624275386843
0.845 -0.06357026768843149
0.8506250000000001 -0.062401544093741046
0.8562500000000001 -0.061208923585491404
0.8618750000000001 -0.05999127105105494
0.8675 -0.05874825742388689
0.873125 -0.05748080300887083
0.87875 -0.05618993558370143
0.884375 -0.0548763700117573
0.89 -0.05353833608762161
0.895625 -0.05217287854553787
0.90125 -0.05077705758296084
0.906875 -0.04935162929661411
0.9125 -0.04790478820183679
0.918125 -0.04643624617147056
0.92375 -0.04493565127877516
0.9293750000000001 -0.043402170971713255
0.935 -0.041840741283658126
0.940625 -0.040252120734170116
0.94625 -0.03863508861829204
0.951875 -0.03698704293890457
0.9575 -0.035306781627548176
0.963125 -0.03359521403152935
0.96875 -0.03184542182780646
0.974375 -0.030043909370914765
0.98 -0.02818
0.98 -0.02818
0.985 -0.026461647125597797
0.99 -0.024670000000000004
0.995 -0.022788352874402208
1.0 -0.0208
