1.0 0.0010438177461103973
0.995 0.0012484635175403851
0.99 0.0014535928103128716
0.985 0.0016593054761711926
0.98 0.0018657006107332694
0.98 0.0018657006107332694
0.974375 0.0020987178957672533
0.96875 0.0023323905650096
0.963125 0.002566483908539663
0.9575 0.0028009269036394567
0.951875 0.0030357623822020946
0.94625 0.003271034387530056
0.940625 0.0035067748437776426
0.935 0.003743008130352801
0.9293750000000001 0.003979758987064294
0.92375 0.004217063904940514
0.918125 0.004454971612932919
0.9125 0.004693531172830948
0.906875 0.004932709165251415
0.90125 0.005172269316655925
0.895625 0.005411944728881723
0.89 0.005651512035602059
0.884375 0.005891078941720015
0.87875 0.006130905276012438
0.873125 0.006371244858602131
0.8675 0.006612073515253819
0.8618750000000001 0.00685299808674661
0.8562500000000001 0.007093599947083157
0.8506250000000001 0.007333591018859304
0.845 0.007573234913360589
0.839375 0.00781294094937578
0.83375 0.008053094877586533
0.828125 0.008293678209062561
0.8225 0.008534332582575606
0.816875 0.008774689461721294
0.81125 0.009014562808016557
0.805625 0.009254237600717937
0.8 0.009494073786554114
0.8 0.009494073786554114
0.7739130434782611 0.010607845455146273
0.7478260869565219 0.011719154324433248
0.7217391304347827 0.012827323649615141
0.6956521739130436 0.01393849747033903
0.6695652173913045 0.015044056807802516
0.6434782608695653 0.0161552483060463
0.6173913043478262 0.01726237852776877
0.5913043478260871 0.018372019140619422
0.5652173913043479 0.01948035084732733
0.5391304347826088 0.020588488591737474
0.5130434782608697 0.021694959988216897
0.4869565217391305 0.02279025640293978
0.46086956521739136 0.023924745642527494
0.4347826086956522 0.025059053012469815
0.4086956521739131 0.026181282241204012
0.3826086956521739 0.027271236136199976
0.35652173913043483 0.028328216787481847
0.3304347826086957 0.02931988282605856
0.30434782608695654 0.030239326019451944
0.27826086956521745 0.03104881406386088
0.2521739130434783 0.03172263220810617
0.22608695652173916 0.032219580666204825
0.2 0.03248626321460539
0.2 0.03248626321460539
0.19437500000000002 0.032510337511701
0.18875 0.03251961702708647
0.183125 0.032512908521579086
0.17750000000000002 0.032490332964082574
0.171875 0.03245218552120425
0.16625 0.03239826810171122
0.16062500000000002 0.032326743475880784
0.155 0.03223543436679373
0.149375 0.032122500874865595
0.14375000000000002 0.0319875526188073
0.138125 0.031830588424581426
0.1325 0.031651069935846245
0.12687500000000002 0.03144616799270407
0.12125000000000001 0.03121244330454467
0.11562500000000002 0.03094714488665958
0.11000000000000001 0.030649621524436354
0.10437500000000001 0.030319569622651255
0.09875000000000002 0.029954112721409243
0.09312500000000001 0.029546654398772375
0.08750000000000001 0.029090732066477852
0.081875 0.028582790716459056
0.07625000000000001 0.02802021708434617
0.07062500000000001 0.02739483079135202
0.065 0.026693379496382966
0.05937500000000001 0.025904548294766884
0.053750000000000006 0.025019012337005604
0.048125 0.02402581446183576
0.0425 0.022909428581510394
0.036875000000000005 0.02164597171643434
0.03125 0.02020895207726083
0.025625000000000002 0.018551161824545307
0.02 0.01660787447052725
0.02 0.01660787447052725
0.015 0.014553271710907846
0.01 0.012024757684056834
0.005 0.008659435259695201
0.0 0.0015298724826538104
0.0 0.12256796609683443
0.005 -0.014759350211086064
0.01 -0.012530264658598017
0.015 -0.014583553100620823
0.02 -0.01656265250850812
0.02 -0.01656265250850812
0.025625000000000002 -0.01851344515626142
0.03125 -0.020174627749043546
0.036875000000000005 -0.02161066864195648
0.0425 -0.022874265837276354
0.048125 -0.023990818238467472
0.053750000000000006 -0.02498394134200202
0.05937500000000001 -0.02586966106134256
0.065 -0.02665911310863153
0.07062500000000001 -0.0273609706358045
0.07625000000000001 -0.027986321388635684
0.081875 -0.028548694917589136
0.08750000000000001 -0.029056565896534194
0.09312500000000001 -0.0295128365914276
0.09875000000000002 -0.029921126777378945
0.10437500000000001 -0.030287428121206987
0.11000000000000001 -0.03061783071409229
0.11562500000000002 -0.030915257013583802
0.12125000000000001 -0.031180439656634588
0.12687500000000002 -0.031414379093784854
0.1325 -0.03161971502768599
0.138125 -0.03179962450806755
0.14375000000000002 -0.03195673934642893
0.149375 -0.03209164545627614
0.155 -0.032204449254536326
0.16062500000000002 -0.032295640302304376
0.16625 -0.03236713433896332
0.171875 -0.03242117887164671
0.17750000000000002 -0.032459647067410995
0.183125 -0.0324826086204422
0.18875 -0.03248959080093539
0.19437500000000002 -0.032480330776447276
0.2 -0.03245614916855199
0.2 -0.03245614916855199
0.22608695652173916 -0.032191582775870836
0.2521739130434783 -0.031694465308981595
0.27826086956521745 -0.03102169434729741
0.30434782608695654 -0.030212408886046368
0.3304347826086957 -0.029294623650615803
0.35652173913043483 -0.0283032124050885
0.3826086956521739 -0.02724769896237001
0.4086956521739131 -0.026158247870957354
0.4347826086956522 -0.025037099613967377
0.46086956521739136 -0.023904255174401163
0.4869565217391305 -0.022770209239282312
0.5130434782608697 -0.02167593021462504
0.5391304347826088 -0.020569841215919597
0.5652173913043479 -0.01946321037582815
0.5913043478260871 -0.018355192983444717
0.6173913043478262 -0.017246353289215446
0.6434782608695653 -0.016140132401726466
0.6695652173913045 -0.015030002238876062
0.6956521739130436 -0.013925049296530701
0.7217391304347827 -0.012815293585479006
0.7478260869565219 -0.011708172644217564
0.7739130434782611 -0.010597658655421975
0.8 -0.009484130272540147
0.8 -0.009484130272540147
0.805625 -0.009244857397917153
0.81125 -0.009005874926835293
0.816875 -0.008766584199719806
0.8225 -0.008526499983558419
0.828125 -0.008285849305536573
0.83375 -0.008045135020602367
0.839375 -0.007804848271339709
0.845 -0.007565084806421629
0.8506250000000001 -0.00732547031711619
0.8562500000000001 -0.007085603109393581
0.8618750000000001 -0.006845221101915415
0.8675 -0.006604590825398923
0.873125 -0.006364103898426096
0.87875 -0.006124125588139041
0.884375 -0.005884639358914989
0.89 -0.005645341023821017
0.895625 -0.005405920376324911
0.90125 -0.005166261742931096
0.906875 -0.00492667260743051
0.9125 -0.004687516061695532
0.918125 -0.004449111418467619
0.92375 -0.004211488002323356
0.9293750000000001 -0.003974557227689241
0.935 -0.003738229467818036
0.940625 -0.0035024001222944984
0.94625 -0.0032669502125396935
0.951875 -0.00303176201035268
0.9575 -0.0027968389680910694
0.963125 -0.00256237919079876
0.96875 -0.002328594169587268
0.974375 -0.002095488608818851
0.98 -0.0018627697782129305
0.98 -0.0018627697782129305
0.985 -0.0016560337420497722
0.99 -0.0014497375047425754
0.995 -0.001244467047633103
1.0 -0.0010408105958720243
