1.0 0.0002157736
0.995 0.003056918952553267
0.99 0.005772099209425323
0.985 0.008367721572061811
0.98 0.010850193241908373
0.98 0.010850193241908373
0.974375 0.013515701149654035
0.96875 0.01605523457978794
0.963125 0.01847763318468356
0.9575 0.020790502760567434
0.951875 0.023001112008204705
0.94625 0.025116446002802814
0.940625 0.027142822391813308
0.935 0.02908645306275705
0.9293750000000001 0.030953151057962477
0.92375 0.032748201390230006
0.918125 0.03447682327341609
0.9125 0.036143807059525815
0.906875 0.037753619222001704
0.90125 0.039310658003287695
0.895625 0.04081891066624467
0.89 0.04228219288740615
0.884375 0.043704216021804826
0.87875 0.045088331138429104
0.873125 0.046437809627892936
0.8675 0.04775577612452456
0.8618750000000001 0.04904508841328923
0.8562500000000001 0.050308567876489706
0.8506250000000001 0.05154885431690215
0.845 0.0527684089890772
0.839375 0.05396966295763004
0.83375 0.05515484672033376
0.828125 0.05632608607144547
0.8225 0.05748545976262167
0.816875 0.058634856608856076
0.81125 0.059776115948437625
0.805625 0.06091099912749306
0.8 0.062041113213433634
0.8 0.062041113213433634
0.7739130434782611 0.06726280294830578
0.7478260869565219 0.07254349564368186
0.7217391304347827 0.0779765086698507
0.6956521739130436 0.08361876705952807
0.6695652173913045 0.08949134971853495
0.6434782608695653 0.0955799235829129
0.6173913043478262 0.10183591453545997
0.5913043478260871 0.10817886744889856
0.5652173913043479 0.11449980081804767
0.5391304347826088 0.12066641134716592
0.5130434782608697 0.1265293139815385
0.4869565217391305 0.1319294163490039
0.46086956521739136 0.136705958168316
0.4347826086956522 0.14070430768834785
0.4086956521739131 0.1437843190715669
0.3826086956521739 0.14582655500516617
0.35652173913043483 0.14673724471149352
0.3304347826086957 0.1464515337234823
0.30434782608695654 0.14493235768443224
0.27826086956521745 0.14216756761027913
0.2521739130434783 0.1381621569750531
0.22608695652173916 0.13292696544210889
0.2 0.12646358101036054
0.2 0.12646358101036054
0.19437500000000002 0.12490715089290681
0.18875 0.1232921211592731
0.183125 0.12161783739778506
0.17750000000000002 0.11988345192803025
0.171875 0.11808810906646657
0.16625 0.11623083283316267
0.16062500000000002 0.11431035409390346
0.155 0.11232526529301873
0.149375 0.11027401242171264
0.14375000000000002 0.1081548061000876
0.138125 0.10596561486527241
0.1325 0.10370422043117605
0.12687500000000002 0.10136823199198823
0.12125000000000001 0.09895474857225849
0.11562500000000002 0.09646065786825458
0.11000000000000001 0.09388268820331494
0.10437500000000001 0.09121702580858868
0.09875000000000002 0.08845945888528
0.09312500000000001 0.0856053486097385
0.08750000000000001 0.08264951714836823
0.081875 0.07958612032728313
0.07625000000000001 0.07640852547813044
0.07062500000000001 0.07310913082683929
0.065 0.06967903976725205
0.05937500000000001 0.06610772307064035
0.053750000000000006 0.06238233173815502
0.048125 0.0584868240040732
0.0425 0.05440036566142398
0.036875000000000005 0.05009484370663873
0.03125 0.04553030600492987
0.025625000000000002 0.04064636965710157
0.02 0.03534368106710031
0.02 0.03534368106710031
0.015 0.030133822023606895
0.01 0.02418405749145368
0.005 0.01678015421804288
0.0 0.0014472633436518824
0.0 0.0
0.005 -0.014786029630975972
0.01 -0.020741826571618615
0.015 -0.02520666659887039
0.02 -0.028895863110493327
0.02 -0.028895863110493327
0.025625000000000002 -0.032460320065552585
0.03125 -0.035593596814033304
0.036875000000000005 -0.038409081164928555
0.0425 -0.040977692270886434
0.048125 -0.04334698293072991
0.053750000000000006 -0.04555029726314381
0.05937500000000001 -0.04761176853406105
0.065 -0.049549262910058095
0.07062500000000001 -0.051376243537319864
0.07625000000000001 -0.0531029458624402
0.081875 -0.05473723188126814
0.08750000000000001 -0.05628513048959501
0.09312500000000001 -0.05775130819219538
0.09875000000000002 -0.05913936009263774
0.10437500000000001 -0.06045202048856829
0.11000000000000001 -0.06169138995353196
0.11562500000000002 -0.0628590850120999
0.12125000000000001 -0.06395628659384227
0.12687500000000002 -0.06498386935986421
0.1325 -0.06594248556287578
0.138125 -0.06683262006027507
0.14375000000000002 -0.06765462720092573
0.149375 -0.06840874856572941
0.155 -0.06909518779664058
0.16062500000000002 -0.06971414667197767
0.16625 -0.0702657693516351
0.171875 -0.07075021837679554
0.17750000000000002 -0.07116771328543836
0.183125 -0.07151848475457749
0.18875 -0.07180279840821124
0.19437500000000002 -0.07202098963872731
0.2 -0.07217345079546969
0.2 -0.07217345079546969
0.22608695652173916 -0.07203596672810755
0.2521739130434783 -0.07056072902909791
0.27826086956521745 -0.0678429568448432
0.30434782608695654 -0.06400631211684252
0.3304347826086957 -0.05919790821482835
0.35652173913043483 -0.053582444963696386
0.3826086956521739 -0.0473363792535272
0.4086956521739131 -0.04064256128434029
0.4347826086956522 -0.03368501164154092
0.46086956521739136 -0.026644439835239907
0.4869565217391305 -0.01969381364529505
0.5130434782608697 -0.012994230564518854
0.5391304347826088 -0.00669091035511161
0.5652173913043479 -0.0009090545940430367
0.5913043478260871 0.0042499011286652654
0.6173913043478262 0.008712020369182942
0.6434782608695653 0.01243402525646454
0.6695652173913045 0.015405435368410485
0.6956521739130436 0.01764935431208074
0.7217391304347827 0.0192209937895586
0.7478260869565219 0.020203108062762834
0.7739130434782611 0.0206972649413242
0.8 0.020809588570370168
0.8 0.020809588570370168
0.805625 0.020793076970576918
0.81125 0.020763813853691495
0.816875 0.02072243892416397
0.8225 0.020669359688077576
0.828125 0.020604866268798448
0.83375 0.02052915845411007
0.839375 0.02044208849028147
0.845 0.020343422229079446
0.8506250000000001 0.020232697414567076
0.8562500000000001 0.020109014834689624
0.8618750000000001 0.019971407459988107
0.8675 0.019818470773010955
0.873125 0.0196483553408651
0.87875 0.019459116678389888
0.884375 0.019248101163439404
0.89 0.019012265177396084
0.895625 0.018748350040565093
0.90125 0.01845212432753472
0.906875 0.018119074896637565
0.9125 0.01774420858975106
0.918125 0.017321382522270612
0.92375 0.01684426344790871
0.9293750000000001 0.01630563302558989
0.935 0.015697100921296104
0.940625 0.01501009615927183
0.94625 0.0142345927446265
0.951875 0.013359465639033473
0.9575 0.012373307295719796
0.963125 0.011262933086074796
0.96875 0.010014403205487757
0.974375 0.008612908525142104
0.98 0.007040458284597231
0.98 0.007040458284597231
0.985 0.005484072370857626
0.99 0.00376467054782185
0.995 0.0018691046220244564
1.0 -0.0002157736
