1.0 0.0137143
0.995 0.015064953422276664
0.99 0.0163018262863162
0.985 0.0175312997401421
0.98 0.01873197882499856
0.98 0.01873197882499856
0.974375 0.020046349118044596
0.96875 0.021328854970345656
0.963125 0.02257074158409838
0.9575 0.02376285384336085
0.951875 0.02490437329441324
0.94625 0.025998031764508246
0.940625 0.02704604967978797
0.935 0.028050469199676315
0.9293750000000001 0.02901388488667469
0.92375 0.029940587506981538
0.918125 0.030835192225069825
0.9125 0.03170229947477973
0.906875 0.03254471194695678
0.90125 0.0333617325688555
0.895625 0.03415226100934406
0.89 0.03491519693729058
0.884375 0.035649440021563214
0.87875 0.03635416709256401
0.873125 0.037030814497245185
0.8675 0.037681920250217174
0.8618750000000001 0.03831002978053406
0.8562500000000001 0.03891768851724999
0.8506250000000001 0.0395074418894191
0.845 0.04008183532609549
0.839375 0.04064341425633329
0.83375 0.0411947241091866
0.828125 0.041737720775154676
0.8225 0.04226984525458961
0.816875 0.04278671007669413
0.81125 0.043286783984785755
0.805625 0.04377031815216334
0.8 0.04423738191268117
0.8 0.04423738191268117
0.7739130434782611 0.046183164805787096
0.7478260869565219 0.04777395028423267
0.7217391304347827 0.049067497645108996
0.6956521739130436 0.05013475965933021
0.6695652173913045 0.05102954899291639
0.6434782608695653 0.05177496957768814
0.6173913043478262 0.05238231992377907
0.5913043478260871 0.052865221160351944
0.5652173913043479 0.05323285345444648
0.5391304347826088 0.05348672841294606
0.5130434782608697 0.05363057783735516
0.4869565217391305 0.05366656143299178
0.46086956521739136 0.05359680162804001
0.4347826086956522 0.05341667606008145
0.4086956521739131 0.053133668875404945
0.3826086956521739 0.05272876070944998
0.35652173913043483 0.05225271694672479
0.3304347826086957 0.05138533245675357
0.30434782608695654 0.05080094450388603
0.27826086956521745 0.04991211758265533
0.2521739130434783 0.048858749531804135
0.22608695652173916 0.04761629648492109
0.2 0.046162220044623094
0.2 0.046162220044623094
0.19437500000000002 0.04581710470390828
0.18875 0.04546054014439146
0.183125 0.04509002734417127
0.17750000000000002 0.044703840943314976
0.171875 0.04430332230462038
0.16625 0.04388806613682645
0.16062500000000002 0.04345585277495109
0.155 0.04300623656830303
0.149375 0.0425386618756751
0.14375000000000002 0.042050477178355174
0.138125 0.04154038532829504
0.1325 0.041009723881859306
0.12687500000000002 0.040454481686020755
0.12125000000000001 0.03987352046672411
0.11562500000000002 0.03926676075397139
0.11000000000000001 0.03863314879716125
0.10437500000000001 0.03796919575147862
0.09875000000000002 0.03727733623740059
0.09312500000000001 0.036551883945233364
0.08750000000000001 0.03579280289016876
0.081875 0.03499617292929918
0.07625000000000001 0.034159657752643714
0.07062500000000001 0.03327502081159739
0.065 0.03233514826906395
0.05937500000000001 0.031316348772349664
0.053750000000000006 0.03018908293468954
0.048125 0.028918290900396236
0.0425 0.02749252491650143
0.036875000000000005 0.025902229872102785
0.03125 0.024111528762432707
0.025625000000000002 0.022163120354133647
0.02 0.02005007650664652
0.02 0.02005007650664652
0.015 0.01783851394051296
0.01 0.015232633417975877
0.005 0.011974779095836196
0.0 0.0009541601617931077
0.0 0.0
0.005 -0.01544129824686958
0.01 -0.019036916510274355
0.015 -0.021474188364982244
0.02 -0.023403222268190367
0.02 -0.023403222268190367
0.025625000000000002 -0.025229225077407203
0.03125 -0.02682536600973469
0.036875000000000005 -0.02825474614730302
0.0425 -0.029555688248152873
0.048125 -0.030762767919877216
0.053750000000000006 -0.031893352983770655
0.05937500000000001 -0.03295483403182756
0.065 -0.03395447930308257
0.07062500000000001 -0.03489944530810945
0.07625000000000001 -0.035795024662247626
0.081875 -0.036644970077703495
0.08750000000000001 -0.037452988078179636
0.09312500000000001 -0.03822278518737862
0.09875000000000002 -0.03895806783287942
0.10437500000000001 -0.03966192646475028
0.11000000000000001 -0.040335373010765126
0.11562500000000002 -0.040978981436680786
0.12125000000000001 -0.041593325708254116
0.12687500000000002 -0.04217897979124198
0.1325 -0.04273652506053121
0.138125 -0.043266799493647104
0.14375000000000002 -0.04377095728341049
0.149375 -0.04425017211763135
0.155 -0.044705617684119736
0.16062500000000002 -0.04513846767068564
0.16625 -0.045549895765139105
0.171875 -0.04594107565529012
0.17750000000000002 -0.046313119983325365
0.183125 -0.04666660411826883
0.18875 -0.04700182424803168
0.19437500000000002 -0.04731907417627798
0.2 -0.04761864770667182
0.2 -0.04761864770667182
0.22608695652173916 -0.048785932913482245
0.2521739130434783 -0.04963802443807129
0.27826086956521745 -0.050216561634093944
0.30434782608695654 -0.050551732053086135
0.3304347826086957 -0.05066441751304553
0.35652173913043483 -0.050559509296566905
0.3826086956521739 -0.050239616431954494
0.4086956521739131 -0.04970734764427087
0.4347826086956522 -0.04896118876439283
0.46086956521739136 -0.04798419233879143
0.4869565217391305 -0.04675580039222617
0.5130434782608697 -0.04525543027904348
0.5391304347826088 -0.043460728485174516
0.5652173913043479 -0.04134641504188393
0.5913043478260871 -0.03888629273498936
0.6173913043478262 -0.036047267288476
0.6434782608695653 -0.03279254590062118
0.6695652173913045 -0.02909004047529757
0.6956521739130436 -0.0249191353430447
0.7217391304347827 -0.020275681528938074
0.7478260869565219 -0.015173108784648821
0.7739130434782611 -0.00966530327396476
0.8 -0.0038739527598890813
0.8 -0.0038739527598890813
0.805625 -0.0026067276369971908
0.81125 -0.0013382094237434211
0.816875 -7.206953120181523e-05
0.8225 0.0011870799105826487
0.828125 0.002434603595382542
0.83375 0.0036658696249441724
0.839375 0.004876592009214628
0.845 0.006063123492124302
0.8506250000000001 0.007221885789936563
0.8562500000000001 0.008349300618914708
0.8618750000000001 0.009441778702899717
0.8675 0.010495108215088603
0.873125 0.011504133066545689
0.87875 0.012463618312605756
0.884375 0.013368351289872689
0.89 0.01421409855706986
0.895625 0.014997968272239617
0.90125 0.015717219543860225
0.906875 0.016369322899304938
0.9125 0.016951800662998194
0.918125 0.01746143512201855
0.92375 0.017891409204100654
0.9293750000000001 0.018233813121320892
0.935 0.018483921271175256
0.940625 0.01865370379736601
0.94625 0.018760283930496398
0.951875 0.01878999722119724
0.9575 0.018672126714665806
0.963125 0.018330280759540712
0.96875 0.017755526836411364
0.974375 0.017072991172046116
0.98 0.01639615253276186
0.98 0.01639615253276186
0.985 0.015700978671464676
0.99 0.014768183733786225
0.995 0.01373576637951493
1.0 0.0127143
