1.0 -0.00074
0.995 0.0006059579365136942
0.99 0.0019579439153515924
0.985 0.0033149509259326436
0.98 0.004675971957675797
0.98 0.004675971957675797
0.974375 0.006210664781874705
0.96875 0.0077477295438527815
0.963125 0.009285732433622556
0.9575 0.010823239641196553
0.951875 0.012358817356587297
0.94625 0.013891119102396208
0.940625 0.015419813642570425
0.935 0.016945224735473708
0.9293750000000001 0.01846768705604341
0.92375 0.019987536091055635
0.918125 0.021505239149592723
0.9125 0.023021539971809123
0.906875 0.02453721710544283
0.90125 0.026053049098231848
0.895625 0.027569697367913225
0.89 0.029086893121954005
0.884375 0.030603923976359883
0.87875 0.03212007481524148
0.873125 0.03363463091333727
0.8675 0.035146900983055646
0.8618750000000001 0.03665623006519346
0.8562500000000001 0.03816196632557015
0.8506250000000001 0.039663457930005246
0.845 0.041160118255758
0.839375 0.04265172558394477
0.83375 0.04413818505231097
0.828125 0.04561940192596802
0.8225 0.04709524793837487
0.816875 0.04856457787084144
0.81125 0.05002507080111129
0.805625 0.05147434031541923
0.8 0.05291
0.8 0.05291
0.7739130434782611 0.059396142286499774
0.7478260869565219 0.06568527888214465
0.7217391304347827 0.07168970142580913
0.6956521739130436 0.07729662527728974
0.6695652173913045 0.08248157166017184
0.6434782608695653 0.08715451047652768
0.6173913043478262 0.09128424796332607
0.5913043478260871 0.09485464789620038
0.5652173913043479 0.09775181183711525
0.5391304347826088 0.100081030839239
0.5130434782608697 0.10193638825984841
0.4869565217391305 0.10332917972603271
0.46086956521739136 0.10428270605655769
0.4347826086956522 0.10483685073532133
0.4086956521739131 0.10501902322232846
0.3826086956521739 0.10484324459417922
0.35652173913043483 0.1042912985135874
0.3304347826086957 0.10332858714034139
0.30434782608695654 0.1019569194632574
0.27826086956521745 0.10018908727115046
0.2521739130434783 0.09798525589550841
0.22608695652173916 0.09529127133747184
0.2 0.09209
0.2 0.09209
0.19437500000000002 0.09133203529518477
0.18875 0.09054600300752255
0.183125 0.08972766547335224
0.17750000000000002 0.08887278502901276
0.171875 0.08797732468522187
0.16625 0.087040849959148
0.16062500000000002 0.08606604243971566
0.155 0.08505568646113125
0.149375 0.08401256492485788
0.14375000000000002 0.08293803371987757
0.138125 0.08182934392517434
0.1325 0.0806830130550834
0.12687500000000002 0.07949555862393987
0.12125000000000001 0.07826330927109709
0.11562500000000002 0.07698039796424445
0.11000000000000001 0.07563954110870753
0.10437500000000001 0.07423343150043915
0.09875000000000002 0.07275477012881862
0.09312500000000001 0.07119758839084173
0.08750000000000001 0.06955870754520381
0.081875 0.06783530014375837
0.07625000000000001 0.06602453873835884
0.07062500000000001 0.06412179391595177
0.065 0.062108125615068066
0.05937500000000001 0.059957769423176925
0.053750000000000006 0.05764491889941159
0.048125 0.055143516707518485
0.0425 0.052412451788036975
0.036875000000000005 0.04938726906982707
0.03125 0.04599080857301006
0.025625000000000002 0.04211513818791675
0.02 0.03765443378364027
0.02 0.03765443378364027
0.015 0.03314662637829765
0.01 0.0280144733354227
0.005 0.020350000000000004
0.0 0.006449361510548213
0.0 0.0
0.005 -0.01444
0.01 -0.01862184753562446
0.015 -0.022149868031259304
0.02 -0.024757661549010365
0.02 -0.024757661549010365
0.025625000000000002 -0.02717154337201883
0.03125 -0.029510555750088232
0.036875000000000005 -0.0316866678130147
0.0425 -0.03354777777868471
0.048125 -0.035173064671910004
0.053750000000000006 -0.036713433429398375
0.05937500000000001 -0.03821899414744429
0.065 -0.039674775911568955
0.07062500000000001 -0.04106472312378072
0.07625000000000001 -0.04237282696778478
0.081875 -0.043590674805315255
0.08750000000000001 -0.04472578316588967
0.09312500000000001 -0.04578767434427876
0.09875000000000002 -0.04678587063525329
0.10437500000000001 -0.0477298315060558
0.11000000000000001 -0.04862851746711635
0.11562500000000002 -0.04949065109020868
0.12125000000000001 -0.05032495348174147
0.12687500000000002 -0.05114005404857522
0.1325 -0.05193908022467617
0.138125 -0.05271663138602477
0.14375000000000002 -0.05346657331221548
0.149375 -0.054182771782842774
0.155 -0.054860301941414495
0.16062500000000002 -0.055501006172867455
0.16625 -0.05610907945287607
0.171875 -0.05668871911915372
0.17750000000000002 -0.05724407518934919
0.183125 -0.057777862552278764
0.18875 -0.05829113693699565
0.19437500000000002 -0.05878486165055201
0.2 -0.05926
0.2 -0.05926
0.22608695652173916 -0.061224247806576156
0.2521739130434783 -0.06276049034099043
0.27826086956521745 -0.06385172153726529
0.30434782608695654 -0.06458058575810215
0.3304347826086957 -0.0650219919488813
0.35652173913043483 -0.06518433501171536
0.3826086956521739 -0.06506589740742803
0.4086956521739131 -0.06466471782743956
0.4347826086956522 -0.0639767063256868
0.46086956521739136 -0.06299406973014852
0.4869565217391305 -0.061693165086419206
0.5130434782608697 -0.060028476841327165
0.5391304347826088 -0.05789544946144522
0.5652173913043479 -0.05514544898083401
0.5913043478260871 -0.05183112397546763
0.6173913043478262 -0.04798622299177812
0.6434782608695653 -0.04375067054729856
0.6695652173913045 -0.03926058544764829
0.6956521739130436 -0.0346086332443782
0.7217391304347827 -0.02990590343316113
0.7478260869565219 -0.025003551751212407
0.7739130434782611 -0.020489048637441606
0.8 -0.01587
0.8 -0.01587
0.805625 -0.014922598668545114
0.81125 -0.014009267682795852
0.816875 -0.013128385587813018
0.8225 -0.012278330928657405
0.828125 -0.011457496560411102
0.83375 -0.010664532231658239
0.839375 -0.0098983098969934
0.845 -0.009157708837742076
0.8506250000000001 -0.008441609205796903
0.8562500000000001 -0.007749758237954214
0.8618750000000001 -0.007084397345959018
0.8675 -0.0064482136719485675
0.873125 -0.005843894358060125
0.87875 -0.005274260898677272
0.884375 -0.004743696633047216
0.89 -0.004257592542264654
0.895625 -0.0038213564014550772
0.90125 -0.003440385367170103
0.906875 -0.003118352405028826
0.9125 -0.0028553148562468077
0.918125 -0.0026508747906848333
0.92375 -0.002504634278203686
0.9293750000000001 -0.0024161417214420902
0.935 -0.002384519314546384
0.940625 -0.002408686004661571
0.94625 -0.0024875594872190232
0.951875 -0.002620165037220992
0.9575 -0.002811982703922453
0.963125 -0.003078497436670102
0.96875 -0.0034360548213776617
0.974375 -0.0039010004439588605
0.98 -0.004489679890327421
0.98 -0.004489679890327421
0.985 -0.005130039808072988
0.99 -0.005892559780654844
0.995 -0.006788719835491132
1.0 -0.00783
