1.0 0.0
0.995 0.00109421005161842
0.99 0.00165943425446602
0.985 0.0020811568354458503
0.98 0.002428776574678667
0.98 0.002428776574678667
0.974375 0.0029115924205714164
0.96875 0.0033801175043532616
0.963125 0.0038255630580978505
0.9575 0.004281970147942133
0.951875 0.0047554279761448355
0.94625 0.0052391525452712
0.940625 0.005730105770207399
0.935 0.006230347512315553
0.9293750000000001 0.006742222244118898
0.92375 0.007267188696759921
0.918125 0.007806102172598193
0.9125 0.008359739988348044
0.906875 0.008927777120410757
0.90125 0.009508980531267024
0.895625 0.01010209202214534
0.89 0.010706328973667648
0.884375 0.011322007618845038
0.87875 0.01194959890843751
0.873125 0.012589554434482052
0.8675 0.013241873965770368
0.8618750000000001 0.013906101765946461
0.8562500000000001 0.01458176200353564
0.8506250000000001 0.015268388587564297
0.845 0.015965719742603784
0.839375 0.016673687620971538
0.83375 0.017392232036152942
0.828125 0.018121287461552636
0.8225 0.01886027600308107
0.816875 0.019607689561787173
0.81125 0.02036192169585395
0.805625 0.021121365963464405
0.8 0.02188445443513006
0.8 0.02188445443513006
0.7739130434782611 0.025436850341035863
0.7478260869565219 0.028937769515852706
0.7217391304347827 0.03230490980726759
0.6956521739130436 0.03546159969842608
0.6695652173913045 0.038363393774995695
0.6434782608695653 0.04095618852588415
0.6173913043478262 0.04319695657429584
0.5913043478260871 0.04507892407081934
0.5652173913043479 0.04662225654021712
0.5391304347826088 0.04785139212018436
0.5130434782608697 0.04880046128000916
0.4869565217391305 0.049500892334727736
0.46086956521739136 0.04997806667981841
0.4347826086956522 0.050249719069394023
0.4086956521739131 0.050322520250946697
0.3826086956521739 0.050193821805800544
0.35652173913043483 0.04987603002918558
0.3304347826086957 0.049361638338770136
0.30434782608695654 0.04863601629684728
0.27826086956521745 0.04770630342446194
0.2521739130434783 0.046556973040843136
0.22608695652173916 0.04515144891558825
0.2 0.043478637340294016
0.2 0.043478637340294016
0.19437500000000002 0.04308073723252458
0.18875 0.042668689093957136
0.183125 0.04224166916529697
0.17750000000000002 0.04179881433022495
0.171875 0.04133926147242193
0.16625 0.04086219550504966
0.16062500000000002 0.040367255642211025
0.155 0.03985433133217192
0.149375 0.03932331463122981
0.14375000000000002 0.03877406438080267
0.138125 0.03820559865144937
0.1325 0.03761604970672221
0.12687500000000002 0.0370035075803759
0.12125000000000001 0.036366072633143155
0.11562500000000002 0.03570207931203997
0.11000000000000001 0.03501009425821829
0.10437500000000001 0.03428869406137081
0.09875000000000002 0.03353634250578035
0.09312500000000001 0.03275070219748757
0.08750000000000001 0.0319290889954484
0.081875 0.031068775356851347
0.07625000000000001 0.03016562418385785
0.07062500000000001 0.02921378716110893
0.065 0.028207278549563175
0.05937500000000001 0.027138324463480922
0.053750000000000006 0.025996526290608803
0.048125 0.024770663168140954
0.0425 0.023440721302450875
0.036875000000000005 0.021980080263012923
0.03125 0.020357254230782086
0.025625000000000002 0.01853049378155191
0.02 0.01643023266107531
0.02 0.01643023266107531
0.015 0.014224304510326994
0.01 0.011587161464993372
0.005 0.008129761186612192
0.0 0.002074918677790725
0.0 1e-05
0.005 -0.007940313336807567
0.01 -0.011660517513701703
0.015 -0.014351117350637018
0.02 -0.016407622586570927
0.02 -0.016407622586570927
0.025625000000000002 -0.018533251182954527
0.03125 -0.02037496127129598
0.036875000000000005 -0.021974406701182645
0.0425 -0.023425522243454004
0.048125 -0.024764105634431075
0.053750000000000006 -0.02599910060258125
0.05937500000000001 -0.027142070250053628
0.065 -0.028208270870018995
0.07062500000000001 -0.029212736149649355
0.07625000000000001 -0.030164484579465103
0.081875 -0.031068436678645214
0.08750000000000001 -0.03192937427559807
0.09312500000000001 -0.03275108402087856
0.09875000000000002 -0.03353653282241418
0.10437500000000001 -0.03428866141749427
0.11000000000000001 -0.0350099765683404
0.11562500000000002 -0.035701982313871526
0.12125000000000001 -0.03636604151017467
0.12687500000000002 -0.037003528496783004
0.1325 -0.03761608563131733
0.138125 -0.03820562547356229
0.14375000000000002 -0.038774072503572954
0.149375 -0.03932330854880517
0.155 -0.039854320761072815
0.16062500000000002 -0.040367247103593865
0.16625 -0.04086219199216188
0.171875 -0.041339262465783004
0.17750000000000002 -0.04179881725420757
0.183125 -0.04224167203255497
0.18875 -0.042668690784998985
0.19437500000000002 -0.04308073749571339
0.2 -0.0434786367065772
0.2 -0.0434786367065772
0.22608695652173916 -0.04515144907707014
0.2521739130434783 -0.046556973012907885
0.27826086956521745 -0.04770630342198367
0.30434782608695654 -0.04863601630241101
0.3304347826086957 -0.04936163833547895
0.35652173913043483 -0.049876030030549585
0.3826086956521739 -0.050193821805369174
0.4086956521739131 -0.050322520251039476
0.4347826086956522 -0.050249719069393774
0.46086956521739136 -0.0499780666798061
0.4869565217391305 -0.04950089233473453
0.5130434782608697 -0.04880046128000685
0.5391304347826088 -0.047851392120184855
0.5652173913043479 -0.04662225654021712
0.5913043478260871 -0.04507892407081927
0.6173913043478262 -0.04319695657429588
0.6434782608695653 -0.04095618852588415
0.6695652173913045 -0.0383633937749957
0.6956521739130436 -0.03546159969842608
0.7217391304347827 -0.03230490980726759
0.7478260869565219 -0.028937769515852706
0.7739130434782611 -0.025436850341035863
0.8 -0.02188445443513006
0.8 -0.02188445443513006
0.805625 -0.021121365963464405
0.81125 -0.02036192169585395
0.816875 -0.019607689561787173
0.8225 -0.01886027600308107
0.828125 -0.018121287461552636
0.83375 -0.017392232036152942
0.839375 -0.016673687620971538
0.845 -0.015965719742603784
0.8506250000000001 -0.015268388587564297
0.8562500000000001 -0.01458176200353564
0.8618750000000001 -0.013906101765946461
0.8675 -0.013241873965770368
0.873125 -0.012589554434482052
0.87875 -0.01194959890843751
0.884375 -0.011322007618845038
0.89 -0.010706328973667648
0.895625 -0.01010209202214534
0.90125 -0.009508980531267024
0.906875 -0.008927777120410757
0.9125 -0.008359739988348044
0.918125 -0.007806102172598193
0.92375 -0.007267188696759921
0.9293750000000001 -0.006742222244118898
0.935 -0.006230347512315553
0.940625 -0.005730105770207399
0.94625 -0.0052391525452712
0.951875 -0.0047554279761448355
0.9575 -0.004281970147942133
0.963125 -0.0038255630580978505
0.96875 -0.0033801175043532616
0.974375 -0.0029115924205714164
0.98 -0.002428776574678667
0.98 -0.002428776574678667
0.985 -0.0020811568354458503
0.99 -0.00165943425446602
0.995 -0.00109421005161842
1.0 0.0
