1.0 0.002
0.995 0.0023888747526371787
0.99 0.0027730522149678792
0.985 0.0031527209748039337
0.98 0.003528069619957172
0.98 0.003528069619957172
0.974375 0.003945407772598625
0.96875 0.004357785478174504
0.963125 0.0047654712533153265
0.9575 0.005168733614651612
0.951875 0.0055678410788138726
0.94625 0.005963062162432628
0.940625 0.006354665382138395
0.935 0.006742919254561691
0.9293750000000001 0.007128092296333031
0.92375 0.0075104530240829425
0.918125 0.007890269954441923
0.9125 0.008267811604040503
0.906875 0.008643346489509193
0.90125 0.009017143127478519
0.895625 0.009389440361122482
0.89 0.009760241376193792
0.884375 0.010129436979961192
0.87875 0.01049691728760115
0.873125 0.010862572414290131
0.8675 0.011226292475204598
0.8618750000000001 0.011587967585521025
0.8562500000000001 0.011947487860415867
0.8506250000000001 0.012304743415065602
0.845 0.01265962436464669
0.839375 0.013012020824335595
0.83375 0.01336182290930878
0.828125 0.013708920734742721
0.8225 0.014053204415813878
0.816875 0.014394564067698715
0.81125 0.014732889805573707
0.805625 0.015068071744615316
0.8 0.015399999999999999
0.8 0.015399999999999999
0.7739130434782611 0.016896558702252398
0.7478260869565219 0.018327180827990844
0.7217391304347827 0.01969827372265019
0.6956521739130436 0.021016228469339256
0.6695652173913045 0.0222819232226497
0.6434782608695653 0.023482722144259303
0.6173913043478262 0.024603956605094658
0.5913043478260871 0.025631108153539597
0.5652173913043479 0.02655866898541148
0.5391304347826088 0.027395097800049655
0.5130434782608697 0.028150054716451274
0.4869565217391305 0.02883272109938545
0.46086956521739136 0.029441266966375834
0.4347826086956522 0.029962850987700674
0.4086956521739131 0.030384153079410108
0.3826086956521739 0.03069203495932841
0.35652173913043483 0.030875471790903438
0.3304347826086957 0.030924802250888585
0.30434782608695654 0.030830387741259027
0.27826086956521745 0.030582358423276355
0.2521739130434783 0.03016930716993826
0.22608695652173916 0.029579199729427224
0.2 0.0288
0.2 0.0288
0.19437500000000002 0.02860598918114475
0.18875 0.02840221532573194
0.183125 0.028188266688882975
0.17750000000000002 0.027963731525719283
0.171875 0.027728198091362306
0.16625 0.027481254640933456
0.16062500000000002 0.027222489429554155
0.155 0.026951490712345844
0.149375 0.02666784640858829
0.14375000000000002 0.02637080993928515
0.138125 0.026058672539133673
0.1325 0.025729553491910067
0.12687500000000002 0.025381572081390517
0.12125000000000001 0.025012847591351223
0.11562500000000002 0.02462149930556838
0.11000000000000001 0.024205646507818174
0.10437500000000001 0.023763408481876826
0.09875000000000002 0.02329291054847399
0.09312500000000001 0.022793258278662527
0.08750000000000001 0.02226561282615906
0.081875 0.021711394179061178
0.07625000000000001 0.021132022325466453
0.07062500000000001 0.020528180720837466
0.065 0.01989470350606619
0.05937500000000001 0.01922363544626366
0.053750000000000006 0.0185070041279372
0.048125 0.017736736934380326
0.0425 0.0168987490560591
0.036875000000000005 0.015969636784557026
0.03125 0.014925194785747265
0.025625000000000002 0.013741217725503001
0.02 0.0123935002696974
0.02 0.0123935002696974
0.015 0.011038500209764643
0.01 0.009517999640403462
0.005 0.007814998381815597
0.0 0.005912496254202772
0.0 0.0
0.005 -0.005424641020877029
0.01 -0.009032320510438514
0.015 -0.011287679489561485
0.02 -0.01265535897912297
0.02 -0.01265535897912297
0.025625000000000002 -0.013711316535127766
0.03125 -0.014733753987800899
0.036875000000000005 -0.01576631644047403
0.0425 -0.01677072848604031
0.048125 -0.017708714717392885
0.053750000000000006 -0.018545105373448636
0.05937500000000001 -0.019280833828150504
0.065 -0.019940125800619508
0.07062500000000001 -0.02054759521572963
0.07625000000000001 -0.021127800910623256
0.081875 -0.021696356852020985
0.08750000000000001 -0.022250119634026913
0.09312500000000001 -0.022783583964251952
0.09875000000000002 -0.02329124455030697
0.10437500000000001 -0.023768206509732548
0.11000000000000001 -0.0242144226470907
0.11562500000000002 -0.024632157494344706
0.12125000000000001 -0.025023689820424088
0.12687500000000002 -0.025391298394258417
0.1325 -0.025737261984777212
0.138125 -0.026063859360910033
0.14375000000000002 -0.02637336929158643
0.149375 -0.026668070545735927
0.155 -0.026950011904025357
0.16062500000000002 -0.027219955201080927
0.16625 -0.027478214872486507
0.171875 -0.027725104904630125
0.17750000000000002 -0.027960939283899817
0.183125 -0.028186031996683618
0.18875 -0.028400697029369565
0.19437500000000002 -0.028605248368345673
0.2 -0.028799999999999992
0.2 -0.028799999999999992
0.22608695652173916 -0.02958111296019799
0.2521739130434783 -0.03017119867418408
0.27826086956521745 -0.030583249602450187
0.30434782608695654 -0.030830255419903314
0.3304347826086957 -0.030924261488163185
0.35652173913043483 -0.030874998347782446
0.3826086956521739 -0.030691848341198962
0.4086956521739131 -0.03038421854174635
0.4347826086956522 -0.029962999876503096
0.46086956521739136 -0.0294413832458522
0.4869565217391305 -0.02883275739734268
0.5130434782608697 -0.028150030510495277
0.5391304347826088 -0.02739505770018107
0.5652173913043479 -0.026558641016621396
0.5913043478260871 -0.0256311019420094
0.6173913043478262 -0.02460396453031696
0.6434782608695653 -0.02348273273244412
0.6695652173913045 -0.022281929787631636
0.6956521739130436 -0.02101622925659264
0.7217391304347827 -0.019698271305567155
0.7478260869565219 -0.018327178094337992
0.7739130434782611 -0.01689655721687694
0.8 -0.0154
0.8 -0.0154
0.805625 -0.015068071970308985
0.81125 -0.014732890210055326
0.816875 -0.014394564607865729
0.8225 -0.0140532050523669
0.828125 -0.013708921432185533
0.83375 -0.013361823635948327
0.839375 -0.01301202155228199
0.845 -0.01265962506981322
0.8506250000000001 -0.0123047440771687
0.8562500000000001 -0.011947488462975154
0.8618750000000001 -0.011587968115859274
0.8675 -0.01122629292444776
0.873125 -0.010862572777367316
0.87875 -0.010496917563244635
0.884375 -0.010129437170706421
0.89 -0.009760241488379374
0.895625 -0.009389440404890198
0.90125 -0.009017143116762875
0.906875 -0.008643346440343225
0.9125 -0.008267811531003014
0.918125 -0.007890269870210135
0.92375 -0.007510452939432493
0.9293750000000001 -0.0071280922201379755
0.935 -0.0067429191937944995
0.940625 -0.006354665341869958
0.94625 -0.00596306214583225
0.951875 -0.005567841087149276
0.9575 -0.005168733647288934
0.963125 -0.0047654713077191265
0.96875 -0.0043577855499077525
0.974375 -0.003945407855322711
0.98 -0.003528069705431902
0.98 -0.003528069705431902
0.985 -0.003152721054268722
0.99 -0.002773052279073927
0.995 -0.0023888747907001443
1.0 -0.002
