1.0 0.0
0.995 0.0005460803176044632
0.99 0.0010852931664917275
0.985 0.0016180404876303708
0.98 0.00214472422198897
0.98 0.00214472422198897
0.974375 0.002730496005677708
0.96875 0.0033096745637419605
0.963125 0.0038828321910373774
0.9575 0.0044505411824196095
0.951875 0.005013373832744309
0.94625 0.005571902436867123
0.940625 0.006126699289643706
0.935 0.006678336685929706
0.9293750000000001 0.0072273869205807745
0.92375 0.007774422288452574
0.918125 0.00832001508440073
0.9125 0.008864737603280909
0.906875 0.009409162139948758
0.90125 0.009953860989259931
0.895625 0.010499358901390168
0.89 0.011045803041360528
0.884375 0.011593160514311024
0.87875 0.012141397316467854
0.873125 0.012690479444057224
0.8675 0.013240372893305322
0.8618750000000001 0.013791043660438354
0.8562500000000001 0.014342457741682515
0.8506250000000001 0.014894581133264003
0.845 0.015447379831409034
0.839375 0.016000819832343777
0.83375 0.016554867132294444
0.828125 0.01710948772748724
0.8225 0.01766464761414835
0.816875 0.018220312788503983
0.81125 0.018776449246780343
0.805625 0.019333022985203615
0.8 0.01989
0.8 0.01989
0.7739130434782611 0.022476452273625918
0.7478260869565219 0.025061947244065182
0.7217391304347827 0.0276375852611095
0.6956521739130436 0.030194460888192578
0.6695652173913045 0.03272170711339644
0.6434782608695653 0.03520364846133015
0.6173913043478262 0.0376238861618566
0.5913043478260871 0.039965941437505176
0.5652173913043479 0.04220853507079841
0.5391304347826088 0.04432294716224805
0.5130434782608697 0.046279817753698306
0.4869565217391305 0.0480500135192957
0.46086956521739136 0.049609613676139905
0.4347826086956522 0.05093990998428377
0.4086956521739131 0.052022420836082425
0.3826086956521739 0.05283852350634464
0.35652173913043483 0.05336795477840192
0.3304347826086957 0.053589393053987584
0.30434782608695654 0.05348149909514158
0.27826086956521745 0.053019590047206334
0.2521739130434783 0.052156754691718404
0.22608695652173916 0.05084474132667067
0.2 0.049075
0.2 0.049075
0.19437500000000002 0.048633687978633613
0.18875 0.04817057168090612
0.183125 0.04768493406119468
0.17750000000000002 0.04717605807387648
0.171875 0.046643226673328694
0.16625 0.04608572281392849
0.16062500000000002 0.04550282945005302
0.155 0.044893829536079476
0.149375 0.04425800543997023
0.14375000000000002 0.04359405546054867
0.138125 0.04289899781824142
0.1325 0.04216955048909851
0.12687500000000002 0.041402431449169906
0.12125000000000001 0.040594358674505567
0.11562500000000002 0.0397420501411555
0.11000000000000001 0.03884222382516967
0.10437500000000001 0.03789159770259808
0.09875000000000002 0.036886906811094855
0.09312500000000001 0.03582765656629167
0.08750000000000001 0.034719161860040766
0.081875 0.03356746910047337
0.07625000000000001 0.03237862469572063
0.07062500000000001 0.03115694870959131
0.065 0.02989305111279134
0.05937500000000001 0.028571003913126242
0.053750000000000006 0.02717483885381095
0.048125 0.025688577030110057
0.0425 0.024095600660267464
0.036875000000000005 0.022378301703145018
0.03125 0.020518986934001823
0.025625000000000002 0.01849996312809698
0.02 0.016286677603723397
0.02 0.016286677603723397
0.015 0.014053048945654959
0.01 0.01144
0.005 0.008188226379393105
0.0 0.0006866220702896693
0.0 0.0
0.005 -0.007995000000000002
0.01 -0.010530000000000001
0.015 -0.012258035380101711
0.02 -0.013446380393265013
0.02 -0.013446380393265013
0.025625000000000002 -0.014398733636930741
0.03125 -0.015269222410076366
0.036875000000000005 -0.016094585556050197
0.0425 -0.016857030784588493
0.048125 -0.017538765805427493
0.053750000000000006 -0.018123914920729074
0.05937500000000001 -0.018618882819602927
0.065 -0.019044448634350893
0.07062500000000001 -0.019421631071328015
0.07625000000000001 -0.01977140291383673
0.081875 -0.020107280189512834
0.08750000000000001 -0.020427142126580315
0.09312500000000001 -0.020726899002382778
0.09875000000000002 -0.021002461094263784
0.10437500000000001 -0.021250310805044328
0.11000000000000001 -0.02147147418127833
0.11562500000000002 -0.021669144007114907
0.12125000000000001 -0.02184652641073756
0.12687500000000002 -0.02200682752032984
0.1325 -0.022153253464075276
0.138125 -0.02228901037015741
0.14375000000000002 -0.02241730436675978
0.149375 -0.022541341582065916
0.155 -0.02266386301174758
0.16062500000000002 -0.02278500690802686
0.16625 -0.022904006695036547
0.171875 -0.023020094888447456
0.17750000000000002 -0.023132504003930448
0.183125 -0.02324046655715636
0.18875 -0.023343215063796028
0.19437500000000002 -0.02343998203952029
0.2 -0.023530000000000002
0.2 -0.023530000000000002
0.22608695652173916 -0.023866004434096158
0.2521739130434783 -0.02413752418456679
0.27826086956521745 -0.024413721070987056
0.30434782608695654 -0.024676359476084982
0.3304347826086957 -0.024901262492159473
0.35652173913043483 -0.025091375496138508
0.3826086956521739 -0.025253723630989322
0.4086956521739131 -0.025395188003102746
0.4347826086956522 -0.025514007524284288
0.46086956521739136 -0.025595025704732217
0.4869565217391305 -0.025621933762033467
0.5130434782608697 -0.025578677204519756
0.5391304347826088 -0.025455050227653302
0.5652173913043479 -0.025246695714026806
0.5913043478260871 -0.024949510836977808
0.6173913043478262 -0.02455915973479002
0.6434782608695653 -0.024068597513246658
0.6695652173913045 -0.023469031515227393
0.6956521739130436 -0.022751639954230175
0.7217391304347827 -0.021906240988373432
0.7478260869565219 -0.020913611127612555
0.7739130434782611 -0.0197508384117137
0.8 -0.018395
0.8 -0.018395
0.805625 -0.01807521602697113
0.81125 -0.017745703410723797
0.816875 -0.0174067757094286
0.8225 -0.01705874648125612
0.828125 -0.016701929284376946
0.83375 -0.01633663767696165
0.839375 -0.015963185217180827
0.845 -0.015581885463205058
0.8506250000000001 -0.01519305197320491
0.8562500000000001 -0.014796998305350991
0.8618750000000001 -0.014394038017813878
0.8675 -0.013984484668764152
0.873125 -0.0135686518163724
0.87875 -0.013146853018809197
0.884375 -0.012719401834245136
0.89 -0.012286611820850802
0.895625 -0.011848796536796774
0.90125 -0.011406263284503929
0.906875 -0.01095830358903445
0.9125 -0.010502078892675258
0.918125 -0.010034482422444573
0.92375 -0.009552407405360624
0.9293750000000001 -0.00905274706844162
0.935 -0.008532394638705806
0.940625 -0.007988243343171393
0.94625 -0.007417186408856611
0.951875 -0.006816117062779678
0.9575 -0.006181928531958819
0.963125 -0.00551151404341226
0.96875 -0.004801766824158223
0.974375 -0.004049580101214933
0.98 -0.003251847101600611
0.98 -0.003251847101600611
0.985 -0.002502003164769318
0.99 -0.001711535326200458
0.995 -0.000878261599931522
1.0 0.0
