1.0 0.0
0.995 -4.689268177190702e-06
0.99 2.5639127280520843e-05
0.985 9.132766819147889e-05
0.98 0.00019271883637402758
0.98 0.00019271883637402758
0.974375 0.0003498861272383943
0.96875 0.0005531606445399693
0.963125 0.000803030023524012
0.9575 0.0010999818994357822
0.951875 0.0014445039075205398
0.94625 0.001837083683023544
0.940625 0.002278208861190055
0.935 0.002768367077265331
0.9293750000000001 0.0033080459664946334
0.92375 0.0038977331641232332
0.918125 0.0045379163053963665
0.9125 0.0052290830255593045
0.906875 0.005971720959857307
0.90125 0.006766317743535633
0.895625 0.007613360180527343
0.89 0.008513328472740916
0.884375 0.009466699673762543
0.87875 0.010473950817789198
0.873125 0.011535558939017873
0.8675 0.012652001071645536
0.8618750000000001 0.013823754249869175
0.8562500000000001 0.015051295507885767
0.8506250000000001 0.016335101879892296
0.845 0.01767565040008577
0.839375 0.019073418102663112
0.83375 0.020528882021821328
0.828125 0.02204251919175741
0.8225 0.02361480664666833
0.816875 0.025246221420751058
0.81125 0.026937240548202603
0.805625 0.028688341063219925
0.8 0.0305
0.8 0.0305
0.7739130434782611 0.03961522610620246
0.7478260869565219 0.049537941382095434
0.7217391304347827 0.05976287912879594
0.6956521739130436 0.06978504969188495
0.6695652173913045 0.07919338149022191
0.6434782608695653 0.08780702689220699
0.6173913043478262 0.09547976882423373
0.5913043478260871 0.10206664410812338
0.5652173913043479 0.10749792329135315
0.5391304347826088 0.11182048919616709
0.5130434782608697 0.11509125580822992
0.4869565217391305 0.11736736152626485
0.46086956521739136 0.1187111062493356
0.4347826086956522 0.11918995137684661
0.4086956521739131 0.11887158272126043
0.3826086956521739 0.1178204693841237
0.35652173913043483 0.1160636862025835
0.3304347826086957 0.11360418268191615
0.30434782608695654 0.11044450623853343
0.27826086956521745 0.10659508100079225
0.2521739130434783 0.10211869547805967
0.22608695652173916 0.09706430690040084
0.2 0.0913
0.2 0.0913
0.19437500000000002 0.08994622711084552
0.18875 0.08855217874451558
0.183125 0.08711941571742875
0.17750000000000002 0.08564949884600355
0.171875 0.08414398894665853
0.16625 0.08260444683581224
0.16062500000000002 0.08103243332988314
0.155 0.07942950924528985
0.149375 0.07779723442066266
0.14375000000000002 0.0761361948175708
0.138125 0.07444417503435054
0.1325 0.07271845904177268
0.12687500000000002 0.07095633081060795
0.12125000000000001 0.06915507431162711
0.11562500000000002 0.0673119735156009
0.11000000000000001 0.06542431239330009
0.10437500000000001 0.06348937491549543
0.09875000000000002 0.061504436256123965
0.09312500000000001 0.05946534320325326
0.08750000000000001 0.05736494722308108
0.081875 0.05519572261756107
0.07625000000000001 0.052950143688646825
0.07062500000000001 0.05062116667433608
0.065 0.048205575199752645
0.05937500000000001 0.04570197806471803
0.053750000000000006 0.043108995309544616
0.048125 0.04042499430206939
0.0425 0.03763318206160504
0.036875000000000005 0.03469326706725175
0.03125 0.03156293641830639
0.025625000000000002 0.028199877214065888
0.02 0.02456177655382713
0.02 0.02456177655382713
0.015 0.021062803986309983
0.01 0.017283364594897155
0.005 0.013193740677037217
0.0 0.00876421453017875
0.0 0.0
0.005 -0.011283726176465576
0.01 -0.017927663088232786
0.015 -0.02114873691176722
0.02 -0.022163873823534436
0.02 -0.022163873823534436
0.025625000000000002 -0.02218391742819254
0.03125 -0.022268617876818646
0.036875000000000005 -0.022539618325444755
0.0425 -0.022904978841870073
0.048125 -0.023272759493893822
0.053750000000000006 -0.02355731019535981
0.05937500000000001 -0.023746100320380586
0.065 -0.02387377308840334
0.07062500000000001 -0.023975757949630826
0.07625000000000001 -0.024087393510975802
0.081875 -0.024229267700135622
0.08750000000000001 -0.024391036304559213
0.09312500000000001 -0.02455846020563633
0.09875000000000002 -0.0247173002847567
0.10437500000000001 -0.024854717596936297
0.11000000000000001 -0.024968992943423744
0.11562500000000002 -0.025063709823836388
0.12125000000000001 -0.025142484394902336
0.12687500000000002 -0.025208932813349735
0.1325 -0.025266671235906694
0.138125 -0.025319315819301372
0.14375000000000002 -0.025370482720261888
0.149375 -0.025423788095516375
0.155 -0.025482251668116778
0.16062500000000002 -0.025545555695329424
0.16625 -0.025612222184534943
0.171875 -0.025680771978204422
0.17750000000000002 -0.025749725918808978
0.183125 -0.025817604848819713
0.18875 -0.025882929610707726
0.19437500000000002 -0.02594422104694412
0.2 -0.026
0.2 -0.026
0.22608695652173916 -0.026195309990617536
0.2521739130434783 -0.0264015145901264
0.27826086956521745 -0.026727025746111494
0.30434782608695654 -0.02711539216183013
0.3304347826086957 -0.02750471364727398
0.35652173913043483 -0.02789837662834718
0.3826086956521739 -0.02830958802071206
0.4086956521739131 -0.028751369773283342
0.4347826086956522 -0.0292256458301186
0.46086956521739136 -0.02971713822774684
0.4869565217391305 -0.03020908926871616
0.5130434782608697 -0.030684880234612237
0.5391304347826088 -0.031131088924885596
0.5652173913043479 -0.0315374896568516
0.5913043478260871 -0.031893995726863245
0.6173913043478262 -0.032186474334195546
0.6434782608695653 -0.03235375679959234
0.6695652173913045 -0.03230432871571279
0.6956521739130436 -0.031946169913081336
0.7217391304347827 -0.031207953243041795
0.7478260869565219 -0.03015591875934517
0.7739130434782611 -0.028912425988204662
0.8 -0.0276
0.8 -0.0276
0.805625 -0.027320066948278276
0.81125 -0.02704525553232424
0.816875 -0.026778195680741208
0.8225 -0.026521517322132468
0.828125 -0.026277850385101314
0.83375 -0.026049824798251037
0.839375 -0.02584007049018494
0.845 -0.02565121738950631
0.8506250000000001 -0.025485895424818435
0.8562500000000001 -0.025346734524724624
0.8618750000000001 -0.025236364617828168
0.8675 -0.025157415632732355
0.873125 -0.025112517498040485
0.87875 -0.025104300142355845
0.884375 -0.02513539349428174
0.89 -0.025208427482421462
0.895625 -0.025326032035378296
0.90125 -0.02549076117518166
0.906875 -0.02569284359392622
0.9125 -0.02589666179529853
0.918125 -0.026063343788629723
0.92375 -0.02615401758325099
0.9293750000000001 -0.026129811188493484
0.935 -0.02595185261368837
0.940625 -0.025581269868166813
0.94625 -0.02497919096125998
0.951875 -0.024106743902299044
0.9575 -0.02292505670061516
0.963125 -0.021395257365539495
0.96875 -0.019478473906403223
0.974375 -0.0171358343325375
0.98 -0.014328466653273498
0.98 -0.014328466653273498
0.985 -0.011411461966715206
0.99 -0.008069249989955122
0.995 -0.004274529681535854
1.0 0.0
