1.0 0.0
0.995 0.000491099116870929
0.99 0.0009843774599931434
0.985 0.0014822595597831674
0.98 0.0019871699466575245
0.98 0.0019871699466575245
0.974375 0.0025666139557898966
0.96875 0.0031614738016687563
0.963125 0.0037752015988910667
0.9575 0.0044112494620537936
0.951875 0.005073069505753901
0.94625 0.005764113844588353
0.940625 0.006487834593154116
0.935 0.007247683866048152
0.9293750000000001 0.008047113777867428
0.92375 0.008889576443208924
0.918125 0.009778523976669572
0.9125 0.010717408492846355
0.906875 0.011709682106336234
0.90125 0.012758796931736179
0.895625 0.013867845157927453
0.89 0.015037060554988007
0.884375 0.016265313792399035
0.87875 0.017551467144872865
0.873125 0.018894382887121825
0.8675 0.020292923293858213
0.8618750000000001 0.021745950639794363
0.8562500000000001 0.023252327199642597
0.8506250000000001 0.024810915248115233
0.845 0.02642057705992463
0.839375 0.028080174909783023
0.83375 0.02978857107240279
0.828125 0.03154462782249624
0.8225 0.033347207434775705
0.816875 0.03519517218395348
0.81125 0.03708738434474192
0.805625 0.03902270619185333
0.8 0.040999999999999995
0.8 0.040999999999999995
0.7739130434782611 0.05063426106711583
0.7478260869565219 0.06072380163613784
0.7217391304347827 0.07084563493286301
0.6956521739130436 0.08057717860995386
0.6695652173913045 0.08963295102748899
0.6434782608695653 0.09806354927080556
0.6173913043478262 0.10597012378343243
0.5913043478260871 0.1134519990786346
0.5652173913043479 0.12049894385384398
0.5391304347826088 0.12693091529195105
0.5130434782608697 0.1325532631337353
0.4869565217391305 0.13717397206674697
0.46086956521739136 0.14066163055426345
0.4347826086956522 0.14294543083528943
0.4086956521739131 0.14395720009560026
0.3826086956521739 0.14364995054322763
0.35652173913043483 0.1422229702699325
0.3304347826086957 0.14003443503439772
0.30434782608695654 0.1374451687230881
0.27826086956521745 0.13470576426523553
0.2521739130434783 0.1313339991863852
0.22608695652173916 0.1267053758383726
0.2 0.121
0.2 0.121
0.19437500000000002 0.11966871883551408
0.18875 0.11829801222053107
0.183125 0.11687814168039011
0.17750000000000002 0.11539936874043043
0.171875 0.1138519549259912
0.16625 0.11222616176241162
0.16062500000000002 0.11051225077503089
0.155 0.1087004834891882
0.149375 0.10678112765147199
0.14375000000000002 0.10475064737270884
0.138125 0.10262333064278388
0.1325 0.10041665073119074
0.12687500000000002 0.09814808090742293
0.12125000000000001 0.09583509444097395
0.11562500000000002 0.09349516460133742
0.11000000000000001 0.09114576465800682
0.10437500000000001 0.08880436788047577
0.09875000000000002 0.08648827372182724
0.09312500000000001 0.08418655819548963
0.08750000000000001 0.08182911282711641
0.081875 0.07933837676376108
0.07625000000000001 0.07663678915247699
0.07062500000000001 0.07365770883601792
0.065 0.07042121550579046
0.05937500000000001 0.06698874361913346
0.053750000000000006 0.063421982320166
0.048125 0.05978161741277483
0.0425 0.05606813428690255
0.036875000000000005 0.05218870769087864
0.03125 0.04804248565117329
0.025625000000000002 0.043528616194256756
0.02 0.038546247346599255
0.02 0.038546247346599255
0.015 0.03364263682513275
0.01 0.028218336871200962
0.005 0.022202515920404387
0.0 0.015524342408343498
0.0 0.0
0.005 -0.010178792597508226
0.01 -0.01676939629875411
0.015 -0.020670603701245887
0.02 -0.02278120740249178
0.02 -0.02278120740249178
0.025625000000000002 -0.024134108088757183
0.03125 -0.025339033584016506
0.036875000000000005 -0.02651864657927583
0.0425 -0.027642213466787125
0.048125 -0.02867900063880236
0.053750000000000006 -0.02960172917818417
0.05937500000000001 -0.030423280946144278
0.065 -0.03118244798347447
0.07062500000000001 -0.031918454167292845
0.07625000000000001 -0.03267040838586915
0.081875 -0.033458748213220174
0.08750000000000001 -0.03426475752049507
0.09312500000000001 -0.03506479003196948
0.09875000000000002 -0.03583519947191897
0.10437500000000001 -0.03655471379135638
0.11000000000000001 -0.03722091631631533
0.11562500000000002 -0.03784038197787797
0.12125000000000001 -0.03841974108267716
0.12687500000000002 -0.03896562393734574
0.1325 -0.039484660848516547
0.138125 -0.03998348212282247
0.14375000000000002 -0.04046871806689635
0.149375 -0.040946998987371024
0.155 -0.04142392263907526
0.16062500000000002 -0.04189930892348088
0.16625 -0.0423709691061283
0.171875 -0.042836712435855184
0.17750000000000002 -0.0432943481614992
0.183125 -0.04374168553189803
0.18875 -0.044176533795889324
0.19437500000000002 -0.04459670220231075
0.2 -0.045
0.2 -0.045
0.22608695652173916 -0.046658328256727596
0.2521739130434783 -0.04811939076455313
0.27826086956521745 -0.04954330438759639
0.30434782608695654 -0.05092607739163377
0.3304347826086957 -0.052230013538737845
0.35652173913043483 -0.0534130396711963
0.3826086956521739 -0.05443242424986103
0.4086956521739131 -0.05524619263458472
0.4347826086956522 -0.05585778412526448
0.46086956521739136 -0.05634102962886645
0.4869565217391305 -0.056775815244362725
0.5130434782608697 -0.05723969981223562
0.5391304347826088 -0.057756715227703134
0.5652173913043479 -0.058297366440718985
0.5913043478260871 -0.05882983114274719
0.6173913043478262 -0.05931567913312327
0.6434782608695653 -0.05963966346519034
0.6695652173913045 -0.05963697800132848
0.6956521739130436 -0.059141990617401774
0.7217391304347827 -0.057979551853465074
0.7478260869565219 -0.05591124100111335
0.7739130434782611 -0.05267282633722703
0.8 -0.048
0.8 -0.048
0.805625 -0.046780440302054416
0.81125 -0.04548882031671797
0.816875 -0.044132060261549415
0.8225 -0.04271708035410747
0.828125 -0.04125080081195084
0.83375 -0.03974014185263822
0.839375 -0.03819202369372836
0.845 -0.03661336655277997
0.8506250000000001 -0.03501109064735171
0.8562500000000001 -0.03339211619500239
0.8618750000000001 -0.031763363413290675
0.8675 -0.030131752519775283
0.873125 -0.02850420373201495
0.87875 -0.026887637267568366
0.884375 -0.025288973343994266
0.89 -0.023715132178851357
0.895625 -0.022173033989698363
0.90125 -0.02066958352421129
0.906875 -0.019209173607861806
0.9125 -0.017790929571060328
0.918125 -0.016413313472996228
0.92375 -0.015074787372858915
0.9293750000000001 -0.013773813329837745
0.935 -0.012508853403122166
0.940625 -0.011278369651901541
0.94625 -0.010080824135365263
0.951875 -0.008914678912702725
0.9575 -0.007778396043103318
0.963125 -0.006670437585756432
0.96875 -0.005589265599851461
0.974375 -0.004533342144577799
0.98 -0.003501129279124834
0.98 -0.003501129279124834
0.985 -0.0026022686266863695
0.99 -0.0017198469593436257
0.995 -0.0008527841321102779
1.0 0.0
