1.0 0.00025
0.995 0.000869198841739476
0.99 0.001488334891350696
0.985 0.0021074151257368004
0.98 0.0027264465218009275
0.98 0.0027264465218009275
0.974375 0.003422807152378347
0.96875 0.004119124736008464
0.963125 0.004815409206602199
0.9575 0.005511670498070464
0.951875 0.006207918544324174
0.94625 0.0069041632792742474
0.940625 0.007600414636831597
0.935 0.008296682550907137
0.9293750000000001 0.00899297695541179
0.92375 0.009689307784256477
0.918125 0.010385684971352093
0.9125 0.011082118450609559
0.906875 0.011778618155939793
0.90125 0.012475194021253718
0.895625 0.01317185130648221
0.89 0.013868558152251166
0.884375 0.014565264998020121
0.87875 0.0152619221742345
0.873125 0.01595848001133972
0.8675 0.016654888839781213
0.8618750000000001 0.017351098990004393
0.8562500000000001 0.018047060792454685
0.8506250000000001 0.01874272457757751
0.845 0.01943805858343087
0.839375 0.02013313125375626
0.83375 0.020828045868197795
0.828125 0.021522905741375355
0.8225 0.022217814187908847
0.816875 0.02291287452241816
0.81125 0.023608190059523197
0.805625 0.024303864113843842
0.8 0.025
0.8 0.025
0.7739130434782611 0.028231140232608875
0.7478260869565219 0.03144669001253114
0.7217391304347827 0.03461903102259347
0.6956521739130436 0.03772093696635581
0.6695652173913045 0.04072343715169099
0.6434782608695653 0.04359314411134989
0.6173913043478262 0.04630190177763014
0.5913043478260871 0.04883302004531492
0.5652173913043479 0.05117120018851583
0.5391304347826088 0.05330102290516223
0.5130434782608697 0.05519876408516628
0.4869565217391305 0.05683056484801375
0.46086956521739136 0.05816660027446088
0.4347826086956522 0.05917995175942336
0.4086956521739131 0.05981552686121496
0.3826086956521739 0.060003415585154
0.35652173913043483 0.05976612337495969
0.3304347826086957 0.05918032268144589
0.30434782608695654 0.058272570361023734
0.27826086956521745 0.05704243322479442
0.2521739130434783 0.05548480235735229
0.22608695652173916 0.053588446183193764
0.2 0.05132
0.2 0.05132
0.19437500000000002 0.05077820670152762
0.18875 0.05021695951647488
0.183125 0.04963598553335428
0.17750000000000002 0.049035011840678364
0.171875 0.048413765526959675
0.16625 0.04777197368071072
0.16062500000000002 0.04710936339044401
0.155 0.04642566174467213
0.149375 0.04572059547489252
0.14375000000000002 0.044993535725613716
0.138125 0.04424283079322843
0.1325 0.04346664618242427
0.12687500000000002 0.042663147397888776
0.12125000000000001 0.041830499944309506
0.11562500000000002 0.04096686932637405
0.11000000000000001 0.04007042104876995
0.10437500000000001 0.039139320616184796
0.09875000000000002 0.03817173326278446
0.09312500000000001 0.03716578029677785
0.08750000000000001 0.03611949091374344
0.081875 0.03503088271064296
0.07625000000000001 0.03389797328443806
0.07062500000000001 0.03271831367906014
0.065 0.03148574971845666
0.05937500000000001 0.030192360309996804
0.053750000000000006 0.02883021347934642
0.048125 0.027391241959499827
0.0425 0.025859260923158368
0.036875000000000005 0.02420550332456933
0.03125 0.022400119776607587
0.025625000000000002 0.020413260892148045
0.02 0.018198191080836017
0.02 0.018198191080836017
0.015 0.0159245076202222
0.01 0.013221764831921676
0.005 0.00961
0.0 0.0042664724788252124
0.0 0.0
0.005 -0.00961
0.01 -0.01318376251408291
0.015 -0.015953403922328597
0.02 -0.018228557761816543
0.02 -0.018228557761816543
0.025625000000000002 -0.020409793374636956
0.03125 -0.022377919190390803
0.036875000000000005 -0.024181925136692255
0.0425 -0.02584441494750715
0.048125 -0.02738799235680134
0.053750000000000006 -0.0288346318711784
0.05937500000000001 -0.030198993229155792
0.065 -0.03149101696403408
0.07062500000000001 -0.032720564955693525
0.07625000000000001 -0.033897483805649796
0.081875 -0.03502913929095999
0.08750000000000001 -0.03611769490552111
0.09312500000000001 -0.03716465908334621
0.09875000000000002 -0.038171540258448225
0.10437500000000001 -0.03913987607915446
0.11000000000000001 -0.040071436204847106
0.11562500000000002 -0.040968100934541514
0.12125000000000001 -0.04183175124863639
0.12687500000000002 -0.04266426812753048
0.1325 -0.0434675325516225
0.138125 -0.044243425501311204
0.14375000000000002 -0.04499382795699532
0.149375 -0.045720620899073576
0.155 -0.0464254956169134
0.16062500000000002 -0.04710908194518556
0.16625 -0.0477716407102265
0.171875 -0.048413432367882335
0.17750000000000002 -0.049034717373999226
0.183125 -0.0496357561844233
0.18875 -0.0502168092550007
0.19437500000000002 -0.050778137041577555
0.2 -0.051320000000000005
0.2 -0.051320000000000005
0.22608695652173916 -0.05358852848658237
0.2521739130434783 -0.05548479659976737
0.27826086956521745 -0.05704241262427023
0.30434782608695654 -0.05827257320943166
0.3304347826086957 -0.05918032774102658
0.35652173913043483 -0.05976612232169565
0.3826086956521739 -0.06000341436812612
0.4086956521739131 -0.05981552720611613
0.4347826086956522 -0.059179952045247265
0.46086956521739136 -0.05816660016901235
0.4869565217391305 -0.056830564782789174
0.5130434782608697 -0.05519876411597632
0.5391304347826088 -0.05330102291951348
0.5652173913043479 -0.05117120017980754
0.5913043478260871 -0.048833020042309674
0.6173913043478262 -0.046301901780027806
0.6434782608695653 -0.04359314411193442
0.6695652173913045 -0.040723437151045226
0.6956521739130436 -0.03772093696625578
0.7217391304347827 -0.034619031022764035
0.7478260869565219 -0.031446690012543826
0.7739130434782611 -0.02823114023256463
0.8 -0.024999999999999998
0.8 -0.024999999999999998
0.805625 -0.02430386411385055
0.81125 -0.02360819005953385
0.816875 -0.02291287452243048
0.8225 -0.02221781418792099
0.828125 -0.02152290574138595
0.83375 -0.02082804586820592
0.839375 -0.020133131253761455
0.845 -0.019438058583433122
0.8506250000000001 -0.01874272457757727
0.8562500000000001 -0.01804706079245272
0.8618750000000001 -0.017351098990001434
0.8675 -0.01665488883977785
0.873125 -0.015958480011336443
0.87875 -0.015261922174231665
0.884375 -0.014565264998017967
0.89 -0.013868558152249817
0.895625 -0.01317185130648166
0.90125 -0.012475194021253853
0.906875 -0.011778618155940416
0.9125 -0.011082118450610481
0.918125 -0.010385684971353157
0.92375 -0.009689307784257545
0.9293750000000001 -0.008992976955412754
0.935 -0.008296682550907906
0.940625 -0.007600414636832106
0.94625 -0.006904163279274457
0.951875 -0.006207918544324068
0.9575 -0.005511670498070051
0.963125 -0.004815409206601511
0.96875 -0.004119124736007558
0.974375 -0.0034228071523773017
0.98 -0.0027264465217998477
0.98 -0.0027264465217998477
0.985 -0.0021074151257357964
0.99 -0.0014883348913498863
0.995 -0.0008691988417389951
1.0 -0.00025
