1.0 0.00252
0.995 0.003917665988609454
0.99 0.005307037454500131
0.985 0.006688169344640787
0.98 0.008061116606000174
0.98 0.008061116606000174
0.974375 0.009595967501354564
0.96875 0.011120607503204483
0.963125 0.012635114846589421
0.9575 0.014139567766548875
0.951875 0.015634044498122338
0.94625 0.017118623276349304
0.940625 0.018593382336269264
0.935 0.020058399912921722
0.9293750000000001 0.021513754241346154
0.92375 0.0229595235565821
0.918125 0.02439578609366898
0.9125 0.025822620087646336
0.906875 0.02724010377355364
0.90125 0.028648315386430406
0.895625 0.03004733066687247
0.89 0.03143720554537524
0.884375 0.03281798650554697
0.87875 0.034189719972816494
0.873125 0.035552452372612654
0.8675 0.036906230130364225
0.8618750000000001 0.03825109967150008
0.8562500000000001 0.03958710742144903
0.8506250000000001 0.04091429980563989
0.845 0.04223272324950153
0.839375 0.04354242417846269
0.83375 0.044843449017952244
0.828125 0.04613584419339902
0.8225 0.04741965613023184
0.816875 0.0486949312538795
0.81125 0.04996171598977089
0.805625 0.05122005676333479
0.8 0.05247
0.8 0.05247
0.7739130434782611 0.05815732453512257
0.7478260869565219 0.06366320462646331
0.7217391304347827 0.06898581225840902
0.6956521739130436 0.0741233130319631
0.6695652173913045 0.07907170858117608
0.6434782608695653 0.083821695948541
0.6173913043478262 0.08836317425363314
0.5913043478260871 0.09268599744655333
0.5652173913043479 0.09677730930893216
0.5391304347826088 0.10062005286127142
0.5130434782608697 0.10419680976827686
0.4869565217391305 0.10748987865761381
0.46086956521739136 0.11047504830501587
0.4347826086956522 0.113121597634285
0.4086956521739131 0.11539852253218258
0.3826086956521739 0.1172738661530311
0.35652173913043483 0.11870459613654938
0.3304347826086957 0.11964053462916353
0.30434782608695654 0.12003138468574484
0.27826086956521745 0.11982314604679802
0.2521739130434783 0.11893719881891925
0.22608695652173916 0.11728187183276813
0.2 0.11474999999999999
0.2 0.11474999999999999
0.19437500000000002 0.11407815081402571
0.18875 0.11335811666684872
0.183125 0.11258767976542247
0.17750000000000002 0.1117646223167004
0.171875 0.11088672652763598
0.16625 0.10995177460518268
0.16062500000000002 0.1089575487562939
0.155 0.10790183118792318
0.149375 0.1067824036570253
0.14375000000000002 0.1055965997219578
0.138125 0.10434046369511273
0.1325 0.1030098094896033
0.12687500000000002 0.10160045101854263
0.12125000000000001 0.10010820219504386
0.11562500000000002 0.09852887693222012
0.11000000000000001 0.09685828914318453
0.10437500000000001 0.09509225274105035
0.09875000000000002 0.09322656224609777
0.09312500000000001 0.09125386326737842
0.08750000000000001 0.08916019815436937
0.081875 0.08693077778884074
0.07625000000000001 0.08455081305256258
0.07062500000000001 0.08200589408152598
0.065 0.07928462293154162
0.05937500000000001 0.07637703795939123
0.053750000000000006 0.07327318636743618
0.048125 0.06996240430275334
0.0425 0.06639136459535416
0.036875000000000005 0.06244061193379877
0.03125 0.05798500256437175
0.025625000000000002 0.05289939273335783
0.02 0.047058638687041666
0.02 0.047058638687041666
0.015 0.0411317412010324
0.01 0.034421415083944425
0.005 0.026839767877749988
0.0 0.018298907124421282
0.0 0.0
0.005 -0.019441720664121455
0.01 -0.03291826033206073
0.015 -0.04190293966793927
0.02 -0.04786907933587855
0.02 -0.04786907933587855
0.025625000000000002 -0.05280684995111205
0.03125 -0.057392502594224466
0.036875000000000005 -0.06181134586233688
0.0425 -0.06599514802050965
0.048125 -0.06987567733380319
0.053750000000000006 -0.07339110655004216
0.05937500000000001 -0.07655406052918709
0.065 -0.07942519775193109
0.07062500000000001 -0.08206597725931283
0.07625000000000001 -0.08453774959779811
0.081875 -0.08688424850757188
0.08750000000000001 -0.08911226532673366
0.09312500000000001 -0.09122393968856836
0.09875000000000002 -0.09322141122636068
0.10437500000000001 -0.09510707733510099
0.11000000000000001 -0.0968853824735856
0.11562500000000002 -0.09856174728852746
0.12125000000000001 -0.10014159843857408
0.12687500000000002 -0.10163036258237317
0.1325 -0.1030334663785723
0.138125 -0.10435633648581916
0.14375000000000002 -0.1056043995627614
0.149375 -0.10678308226804659
0.155 -0.10789739675175447
0.16062500000000002 -0.10895003569707602
0.16625 -0.10994288543850371
0.171875 -0.11087783150094287
0.17750000000000002 -0.1117567594092989
0.183125 -0.11258155468847726
0.18875 -0.11335410286338331
0.19437500000000002 -0.1140762894589224
0.2 -0.11475
0.2 -0.11475
0.22608695652173916 -0.11728408318986809
0.2521739130434783 -0.11893704090863769
0.27826086956521745 -0.11982253914768043
0.30434782608695654 -0.1200314944811407
0.3304347826086957 -0.11964098333419072
0.35652173913043483 -0.11870498898224399
0.3826086956521739 -0.1172740210018935
0.4086956521739131 -0.11539846821394287
0.4347826086956522 -0.11312147409183097
0.46086956521739136 -0.11047495182058167
0.4869565217391305 -0.10748984853890349
0.5130434782608697 -0.10419682985348915
0.5391304347826088 -0.10062008613466801
0.5652173913043479 -0.09677733251640583
0.5913043478260871 -0.0926860026006527
0.6173913043478262 -0.08836316767757506
0.6434782608695653 -0.08382168716285454
0.6695652173913045 -0.07907170313379544
0.6956521739130436 -0.07412331237872918
0.7217391304347827 -0.06898581426401566
0.7478260869565219 -0.06366320689474794
0.7739130434782611 -0.05815732576763251
0.8 -0.05247
0.8 -0.05247
0.805625 -0.05122005657606248
0.81125 -0.049961715654146914
0.816875 -0.04869493080566878
0.8225 -0.04741965560204354
0.828125 -0.046135843614686624
0.83375 -0.04484344841501347
0.839375 -0.043542423574439534
0.845 -0.04223272266438027
0.8506250000000001 -0.040914299256251084
0.8562500000000001 -0.03958710692146749
0.8618750000000001 -0.03825109923144491
0.8675 -0.03690622975759877
0.873125 -0.035552452071344554
0.87875 -0.03418971974409767
0.884375 -0.03281798634727359
0.89 -0.031437205452287766
0.895625 -0.03004733063055563
0.90125 -0.028648315395321856
0.906875 -0.027240103814349752
0.9125 -0.025822620148250156
0.918125 -0.024395786163561424
0.92375 -0.022959523626821927
0.9293750000000001 -0.02151375430457001
0.935 -0.020058399963344103
0.940625 -0.018593382369682537
0.94625 -0.01711862329012369
0.951875 -0.01563404449120593
0.9575 -0.014139567739467626
0.963125 -0.01263511480144715
0.96875 -0.011120607443682873
0.974375 -0.00959596743271316
0.98 -0.008061116535076386
0.98 -0.008061116535076386
0.985 -0.006688169278703829
0.99 -0.005307037401307291
0.995 -0.003917665957026204
1.0 -0.00252
