1.0 0.0
0.995 0.0005990942445168635
0.99 0.0012169862704227786
0.985 0.0018529139632297003
0.98 0.002506115208449583
0.98 0.002506115208449583
0.974375 0.0032606649805926586
0.96875 0.004035026921316908
0.963125 0.004828115910579781
0.9575 0.005638846828338729
0.951875 0.0064661345545512046
0.94625 0.007308893969174656
0.940625 0.008166039952166538
0.935 0.009036487383484301
0.9293750000000001 0.009919151143085394
0.92375 0.010812946110927287
0.918125 0.011716787166967398
0.9125 0.012629589191163195
0.906875 0.013550267063472123
0.90125 0.014477735663851646
0.895625 0.015410942881985558
0.89 0.01634905392127289
0.884375 0.01729132185502602
0.87875 0.018237000003346743
0.873125 0.019185341686336847
0.8675 0.020135600224098132
0.8618750000000001 0.021087028936732397
0.8562500000000001 0.02203888114434143
0.8506250000000001 0.02299041016702703
0.845 0.02394095755911174
0.839375 0.024890252359076815
0.83375 0.025838129942257843
0.828125 0.026784425686911577
0.8225 0.02772897497129478
0.816875 0.028671613173664217
0.81125 0.029612175672276655
0.805625 0.03055049784538884
0.8 0.03148641501678094
0.8 0.03148641501678094
0.7739130434782611 0.03578340185765195
0.7478260869565219 0.03996662152972
0.7217391304347827 0.04399207627136122
0.6956521739130436 0.04785592051617552
0.6695652173913045 0.051544960888702335
0.6434782608695653 0.0550073782704798
0.6173913043478262 0.05820143062745903
0.5913043478260871 0.06111402794719786
0.5652173913043479 0.06372163514323513
0.5391304347826088 0.06598018180547238
0.5130434782608697 0.06783868015425688
0.4869565217391305 0.06924164063882353
0.46086956521739136 0.07017698297755268
0.4347826086956522 0.07067537555104578
0.4086956521739131 0.07075207799526212
0.3826086956521739 0.07041034693876005
0.35652173913043483 0.06967990955802994
0.3304347826086957 0.06860440469775606
0.30434782608695654 0.06718895460919505
0.27826086956521745 0.06541801572617821
0.2521739130434783 0.06328015233595102
0.22608695652173916 0.060762515514696094
0.2 0.05783314809277258
0.2 0.05783314809277258
0.19437500000000002 0.05714378553620926
0.18875 0.056433045972397934
0.183125 0.05570048749489864
0.17750000000000002 0.054945668130883314
0.171875 0.05416814590752394
0.16625 0.05336747885199248
0.16062500000000002 0.05254322499146085
0.155 0.05169494235310103
0.149375 0.050822188964085
0.14375000000000002 0.049924350087724695
0.138125 0.048999865060905
0.1325 0.048046851127411166
0.12687500000000002 0.04706342526086361
0.12125000000000001 0.04604770443488269
0.11562500000000002 0.044997805623088846
0.11000000000000001 0.04391184579910244
0.10437500000000001 0.04278794193654388
0.09875000000000002 0.04162421100903356
0.09312500000000001 0.04041892394153832
0.08750000000000001 0.03917097406820803
0.081875 0.03787941199410343
0.07625000000000001 0.036543288324292336
0.07062500000000001 0.03516135150126021
0.065 0.033726842804727424
0.05937500000000001 0.03222819546496454
0.053750000000000006 0.030653681180643155
0.048125 0.028991572112228883
0.0425 0.027230545581444613
0.036875000000000005 0.02536042640957208
0.03125 0.02337124115864868
0.025625000000000002 0.021253016390711837
0.02 0.01898291916562911
0.02 0.01898291916562911
0.015 0.016712410958508096
0.01 0.014024975408592195
0.005 0.010407238133111734
0.0 0.004781233231414097
0.0 0.0
0.005 -0.008041317863649042
0.01 -0.011211471287811938
0.015 -0.01338138207346243
0.02 -0.015106334879911615
0.02 -0.015106334879911615
0.025625000000000002 -0.016733367621045547
0.03125 -0.018226785906859756
0.036875000000000005 -0.01963766998814519
0.0425 -0.020967176336766667
0.048125 -0.022216439161345962
0.053750000000000006 -0.023386745412025633
0.05937500000000001 -0.02448388632968376
0.065 -0.02551878846590402
0.07062500000000001 -0.026502657998242207
0.07625000000000001 -0.027446701104254092
0.081875 -0.02836015081989079
0.08750000000000001 -0.029244262976082586
0.09312500000000001 -0.030098277716435574
0.09875000000000002 -0.030921435184466217
0.10437500000000001 -0.031713046570939624
0.11000000000000001 -0.03247371796144018
0.11562500000000002 -0.0332051859544114
0.12125000000000001 -0.03390922512909377
0.12687500000000002 -0.03458761006472772
0.1325 -0.03524211534055373
0.138125 -0.035874515535812244
0.14375000000000002 -0.03648658522974374
0.149375 -0.03708009900158868
0.155 -0.037656744457511125
0.16062500000000002 -0.03821722379507182
0.16625 -0.03876161543731394
0.171875 -0.03928998793595673
0.17750000000000002 -0.03980240984271935
0.183125 -0.04029894970932101
0.18875 -0.040779676087480905
0.19437500000000002 -0.04124465752891823
0.2 -0.04169396258535217
0.2 -0.04169396258535217
0.22608695652173916 -0.043579711925755445
0.2521739130434783 -0.04516909755140589
0.27826086956521745 -0.04649471139012597
0.30434782608695654 -0.04756078928796265
0.3304347826086957 -0.04836822351715962
0.35652173913043483 -0.04892528590721752
0.3826086956521739 -0.04922472536716694
0.4086956521739131 -0.04922489952786819
0.4347826086956522 -0.04889424004206571
0.46086956521739136 -0.04822404272651185
0.4869565217391305 -0.04719697376216417
0.5130434782608697 -0.045783955492276186
0.5391304347826088 -0.043997749794011234
0.5652173913043479 -0.04189369738805083
0.5913043478260871 -0.03952687267272334
0.6173913043478262 -0.03694826985717033
0.6434782608695653 -0.0341821292018292
0.6695652173913045 -0.031240315740097245
0.6956521739130436 -0.028169872897884196
0.7217391304347827 -0.025029536773041462
0.7478260869565219 -0.0218422194136895
0.7739130434782611 -0.01862304269802488
0.8 -0.015416552381081488
0.8 -0.015416552381081488
0.805625 -0.014732001882600793
0.81125 -0.014051133123435686
0.816875 -0.01337454752674458
0.8225 -0.012702846515685866
0.828125 -0.012036631513417948
0.83375 -0.01137650394309922
0.839375 -0.010723065227888077
0.845 -0.010076916790942922
0.8506250000000001 -0.009438659966032197
0.8562500000000001 -0.008808874802966844
0.8618750000000001 -0.00818809266376647
0.8675 -0.0075768381325142945
0.873125 -0.006975635793293544
0.87875 -0.00638501023018744
0.884375 -0.005805486027279211
0.89 -0.00523758776865208
0.895625 -0.004681840038389268
0.90125 -0.004138778253460042
0.906875 -0.0036099217462598845
0.9125 -0.0030985461910236186
0.918125 -0.00260810903461631
0.92375 -0.0021420677239030275
0.9293750000000001 -0.0017038797057488276
0.935 -0.001297002427018793
0.940625 -0.000924893334577983
0.94625 -0.0005910098752914631
0.951875 -0.0002988094960243001
0.9575 -5.1749643641559994e-05
0.963125 0.0001467122349916905
0.96875 0.0002931186930103852
0.974375 0.0003840122835494575
0.98 0.0004159355597438413
0.98 0.0004159355597438413
0.985 0.0003920108161350603
0.99 0.00031633215860071926
0.995 0.00018647131170197907
1.0 0.0
