1.0 0.0018
0.995 0.0038771063328320423
0.99 0.005923673823717123
0.985 0.007939895677316018
0.98 0.009925965098289496
0.98 0.009925965098289496
0.974375 0.012124492179705926
0.96875 0.014285377203459496
0.963125 0.0164088952597801
0.9575 0.01849532143889762
0.951875 0.020544930831041967
0.94625 0.02255799852644301
0.940625 0.02453479961533065
0.935 0.02647560918793477
0.9293750000000001 0.02838070233448527
0.92375 0.030250354145212068
0.918125 0.03208483971034498
0.9125 0.03388443412011395
0.906875 0.03564941246474885
0.90125 0.03738004983447959
0.895625 0.03907662192090454
0.89 0.04073940919150498
0.884375 0.04236869439124817
0.87875 0.04396476027912746
0.873125 0.045527889614136195
0.8675 0.0470583651552677
0.8618750000000001 0.048556469661515334
0.8562500000000001 0.050022485891872435
0.8506250000000001 0.05145669660533235
0.845 0.05285938456088846
0.839375 0.05423083251753402
0.83375 0.05557132323426244
0.828125 0.05688113947006706
0.8225 0.0581605639839412
0.816875 0.0594098795348782
0.81125 0.06062936888187147
0.805625 0.06181931478391428
0.8 0.06298
0.8 0.06298
0.7739130434782611 0.0679885176732483
0.7478260869565219 0.07240181565941443
0.7217391304347827 0.07624793403219911
0.6956521739130436 0.07955491278269647
0.6695652173913045 0.08235076389837628
0.6434782608695653 0.08466343072065555
0.6173913043478262 0.08652084626513107
0.5913043478260871 0.0879509472060612
0.5652173913043479 0.08898188973739629
0.5391304347826088 0.08964217030860949
0.5130434782608697 0.08996031463846617
0.4869565217391305 0.08996426869602989
0.46086956521739136 0.0896686442072224
0.4347826086956522 0.08907471865482344
0.4086956521739131 0.08818318977191095
0.3826086956521739 0.08699464717068131
0.35652173913043483 0.08550842355808255
0.3304347826086957 0.0837230407344507
0.30434782608695654 0.08163700698501157
0.27826086956521745 0.0792457841534515
0.2521739130434783 0.07652458134010132
0.22608695652173916 0.07344034569583645
0.2 0.06996
0.2 0.06996
0.19437500000000002 0.06915437578788759
0.18875 0.06832811117488681
0.183125 0.06748052045349871
0.17750000000000002 0.06661091791622432
0.171875 0.06571861785556471
0.16625 0.06480293456402099
0.16062500000000002 0.06386318233409415
0.155 0.06289867545828529
0.149375 0.06190872791319981
0.14375000000000002 0.06089233904337109
0.138125 0.05984760315228185
0.1325 0.058772452804839705
0.12687500000000002 0.05766482056595223
0.12125000000000001 0.05652263900052697
0.11562500000000002 0.055343840673471534
0.11000000000000001 0.05412635814969347
0.10437500000000001 0.0528681239941004
0.09875000000000002 0.05156706147235977
0.09312500000000001 0.0502195838860295
0.08750000000000001 0.04881893814541689
0.081875 0.04735797245591046
0.07625000000000001 0.04582953502289866
0.07062500000000001 0.04422671757391571
0.065 0.04254454581411993
0.05937500000000001 0.04077896770892422
0.053750000000000006 0.03892593690355834
0.048125 0.03698104451512525
0.0425 0.03491812997312155
0.036875000000000005 0.032677317591254
0.03125 0.030195831458215156
0.025625000000000002 0.027410895662697582
0.02 0.024259734293393845
0.02 0.024259734293393845
0.015 0.021100504450417428
0.01 0.017558220942141534
0.005 0.013588794239636942
0.0 0.009148134813974399
0.0 0.0
0.005 -0.009890303711901189
0.01 -0.016806751855950597
0.015 -0.02148604814404941
0.02 -0.024664896288098818
0.02 -0.024664896288098818
0.025625000000000002 -0.027364630919534904
0.03125 -0.029899623874614017
0.036875000000000005 -0.03236272932969313
0.0425 -0.03472004960517862
0.048125 -0.036937687021476893
0.053750000000000006 -0.038984889216681785
0.05937500000000001 -0.040867468147004
0.065 -0.04261482565131026
0.07062500000000001 -0.04425675673317818
0.07625000000000001 -0.04582300342094393
0.081875 -0.04733470588810371
0.08750000000000001 -0.04879496623842026
0.09312500000000001 -0.05020461526217662
0.09875000000000002 -0.05156448374965577
0.10437500000000001 -0.05287554776297537
0.11000000000000001 -0.05413993706826856
0.11562500000000002 -0.05536033160109442
0.12125000000000001 -0.056539414685276373
0.12687500000000002 -0.05767986964463792
0.1325 -0.05878437980300246
0.138125 -0.059855628484193464
0.14375000000000002 -0.06089629901203439
0.149375 -0.06190907471034864
0.155 -0.06289638736586235
0.16062500000000002 -0.06385926123837996
0.16625 -0.06479823126944619
0.171875 -0.06571383190932237
0.17750000000000002 -0.06660659760826988
0.183125 -0.06747706281655003
0.18875 -0.06832576198442422
0.19437500000000002 -0.06915322956215375
0.2 -0.06996000000000001
0.2 -0.06996000000000001
0.22608695652173916 -0.07344330595023135
0.2521739130434783 -0.07652750797803867
0.27826086956521745 -0.07924716303419412
0.30434782608695654 -0.08163680225023479
0.3304347826086957 -0.08372220403703869
0.35652173913043483 -0.08550769102121297
0.3826086956521739 -0.08699435842499194
0.4086956521739131 -0.08818329105878732
0.4347826086956522 -0.08907494902365218
0.46086956521739136 -0.08966882412113357
0.4869565217391305 -0.08996432485819761
0.5130434782608697 -0.08996027718569845
0.5391304347826088 -0.08964210826391836
0.5652173913043479 -0.08898184646256764
0.5913043478260871 -0.08795093759524486
0.6173913043478262 -0.08652085852746477
0.6434782608695653 -0.08466344710326924
0.6695652173913045 -0.08235077405607232
0.6956521739130436 -0.07955491400077758
0.7217391304347827 -0.07624793029235717
0.7478260869565219 -0.0724018114297585
0.7739130434782611 -0.06798851537499484
0.8 -0.06298
0.8 -0.06298
0.805625 -0.061819315133119765
0.81125 -0.06062936950770735
0.816875 -0.0594098803706539
0.8225 -0.05816056496885056
0.828125 -0.05688114054918839
0.83375 -0.05557132435855855
0.839375 -0.054230833643852165
0.845 -0.05285938565196035
0.8506250000000001 -0.05145669762977417
0.8562500000000001 -0.050022486824184836
0.8618750000000001 -0.04855647048208344
0.8675 -0.04705836585036108
0.873125 -0.0455278901759089
0.87875 -0.04396476070561801
0.884375 -0.04236869468637954
0.89 -0.0407394093650846
0.895625 -0.03907662198862433
0.90125 -0.03738004981789977
0.906875 -0.035649412388676596
0.9125 -0.03388443400710639
0.918125 -0.032084839580017
0.92375 -0.030250354014236307
0.9293750000000001 -0.028380702216592148
0.935 -0.02647560909391248
0.940625 -0.024534799553025143
0.94625 -0.022557998500758007
0.951875 -0.020544930843938956
0.9575 -0.018495321489395863
0.963125 -0.016408895343956606
0.96875 -0.014285377314449068
0.974375 -0.012124492307701119
0.98 -0.009925965230540637
0.98 -0.009925965230540637
0.985 -0.007939895800268246
0.99 -0.005923673922905477
0.995 -0.003877106391725127
1.0 -0.0018
