1.0 0.0022
0.995 0.0038027941590016937
0.99 0.0053908112151607466
0.985 0.006964359735459675
0.98 0.008523748286880994
0.98 0.008523748286880994
0.974375 0.010261519021484382
0.96875 0.011982198421912445
0.963125 0.013686225834513335
0.9575 0.015374040605635204
0.951875 0.017046082081626206
0.94625 0.018702789608834484
0.940625 0.020344602533608206
0.935 0.021971960202295512
0.9293750000000001 0.023585301961244556
0.92375 0.025185067156803527
0.918125 0.026771695135320506
0.9125 0.028345625243143685
0.906875 0.029907296826621202
0.90125 0.03145714923210124
0.895625 0.03299558544023366
0.89 0.03452271962653132
0.884375 0.03603852824335245
0.87875 0.037542986894875764
0.873125 0.03903607118527996
0.8675 0.0405177567187437
0.8618750000000001 0.04198801909944572
0.8562500000000001 0.04344683393156467
0.8506250000000001 0.04489417681927929
0.845 0.0463300233667683
0.839375 0.0477543491782103
0.83375 0.04916712985778403
0.828125 0.05056834100966822
0.8225 0.05195795823804154
0.816875 0.05333595714708266
0.81125 0.054702313340970324
0.805625 0.056057002423883215
0.8 0.0574
0.8 0.0574
0.7739130434782611 0.06347667227686346
0.7478260869565219 0.06930987489664091
0.7217391304347827 0.0749081248495936
0.6956521739130436 0.08027991636382033
0.6695652173913045 0.08542602729434498
0.6434782608695653 0.09032832013918461
0.6173913043478262 0.0949658121260483
0.5913043478260871 0.09931765526369724
0.5652173913043479 0.10337108842401684
0.5391304347826088 0.10712588511673488
0.5130434782608697 0.11058289709999579
0.4869565217391305 0.11374177116612756
0.46086956521739136 0.11657443989368013
0.4347826086956522 0.11902512164742543
0.4086956521739131 0.1210368298263189
0.3826086956521739 0.1225545082341987
0.35652173913043483 0.12354554163166405
0.3304347826086957 0.12399179281593406
0.30434782608695654 0.12387536588483822
0.27826086956521745 0.12315803429414557
0.2521739130434783 0.12166641339120737
0.22608695652173916 0.11922164073660099
0.2 0.11590000000000003
0.2 0.11590000000000003
0.19437500000000002 0.11508321220559586
0.18875 0.1142289570585465
0.183125 0.1133331855545587
0.17750000000000002 0.11239184868933928
0.171875 0.11140089745859504
0.16625 0.11035628285803276
0.16062500000000002 0.10925395588335915
0.155 0.10808986753028109
0.149375 0.10685996915428508
0.14375000000000002 0.10556057045146479
0.138125 0.10418901188682908
0.1325 0.10274281813260672
0.12687500000000002 0.10121951386102628
0.12125000000000001 0.09961662374431642
0.11562500000000002 0.09793167245470583
0.11000000000000001 0.09616218466442313
0.10437500000000001 0.09430568504569704
0.09875000000000002 0.09235967325319651
0.09312500000000001 0.09031758671534224
0.08750000000000001 0.0881643443814936
0.081875 0.0858837925731401
0.07625000000000001 0.08345977761177105
0.07062500000000001 0.08087734542303843
0.065 0.07813106881812984
0.05937500000000001 0.07522006371554224
0.053750000000000006 0.07214347401287849
0.048125 0.06889972599471977
0.0425 0.06544418916434964
0.036875000000000005 0.06166549501404049
0.03125 0.05744653413189155
0.025625000000000002 0.05267019710600212
0.02 0.04721937452447153
0.02 0.04721937452447153
0.015 0.04171329129681118
0.01 0.035499500634037943
0.005 0.02849575285317082
0.0 0.02061979827122876
0.0 0.0
0.005 -0.014174030626423464
0.01 -0.024331015313211732
0.015 -0.03142098468678827
0.02 -0.03639396937357654
0.02 -0.03639396937357654
0.025625000000000002 -0.040640707772614366
0.03125 -0.044453244634466656
0.036875000000000005 -0.04798481274631894
0.0425 -0.05122962958214504
0.048125 -0.05418191261591878
0.053750000000000006 -0.05683834557739754
0.05937500000000001 -0.05922428241982307
0.065 -0.06138357401481406
0.07062500000000001 -0.06336037951596216
0.07625000000000001 -0.06519877731990074
0.081875 -0.06692973291216471
0.08750000000000001 -0.06855671403399934
0.09312500000000001 -0.07007972597206426
0.09875000000000002 -0.071498774013019
0.10437500000000001 -0.07281443956059702
0.11000000000000001 -0.07403187936228942
0.11562500000000002 -0.0751584320200446
0.12125000000000001 -0.0762014495729438
0.12687500000000002 -0.07716828406006832
0.1325 -0.0780662875204994
0.138125 -0.07890281199331838
0.14375000000000002 -0.07968520951760649
0.149375 -0.080420832132445
0.155 -0.08111608222572603
0.16062500000000002 -0.08177204821921476
0.16625 -0.08238797116634752
0.171875 -0.08296309026577302
0.17750000000000002 -0.0834966447161401
0.183125 -0.08398787371609756
0.18875 -0.08443601646429418
0.19437500000000002 -0.0848403121593787
0.2 -0.08520000000000001
0.2 -0.08520000000000001
0.22608695652173916 -0.08631759254730587
0.2521739130434783 -0.08671129338475553
0.27826086956521745 -0.08659892288232923
0.30434782608695654 -0.08609189643207868
0.3304347826086957 -0.0852607640529734
0.35652173913043483 -0.08412660646588574
0.3826086956521739 -0.08270306316152895
0.4086956521739131 -0.08100378567704652
0.4347826086956522 -0.07904314833539401
0.46086956521739136 -0.07683664577753563
0.4869565217391305 -0.0743998690158773
0.5130434782608697 -0.07174871996026053
0.5391304347826088 -0.06890625116154689
0.5652173913043479 -0.06590266581161788
0.5913043478260871 -0.06276847799979078
0.6173913043478262 -0.05953273571462027
0.6434782608695653 -0.05620744352329624
0.6695652173913045 -0.05279361023728941
0.6956521739130436 -0.04929206140547523
0.7217391304347827 -0.04570336345782496
0.7478260869565219 -0.04202636020183514
0.7739130434782611 -0.038259192714534374
0.8 -0.03440000000000001
0.8 -0.03440000000000001
0.805625 -0.033555634821035775
0.81125 -0.032706970834597775
0.816875 -0.03185407439247442
0.8225 -0.03099701184645413
0.828125 -0.03013584954832532
0.83375 -0.029270653849876385
0.839375 -0.028401491102895766
0.845 -0.027528427659171857
0.8506250000000001 -0.02665152987049305
0.8562500000000001 -0.025770864088647812
0.8618750000000001 -0.024886496665424526
0.8675 -0.023998493952611603
0.873125 -0.023106922301997474
0.87875 -0.022211848065370524
0.884375 -0.02131333759451919
0.89 -0.020411457241231886
0.895625 -0.019506273357297016
0.90125 -0.01859785230778041
0.906875 -0.017686262613668177
0.9125 -0.016771577316906334
0.918125 -0.015853870028710026
0.92375 -0.014933214360294433
0.9293750000000001 -0.01400968392287471
0.935 -0.013083352327666048
0.940625 -0.012154293185883607
0.94625 -0.01122258010874255
0.951875 -0.010288286707458051
0.9575 -0.009351486593245275
0.963125 -0.008412253377319389
0.96875 -0.0074706606708955636
0.974375 -0.006526782085188965
0.98 -0.005580691231414763
0.98 -0.005580691231414763
0.985 -0.004737923879205914
0.99 -0.003893518423561073
0.995 -0.0030475265639893874
1.0 -0.0022
