1.0 0.0022
0.995 0.0041577693622373325
0.99 0.006100453662715508
0.985 0.008028062352741097
0.98 0.009940604883620675
0.98 0.009940604883620675
0.974375 0.012074218230490237
0.96875 0.014188788888536625
0.963125 0.01628433031479596
0.9575 0.018360855966304355
0.951875 0.02041837930009793
0.94625 0.022456913773212794
0.940625 0.024476472842685074
0.935 0.026477069965550885
0.9293750000000001 0.028458718598846338
0.92375 0.030421432199607596
0.918125 0.03236522422487069
0.9125 0.03429010813167178
0.906875 0.03619609737704699
0.90125 0.03808320541803243
0.895625 0.039951467667916005
0.89 0.041801093909752146
0.884375 0.04363237707869759
0.87875 0.0454456106220082
0.873125 0.0472410879869399
0.8675 0.04901910262074855
0.8618750000000001 0.05077994797069007
0.8562500000000001 0.05252391748402032
0.8506250000000001 0.05425130460799522
0.845 0.055962402789870684
0.839375 0.057657505476902515
0.83375 0.059336906116346656
0.828125 0.06100089815545902
0.8225 0.06264977504149546
0.816875 0.06428383022171189
0.81125 0.0659033571433642
0.805625 0.06750864925370828
0.8 0.0691
0.8 0.0691
0.7739130434782611 0.07629954836191756
0.7478260869565219 0.08319364877628838
0.7217391304347827 0.08977039387106585
0.6956521739130436 0.09601788318983666
0.6695652173913045 0.101926560675888
0.6434782608695653 0.10749261716380784
0.6173913043478262 0.11271310794235098
0.5913043478260871 0.11758505543384859
0.5652173913043479 0.12210351007521573
0.5391304347826088 0.12626046572597244
0.5130434782608697 0.1300476533142499
0.4869565217391305 0.13345595118415582
0.46086956521739136 0.13645662824725435
0.4347826086956522 0.13900134398256617
0.4086956521739131 0.1410409052850883
0.3826086956521739 0.14252447149410521
0.35652173913043483 0.14338204911374106
0.3304347826086957 0.14353128798027448
0.30434782608695654 0.14288963198552013
0.27826086956521745 0.14138671012271242
0.2521739130434783 0.13903315793932433
0.22608695652173916 0.13584541930923957
0.2 0.13169999999999998
0.2 0.13169999999999998
0.19437500000000002 0.13066424407085606
0.18875 0.12957390416328576
0.183125 0.12842675114694088
0.17750000000000002 0.1272205558914733
0.171875 0.12595308926653478
0.16625 0.12462212214177722
0.16062500000000002 0.12322542538685233
0.155 0.12176076987141195
0.149375 0.12022592666485182
0.14375000000000002 0.11861886578142891
0.138125 0.11693812950149246
0.1325 0.11518236237423625
0.12687500000000002 0.11335020894885395
0.12125000000000001 0.11144031377453918
0.11562500000000002 0.1094513214004857
0.11000000000000001 0.10738187637588714
0.10437500000000001 0.10523062324993729
0.09875000000000002 0.10299617980226083
0.09312500000000001 0.10067281710373743
0.08750000000000001 0.09824569118704626
0.081875 0.0956988103396014
0.07625000000000001 0.09301618284881674
0.07062500000000001 0.09018164280996212
0.065 0.08717764093813066
0.05937500000000001 0.08398596825280247
0.053750000000000006 0.08058841171066718
0.048125 0.07696636442615597
0.0425 0.07307758897819555
0.036875000000000005 0.06884322061568089
0.03125 0.06418124384943949
0.025625000000000002 0.059009643190298985
0.02 0.05324640314908697
0.02 0.05324640314908697
0.015 0.04756053578262319
0.01 0.04128479580121735
0.005 0.03436158110547813
0.0 0.026733289596014183
0.0 0.0
0.005 -0.012090037074938763
0.01 -0.020837018537469384
0.015 -0.027018981462530615
0.02 -0.03141396292506124
0.02 -0.03141396292506124
0.025625000000000002 -0.03519081269866454
0.03125 -0.038548582323979556
0.036875000000000005 -0.04162791444929456
0.0425 -0.044441233185428475
0.048125 -0.047000962643200236
0.053750000000000006 -0.0493198035199134
0.05937500000000001 -0.05141367183075607
0.065 -0.05330055798955145
0.07062500000000001 -0.054998486983433355
0.07625000000000001 -0.056525483738408024
0.081875 -0.057899563254895786
0.08750000000000001 -0.05913871971938622
0.09312500000000001 -0.060260944697525264
0.09875000000000002 -0.06128422975495873
0.10437500000000001 -0.06222548152364108
0.11000000000000001 -0.06309299042743437
0.11562500000000002 -0.06389093805968979
0.12125000000000001 -0.06462348070918258
0.12687500000000002 -0.06529477466468801
0.1325 -0.0659089762149813
0.138125 -0.06647024164883775
0.14375000000000002 -0.06698272725503263
0.149375 -0.06745058932234113
0.155 -0.06787744506321239
0.16062500000000002 -0.06826389517901268
0.16625 -0.06860949169919256
0.171875 -0.06891378560031908
0.17750000000000002 -0.06917632785895936
0.183125 -0.0693966694516805
0.18875 -0.06957436135504959
0.19437500000000002 -0.06970895454563372
0.2 -0.0698
0.2 -0.0698
0.22608695652173916 -0.06972180381869417
0.2521739130434783 -0.06914355570537656
0.27826086956521745 -0.06839143586150974
0.30434782608695654 -0.06741714307395302
0.3304347826086957 -0.06614459503897935
0.35652173913043483 -0.06460822365052821
0.3826086956521739 -0.0628590844784817
0.4086956521739131 -0.06094802013350453
0.4347826086956522 -0.05891309567321819
0.46086956521739136 -0.05677257094802716
0.4869565217391305 -0.05454300213459689
0.5130434782608697 -0.052240376267435405
0.5391304347826088 -0.04986759011143053
0.5652173913043479 -0.04741445016184983
0.5913043478260871 -0.04487019377180353
0.6173913043478262 -0.04222642416209316
0.6434782608695653 -0.03950224776543163
0.6695652173913045 -0.036734515022216724
0.6956521739130436 -0.0339603721063076
0.7217391304347827 -0.03121241782786538
0.7478260869565219 -0.028493020123186615
0.7739130434782611 -0.025792214478218847
0.8 -0.023099999999999996
0.8 -0.023099999999999996
0.805625 -0.022519652878639797
0.81125 -0.021939162072430827
0.816875 -0.02135844944053313
0.8225 -0.020777436842106745
0.828125 -0.0201960461363117
0.83375 -0.019614199182308025
0.839375 -0.01903181783925577
0.845 -0.018448823966314958
0.8506250000000001 -0.017865139422645605
0.8562500000000001 -0.01728068606740779
0.8618750000000001 -0.016695385759761518
0.8675 -0.016109160358866833
0.873125 -0.015521931723883773
0.87875 -0.014933621713972361
0.884375 -0.014344152188292643
0.89 -0.013753445006004651
0.895625 -0.013161422026268417
0.90125 -0.012568005810903391
0.906875 -0.011973233016050999
0.9125 -0.011377379553382392
0.918125 -0.010780751461090981
0.92375 -0.010183654777370193
0.9293750000000001 -0.00958639554041343
0.935 -0.00898927978841414
0.940625 -0.008392613559565727
0.94625 -0.007796702892061618
0.951875 -0.007201853824095227
0.9575 -0.006608372393859977
0.963125 -0.006016564639549286
0.96875 -0.005426736599356576
0.974375 -0.004839194311475269
0.98 -0.004254243814098779
0.98 -0.004254243814098779
0.985 -0.003736711045919959
0.99 -0.0032216828605740847
0.995 -0.002709374198465863
1.0 -0.0022
