1.0 0.0012
0.995 0.002133700882289121
0.99 0.0030617909596448354
0.985 0.003984149210393077
0.98 0.004900654612859779
0.98 0.004900654612859779
0.974375 0.005924576521756851
0.96875 0.006940765437428092
0.963125 0.007949049045810232
0.9575 0.008949255032840001
0.951875 0.009941211084454133
0.94625 0.010924744886589349
0.940625 0.01189968412518239
0.935 0.012865856486169981
0.9293750000000001 0.013823089655488853
0.92375 0.014771211319075755
0.918125 0.01571004916286738
0.9125 0.01663943087280048
0.906875 0.017559184134811782
0.90125 0.018469136634838016
0.895625 0.01936913482388838
0.89 0.020259174179378465
0.884375 0.021139321245281117
0.87875 0.02200964300323849
0.873125 0.022870206434892765
0.8675 0.023721078521886086
0.8618750000000001 0.024562326245860633
0.8562500000000001 0.025394016588458558
0.8506250000000001 0.02621621653132203
0.845 0.027028993056093232
0.839375 0.027832413144414286
0.83375 0.028626543777927387
0.828125 0.02941145193827469
0.8225 0.03018720460709836
0.816875 0.030953868766040556
0.81125 0.031711511396743455
0.805625 0.032460199480849224
0.8 0.0332
0.8 0.0332
0.7739130434782611 0.03651418470399106
0.7478260869565219 0.03963018359258128
0.7217391304347827 0.042539524719563626
0.6956521739130436 0.04523374147724167
0.6695652173913045 0.04770617701302439
0.6434782608695653 0.0499546107766586
0.6173913043478262 0.051977489531720496
0.5913043478260871 0.05377327480003614
0.5652173913043479 0.055341313598420774
0.5391304347826088 0.056682325460923014
0.5130434782608697 0.05779714798758998
0.4869565217391305 0.05868654169638328
0.46086956521739136 0.059349494217295774
0.4347826086956522 0.059783220292351696
0.4086956521739131 0.0599848575814896
0.3826086956521739 0.059951577916732154
0.35652173913043483 0.05968095038057867
0.3304347826086957 0.05917080034615857
0.30434782608695654 0.05841895745811176
0.27826086956521745 0.057423033042445275
0.2521739130434783 0.05617918704289425
0.22608695652173916 0.0546829873230613
0.2 0.05293
0.2 0.05293
0.19437500000000002 0.05251769186873982
0.18875 0.05209177442901321
0.183125 0.05165078364086617
0.17750000000000002 0.05119325546434474
0.171875 0.05071772585949496
0.16625 0.05022273078636284
0.16062500000000002 0.04970680620499443
0.155 0.049168488075435744
0.149375 0.048606312314506676
0.14375000000000002 0.04801877178577312
0.138125 0.047404235509856535
0.1325 0.04676105037558521
0.12687500000000002 0.0460875632717874
0.12125000000000001 0.045382121087291394
0.11562500000000002 0.04464307071092545
0.11000000000000001 0.04386875903151783
0.10437500000000001 0.043057532937896846
0.09875000000000002 0.042207735978057125
0.09312500000000001 0.041317169232139364
0.08750000000000001 0.04038249622644708
0.081875 0.03940023724904374
0.07625000000000001 0.03836691258799276
0.07062500000000001 0.037278521141176045
0.065 0.03612692108678323
0.05937500000000001 0.03490199600870134
0.053750000000000006 0.033593617330113464
0.048125 0.032191361970551585
0.0425 0.03066713663048143
0.036875000000000005 0.028965459170816072
0.03125 0.027028491423259728
0.025625000000000002 0.024798395219516635
0.02 0.022217332391291023
0.02 0.022217332391291023
0.015 0.019581658526559676
0.01 0.016582356811611965
0.005 0.013178805652253872
0.0 0.009330383454291375
0.0 0.0
0.005 -0.009406633998954098
0.01 -0.015815916999477053
0.015 -0.019974883000522952
0.02 -0.022630566001045908
0.02 -0.022630566001045908
0.025625000000000002 -0.024751208792676636
0.03125 -0.02672638280841445
0.036875000000000005 -0.028644603699152258
0.0425 -0.03046511011630594
0.048125 -0.03214714071129137
0.053750000000000006 -0.03365374408798754
0.05937500000000001 -0.03499225954765748
0.065 -0.03619860103503774
0.07062500000000001 -0.037309158738922765
0.07625000000000001 -0.038360250863821915
0.081875 -0.03937650716594849
0.08750000000000001 -0.04035804675243326
0.09312500000000001 -0.04130190240418257
0.09875000000000002 -0.042205106902102725
0.10437500000000001 -0.04306510460268843
0.11000000000000001 -0.043882608468564455
0.11562500000000002 -0.04465989016990451
0.12125000000000001 -0.04539923097631284
0.12687500000000002 -0.04610291215739379
0.1325 -0.046773214982751596
0.138125 -0.0474124207219906
0.14375000000000002 -0.04802281064471507
0.149375 -0.0486066660205293
0.155 -0.049166154399761
0.16062500000000002 -0.04970280699342636
0.16625 -0.050217933793011336
0.171875 -0.0507128445678939
0.17750000000000002 -0.05118884908745204
0.183125 -0.05164725712106374
0.18875 -0.05208937843810699
0.19437500000000002 -0.05251652280795973
0.2 -0.052930000000000005
0.2 -0.052930000000000005
0.22608695652173916 -0.05468600655148199
0.2521739130434783 -0.056182171985152164
0.27826086956521745 -0.05742443939317446
0.30434782608695654 -0.058418748644619975
0.3304347826086957 -0.05916994698010658
0.35652173913043483 -0.05968020325014971
0.3826086956521739 -0.05995128341866697
0.4086956521739131 -0.059984960886197584
0.4347826086956522 -0.059783455250575594
0.46086956521739136 -0.05934967771544203
0.4869565217391305 -0.05868659897741061
0.5130434782608697 -0.05779710978869029
0.5391304347826088 -0.05668226218018095
0.5652173913043479 -0.055341269461473386
0.5913043478260871 -0.053773264997753645
0.6173913043478262 -0.051977502038343754
0.6434782608695653 -0.04995462748564584
0.6695652173913045 -0.04770618737308149
0.6956521739130436 -0.04523374271958934
0.7217391304347827 -0.04253952090521676
0.7478260869565219 -0.03963017927866237
0.7739130434782611 -0.03651418235995193
0.8 -0.0332
0.8 -0.0332
0.805625 -0.03246019983701156
0.81125 -0.03171151203504721
0.816875 -0.03095386961846652
0.8225 -0.030187205611629016
0.828125 -0.029411453038894222
0.83375 -0.028626544924621654
0.839375 -0.027832414293170873
0.845 -0.02702899416890139
0.8506250000000001 -0.026216217576172717
0.8562500000000001 -0.02539401753934443
0.8618750000000001 -0.024562327082776045
0.8675 -0.02372107923082708
0.873125 -0.02287020700785708
0.87875 -0.02200964343822556
0.884375 -0.021139321546292066
0.89 -0.020259174356416124
0.895625 -0.01936913489295727
0.90125 -0.01846913661792789
0.906875 -0.01755918405722402
0.9125 -0.01663943075754159
0.918125 -0.015710049029943
0.92375 -0.014771211185490695
0.9293750000000001 -0.013823089535247069
0.935 -0.01286585639027458
0.940625 -0.011899684061635633
0.94625 -0.010924744860392648
0.951875 -0.009941211097608052
0.9575 -0.00894925508434426
0.963125 -0.0079490491316637
0.96875 -0.006940765550628792
0.974375 -0.0059245766523019555
0.98 -0.004900654747745616
0.98 -0.004900654747745616
0.985 -0.003984149335794753
0.99 -0.0030617910608092126
0.995 -0.0021337009423554702
1.0 -0.0012
