1.0 0.0
0.995 0.0002795798521541656
0.99 0.0005515343210762269
0.985 0.0008379756997634058
0.98 0.0011421431016015596
0.98 0.0011421431016015596
0.974375 0.0015082407855063899
0.96875 0.0019067882005784306
0.963125 0.0023429313158109736
0.9575 0.0028205343393245628
0.951875 0.003340990751779491
0.94625 0.003904518218015701
0.940625 0.004509832845137674
0.935 0.005153652784700382
0.9293750000000001 0.005832610609909594
0.92375 0.0065440114121286625
0.918125 0.0072856184489781236
0.9125 0.00805520156513023
0.906875 0.008850493775141802
0.90125 0.00966919775606219
0.895625 0.010509016032774455
0.89 0.011367839037391185
0.884375 0.012243991372030917
0.87875 0.013135858769685309
0.873125 0.014041862991392729
0.8675 0.014961266675400486
0.8618750000000001 0.01589418018946348
0.8562500000000001 0.01684075129987135
0.8506250000000001 0.017801104170729245
0.845 0.01877486788964219
0.839375 0.019761201638365193
0.83375 0.020759246034895974
0.828125 0.021768142387501
0.8225 0.02278709823401986
0.816875 0.023815441352298773
0.81125 0.02485251223216531
0.805625 0.025897651363447054
0.8 0.026950218324473404
0.8 0.026950218324473404
0.7739130434782611 0.031915747086623085
0.7478260869565219 0.03697254699420932
0.7217391304347827 0.04204352083581818
0.6956521739130436 0.04710059847599111
0.6695652173913045 0.05207107259466237
0.6434782608695653 0.0569204924812604
0.6173913043478262 0.06160141042087593
0.5913043478260871 0.06606951253103009
0.5652173913043479 0.07029667860391307
0.5391304347826088 0.07423045474223168
0.5130434782608697 0.0778283539414576
0.4869565217391305 0.08105383256000925
0.46086956521739136 0.08385937798283458
0.4347826086956522 0.08619658049251945
0.4086956521739131 0.0880317543152937
0.3826086956521739 0.08930512167975183
0.35652173913043483 0.08997341082149368
0.3304347826086957 0.0900106976765055
0.30434782608695654 0.08940588811132695
0.27826086956521745 0.0881644080855985
0.2521739130434783 0.08629409177587676
0.22608695652173916 0.0837894829841978
0.2 0.08059695912381983
0.2 0.08059695912381983
0.19437500000000002 0.0798136755602121
0.18875 0.07899587747228592
0.183125 0.07814305883177566
0.17750000000000002 0.07725470132871387
0.171875 0.07633028665313304
0.16625 0.0753692563009877
0.16062500000000002 0.07437067158074673
0.155 0.07333338438925673
0.149375 0.07225624444079994
0.14375000000000002 0.07113808541551286
0.138125 0.06997733511993684
0.1325 0.06877199374627505
0.12687500000000002 0.06752004110072478
0.12125000000000001 0.06621941673482935
0.11562500000000002 0.06486714772968052
0.11000000000000001 0.06345935607152592
0.10437500000000001 0.061992124967111165
0.09875000000000002 0.060461502747666464
0.09312500000000001 0.05886329004793115
0.08750000000000001 0.05719318030048706
0.081875 0.0554468241325682
0.07625000000000001 0.05361845045974873
0.07062500000000001 0.05170056222177741
0.065 0.0496855309980616
0.05937500000000001 0.04756430196923264
0.053750000000000006 0.04532572658016155
0.048125 0.04295789673900906
0.0425 0.0404404033081599
0.036875000000000005 0.03774636417121335
0.03125 0.03482827956492772
0.025625000000000002 0.03159414410777156
0.02 0.027875723799453744
0.02 0.027875723799453744
0.015 0.023887979625039718
0.01 0.019030268855404302
0.005 0.012779285722315846
0.0 0.0027926083879281196
0.0 0.0
0.005 -0.01247970027209577
0.01 -0.019088914854507467
0.015 -0.024007945326426763
0.02 -0.027797305586770207
0.02 -0.027797305586770207
0.025625000000000002 -0.031579557510049615
0.03125 -0.034856909495617615
0.036875000000000005 -0.03775193712789678
0.0425 -0.04043086941572638
0.048125 -0.042952891312443904
0.053750000000000006 -0.045327742211310924
0.05937500000000001 -0.04756723483990864
0.065 -0.04968630796372945
0.07062500000000001 -0.0516997393023104
0.07625000000000001 -0.053617558173912144
0.081875 -0.055446558954785084
0.08750000000000001 -0.057193403668735404
0.09312500000000001 -0.05886358900747012
0.09875000000000002 -0.060461651761515404
0.10437500000000001 -0.061992099407654856
0.11000000000000001 -0.06345926392287168
0.11562500000000002 -0.06486707178219171
0.12125000000000001 -0.06621939236621148
0.12687500000000002 -0.06752005747782365
0.1325 -0.06877202187446375
0.138125 -0.06997735612107689
0.14375000000000002 -0.07113809177546807
0.149375 -0.07225623967839169
0.155 -0.07333337611231247
0.16062500000000002 -0.07437066489519234
0.16625 -0.0753692535504718
0.171875 -0.0763302874309135
0.17750000000000002 -0.07725470361812964
0.183125 -0.07814306107677725
0.18875 -0.07899587879633546
0.19437500000000002 -0.07981367576628329
0.2 -0.08059695862763312
0.2 -0.08059695862763312
0.22608695652173916 -0.08378948311063465
0.2521739130434783 -0.08629409175400406
0.27826086956521745 -0.08816440808365808
0.30434782608695654 -0.08940588811568324
0.3304347826086957 -0.09001069767392857
0.35652173913043483 -0.08997341082256166
0.3826086956521739 -0.08930512167941408
0.4086956521739131 -0.08803175431536635
0.4347826086956522 -0.08619658049251926
0.46086956521739136 -0.08385937798282495
0.4869565217391305 -0.08105383256001455
0.5130434782608697 -0.07782835394145578
0.5391304347826088 -0.07423045474223205
0.5652173913043479 -0.07029667860391307
0.5913043478260871 -0.06606951253103004
0.6173913043478262 -0.06160141042087594
0.6434782608695653 -0.0569204924812604
0.6695652173913045 -0.05207107259466238
0.6956521739130436 -0.04710059847599111
0.7217391304347827 -0.04204352083581818
0.7478260869565219 -0.03697254699420932
0.7739130434782611 -0.031915747086623085
0.8 -0.026950218324473404
0.8 -0.026950218324473404
0.805625 -0.025897651363447054
0.81125 -0.02485251223216531
0.816875 -0.023815441352298773
0.8225 -0.02278709823401986
0.828125 -0.021768142387501
0.83375 -0.020759246034895974
0.839375 -0.019761201638365193
0.845 -0.01877486788964219
0.8506250000000001 -0.017801104170729245
0.8562500000000001 -0.01684075129987135
0.8618750000000001 -0.01589418018946348
0.8675 -0.014961266675400486
0.873125 -0.014041862991392729
0.87875 -0.013135858769685309
0.884375 -0.012243991372030917
0.89 -0.011367839037391185
0.895625 -0.010509016032774455
0.90125 -0.00966919775606219
0.906875 -0.008850493775141802
0.9125 -0.00805520156513023
0.918125 -0.0072856184489781236
0.92375 -0.0065440114121286625
0.9293750000000001 -0.005832610609909594
0.935 -0.005153652784700382
0.940625 -0.004509832845137674
0.94625 -0.003904518218015701
0.951875 -0.003340990751779491
0.9575 -0.0028205343393245628
0.963125 -0.0023429313158109736
0.96875 -0.0019067882005784306
0.974375 -0.0015082407855063899
0.98 -0.0011421431016015596
0.98 -0.0011421431016015596
0.985 -0.0008379756997634058
0.99 -0.0005515343210762269
0.995 -0.0002795798521541656
1.0 0.0
