1.0 0.0
0.995 0.001361756647843429
0.99 0.002707857909266657
0.985 0.004039452529661784
0.98 0.005357689254420905
0.98 0.005357689254420905
0.974375 0.006826169032779269
0.96875 0.008280832221357923
0.963125 0.009723314436154602
0.9575 0.011155251293167042
0.951875 0.012578278408392974
0.94625 0.013994031397830134
0.940625 0.015404145877476258
0.935 0.01681025746332908
0.9293750000000001 0.018214001771386327
0.92375 0.019617014417645767
0.918125 0.021020931018105073
0.9125 0.022427387188762016
0.906875 0.023838018545614324
0.90125 0.025254460704659733
0.895625 0.026677959182122256
0.89 0.02810800465204513
0.884375 0.02954359455844369
0.87875 0.030983726319027134
0.873125 0.032427397351504725
0.8675 0.033873605073585694
0.8618750000000001 0.035321346902979237
0.8562500000000001 0.03676962025739461
0.8506250000000001 0.03821742309757147
0.845 0.039663994974629684
0.839375 0.04110919611938678
0.83375 0.04255298505909074
0.828125 0.043995320320989524
0.8225 0.04543616043233105
0.816875 0.046875463920363264
0.81125 0.048313189312334116
0.805625 0.049749295135491554
0.8 0.051183736573573814
0.8 0.051183736573573814
0.7739130434782611 0.057800493727480286
0.7478260869565219 0.06430905703955585
0.7217391304347827 0.07064945962884683
0.6956521739130436 0.07678017200074351
0.6695652173913045 0.08266502983915268
0.6434782608695653 0.08827282737743654
0.6173913043478262 0.09356837503874259
0.5913043478260871 0.09850911454631922
0.5652173913043479 0.10305774350946029
0.5391304347826088 0.10718491987728566
0.5130434782608697 0.11085695525149425
0.4869565217391305 0.11403431611533031
0.46086956521739136 0.11667426843798018
0.4347826086956522 0.11873157427493844
0.4086956521739131 0.1201677183581888
0.3826086956521739 0.12094866603342513
0.35652173913043483 0.12101833377680313
0.3304347826086957 0.12030905057010705
0.30434782608695654 0.11882104441354223
0.27826086956521745 0.11659557146327965
0.2521739130434783 0.11361911630277319
0.22608695652173916 0.10984503987911332
0.2 0.1052273518797463
0.2 0.1052273518797463
0.19437500000000002 0.10411670330883406
0.18875 0.10296414504443648
0.183125 0.10176869679123603
0.17750000000000002 0.10052929263841544
0.171875 0.09924486667515747
0.16625 0.09791435299064487
0.16062500000000002 0.09653668567406035
0.155 0.09511079881458658
0.149375 0.09363562650140636
0.14375000000000002 0.09211010277070218
0.138125 0.0905327121444582
0.1325 0.08890039807827338
0.12687500000000002 0.08720977404805451
0.12125000000000001 0.0854574535297084
0.11562500000000002 0.08364004999914197
0.11000000000000001 0.08175417693226196
0.10437500000000001 0.07979644780497518
0.09875000000000002 0.0777634760931885
0.09312500000000001 0.07565187466309646
0.08750000000000001 0.07345737413017361
0.081875 0.07117305962963957
0.07625000000000001 0.06879152252460888
0.07062500000000001 0.06630535417819602
0.065 0.06370657770850026
0.05937500000000001 0.06098030289915209
0.053750000000000006 0.058107028832554225
0.048125 0.055067170693227765
0.0425 0.05184109152659002
0.036875000000000005 0.04840310189411963
0.03125 0.04471589294802506
0.025625000000000002 0.04074083955123563
0.02 0.036439316566680584
0.02 0.036439316566680584
0.015 0.032243857238771975
0.01 0.027270857055934544
0.005 0.020942657844279615
0.0 0.011855953174983495
0.0 0.0
0.005 -0.008368410593622994
0.01 -0.013472341601958544
0.015 -0.01718250787615517
0.02 -0.02021551484290531
0.02 -0.02021551484290531
0.025625000000000002 -0.022995392704235347
0.03125 -0.025361722720063283
0.036875000000000005 -0.027517703388527624
0.0425 -0.0295058996657275
0.048125 -0.031344202799263005
0.053750000000000006 -0.03305050403673417
0.05937500000000001 -0.03464242586368944
0.065 -0.036133364201977436
0.07062500000000001 -0.03753335316752076
0.07625000000000001 -0.03885233391166215
0.081875 -0.04010024644904995
0.08750000000000001 -0.04128546595362849
0.09312500000000001 -0.04241169970412675
0.09875000000000002 -0.04348178843922978
0.10437500000000001 -0.04449857289762271
0.11000000000000001 -0.04546488550052073
0.11562500000000002 -0.046383456812301625
0.12125000000000001 -0.047256949143913776
0.12687500000000002 -0.04808802354902173
0.1325 -0.048879341081290106
0.138125 -0.04963356279438348
0.14375000000000002 -0.05035334974196643
0.149375 -0.05104136297770353
0.155 -0.051700263555259356
0.16062500000000002 -0.052332450227048445
0.16625 -0.052938555865306
0.171875 -0.05351848472990063
0.17750000000000002 -0.054072138794790975
0.183125 -0.05459942003393569
0.18875 -0.05510023042129337
0.19437500000000002 -0.055574471930822676
0.2 -0.056022046536482246
0.2 -0.056022046536482246
0.22608695652173916 -0.057751712331084684
0.2521739130434783 -0.05894716377973768
0.27826086956521745 -0.05965707813845803
0.30434782608695654 -0.059900572544601606
0.3304347826086957 -0.059672070415466245
0.35652173913043483 -0.058910959812280776
0.3826086956521739 -0.05758555280561504
0.4086956521739131 -0.05577140114418837
0.4347826086956522 -0.053538087758424835
0.46086956521739136 -0.05091282274284856
0.4869565217391305 -0.04793377950373073
0.5130434782608697 -0.04465972609781295
0.5391304347826088 -0.0411408433595477
0.5652173913043479 -0.03741777216328326
0.5913043478260871 -0.03353841031678083
0.6173913043478262 -0.029555352692802423
0.6434782608695653 -0.025510775863340697
0.6695652173913045 -0.021442564213794597
0.6956521739130436 -0.01740056141458102
0.7217391304347827 -0.013442177583156528
0.7478260869565219 -0.00963745192899005
0.7739130434782611 -0.006056752615983195
0.8 -0.0027545700868647827
0.8 -0.0027545700868647827
0.805625 -0.0020842142844163464
0.81125 -0.001430704967594536
0.816875 -0.0007953442691259554
0.8225 -0.0001794343217372092
0.828125 0.00041572274184510026
0.83375 0.000988824788894369
0.839375 0.001538569686683994
0.845 0.0020636553024873713
0.8506250000000001 0.0025627879188713
0.8562500000000001 0.0030350612415598974
0.8618750000000001 0.0034801101990916987
0.8675 0.0038976099769949053
0.873125 0.00428723576079772
0.87875 0.0046486627360283455
0.884375 0.004981566088214982
0.89 0.005285621002885834
0.895625 0.005560502665569102
0.90125 0.005805829204127797
0.906875 0.006019068959411634
0.9125 0.006194936521985812
0.918125 0.006327966306050248
0.92375 0.006412692725804853
0.9293750000000001 0.006443650195449549
0.935 0.006415373129184252
0.940625 0.00632239594120888
0.94625 0.006159253045723347
0.951875 0.00592047885692757
0.9575 0.005600607789021472
0.963125 0.005194174256204963
0.96875 0.004695712672677964
0.974375 0.004099757452640391
0.98 0.00340084301029216
0.98 0.00340084301029216
0.985 0.00268873237298906
0.99 0.0018871140959034788
0.995 0.0009921495234391977
1.0 0.0
