1.0 -0.0104
0.995 -0.008747877259915358
0.99 -0.0071
0.985 -0.005477122740084643
0.98 -0.0038999999999999994
0.98 -0.0038999999999999994
0.974375 -0.00219451665875612
0.96875 -0.000532320348283289
0.963125 0.0011146882044031118
0.9575 0.0027477893503344035
0.951875 0.0043648864617496985
0.94625 0.005963834218030599
0.940625 0.007541921244090103
0.935 0.009096070968409866
0.9293750000000001 0.010623200732864348
0.92375 0.012120227879328047
0.918125 0.013584120301383205
0.9125 0.015014878995083017
0.906875 0.01641720626531046
0.90125 0.01779620883061131
0.895625 0.019156476086960576
0.89 0.020498489014348736
0.884375 0.02182076940320535
0.87875 0.02312182697812743
0.873125 0.024400171463711984
0.8675 0.025654341752591677
0.8618750000000001 0.026883761349230526
0.8562500000000001 0.028088876462342687
0.8506250000000001 0.02927019026946196
0.845 0.030428177516359733
0.839375 0.03156315385310553
0.83375 0.032675379621106074
0.828125 0.03376511510623728
0.8225 0.034832620594375106
0.816875 0.03587821150027685
0.81125 0.03690319291237902
0.805625 0.037909725960388614
0.8 0.03889999999999999
0.8 0.03889999999999999
0.7739130434782611 0.04327940565293365
0.7478260869565219 0.04720883378664334
0.7217391304347827 0.05068182914432853
0.6956521739130436 0.05379344385720419
0.6695652173913045 0.056591358000270035
0.6434782608695653 0.05908284429694653
0.6173913043478262 0.06120130059686446
0.5913043478260871 0.06311788576271443
0.5652173913043479 0.06477751405839563
0.5391304347826088 0.06615731180364078
0.5130434782608697 0.06732921009313007
0.4869565217391305 0.06819899331653861
0.46086956521739136 0.06894246821857065
0.4347826086956522 0.06944669784538801
0.4086956521739131 0.06965163191147962
0.3826086956521739 0.06979321407027166
0.35652173913043483 0.06969087078625603
0.3304347826086957 0.06920908824296162
0.30434782608695654 0.06862877440701567
0.27826086956521745 0.06765789646281846
0.2521739130434783 0.06650739967309967
0.22608695652173916 0.0649990497112443
0.2 0.0632
0.2 0.0632
0.19437500000000002 0.06276359486043123
0.18875 0.06230383046786823
0.183125 0.06182050613105745
0.17750000000000002 0.061313421158745336
0.171875 0.06078237485967836
0.16625 0.06022726100738865
0.16062500000000002 0.05964907152854207
0.155 0.059049506835697256
0.149375 0.05843027784705154
0.14375000000000002 0.05779179823118075
0.138125 0.057130750110309374
0.1325 0.056443148747418764
0.12687500000000002 0.055725009405490245
0.12125000000000001 0.05497234734750511
0.11562500000000002 0.05418172065917842
0.11000000000000001 0.05335399835662339
0.10437500000000001 0.05249210521901762
0.09875000000000002 0.051598945767342745
0.09312500000000001 0.0506720793349429
0.08750000000000001 0.04969785640903115
0.081875 0.048661216083933895
0.07625000000000001 0.04754709745397758
0.07062500000000001 0.04634043961348866
0.065 0.045029604914578754
0.05937500000000001 0.04362211124364576
0.053750000000000006 0.04213213579324782
0.048125 0.04057299760974908
0.0425 0.038906125804854544
0.036875000000000005 0.03701537241445976
0.03125 0.03482887571742859
0.025625000000000002 0.032305680712315155
0.02 0.0293
0.02 0.0293
0.015 0.026032641967052343
0.01 0.0219
0.005 0.0158
0.0 0.0035375545705432494
0.0 0.0
0.005 -0.016
0.01 -0.0221
0.015 -0.02631114225070735
0.02 -0.029500000000000005
0.02 -0.029500000000000005
0.025625000000000002 -0.032444051828446625
0.03125 -0.0349139243233432
0.036875000000000005 -0.0370303169615044
0.0425 -0.038918409455277914
0.048125 -0.04065302406924312
0.053750000000000006 -0.042249849146144415
0.05937500000000001 -0.04372107342006189
0.065 -0.04507875233685664
0.07062500000000001 -0.04633493896241976
0.07625000000000001 -0.04750152849698497
0.081875 -0.04858996203927151
0.08750000000000001 -0.049611599536174764
0.09312500000000001 -0.05057780093459012
0.09875000000000002 -0.05149992618141296
0.10437500000000001 -0.05238846450580408
0.11000000000000001 -0.05324699016576118
0.11562500000000002 -0.054075779861447536
0.12125000000000001 -0.05487508929367551
0.12687500000000002 -0.055645061951485685
0.1325 -0.05638560601609235
0.138125 -0.05709660003927351
0.14375000000000002 -0.05777792257280722
0.149375 -0.058429452168471466
0.155 -0.05905166837459281
0.16062500000000002 -0.05964841373776261
0.16625 -0.06022469993067054
0.171875 -0.060785482794476785
0.17750000000000002 -0.06133229784928821
0.183125 -0.06186137911757908
0.18875 -0.06236850457901658
0.19437500000000002 -0.06284945221326783
0.2 -0.0633
0.2 -0.0633
0.22608695652173916 -0.065105541463695
0.2521739130434783 -0.06672002666882368
0.27826086956521745 -0.06793115574724536
0.30434782608695654 -0.06882578175988387
0.3304347826086957 -0.06938775616120074
0.35652173913043483 -0.0696264353908166
0.3826086956521739 -0.06947263193165548
0.4086956521739131 -0.06904695371449644
0.4347826086956522 -0.06831930768001489
0.46086956521739136 -0.06694537015218664
0.4869565217391305 -0.06527127133688336
0.5130434782608697 -0.06326220624242421
0.5391304347826088 -0.0602589485599633
0.5652173913043479 -0.05660175484896712
0.5913043478260871 -0.0524256030628625
0.6173913043478262 -0.04761420638129978
0.6434782608695653 -0.04235156459169159
0.6695652173913045 -0.036855843391516215
0.6956521739130436 -0.031166272270374457
0.7217391304347827 -0.025327298838388603
0.7478260869565219 -0.01966242430109401
0.7739130434782611 -0.01420181384506873
0.8 -0.0093
0.8 -0.0093
0.805625 -0.0083744777654357
0.81125 -0.007495938286367379
0.816875 -0.006656064011052289
0.8225 -0.005846537387747682
0.828125 -0.005059040864710799
0.83375 -0.004287558952612578
0.839375 -0.003552837637682998
0.845 -0.002892888374254662
0.8506250000000001 -0.002345993289980193
0.8562500000000001 -0.0019334183687626605
0.8618750000000001 -0.001627482554502539
0.8675 -0.001391757536482053
0.873125 -0.001191255436675229
0.87875 -0.0010168470247392703
0.884375 -0.0008817701091696398
0.89 -0.0008000000000000001
0.895625 -0.0007839224515392038
0.90125 -0.0008395649951968608
0.906875 -0.0009713656066577705
0.9125 -0.0011837622616067322
0.918125 -0.001481192935728545
0.92375 -0.001867904247044571
0.9293750000000001 -0.0023459182807387233
0.935 -0.0029158219395191065
0.940625 -0.003578180871266866
0.94625 -0.004336214945283495
0.951875 -0.005200367370289841
0.9575 -0.006157753104914475
0.963125 -0.007161593011390934
0.96875 -0.008240437111885698
0.974375 -0.009481495331084529
0.98 -0.010899999999999998
0.98 -0.010899999999999998
0.985 -0.01228143128663248
0.99 -0.013699999999999999
0.995 -0.015068568713367519
1.0 -0.0163
