1.0 0.0
0.995 0.0010847734968716086
0.99 0.002125599669828961
0.985 0.003125115166836295
0.98 0.004085956635857849
0.98 0.004085956635857849
0.974375 0.005123958675127998
0.96875 0.006120105038835588
0.963125 0.007078149860507822
0.9575 0.008001847273671906
0.951875 0.008894951411855045
0.94625 0.009761216408584445
0.940625 0.010604396397387314
0.935 0.011428216842810751
0.9293750000000001 0.01223501340742281
0.92375 0.013025138664311629
0.918125 0.013798793139235236
0.9125 0.014556177357951719
0.906875 0.01529883223338452
0.90125 0.016035819546208304
0.895625 0.016777401896586656
0.89 0.017522563057340033
0.884375 0.0182649951446697
0.87875 0.019000599124882507
0.873125 0.019727643524683366
0.8675 0.020444510195368498
0.8618750000000001 0.021149580988234145
0.8562500000000001 0.021841237754576533
0.8506250000000001 0.022518035462996664
0.845 0.02318067010667721
0.839375 0.023831282574550937
0.83375 0.024472040862273597
0.828125 0.02510511296550091
0.8225 0.025732666879888618
0.816875 0.026356866299179556
0.81125 0.026979154843693377
0.805625 0.02759945491107467
0.8 0.02821749567797942
0.8 0.02821749567797942
0.7739130434782611 0.031046382733821046
0.7478260869565219 0.033789075478563954
0.7217391304347827 0.03640299746127172
0.6956521739130436 0.03884357935596999
0.6695652173913045 0.041064149137735734
0.6434782608695653 0.04300863541237774
0.6173913043478262 0.04463112497637954
0.5913043478260871 0.04592267823311283
0.5652173913043479 0.04693121490707717
0.5391304347826088 0.047783021902276325
0.5130434782608697 0.04850041373937306
0.4869565217391305 0.0489884213627649
0.46086956521739136 0.049224349741389506
0.4347826086956522 0.04925053144508704
0.4086956521739131 0.04914713428362226
0.3826086956521739 0.04898606712175031
0.35652173913043483 0.04867474944479751
0.3304347826086957 0.04811603097806903
0.30434782608695654 0.04739659488782092
0.27826086956521745 0.04656134569282586
0.2521739130434783 0.04551818711542625
0.22608695652173916 0.04417099386067941
0.2 0.04243721349208281
0.2 0.04243721349208281
0.19437500000000002 0.042006987864433534
0.18875 0.041555644827475445
0.183125 0.0410827027413961
0.17750000000000002 0.04058794822309496
0.171875 0.0400713413696544
0.16625 0.03953284518802983
0.16062500000000002 0.03897242268517667
0.155 0.038390036868050315
0.149375 0.03778564959611186
0.14375000000000002 0.03715906171994892
0.138125 0.036509748695727165
0.1325 0.03583714675955077
0.12687500000000002 0.035140692147523835
0.12125000000000001 0.03441982109575048
0.11562500000000002 0.033673995234202864
0.11000000000000001 0.03290362803285894
0.10437500000000001 0.03211034936694266
0.09875000000000002 0.03129586841833526
0.09312500000000001 0.030461894368917976
0.08750000000000001 0.02961011878695007
0.081875 0.02873969048596665
0.07625000000000001 0.027844581432174328
0.07062500000000001 0.02691813411866699
0.065 0.025953691038538486
0.05937500000000001 0.024943088169158488
0.053750000000000006 0.02386605742510853
0.048125 0.022696501393465938
0.0425 0.021408285585921956
0.036875000000000005 0.019976817554116837
0.03125 0.018382653570987742
0.025625000000000002 0.016607271013802525
0.02 0.014552605658753612
0.02 0.014552605658753612
0.015 0.012244089998942262
0.01 0.0091013523486264
0.005 0.004133921008792997
0.0 -0.008828388393587667
0.0 -0.01015
0.005 -0.020136494624260405
0.01 -0.023545619749766992
0.015 -0.026010559033675613
0.02 -0.027948697180256284
0.02 -0.027948697180256284
0.025625000000000002 -0.02972304494919576
0.03125 -0.031242430818774283
0.036875000000000005 -0.03258743578678194
0.0425 -0.03380002716313555
0.048125 -0.034916591090337526
0.053750000000000006 -0.03594709474847246
0.05937500000000001 -0.03689359284905042
0.065 -0.03775817015364437
0.07062500000000001 -0.03854782881725756
0.07625000000000001 -0.03927978151039281
0.081875 -0.03997251174148749
0.08750000000000001 -0.040644503018978886
0.09312500000000001 -0.0413123527882782
0.09875000000000002 -0.04197714733134764
0.10437500000000001 -0.042632354184292336
0.11000000000000001 -0.043271388108284695
0.11562500000000002 -0.04388766386449713
0.12125000000000001 -0.04447493517352558
0.12687500000000002 -0.04503215471447752
0.1325 -0.04556234336389401
0.138125 -0.04606863053259509
0.14375000000000002 -0.046554145631400784
0.149375 -0.047022018071131086
0.155 -0.04747535886371024
0.16062500000000002 -0.04791712637219317
0.16625 -0.048350203427232216
0.171875 -0.04877747232116775
0.17750000000000002 -0.04920181534634008
0.183125 -0.049626114795089576
0.18875 -0.05005322437010984
0.19437500000000002 -0.0504842933226889
0.2 -0.05091783526860855
0.2 -0.05091783526860855
0.22608695652173916 -0.05291126407032424
0.2521739130434783 -0.05473668769109822
0.27826086956521745 -0.05615996144591725
0.30434782608695654 -0.05710783562609623
0.3304347826086957 -0.05771851449153678
0.35652173913043483 -0.057960256967375126
0.3826086956521739 -0.05770386949299293
0.4086956521739131 -0.05687183647909028
0.4347826086956522 -0.05543144079038216
0.46086956521739136 -0.053430232748392495
0.4869565217391305 -0.050957973536792316
0.5130434782608697 -0.04815499015229173
0.5391304347826088 -0.0451145714432719
0.5652173913043479 -0.04186361559566826
0.5913043478260871 -0.0384453293076564
0.6173913043478262 -0.03492151067598167
0.6434782608695653 -0.03135142726983661
0.6695652173913045 -0.02778444397675951
0.6956521739130436 -0.02422269049518426
0.7217391304347827 -0.02069330812402348
0.7478260869565219 -0.01734413215823523
0.7739130434782611 -0.014227912113502019
0.8 -0.011272070174058313
0.8 -0.011272070174058313
0.805625 -0.010660673787721557
0.81125 -0.010061663117451101
0.816875 -0.009476484237085072
0.8225 -0.008906327496018074
0.828125 -0.008350369933263956
0.83375 -0.007806835583834219
0.839375 -0.007273942789237372
0.845 -0.006749909890981916
0.8506250000000001 -0.006232955230576347
0.8562500000000001 -0.005721365884904592
0.8618750000000001 -0.005217092798743257
0.8675 -0.004727515980676059
0.873125 -0.004260454418316559
0.87875 -0.0038237270992783094
0.884375 -0.003425153011174867
0.89 -0.0030709974149146432
0.895625 -0.0027350653456658684
0.90125 -0.002360677770085479
0.906875 -0.0019312596805445747
0.9125 -0.0015168465704851117
0.918125 -0.001176017022034444
0.92375 -0.0009031811909898462
0.9293750000000001 -0.0006813129816518923
0.935 -0.00049338629832117
0.940625 -0.00032325367197675973
0.94625 -0.00016622719242220596
0.951875 -2.565011381078179e-05
0.9575 9.496864200887067e-05
0.963125 0.0001921201531881089
0.96875 0.00026229549787829036
0.974375 0.0003019857542307727
0.98 0.0003076820003969133
0.98 0.0003076820003969133
0.985 0.0002813704896591236
0.99 0.0002229626046570598
0.995 0.00012999391742569437
1.0 0.0
