1.0 0.0
0.995 0.0006182949848121645
0.99 0.0012400010875753885
0.985 0.0018689644489309851
0.98 0.002509031209520269
0.98 0.002509031209520269
0.974375 0.003247167242897769
0.96875 0.004009700030897375
0.963125 0.004802105816736893
0.9575 0.005629860843634133
0.951875 0.006498441354806899
0.94625 0.007412839255609376
0.940625 0.008373871302139532
0.935 0.009380221491510087
0.9293750000000001 0.010430556695754968
0.92375 0.011523543786908116
0.918125 0.012657849637003414
0.9125 0.013832140714120339
0.906875 0.015044670483203926
0.90125 0.016292500704752588
0.895625 0.017572479474453985
0.89 0.018881454887995773
0.884375 0.02021627504106561
0.87875 0.021573788029351147
0.873125 0.022950841948540045
0.8675 0.024344284894319963
0.8618750000000001 0.02575082996230614
0.8562500000000001 0.027166274228641027
0.8506250000000001 0.02858603413569661
0.845 0.0300055248859872
0.839375 0.03142016168202699
0.83375 0.0328253597263303
0.828125 0.034216534221411396
0.8225 0.03558910036978453
0.816875 0.036938473373964005
0.81125 0.03826006904869814
0.805625 0.03955045782056007
0.8 0.040809763807412115
0.8 0.040809763807412115
0.7739130434782611 0.04626698340998659
0.7478260869565219 0.05115336108521523
0.7217391304347827 0.05556192318178864
0.6956521739130436 0.05962521240594836
0.6695652173913045 0.0634810158563489
0.6434782608695653 0.06721158523005581
0.6173913043478262 0.07084398175714962
0.5913043478260871 0.07439978811308937
0.5652173913043479 0.07787486691625113
0.5391304347826088 0.08125237389915359
0.5130434782608697 0.08450150743839197
0.4869565217391305 0.0875234737665741
0.46086956521739136 0.09019867284618456
0.4347826086956522 0.09240210699403678
0.4086956521739131 0.09399115590083616
0.3826086956521739 0.09482001323372745
0.35652173913043483 0.09480046667465657
0.3304347826086957 0.0939608678295782
0.30434782608695654 0.09234829211178601
0.27826086956521745 0.09011795576584462
0.2521739130434783 0.0875338808552127
0.22608695652173916 0.0847771241733841
0.2 0.08157760667401236
0.2 0.08157760667401236
0.19437500000000002 0.08078954913951407
0.18875 0.07995746902894887
0.183125 0.07907818100835425
0.17750000000000002 0.07815357036391338
0.171875 0.07718716985130038
0.16625 0.0761825130997617
0.16062500000000002 0.07514313373854385
0.155 0.07407256539689325
0.149375 0.0729743417040564
0.14375000000000002 0.07185199628927974
0.138125 0.07070906278180972
0.1325 0.06954906090340988
0.12687500000000002 0.06837124080720695
0.12125000000000001 0.06716457765678227
0.11562500000000002 0.06591653232003489
0.11000000000000001 0.06461456566486386
0.10437500000000001 0.06324613855916829
0.09875000000000002 0.06179871187084719
0.09312500000000001 0.06025974646779967
0.08750000000000001 0.05861670321792479
0.081875 0.05685927521281886
0.07625000000000001 0.05498960565645879
0.07062500000000001 0.05301415252688456
0.065 0.05093937802237599
0.05937500000000001 0.04877174434121292
0.053750000000000006 0.046517713681675135
0.048125 0.044183451318790805
0.0425 0.04173820964304493
0.036875000000000005 0.03907901465141738
0.03125 0.03609451867980938
0.025625000000000002 0.032673374064122136
0.02 0.028704233140256843
0.02 0.028704233140256843
0.015 0.02462604665286054
0.01 0.019948694003530006
0.005 0.014593972168920142
0.0 0.00848367812568582
0.0 0.0
0.005 -0.012234473228709544
0.01 -0.019599288460081892
0.015 -0.02358673151583619
0.02 -0.025689088217691593
0.02 -0.025689088217691593
0.025625000000000002 -0.02757557799770314
0.03125 -0.02970498985104317
0.036875000000000005 -0.03197907142388069
0.0425 -0.03427674635801535
0.048125 -0.036476938295246765
0.053750000000000006 -0.03846946957512824
0.05937500000000001 -0.04023816844756089
0.065 -0.04181490694736504
0.07062500000000001 -0.04323194356837162
0.07625000000000001 -0.0445215368044116
0.081875 -0.04571594514931587
0.08750000000000001 -0.046847419835033946
0.09312500000000001 -0.04794078754432549
0.09875000000000002 -0.04899945171265282
0.10437500000000001 -0.050022974727395475
0.11000000000000001 -0.05101091897593301
0.11562500000000002 -0.051962846845644964
0.12125000000000001 -0.05287832072391087
0.12687500000000002 -0.05375690299811029
0.1325 -0.05459815605562279
0.138125 -0.05540200034652918
0.14375000000000002 -0.056170785892991744
0.149375 -0.05690787227778728
0.155 -0.05761662237218566
0.16062500000000002 -0.0583003990474568
0.16625 -0.05896256517487057
0.171875 -0.059606483625696864
0.17750000000000002 -0.06023551727120556
0.183125 -0.06085302898266656
0.18875 -0.06146238095967123
0.19437500000000002 -0.06206566868374519
0.2 -0.0626610889019134
0.2 -0.0626610889019134
0.22608695652173916 -0.06524582334993093
0.2521739130434783 -0.06735207239144377
0.27826086956521745 -0.06881561852827227
0.30434782608695654 -0.06975366500122641
0.3304347826086957 -0.07033324063909277
0.35652173913043483 -0.07060962962362469
0.3826086956521739 -0.07052705443837722
0.4086956521739131 -0.07002409694475857
0.4347826086956522 -0.06903217503457564
0.46086956521739136 -0.06747916689577943
0.4869565217391305 -0.06530835393862632
0.5130434782608697 -0.06253866325881306
0.5391304347826088 -0.05921217522879906
0.5652173913043479 -0.05539638156892505
0.5913043478260871 -0.05124180113254694
0.6173913043478262 -0.04691577442940171
0.6434782608695653 -0.04256981384904079
0.6695652173913045 -0.038323394021390046
0.6956521739130436 -0.034288236183916555
0.7217391304347827 -0.03048570309637736
0.7478260869565219 -0.02684623430985382
0.7739130434782611 -0.02329402081328764
0.8 -0.019741681159009504
0.8 -0.019741681159009504
0.805625 -0.018966874564372065
0.81125 -0.018186913725395576
0.816875 -0.017401325882011247
0.8225 -0.016611935134498577
0.828125 -0.01582131184439114
0.83375 -0.015032026768928274
0.839375 -0.014246650665349326
0.845 -0.013467754290893641
0.8506250000000001 -0.012697908402800542
0.8562500000000001 -0.011939683758309411
0.8618750000000001 -0.011195651114659573
0.8675 -0.010468380082885535
0.873125 -0.009760088391494991
0.87875 -0.00907214694122645
0.884375 -0.008405801830001952
0.89 -0.007762299155743517
0.895625 -0.007142885016373188
0.90125 -0.006548805509812992
0.906875 -0.0059813067339849636
0.9125 -0.005441634786811134
0.918125 -0.004930766716320206
0.92375 -0.004448178958656807
0.9293750000000001 -0.003992827890303587
0.935 -0.003563669379077767
0.940625 -0.0031596592927965496
0.94625 -0.002779753499277142
0.951875 -0.002422904274911651
0.9575 -0.0020876166196596227
0.963125 -0.0017715199324972368
0.96875 -0.0014721420383769388
0.974375 -0.0011870107622511726
0.98 -0.0009136539290723819
0.98 -0.0009136539290723819
0.985 -0.0006785562555776388
0.99 -0.00044907223460102547
0.995 -0.00022346557859199485
1.0 0.0
