1.0 0.0
0.995 0.0009248597796842403
0.99 0.001753171090061401
0.985 0.0025013605687548676
0.98 0.003185854853388026
0.98 0.003185854853388026
0.974375 0.003900228350787826
0.96875 0.004578166290094504
0.963125 0.005243057379955422
0.9575 0.005918290329017936
0.951875 0.006627253845929405
0.94625 0.007393336639337193
0.940625 0.008235816806383914
0.935 0.0091376864406893
0.9293750000000001 0.01006303646384107
0.92375 0.010975794973340463
0.918125 0.011839890222762276
0.9125 0.012631372437628926
0.906875 0.013371413483451878
0.90125 0.014091681742991188
0.895625 0.014823845599006897
0.89 0.015599573434259053
0.884375 0.01644327752520234
0.87875 0.01734437456336789
0.873125 0.018281744636120416
0.8675 0.019234265711290714
0.8618750000000001 0.020180815800796444
0.8562500000000001 0.021101638337404586
0.8506250000000001 0.02198192587604889
0.845 0.02280799193373553
0.839375 0.02356615002747066
0.83375 0.02424273530671526
0.828125 0.024838268359962612
0.8225 0.0253919226549949
0.816875 0.025949393877628384
0.81125 0.02655637771367936
0.805625 0.027258400100522003
0.8 0.028074238111680264
0.8 0.028074238111680264
0.7739130434782611 0.03217694838910537
0.7478260869565219 0.03527863138279225
0.7217391304347827 0.03823849499030542
0.6956521739130436 0.04145367174771936
0.6695652173913045 0.044350534738990845
0.6434782608695653 0.04740151063516268
0.6173913043478262 0.0503988933412069
0.5913043478260871 0.05276540000655267
0.5652173913043479 0.055311322115973505
0.5391304347826088 0.057704195649202546
0.5130434782608697 0.06007840008140354
0.4869565217391305 0.0614585604325838
0.46086956521739136 0.06261757290130221
0.4347826086956522 0.06415353904230542
0.4086956521739131 0.06449418466504404
0.3826086956521739 0.06436462101423195
0.35652173913043483 0.06430927681368392
0.3304347826086957 0.06345587874950022
0.30434782608695654 0.06229100178470404
0.27826086956521745 0.06034340748668362
0.2521739130434783 0.058600404234463936
0.22608695652173916 0.056429746081083164
0.2 0.05328
0.2 0.05328
0.19437500000000002 0.05265600196041641
0.18875 0.052059603399930654
0.183125 0.05146131998049214
0.17750000000000002 0.05083166882427563
0.171875 0.05014974192540667
0.16625 0.04942341346715317
0.16062500000000002 0.04866658884816649
0.155 0.04787959100901079
0.149375 0.0470150550829404
0.14375000000000002 0.04601519153051274
0.138125 0.04486167045078497
0.1325 0.0436511484759183
0.12687500000000002 0.04249319092920763
0.12125000000000001 0.04142574301428867
0.11562500000000002 0.04044816130981401
0.11000000000000001 0.03951222532918751
0.10437500000000001 0.038486824032859336
0.09875000000000002 0.03726239202707531
0.09312500000000001 0.03592703704382804
0.08750000000000001 0.03464645079429271
0.081875 0.033476292830235746
0.07625000000000001 0.032322119988095525
0.07062500000000001 0.031090224687363468
0.065 0.029743515675049022
0.05937500000000001 0.028264218615007934
0.053750000000000006 0.02668306264163911
0.048125 0.025081991509627685
0.0425 0.023497731512111042
0.036875000000000005 0.021789570875608094
0.03125 0.01978948853603774
0.025625000000000002 0.017557690930277838
0.02 0.015147341710597239
0.02 0.015147341710597239
0.015 0.012712861456409106
0.01 0.009896808425588896
0.005 0.005822378495848485
0.0 -0.0007879682015712436
0.0 0.0
0.005 -0.005806952433374952
0.01 -0.009727314810158592
0.015 -0.012179698600539387
0.02 -0.014595321595703523
0.02 -0.014595321595703523
0.025625000000000002 -0.01688490674268753
0.03125 -0.018537979296330394
0.036875000000000005 -0.019925699155722166
0.0425 -0.021359220266037218
0.048125 -0.022748165359547354
0.053750000000000006 -0.02402115933916573
0.05937500000000001 -0.02529379168043648
0.065 -0.026725175196919807
0.07062500000000001 -0.028248366908363912
0.07625000000000001 -0.029521348286660927
0.081875 -0.030304635970862796
0.08750000000000001 -0.030909327300843486
0.09312500000000001 -0.031788864424345274
0.09875000000000002 -0.03297561572839077
0.10437500000000001 -0.0340577760945608
0.11000000000000001 -0.03479417341306952
0.11562500000000002 -0.03542432512782522
0.12125000000000001 -0.036234499373735546
0.12687500000000002 -0.037215215501656664
0.1325 -0.0381759241486112
0.138125 -0.0389623125970454
0.14375000000000002 -0.03962762830512528
0.149375 -0.04029143039403478
0.155 -0.040983567688600425
0.16062500000000002 -0.04162593368332492
0.16625 -0.042149987739383575
0.171875 -0.042604566210479485
0.17750000000000002 -0.04309083088931064
0.183125 -0.04367805584222874
0.18875 -0.044338922879510245
0.19437500000000002 -0.04502803619936431
0.2 -0.0457
0.2 -0.0457
0.22608695652173916 -0.048306598122265725
0.2521739130434783 -0.0508080521240319
0.27826086956521745 -0.05269223877422365
0.30434782608695654 -0.05375350426694011
0.3304347826086957 -0.05476212580275379
0.35652173913043483 -0.055200187784611686
0.3826086956521739 -0.05561080942030283
0.4086956521739131 -0.055533190935711546
0.4347826086956522 -0.05498128289637946
0.46086956521739136 -0.05437712840436644
0.4869565217391305 -0.05333890182644287
0.5130434782608697 -0.052124659494308716
0.5391304347826088 -0.050786247613660566
0.5652173913043479 -0.048803634759963486
0.5913043478260871 -0.04651307422521647
0.6173913043478262 -0.044190257057276715
0.6434782608695653 -0.04152471981229511
0.6695652173913045 -0.03908952889561401
0.6956521739130436 -0.036750671453617836
0.7217391304347827 -0.03475180905876719
0.7478260869565219 -0.03179426834383405
0.7739130434782611 -0.02894537359807001
0.8 -0.025503305686684897
0.8 -0.025503305686684897
0.805625 -0.024744758197310285
0.81125 -0.024036436232476404
0.816875 -0.023380303297564586
0.8225 -0.022752144397089773
0.828125 -0.02212634068277199
0.83375 -0.021477273306331267
0.839375 -0.020784155871729312
0.845 -0.02005484073621526
0.8506250000000001 -0.019307690555266876
0.8562500000000001 -0.01856108401231507
0.8618750000000001 -0.01783339979079068
0.8675 -0.017138811299117106
0.873125 -0.016472925376635177
0.87875 -0.01582622650367504
0.884375 -0.015189198995175504
0.89 -0.014552338193159646
0.895625 -0.013907762156182241
0.90125 -0.013250908951255896
0.906875 -0.012577622704237021
0.9125 -0.011883747540982002
0.918125 -0.011165137832045261
0.92375 -0.01042168464143487
0.9293750000000001 -0.009663441046272401
0.935 -0.008902034122398348
0.940625 -0.008149090945653152
0.94625 -0.007416174451027582
0.951875 -0.006707401886203839
0.9575 -0.006012596452153609
0.963125 -0.005319962067834779
0.96875 -0.004617702652205227
0.974375 -0.003894022124222838
0.98 -0.0031371244028454972
0.98 -0.0031371244028454972
0.985 -0.0024269042799771124
0.99 -0.0016728333483716678
0.995 -0.0008666268432917636
1.0 0.0
