1.0 0.0
0.995 0.0004273937906060419
0.99 0.0008550750180471331
0.985 0.001282968736464658
0.98 0.001711
0.98 0.001711
0.974375 0.0021924729821095716
0.96875 0.002673477987398831
0.963125 0.003154504858035893
0.9575 0.003636185409399844
0.951875 0.004117834593948362
0.94625 0.004597692688050554
0.940625 0.0050791203241481505
0.935 0.0055668373328947324
0.9293750000000001 0.006054433867976873
0.92375 0.006531691867281108
0.918125 0.007001212095166773
0.9125 0.007478974052522023
0.906875 0.007962705005317264
0.90125 0.008448265580540803
0.895625 0.008931933312906142
0.89 0.009413296689440069
0.884375 0.009893523098437702
0.87875 0.01037378670237166
0.873125 0.010854782719517835
0.8675 0.011336202023277678
0.8618750000000001 0.01181760902218778
0.8562500000000001 0.012298625498895467
0.8506250000000001 0.012779540210085606
0.845 0.013260921469258159
0.839375 0.013742501367649068
0.83375 0.014223870841462687
0.828125 0.014705058045910447
0.8225 0.015186169323596666
0.816875 0.015667307271021193
0.81125 0.016148507234616253
0.805625 0.016629746391303723
0.8 0.017111
0.8 0.017111
0.7739130434782611 0.019342675765178587
0.7478260869565219 0.021575127250054647
0.7217391304347827 0.023804716115809647
0.6956521739130436 0.026022377177055016
0.6695652173913045 0.028217803644463618
0.6434782608695653 0.030379817808131794
0.6173913043478262 0.03249746508946004
0.5913043478260871 0.03455907567647351
0.5652173913043479 0.036553414861467855
0.5391304347826088 0.03846743552047522
0.5130434782608697 0.040290215533245334
0.4869565217391305 0.04200844706322938
0.46086956521739136 0.043605909106222605
0.4347826086956522 0.04507006892204359
0.4086956521739131 0.046383698353584676
0.3826086956521739 0.047528489536787406
0.35652173913043483 0.04848444796105534
0.3304347826086957 0.04923074561704787
0.30434782608695654 0.0497391112687893
0.27826086956521745 0.04998336705786889
0.2521739130434783 0.049927462367336965
0.22608695652173916 0.04952939743595354
0.2 0.048737
0.2 0.048737
0.19437500000000002 0.048508712198450626
0.18875 0.04825841396604113
0.183125 0.04798512385593031
0.17750000000000002 0.04768786230251088
0.171875 0.04736570679447413
0.16625 0.047017800781276875
0.16062500000000002 0.046643291386661026
0.155 0.046241165264621804
0.149375 0.04580951151124543
0.14375000000000002 0.045346488680473536
0.138125 0.04485134287933006
0.1325 0.04432292415965753
0.12687500000000002 0.043759164616533335
0.12125000000000001 0.043157917381012025
0.11562500000000002 0.042516973725284936
0.11000000000000001 0.04183363365756794
0.10437500000000001 0.04110496291592122
0.09875000000000002 0.04032802461533328
0.09312500000000001 0.039499690219674144
0.08750000000000001 0.03861638059184468
0.081875 0.0376729887362658
0.07625000000000001 0.03666294817685919
0.07062500000000001 0.03558181309633127
0.065 0.03442170869089563
0.05937500000000001 0.033172481393462586
0.053750000000000006 0.031823072377224024
0.048125 0.03035956759761487
0.0425 0.028763852917455007
0.036875000000000005 0.02701152485473924
0.03125 0.02506756631425542
0.025625000000000002 0.02288276652511274
0.02 0.020376999999999996
0.02 0.020376999999999996
0.015 0.017772107387600582
0.01 0.014613
0.005 0.010405999999999999
0.0 0.0020455506076107717
0.0 0.0
0.005 -0.010406000000000002
0.01 -0.014612999999999998
0.015 -0.017772107381838778
0.02 -0.020377
0.02 -0.020377
0.025625000000000002 -0.022882766525046266
0.03125 -0.025067566314282974
0.036875000000000005 -0.027011524854730528
0.0425 -0.028763852917460257
0.048125 -0.030359567597616988
0.053750000000000006 -0.031823072377222476
0.05937500000000001 -0.03317248139346242
0.065 -0.034421708690895975
0.07062500000000001 -0.035581813096331245
0.07625000000000001 -0.0366629481768592
0.081875 -0.0376729887362658
0.08750000000000001 -0.03861638059184469
0.09312500000000001 -0.03949969021967415
0.09875000000000002 -0.04032802461533328
0.10437500000000001 -0.04110496291592122
0.11000000000000001 -0.04183363365756794
0.11562500000000002 -0.042516973725284936
0.12125000000000001 -0.043157917381012025
0.12687500000000002 -0.043759164616533335
0.1325 -0.04432292415965753
0.138125 -0.04485134287933006
0.14375000000000002 -0.045346488680473536
0.149375 -0.04580951151124543
0.155 -0.046241165264621804
0.16062500000000002 -0.046643291386661026
0.16625 -0.047017800781276875
0.171875 -0.04736570679447413
0.17750000000000002 -0.04768786230251088
0.183125 -0.04798512385593031
0.18875 -0.04825841396604113
0.19437500000000002 -0.048508712198450626
0.2 -0.048737
0.2 -0.048737
0.22608695652173916 -0.04952939743595354
0.2521739130434783 -0.049927462367336965
0.27826086956521745 -0.04998336705786889
0.30434782608695654 -0.0497391112687893
0.3304347826086957 -0.04923074561704787
0.35652173913043483 -0.04848444796105534
0.3826086956521739 -0.047528489536787406
0.4086956521739131 -0.046383698353584676
0.4347826086956522 -0.04507006892204359
0.46086956521739136 -0.043605909106222605
0.4869565217391305 -0.04200844706322938
0.5130434782608697 -0.040290215533245334
0.5391304347826088 -0.03846743552047522
0.5652173913043479 -0.036553414861467855
0.5913043478260871 -0.03455907567647351
0.6173913043478262 -0.03249746508946004
0.6434782608695653 -0.030379817808131794
0.6695652173913045 -0.028217803644463618
0.6956521739130436 -0.026022377177055016
0.7217391304347827 -0.023804716115809647
0.7478260869565219 -0.021575127250054647
0.7739130434782611 -0.019342675765178587
0.8 -0.017111
0.8 -0.017111
0.805625 -0.016629746391303723
0.81125 -0.016148507234616253
0.816875 -0.015667307271021193
0.8225 -0.015186169323596666
0.828125 -0.014705058045910447
0.83375 -0.014223870841462687
0.839375 -0.013742501367649068
0.845 -0.013260921469258159
0.8506250000000001 -0.012779540210085606
0.8562500000000001 -0.012298625498895467
0.8618750000000001 -0.01181760902218778
0.8675 -0.011336202023277678
0.873125 -0.010854782719517835
0.87875 -0.01037378670237166
0.884375 -0.009893523098437702
0.89 -0.009413296689440069
0.895625 -0.008931933312906142
0.90125 -0.008448265580540803
0.906875 -0.007962705005317264
0.9125 -0.007478974052522023
0.918125 -0.007001212095166773
0.92375 -0.006531691867281108
0.9293750000000001 -0.006054433867976873
0.935 -0.0055668373328947324
0.940625 -0.0050791203241481505
0.94625 -0.004597692688050554
0.951875 -0.004117834593948362
0.9575 -0.003636185409399844
0.963125 -0.003154504858035893
0.96875 -0.002673477987398831
0.974375 -0.0021924729821095716
0.98 -0.001711
0.98 -0.001711
0.985 -0.001282968736464658
0.99 -0.0008550750180471331
0.995 -0.0004273937906060419
1.0 0.0
