1.0 0.0
0.995 0.0006988093140909784
0.99 0.0013833960777692215
0.985 0.002075070647464012
0.98 0.0027925198146250864
0.98 0.0027925198146250864
0.974375 0.0036491013715833974
0.96875 0.004541912673282525
0.963125 0.005435153032951791
0.9575 0.006296936746813287
0.951875 0.007126911634109238
0.94625 0.007939286936030944
0.940625 0.008748349572402376
0.935 0.009564477318708358
0.9293750000000001 0.01038496120904504
0.92375 0.011204356891998314
0.918125 0.012017220016154032
0.9125 0.012818380375497129
0.906875 0.013607219759908135
0.90125 0.0143868695052026
0.895625 0.015160572708110814
0.89 0.015931572465363086
0.884375 0.01670307265448435
0.87875 0.01747655085640073
0.873125 0.018251117955779994
0.8675 0.019025713527795675
0.8618750000000001 0.019799277147621332
0.8562500000000001 0.0205707483904305
0.8506250000000001 0.021339081602429456
0.845 0.022103540965178546
0.839375 0.02286368474296137
0.83375 0.023619082817878858
0.828125 0.02436930507203192
0.8225 0.02511392138752147
0.816875 0.025852501667550584
0.81125 0.02658474521832175
0.805625 0.02731078684507106
0.8 0.02803085287055595
0.8 0.02803085287055595
0.7739130434782611 0.031298678822273954
0.7478260869565219 0.03444766739344136
0.7217391304347827 0.037438752038777785
0.6956521739130436 0.040259055677897525
0.6695652173913045 0.042919800743333826
0.6434782608695653 0.045390836800153114
0.6173913043478262 0.047631520229021646
0.5913043478260871 0.049623664829456876
0.5652173913043479 0.05136811650161804
0.5391304347826088 0.052893976494749216
0.5130434782608697 0.054209234265098674
0.4869565217391305 0.05528974182697962
0.46086956521739136 0.056145268820763414
0.4347826086956522 0.0568195705000985
0.4086956521739131 0.057325200916944034
0.3826086956521739 0.05765038851516893
0.35652173913043483 0.05777890076226818
0.3304347826086957 0.05769213602112826
0.30434782608695654 0.05736953327833597
0.27826086956521745 0.05680055081241236
0.2521739130434783 0.05600023185176412
0.22608695652173916 0.05497279208674326
0.2 0.05371087458867176
0.2 0.05371087458867176
0.19437500000000002 0.05340967743728362
0.18875 0.05309886907536482
0.183125 0.05277877162382379
0.17750000000000002 0.05244959425365247
0.171875 0.052111008647733784
0.16625 0.051762526781194584
0.16062500000000002 0.051403660603117636
0.155 0.05103392206258574
0.149375 0.050652823108681674
0.14375000000000002 0.05025978659549903
0.138125 0.049851980108657726
0.1325 0.049424195161160686
0.12687500000000002 0.04897110998956913
0.12125000000000001 0.04848740283044429
0.11562500000000002 0.04796775192034737
0.11000000000000001 0.04740713143804861
0.10437500000000001 0.04680460409997871
0.09875000000000002 0.0461622148509099
0.09312500000000001 0.04548207638794954
0.08750000000000001 0.044766301408205034
0.081875 0.04401667351835441
0.07625000000000001 0.04322393543762061
0.07062500000000001 0.04236542610907603
0.065 0.041417677229115844
0.05937500000000001 0.040357220494135204
0.053750000000000006 0.03916146757859241
0.048125 0.03781204018339238
0.0425 0.03629181758766843
0.036875000000000005 0.03458350200052995
0.03125 0.032636855266876
0.025625000000000002 0.030338588771150546
0.02 0.027631071124853288
0.02 0.027631071124853288
0.015 0.0248
0.01 0.021234792051902318
0.005 0.015799999999999998
0.0 0.0024788003257781087
0.0 0.0
0.005 -0.0103
0.01 -0.01335681526793248
0.015 -0.015329999999999998
0.02 -0.01684201879006398
0.02 -0.01684201879006398
0.025625000000000002 -0.0183766796895371
0.03125 -0.019759866927161477
0.036875000000000005 -0.020949166147566825
0.0425 -0.021998736595944136
0.048125 -0.022946771428820453
0.053750000000000006 -0.023818183297197256
0.05937500000000001 -0.0246378123840998
0.065 -0.02542493418607193
0.07062500000000001 -0.026180195157961213
0.07625000000000001 -0.02690034791968622
0.081875 -0.02758214509116549
0.08750000000000001 -0.028222599878549227
0.09312500000000001 -0.02882305234322967
0.09875000000000002 -0.029388406640868035
0.10437500000000001 -0.02992367316037158
0.11000000000000001 -0.030433862290647574
0.11562500000000002 -0.030923942193231056
0.12125000000000001 -0.03139702232374097
0.12687500000000002 -0.0318536639126883
0.1325 -0.03229424374141657
0.138125 -0.032719138591269285
0.14375000000000002 -0.03312872524358998
0.149375 -0.033523369482338826
0.155 -0.033903206411724424
0.16062500000000002 -0.03426815218441007
0.16625 -0.03461811430331918
0.171875 -0.03495300027137522
0.17750000000000002 -0.035272717591501634
0.183125 -0.03557717379263297
0.18875 -0.03586643590949008
0.19437500000000002 -0.036141107785183875
0.2 -0.03640190606990291
0.2 -0.03640190606990291
0.22608695652173916 -0.0374507152221678
0.2521739130434783 -0.038264550114965504
0.27826086956521745 -0.03883112576391248
0.30434782608695654 -0.03912835655670828
0.3304347826086957 -0.03913762629408212
0.35652173913043483 -0.03886447265254258
0.3826086956521739 -0.03832147054952996
0.4086956521739131 -0.03751194788762358
0.4347826086956522 -0.036426600665661675
0.46086956521739136 -0.03503483422544466
0.4869565217391305 -0.03331110880438594
0.5130434782608697 -0.03124203984024312
0.5391304347826088 -0.02885410933798125
0.5652173913043479 -0.0262122103681753
0.5913043478260871 -0.023373347740706166
0.6173913043478262 -0.020391448558190247
0.6434782608695653 -0.017353061231444027
0.6695652173913045 -0.014363506688709848
0.6956521739130436 -0.011539640483305339
0.7217391304347827 -0.008962456103393286
0.7478260869565219 -0.006617875847220528
0.7739130434782611 -0.004525181319067622
0.8 -0.0027467302805216807
0.8 -0.0027467302805216807
0.805625 -0.002405732177154926
0.81125 -0.002079408248815268
0.816875 -0.0017675777691213133
0.8225 -0.001470130776698402
0.828125 -0.0011872940554375877
0.83375 -0.0009193944488031122
0.839375 -0.0006667588165762452
0.845 -0.0004297140185382552
0.8506250000000001 -0.00020858691447040722
0.8562500000000001 -3.6801365127592948e-06
0.8618750000000001 0.00018531695938363415
0.8675 0.00035936114378273386
0.873125 0.000519439990563176
0.87875 0.000666541073603596
0.884375 0.0008016519667826307
0.89 0.0009256226073051317
0.895625 0.0010374014370599486
0.90125 0.0011345499244765915
0.906875 0.0012145980277580048
0.9125 0.0012750757051071357
0.918125 0.0013135711128305695
0.92375 0.0013296249365551927
0.9293750000000001 0.0013251482570453596
0.935 0.001302194912865682
0.940625 0.001262818742580773
0.94625 0.0012087441460707732
0.951875 0.0011401194094099506
0.9575 0.0010566220172576848
0.963125 0.0009579334810839569
0.96875 0.0008444990208343875
0.974375 0.0007184177072173494
0.98 0.0005819611036081122
0.98 0.0005819611036081122
0.985 0.00045054808537537853
0.99 0.000302469993816551
0.995 0.00013834405372050416
1.0 0.0
