1.0 0.0
0.995 0.0006824254560449508
0.99 0.0013461902417599171
0.985 0.0019922566538482307
0.98 0.002621586989013223
0.98 0.002621586989013223
0.974375 0.0033107769462912225
0.96875 0.003981373358089096
0.963125 0.0046347463695176425
0.9575 0.005272266125687659
0.951875 0.005895302771709946
0.94625 0.006505226452695299
0.940625 0.00710340731375452
0.935 0.007691215499998402
0.9293750000000001 0.008270021156537747
0.92375 0.008841194428483365
0.918125 0.00940610546094603
0.9125 0.009966124399036555
0.906875 0.010522621387865734
0.90125 0.011076966572544367
0.895625 0.01163040874293985
0.89 0.01218323292307986
0.884375 0.012735264543810795
0.87875 0.013286326205536055
0.873125 0.013836240508659052
0.8675 0.014384830053583179
0.8618750000000001 0.014931917440711845
0.8562500000000001 0.015477325270448452
0.8506250000000001 0.016020876143196406
0.845 0.016562392659359115
0.839375 0.01710169741933996
0.83375 0.017638613023542363
0.828125 0.01817296207236973
0.8225 0.018704567166225445
0.816875 0.019233250905512925
0.81125 0.01975883589063558
0.805625 0.020281144721996807
0.8 0.0208
0.8 0.0208
0.7739130434782611 0.023162176461783195
0.7478260869565219 0.025465584194972368
0.7217391304347827 0.027729549321331256
0.6956521739130436 0.029973345274619423
0.6695652173913045 0.03219838425518686
0.6434782608695653 0.034362294731928145
0.6173913043478262 0.03641611917321806
0.5913043478260871 0.03831137126258479
0.5652173913043479 0.040027837592758984
0.5391304347826088 0.04158912776573513
0.5130434782608697 0.04302262110473469
0.4869565217391305 0.04435430869217605
0.46086956521739136 0.045578252072004936
0.4347826086956522 0.04665658324969458
0.4086956521739131 0.047550045989914975
0.3826086956521739 0.048221412733772936
0.35652173913043483 0.04865703928595204
0.3304347826086957 0.04885849652441124
0.30434782608695654 0.04882760891166408
0.27826086956521745 0.04856191576188353
0.2521739130434783 0.048030468723074
0.22608695652173916 0.04719069812094017
0.2 0.04599999999999999
0.2 0.04599999999999999
0.19437500000000002 0.045692881167767846
0.18875 0.04536548804605056
0.183125 0.04501584325306889
0.17750000000000002 0.04464196940704361
0.171875 0.044241889126195526
0.16625 0.04381362502874538
0.16062500000000002 0.04335519973291397
0.155 0.042864635856922066
0.149375 0.042339956476920175
0.14375000000000002 0.04177964076706712
0.138125 0.04118347987019015
0.1325 0.040551499389136915
0.12687500000000002 0.039883724926755015
0.12125000000000001 0.039180182085892086
0.11562500000000002 0.038440896469395754
0.11000000000000001 0.0376658936801136
0.10437500000000001 0.036855199320893296
0.09875000000000002 0.03600883365748578
0.09312500000000001 0.03512595034457639
0.08750000000000001 0.03420388575544706
0.081875 0.0332397474353617
0.07625000000000001 0.032230642929584115
0.07062500000000001 0.031172919033530824
0.065 0.030056880902431245
0.05937500000000001 0.02886995260098501
0.053750000000000006 0.027599540450455092
0.048125 0.02623290888305151
0.0425 0.02474880898780697
0.036875000000000005 0.023112796171829385
0.03125 0.021289290729802998
0.025625000000000002 0.01924271295641207
0.02 0.016937483146340863
0.02 0.016937483146340863
0.015 0.01464248689159845
0.01 0.012090022471545508
0.005 0.009255101121954804
0.0 0.006112734078599085
0.0 0.0
0.005 -0.006783789805714564
0.01 -0.011587894902857283
0.015 -0.01490010509714272
0.02 -0.017208210194285443
0.02 -0.017208210194285443
0.025625000000000002 -0.019211799105892935
0.03125 -0.021091366428572515
0.036875000000000005 -0.022902590001252086
0.0425 -0.0246164527600023
0.048125 -0.02620393764089381
0.053750000000000006 -0.027638932066425977
0.05937500000000001 -0.028929088113832376
0.065 -0.03010384150856217
0.07062500000000001 -0.031192991036868123
0.07625000000000001 -0.032226278548574384
0.081875 -0.03322420084091196
0.08750000000000001 -0.03418786785717522
0.09312500000000001 -0.035115948391282535
0.09875000000000002 -0.0360071112371522
0.10437500000000001 -0.03686015984300152
0.11000000000000001 -0.037674967039876245
0.11562500000000002 -0.03845191561781431
0.12125000000000001 -0.03919139150747855
0.12687500000000002 -0.03989378063953191
0.1325 -0.040559468944637286
0.138125 -0.041188842353457586
0.14375000000000002 -0.04178228679665573
0.149375 -0.04234018820489459
0.155 -0.042863106965971835
0.16062500000000002 -0.04335257967801919
0.16625 -0.043810482312813266
0.171875 -0.0442386911828673
0.17750000000000002 -0.04463908260069454
0.183125 -0.045013532878808195
0.18875 -0.04536391832972151
0.19437500000000002 -0.04569211526594769
0.2 -0.046
0.2 -0.046
0.22608695652173916 -0.04719267614687541
0.2521739130434783 -0.04803242428667457
0.27826086956521745 -0.048562837122519
0.30434782608695654 -0.04882747210899637
0.3304347826086957 -0.04885793744773738
0.35652173913043483 -0.04865654980878782
0.3826086956521739 -0.04822121979546895
0.4086956521739131 -0.04755011366925656
0.4347826086956522 -0.046656737180896794
0.46086956521739136 -0.045578372289504836
0.4869565217391305 -0.04435434621943199
0.5130434782608697 -0.043022596078998394
0.5391304347826088 -0.04158908630780895
0.5652173913043479 -0.04002780867675314
0.5913043478260871 -0.03831136484068943
0.6173913043478262 -0.036416127366842944
0.6434782608695653 -0.034362305678701785
0.6695652173913045 -0.03219839104250427
0.6956521739130436 -0.029973346088534615
0.7217391304347827 -0.027729546822389147
0.7478260869565219 -0.025465581368739207
0.7739130434782611 -0.0231621749261027
0.8 -0.0208
0.8 -0.0208
0.805625 -0.020281144955334014
0.81125 -0.019758836308815725
0.816875 -0.01923325146397371
0.8225 -0.018704567824336535
0.828125 -0.01817296279343275
0.83375 -0.017638613774790927
0.839375 -0.01710169817193963
0.845 -0.016562393388407433
0.8506250000000001 -0.01602087682772287
0.8562500000000001 -0.015477325893414544
0.8618750000000001 -0.014931917989011
0.8675 -0.014384830518040802
0.873125 -0.013836240884032529
0.87875 -0.013286326490514725
0.884375 -0.012735264741015965
0.89 -0.012183233039064817
0.895625 -0.01163040878818984
0.90125 -0.011076966561465817
0.906875 -0.010522621337034663
0.9125 -0.009966124323525512
0.918125 -0.009406105373861573
0.92375 -0.008841194340966066
0.9293750000000001 -0.008270021077762202
0.935 -0.007691215437173214
0.940625 -0.007103407272122313
0.94625 -0.006505226435532717
0.951875 -0.005895302780327643
0.9575 -0.005272266159430307
0.963125 -0.004634746425763929
0.96875 -0.003981373432251726
0.974375 -0.003310777031816916
0.98 -0.0026215870773827156
0.98 -0.0026215870773827156
0.985 -0.0019922567360042436
0.99 -0.001346190308037037
0.995 -0.0006824254953969906
1.0 0.0
