1.0 0.0
0.995 0.0007777675635405285
0.99 0.0015351874754366795
0.985 0.002273409474760051
0.98 0.002993583300582239
0.98 0.002993583300582239
0.974375 0.0037836372071232537
0.96875 0.0045539410634158764
0.963125 0.00530613190028666
0.9575 0.006041846748562156
0.951875 0.006762722639068916
0.94625 0.007470396602633492
0.940625 0.008166505670082438
0.935 0.008852686872242301
0.9293750000000001 0.00953057723993964
0.92375 0.010201813804001014
0.918125 0.010868033595252949
0.9125 0.011530873644522013
0.906875 0.012191970982634756
0.90125 0.012852962640417735
0.895625 0.013515351751723312
0.89 0.014179578082014194
0.884375 0.014845574305880018
0.87875 0.01551326997494893
0.873125 0.016182594640849087
0.8675 0.016853477855208614
0.8618750000000001 0.017525849169655678
0.8562500000000001 0.018199638135818413
0.8506250000000001 0.018874774305324967
0.845 0.01955118722980351
0.839375 0.020228806460882136
0.83375 0.020907561550189028
0.828125 0.02158738204935233
0.8225 0.022268197510000177
0.816875 0.02294993748376072
0.81125 0.023632531522262114
0.805625 0.024315909177132496
0.8 0.025
0.8 0.025
0.7739130434782611 0.028176274421233022
0.7478260869565219 0.031337708404778106
0.7217391304347827 0.03445563784362807
0.6956521739130436 0.03750141601228711
0.6695652173913045 0.04045228851763822
0.6434782608695653 0.04329994500257225
0.6173913043478262 0.04603824779891023
0.5913043478260871 0.048660899598622465
0.5652173913043479 0.051152024702634365
0.5391304347826088 0.0534809009057517
0.5130434782608697 0.05561552888397429
0.4869565217391305 0.057524263680107435
0.46086956521739136 0.05918361077348315
0.4347826086956522 0.060578226079960065
0.4086956521739131 0.061693119882202274
0.3826086956521739 0.06251437573729157
0.35652173913043483 0.06304055401741424
0.3304347826086957 0.06327826465288844
0.30434782608695654 0.06323425173333463
0.27826086956521745 0.06290523380492326
0.2521739130434783 0.062221279600969244
0.22608695652173916 0.06108526858095116
0.2 0.059399999999999994
0.2 0.059399999999999994
0.19437500000000002 0.058955391092992075
0.18875 0.058480776823251965
0.183125 0.05797620835142559
0.17750000000000002 0.057441736838158904
0.171875 0.05687741344409789
0.16625 0.05628328932988848
0.16062500000000002 0.05565941565617661
0.155 0.05500584358360827
0.149375 0.05432262376287755
0.14375000000000002 0.053609298932646564
0.138125 0.052863950819557526
0.1325 0.052084400054910954
0.12687500000000002 0.05126846727000734
0.12125000000000001 0.050413973096147195
0.11562500000000002 0.049518738164630975
0.11000000000000001 0.04858058310675916
0.10437500000000001 0.047597328553832294
0.09875000000000002 0.04656678372379071
0.09312500000000001 0.04548490459022445
0.08750000000000001 0.04434376087760097
0.081875 0.04313493296257236
0.07625000000000001 0.04185000122179068
0.07062500000000001 0.04048054603190804
0.065 0.03901814776957649
0.05937500000000001 0.03745438681144812
0.053750000000000006 0.03578084353417502
0.048125 0.03398892914576744
0.0425 0.03205990473572582
0.036875000000000005 0.02995929870986046
0.03125 0.027651286124846998
0.025625000000000002 0.02510004203736107
0.02 0.022269741504078334
0.02 0.022269741504078334
0.015 0.019490687836505365
0.01 0.01643767799456221
0.005 0.013085550975529978
0.0 0.00940914577668976
0.0 0.0
0.005 -0.009278229883303214
0.01 -0.01566311494165161
0.015 -0.01988888505834839
0.02 -0.022689770116696786
0.02 -0.022689770116696786
0.025625000000000002 -0.0250515337369382
0.03125 -0.027333710481653173
0.036875000000000005 -0.02961082472636815
0.0425 -0.031828685904957965
0.048125 -0.03393310345129744
0.053750000000000006 -0.03587341442527649
0.05937500000000001 -0.03763996453921013
0.065 -0.03924955670052644
0.07062500000000001 -0.04071943476990534
0.07625000000000001 -0.04206684260802674
0.081875 -0.04330902407557058
0.08750000000000001 -0.044463223033216794
0.09312500000000001 -0.04554668334164529
0.09875000000000002 -0.04657664886153601
0.10437500000000001 -0.0475689978164739
0.11000000000000001 -0.04852876296226919
0.11562500000000002 -0.04945580515214794
0.12125000000000001 -0.050349953387742105
0.12687500000000002 -0.051211036670683684
0.1325 -0.052038884002604695
0.138125 -0.05283332438513709
0.14375000000000002 -0.05359418681991287
0.149375 -0.054321300308564024
0.155 -0.055014575448322445
0.16062500000000002 -0.05567437942117342
0.16625 -0.05630123813804264
0.171875 -0.056895677669222225
0.17750000000000002 -0.05745822408500432
0.183125 -0.057989403455681016
0.18875 -0.05848974185154446
0.19437500000000002 -0.05895976534288674
0.2 -0.059399999999999994
0.2 -0.059399999999999994
0.22608695652173916 -0.06107397159808598
0.2521739130434783 -0.06221011090591118
0.27826086956521745 -0.06289997169226523
0.30434782608695654 -0.06323503304634247
0.3304347826086957 -0.06328145767452299
0.35652173913043483 -0.06304334953947417
0.3826086956521739 -0.06251547765444812
0.4086956521739131 -0.061692733349170206
0.4347826086956522 -0.06057734694176327
0.46086956521739136 -0.05918292418236609
0.4869565217391305 -0.05752404935290387
0.5130434782608697 -0.05561567181198603
0.5391304347826088 -0.05348113768196041
0.5652173913043479 -0.05115218984891313
0.5913043478260871 -0.0486609362756147
0.6173913043478262 -0.04603820100314362
0.6434782608695653 -0.04329988248290956
0.6695652173913045 -0.040452249753632555
0.6956521739130436 -0.03750141136382121
0.7217391304347827 -0.03445565211568873
0.7478260869565219 -0.03133772454607688
0.7739130434782611 -0.02817628319187449
0.8 -0.025000000000000005
0.8 -0.025000000000000005
0.805625 -0.024315907844487464
0.81125 -0.023632529133934505
0.816875 -0.022949934294256586
0.8225 -0.022268193751369146
0.828125 -0.021587377931187618
0.83375 -0.020907557259627424
0.839375 -0.02022880216260403
0.845 -0.019551183066032863
0.8506250000000001 -0.018874770395829334
0.8562500000000001 -0.018199634577908925
0.8618750000000001 -0.017525846038187055
0.8675 -0.01685347520257916
0.873125 -0.016182592497000686
0.87875 -0.015513268347367062
0.884375 -0.014845573179593733
0.89 -0.014179577419596133
0.895625 -0.013515351493289704
0.90125 -0.012852962703689994
0.906875 -0.012191971272943226
0.9125 -0.011530874075783768
0.918125 -0.010868034092613268
0.92375 -0.010201814303833387
0.9293750000000001 -0.009530577689845764
0.935 -0.008852687231052083
0.940625 -0.008166505907853986
0.94625 -0.007470396700653128
0.951875 -0.006762722589851169
0.9575 -0.00604184655584976
0.963125 -0.00530613157905056
0.96875 -0.004553940639855224
0.974375 -0.0037836367186654075
0.98 -0.0029935827958827675
0.98 -0.0029935827958827675
0.985 -0.0022734090055472607
0.99 -0.001535187096912076
0.995 -0.000777767338791545
1.0 0.0
