1.0 0.0
0.995 0.0008392980260862905
0.99 0.001764718605690581
0.985 0.0027258577235618393
0.98 0.0036901349607006257
0.98 0.0036901349607006257
0.974375 0.004763340636478043
0.96875 0.005809511206569086
0.963125 0.006822552838182927
0.9575 0.007802716586261968
0.951875 0.008750378649390548
0.94625 0.009667005185149888
0.940625 0.010557230295150237
0.935 0.011426260416924874
0.9293750000000001 0.012279301988007075
0.92375 0.013121287634866542
0.918125 0.013954238143124452
0.9125 0.014778416937209372
0.906875 0.015594063147460445
0.90125 0.016401415904216822
0.895625 0.01720071446947523
0.89 0.01799220219364049
0.884375 0.01877612720902766
0.87875 0.01955273791937808
0.873125 0.020322282728433103
0.8675 0.021085010039934078
0.8618750000000001 0.021841165953395754
0.8562500000000001 0.022590919262206223
0.8506250000000001 0.0233343449091441
0.845 0.024071512184805216
0.839375 0.024802490379785373
0.83375 0.02552734878468041
0.828125 0.026246156690086158
0.8225 0.0269589780970372
0.816875 0.0276658275758326
0.81125 0.028366692732099803
0.805625 0.02906156089927283
0.8 0.02975041941078572
0.8 0.02975041941078572
0.7739130434782611 0.03286622202955617
0.7478260869565219 0.03585207540055482
0.7217391304347827 0.03870807188620509
0.6956521739130436 0.04143128607885944
0.6695652173913045 0.044017434971965384
0.6434782608695653 0.04646290478932923
0.6173913043478262 0.0487626465355561
0.5913043478260871 0.05090741368347362
0.5652173913043479 0.05288974047653415
0.5391304347826088 0.05470688957476955
0.5130434782608697 0.056351676984208836
0.4869565217391305 0.05780900272197138
0.46086956521739136 0.059066274919911
0.4347826086956522 0.06011507171508489
0.4086956521739131 0.06094226166251597
0.3826086956521739 0.06152912680686204
0.35652173913043483 0.061856570836952396
0.3304347826086957 0.06190499335857764
0.30434782608695654 0.061650534802988585
0.27826086956521745 0.06106474702366346
0.2521739130434783 0.060108417939051216
0.22608695652173916 0.05873637402471789
0.2 0.05689660202676117
0.2 0.05689660202676117
0.19437500000000002 0.056432139390525354
0.18875 0.05594176948067865
0.183125 0.05542463733095868
0.17750000000000002 0.05487988797510303
0.171875 0.05430660443533438
0.16625 0.053703593745353634
0.16062500000000002 0.053069586186706055
0.155 0.05240331203782973
0.149375 0.051703501577162796
0.14375000000000002 0.050968885083143324
0.138125 0.05019816487135899
0.1325 0.049389655617159335
0.12687500000000002 0.0485413885818803
0.12125000000000001 0.047651388552235885
0.11562500000000002 0.046717680314940106
0.11000000000000001 0.04573828865670695
0.10437500000000001 0.04471090943622956
0.09875000000000002 0.04363147143340647
0.09312500000000001 0.04249531258202692
0.08750000000000001 0.04129777039720157
0.081875 0.04003418239404103
0.07625000000000001 0.03869968939115626
0.07062500000000001 0.03728822406458394
0.065 0.03579326068567432
0.05937500000000001 0.034208272648662524
0.053750000000000006 0.032526122709789836
0.048125 0.030727413796903958
0.0425 0.028781405542176536
0.036875000000000005 0.02665693059332885
0.03125 0.024324630546683546
0.025625000000000002 0.021763617788320644
0.02 0.018955265744767528
0.02 0.018955265744767528
0.015 0.016142831402135904
0.01 0.012681836861681398
0.005 0.008189711111453783
0.0 0.002283883139502822
0.0 0.0
0.005 0.003024222070163189
0.01 -0.0017303833316318147
0.015 -0.015728784055479436
0.02 -0.018424077604811174
0.02 -0.018424077604811174
0.025625000000000002 -0.015026008095425316
0.03125 -0.013085497566747576
0.036875000000000005 -0.014130024558536009
0.0425 -0.016585685447915624
0.048125 -0.018883649699756096
0.053750000000000006 -0.02022579712610471
0.05937500000000001 -0.020855853620393685
0.065 -0.021091420036108654
0.07062500000000001 -0.021250046123607456
0.07625000000000001 -0.02156733843826123
0.081875 -0.022030616977651164
0.08750000000000001 -0.022580354921043294
0.09312500000000001 -0.023157025447703674
0.09875000000000002 -0.023701101736898333
0.10437500000000001 -0.02416421952700027
0.11000000000000001 -0.024547960937729683
0.11562500000000002 -0.024867872093364937
0.12125000000000001 -0.025139499769252283
0.12687500000000002 -0.025378390740737992
0.1325 -0.025600091490491493
0.138125 -0.025816755704489398
0.14375000000000002 -0.026028719338563374
0.149375 -0.02623374690233655
0.155 -0.026429602905432
0.16062500000000002 -0.02661405185747282
0.16625 -0.02678485826808212
0.171875 -0.026939823309894733
0.17750000000000002 -0.02707818094410394
0.183125 -0.027201030733575493
0.18875 -0.027309597361885905
0.19437500000000002 -0.02740510551261166
0.2 -0.027488779869329294
0.2 -0.027488779869329294
0.22608695652173916 -0.027753936095751684
0.2521739130434783 -0.027849153498607802
0.27826086956521745 -0.027791707266599647
0.30434782608695654 -0.02759964709903253
0.3304347826086957 -0.02728979214506967
0.35652173913043483 -0.02687290810184612
0.3826086956521739 -0.02635742117567896
0.4086956521739131 -0.025749087725142287
0.4347826086956522 -0.025051271710484727
0.46086956521739136 -0.024263209163122683
0.4869565217391305 -0.023379061472419853
0.5130434782608697 -0.022383769596049582
0.5391304347826088 -0.021252435212192135
0.5652173913043479 -0.019942204278102324
0.5913043478260871 -0.018434662396145492
0.6173913043478262 -0.01676750576155
0.6434782608695653 -0.014989515366370736
0.6695652173913045 -0.013157488573736678
0.6956521739130436 -0.01131872876679951
0.7217391304347827 -0.00950147141897057
0.7478260869565219 -0.007733594209300677
0.7739130434782611 -0.006045198272117016
0.8 -0.00446244014047804
0.8 -0.00446244014047804
0.805625 -0.004137159248875989
0.81125 -0.0038180658024812627
0.816875 -0.0035054938093462963
0.8225 -0.003199801700211415
0.828125 -0.002901347906067861
0.83375 -0.0026104908579068797
0.839375 -0.0023275889867197174
0.845 -0.0020530007234976174
0.8506250000000001 -0.001787083588495457
0.8562500000000001 -0.0015301745432858777
0.8618750000000001 -0.001282590204170229
0.8675 -0.00104464631939716
0.873125 -0.0008166586372153183
0.87875 -0.0005989429058733524
0.884375 -0.0003918148736199101
0.89 -0.000195622921516574
0.895625 -1.100782077930543e-05
0.90125 0.0001612354871442041
0.906875 0.00032031067457615804
0.9125 0.00046542141383875974
0.918125 0.0005957713772542125
0.92375 0.0007105828079138373
0.9293750000000001 0.0008092151984994697
0.935 0.0008910895573656432
0.940625 0.0009556271830351634
0.94625 0.0010022493740308354
0.951875 0.0010302433554922412
0.9575 0.0010378438465902507
0.963125 0.0010227885908766614
0.96875 0.000982812393027254
0.974375 0.000915152235547319
0.98 0.0008130220165153578
0.98 0.0008130220165153578
0.985 0.0006862421344368608
0.99 0.00051850140564066
0.995 0.00029583059152786425
1.0 0.0
