1.0 0.0
0.995 0.0009173517346203355
0.99 0.0019214300263818596
0.985 0.002973036605133212
0.98 0.004041888933905679
0.98 0.004041888933905679
0.974375 0.00523973511940647
0.96875 0.006407070511245778
0.963125 0.007535038703708554
0.9575 0.008626718936723834
0.951875 0.009685410677245328
0.94625 0.010714706829387105
0.940625 0.011719022832090415
0.935 0.012702917162150542
0.9293750000000001 0.01367094829636277
0.92375 0.014627441727366351
0.918125 0.015574394599418118
0.9125 0.01651246466419701
0.906875 0.017442293642368736
0.90125 0.018364523254598985
0.895625 0.01927978474951091
0.89 0.02018841577416948
0.884375 0.02109042768755417
0.87875 0.021985814816453876
0.873125 0.02287457148765748
0.8675 0.023756692027953885
0.8618750000000001 0.024632173795149623
0.8562500000000001 0.02550110394714091
0.8506250000000001 0.026363672260493427
0.845 0.02722007412082397
0.839375 0.02807050491374929
0.83375 0.0289151600248862
0.828125 0.029754234839851474
0.8225 0.030587899401391214
0.816875 0.031416105933565336
0.81125 0.03223869566546613
0.805625 0.033055508942887196
0.8 0.03386638611162219
0.8 0.03386638611162219
0.7739130434782611 0.03754510653687831
0.7478260869565219 0.04108772501617462
0.7217391304347827 0.0444987439977314
0.6956521739130436 0.047768920797498095
0.6695652173913045 0.05088367556446527
0.6434782608695653 0.053835312641380736
0.6173913043478262 0.05661657312598216
0.5913043478260871 0.05921674314818824
0.5652173913043479 0.061623573567835904
0.5391304347826088 0.06382294795218686
0.5130434782608697 0.06580287478430517
0.4869565217391305 0.06755508876016458
0.46086956521739136 0.06907254837243075
0.4347826086956522 0.07034909420139229
0.4086956521739131 0.07136992979560407
0.3826086956521739 0.07211085239349464
0.35652173913043483 0.07255113426578468
0.3304347826086957 0.07267216470891004
0.30434782608695654 0.07244291472237725
0.27826086956521745 0.07182549529907502
0.2521739130434783 0.07078348943847282
0.22608695652173916 0.06927009618926605
0.2 0.06721476806017555
0.2 0.06721476806017555
0.19437500000000002 0.06669272140817945
0.18875 0.06614068478091653
0.183125 0.06555774272760384
0.17750000000000002 0.06494297979745828
0.171875 0.06429541295345846
0.16625 0.06361369409500431
0.16062500000000002 0.06289635242060491
0.155 0.06214191703742456
0.149375 0.0613489170526275
0.14375000000000002 0.06051588157337803
0.138125 0.059641311921854887
0.1325 0.05872317919470637
0.12687500000000002 0.0577589784860547
0.12125000000000001 0.05674618798921671
0.11562500000000002 0.05568228589750925
0.11000000000000001 0.05456475040424912
0.10437500000000001 0.053390770940308314
0.09875000000000002 0.05215549185406077
0.09312500000000001 0.050853174604495864
0.08750000000000001 0.049478077159719906
0.081875 0.04802445748783914
0.07625000000000001 0.046486577368233764
0.07062500000000001 0.04485873020102184
0.065 0.04313522503262334
0.05937500000000001 0.041310371020967865
0.053750000000000006 0.03937792119449645
0.048125 0.03731377051708392
0.0425 0.035072583692713086
0.036875000000000005 0.03260778852489544
0.03125 0.02987855907184722
0.025625000000000002 0.026880152901871738
0.02 0.023621784556584098
0.02 0.023621784556584098
0.015 0.02040330982579054
0.01 0.016393664504979873
0.005 0.011031546461284946
0.0 0.003755653561838649
0.0 0.0
0.005 -0.007522201165984858
0.01 -0.010907663438738899
0.015 -0.012896509112873003
0.02 -0.015024064001081373
0.02 -0.015024064001081373
0.025625000000000002 -0.017322544575650786
0.03125 -0.019197646124377576
0.036875000000000005 -0.02072206582120764
0.0425 -0.022042662524405766
0.048125 -0.023267286332006417
0.053750000000000006 -0.0244082848883503
0.05937500000000001 -0.025463660315266187
0.065 -0.026431773364039967
0.07062500000000001 -0.02731702766656981
0.07625000000000001 -0.0281288510599616
0.081875 -0.028876824096521786
0.08750000000000001 -0.029570509394334154
0.09312500000000001 -0.03021735122566169
0.09875000000000002 -0.030820707235354565
0.10437500000000001 -0.031383469358304224
0.11000000000000001 -0.03190852952940214
0.11562500000000002 -0.03239877597825764
0.12125000000000001 -0.03285672389290852
0.12687500000000002 -0.033284201292253235
0.1325 -0.03368296221612381
0.138125 -0.03405476070435228
0.14375000000000002 -0.03440135079677064
0.149375 -0.034724453637384516
0.155 -0.035025369837804965
0.16062500000000002 -0.03530510942798738
0.16625 -0.03556467665054574
0.171875 -0.035805075748093995
0.17750000000000002 -0.03602731096324618
0.183125 -0.03623238142679208
0.18875 -0.03642110047134443
0.19437500000000002 -0.03659404729252439
0.2 -0.036751786144016176
0.2 -0.036751786144016176
0.22608695652173916 -0.03730080296998698
0.2521739130434783 -0.03758765793611219
0.27826086956521745 -0.037657164721988545
0.30434782608695654 -0.037535171146019626
0.3304347826086957 -0.03723788898628868
0.35652173913043483 -0.03678604875516385
0.3826086956521739 -0.03619373075644559
0.4086956521739131 -0.03546079535227301
0.4347826086956522 -0.034592053218147754
0.46086956521739136 -0.03359913187867295
0.4869565217391305 -0.032479477588316236
0.5130434782608697 -0.031216608531569098
0.5391304347826088 -0.029775682250940495
0.5652173913043479 -0.02811347152741545
0.5913043478260871 -0.026224771643890057
0.6173913043478262 -0.02413104761826497
0.6434782608695653 -0.021891759418740005
0.6695652173913045 -0.019579429959872205
0.6956521739130436 -0.017239370556013177
0.7217391304347827 -0.014907149324115292
0.7478260869565219 -0.012617735898638882
0.7739130434782611 -0.010402048317654877
0.8 -0.008284601464127529
0.8 -0.008284601464127529
0.805625 -0.007843906444533564
0.81125 -0.007409748341986885
0.816875 -0.006982542333942152
0.8225 -0.006562703597854031
0.828125 -0.006150643982503511
0.83375 -0.005746693586933669
0.839375 -0.005351097768589503
0.845 -0.0049640979576279585
0.8506250000000001 -0.004585935584205975
0.8562500000000001 -0.004216852078480512
0.8618750000000001 -0.00385708887060851
0.8675 -0.003506923736422371
0.873125 -0.0031669189496648944
0.87875 -0.002837770787450164
0.884375 -0.0025201763112297658
0.89 -0.002214832582455287
0.895625 -0.0019224366625783128
0.90125 -0.0016436600375731893
0.906875 -0.0013789477552940642
0.9125 -0.0011286266254825709
0.918125 -0.0008930224304855018
0.92375 -0.0006724609526496488
0.9293750000000001 -0.00046728060413041576
0.935 -0.0002781706988923315
0.940625 -0.00010620871164905105
0.94625 4.750777749268044e-05
0.951875 0.00018188118791227578
0.9575 0.0002956581719522697
0.963125 0.00038698992156058426
0.96875 0.00045388536231249544
0.974375 0.0004941880044708194
0.98 0.0005005555158705662
0.98 0.0005005555158705662
0.985 0.0004668756737366405
0.99 0.00038555991162444883
0.995 0.0002382196156484751
1.0 0.0
