1.0 0.0
0.995 0.0013618091327161957
0.99 0.002701152223522014
0.985 0.004019636610407497
0.98 0.005318869631362686
0.98 0.005318869631362686
0.974375 0.0067594967057562376
0.96875 0.00818008163032451
0.963125 0.00958291297810411
0.9575 0.010970279322131637
0.951875 0.012344469235443693
0.94625 0.01370777129107688
0.940625 0.015062474062067805
0.935 0.016410866121453066
0.9293750000000001 0.017755236042269272
0.92375 0.019097872397553044
0.918125 0.02044106376034094
0.9125 0.021787098703669582
0.906875 0.023138265800575576
0.90125 0.024496853624095535
0.895625 0.025864871946552574
0.89 0.02724211639116353
0.884375 0.02862732671488637
0.87875 0.030019236172038513
0.873125 0.03141657801693738
0.8675 0.032818085503900384
0.8618750000000001 0.034222491887244945
0.8562500000000001 0.03562853042128849
0.8506250000000001 0.03703493436034843
0.845 0.03844043695874222
0.839375 0.0398437714707872
0.83375 0.04124367115080085
0.828125 0.04263886925310058
0.8225 0.04402809903200379
0.816875 0.04541009374182792
0.81125 0.04678358663689039
0.805625 0.048147310971508615
0.8 0.0495
0.8 0.0495
0.7739130434782611 0.05561352858705934
0.7478260869565219 0.06146265757343578
0.7217391304347827 0.06704758095333892
0.6956521739130436 0.0723685072790812
0.6695652173913045 0.07743058029986298
0.6434782608695653 0.08225104154840576
0.6173913043478262 0.08684895232029534
0.5913043478260871 0.09124285015365348
0.5652173913043479 0.09541984713876
0.5391304347826088 0.09931834592173991
0.5130434782608697 0.10287255908900579
0.4869565217391305 0.10601893864938725
0.46086956521739136 0.10874544332730109
0.4347826086956522 0.11109153856275135
0.4086956521739131 0.11309892921815887
0.3826086956521739 0.11481068762799052
0.35652173913043483 0.11628578298924648
0.3304347826086957 0.1175934405392711
0.30434782608695654 0.1188030564494145
0.27826086956521745 0.11991982631654068
0.2521739130434783 0.12052214031833014
0.22608695652173916 0.12001427667445715
0.2 0.11779999999999999
0.2 0.11779999999999999
0.19437500000000002 0.11704388374340728
0.18875 0.11619087215222487
0.183125 0.11525112955110346
0.17750000000000002 0.11423482026469381
0.171875 0.11315210861764666
0.16625 0.11201315893461271
0.16062500000000002 0.11082813554024276
0.155 0.10960720275918748
0.149375 0.10836052163544287
0.14375000000000002 0.10709498568080764
0.138125 0.10580808933103136
0.1325 0.10449564732659776
0.12687500000000002 0.1031534744079904
0.12125000000000001 0.10177738531569291
0.11562500000000002 0.10036319479018893
0.11000000000000001 0.09890671757196202
0.10437500000000001 0.09740376840149594
0.09875000000000002 0.09585008248049315
0.09312500000000001 0.09422847990109333
0.08750000000000001 0.09249469780050926
0.081875 0.09060106309071897
0.07625000000000001 0.08849990268370035
0.07062500000000001 0.08615238768342214
0.065 0.08358992703345332
0.05937500000000001 0.08087742415373596
0.053750000000000006 0.07807998874274265
0.048125 0.07526164803117222
0.0425 0.07242148118330102
0.036875000000000005 0.06945789786045062
0.03125 0.0662606479817528
0.025625000000000002 0.0627194814663395
0.02 0.058724148233342564
0.02 0.058724148233342564
0.015 0.05470233751482197
0.01 0.05015713568887655
0.005 0.04501111059994458
0.0 0.03918683009246433
0.0 0.0293
0.005 0.020992533068009123
0.01 0.015156266534004564
0.015 0.01126373346599544
0.02 0.008787466931990881
0.02 0.008787466931990881
0.025625000000000002 0.007037939509229112
0.03125 0.005811457296910636
0.036875000000000005 0.004934287584592158
0.0425 0.00430923112782583
0.048125 0.0038390886821637977
0.053750000000000006 0.00343071083525773
0.05937500000000001 0.0030380274729162517
0.065 0.0026453422216944043
0.07062500000000001 0.0022374649371596682
0.07625000000000001 0.0017992971643474925
0.081875 0.0013306285256543143
0.08750000000000001 0.0008624689073190115
0.09312500000000001 0.0004297593815195089
0.09875000000000002 6.744102043372979e-05
0.10437500000000001 -0.00019354424838350094
0.11000000000000001 -0.0003540144680867642
0.11562500000000002 -0.0004299331304178319
0.12125000000000001 -0.00043735700162863563
0.12687500000000002 -0.0003923428479711075
0.1325 -0.00031094743569717994
0.138125 -0.00020922753105878474
0.14375000000000002 -0.00010323990030785356
0.149375 -9.041309696319307e-06
0.155 5.9652601755920725e-05
0.16062500000000002 0.00010222644799728472
0.16625 0.0001226190670447568
0.171875 0.00012477386942944682
0.17750000000000002 0.00011263426568246423
0.183125 9.014366633491874e-05
0.18875 6.124548191791982e-05
0.19437500000000002 2.988312296257696e-05
0.2 -2.456395547037471e-20
0.2 -2.456395547037471e-20
0.22608695652173916 -7.717646138125381e-05
0.2521739130434783 -7.630005047495482e-05
0.27826086956521745 -3.5948645685596775e-05
0.30434782608695654 5.337617476680657e-06
0.3304347826086957 2.1813444687771638e-05
0.35652173913043483 1.9097886831811593e-05
0.3826086956521739 7.527856587196232e-06
0.4086956521739131 -2.6406388305645583e-06
0.4347826086956522 -6.005919979103221e-06
0.46086956521739136 -4.6905154644231256e-06
0.4869565217391305 -1.4641975956132709e-06
0.5130434782608697 9.764269196342172e-07
0.5391304347826088 1.617560205754992e-06
0.5652173913043479 1.1282132193125152e-06
0.5913043478260871 2.505625182670934e-07
0.6173913043478262 -3.19689931061084e-07
0.6434782608695653 -4.271092901683101e-07
0.6695652173913045 -2.6482015785181593e-07
0.6956521739130436 -3.1756456863850584e-08
0.7217391304347827 9.750100113525018e-08
0.7478260869565219 1.1027088702417174e-07
0.7739130434782611 5.991750896286068e-08
0.8 2.481541837659083e-24
0.8 2.481541837659083e-24
0.805625 -9.104097009461142e-09
0.81125 -1.6316097438543288e-08
0.816875 -2.1789414523493427e-08
0.8225 -2.567746150055847e-08
0.828125 -2.8133651605985377e-08
0.83375 -2.9311398076021076e-08
0.839375 -2.936411414691254e-08
0.845 -2.844521305490668e-08
0.8506250000000001 -2.6708108036250388e-08
0.8562500000000001 -2.4306212327190733e-08
0.8618750000000001 -2.1392939163974576e-08
0.8675 -1.81217017828489e-08
0.873125 -1.4645913420060628e-08
0.87875 -1.1118987311856707e-08
0.884375 -7.694336694484086e-09
0.89 -4.525374804189702e-09
0.895625 -1.7655148772204993e-09
0.90125 4.3225073697011354e-10
0.906875 1.9832711820305255e-09
0.9125 2.9462075548109903e-09
0.918125 3.3977664734349714e-09
0.92375 3.4146545560259407e-09
0.9293750000000001 3.0735784207073677e-09
0.935 2.451244685602738e-09
0.940625 1.624359968835513e-09
0.94625 6.696308885291706e-10
0.951875 -3.362359371928201e-10
0.9575 -1.3165338902069845e-09
0.963125 -2.194556352389853e-09
0.96875 -2.893596705617954e-09
0.974375 -3.336948331767816e-09
0.98 -3.447904612715966e-09
0.98 -3.447904612715966e-09
0.985 -3.205473819634376e-09
0.99 -2.585928459536975e-09
0.995 -1.535395022850079e-09
1.0 0.0
