1.0 0.0
0.995 0.0003096431097145498
0.99 0.0007258683859695796
0.985 0.001230999696410203
0.98 0.0018082302961392961
0.98 0.0018082302961392961
0.974375 0.0025300752714674203
0.96875 0.0033165535202762464
0.963125 0.004155208029408033
0.9575 0.005037493820916891
0.951875 0.005960204068318446
0.94625 0.006920515701280386
0.940625 0.007915605649470404
0.935 0.008942914534722738
0.9293750000000001 0.010001366584067393
0.92375 0.011090404468243612
0.918125 0.012209471401386986
0.9125 0.01335801059763317
0.906875 0.014535460822409784
0.90125 0.015741088802450186
0.895625 0.016973938302192418
0.89 0.018233038237527283
0.884375 0.01951741752434558
0.87875 0.020826105078538108
0.873125 0.022158129839143774
0.8675 0.023512564400195606
0.8618750000000001 0.024888615718088994
0.8562500000000001 0.02628551651551152
0.8506250000000001 0.027702499515150796
0.845 0.02913879743969446
0.839375 0.03059364301183003
0.83375 0.03206626832173531
0.828125 0.03355563678200772
0.8225 0.03506002678505194
0.816875 0.03657760913605878
0.81125 0.03810655464021901
0.805625 0.039645034102723506
0.8 0.04119121832876303
0.8 0.04119121832876303
0.7739130434782611 0.048384875816396944
0.7478260869565219 0.05525451297534127
0.7217391304347827 0.06134044500138513
0.6956521739130436 0.06640544787405445
0.6695652173913045 0.07050259035808745
0.6434782608695653 0.07392609753729959
0.6173913043478262 0.0768423843931533
0.5913043478260871 0.07933999931309388
0.5652173913043479 0.08145629788258031
0.5391304347826088 0.0832176289319348
0.5130434782608697 0.08465696187550134
0.4869565217391305 0.08579935127757086
0.46086956521739136 0.08665055608932175
0.4347826086956522 0.08721351069237476
0.4086956521739131 0.0874904647124638
0.3826086956521739 0.08748030531819634
0.35652173913043483 0.08717716520877239
0.3304347826086957 0.08657047022311151
0.30434782608695654 0.08564427264384566
0.27826086956521745 0.08437216442733879
0.2521739130434783 0.08272004893397035
0.22608695652173916 0.08065061221442182
0.2 0.07811204669396966
0.2 0.07811204669396966
0.19437500000000002 0.07749518716942777
0.18875 0.07685169970255451
0.183125 0.07618053867011783
0.17750000000000002 0.07548019453458124
0.171875 0.07474906903498416
0.16625 0.07398556391036597
0.16062500000000002 0.07318808089976617
0.155 0.07235502174222408
0.149375 0.07148478205892947
0.14375000000000002 0.07057542125784763
0.138125 0.06962449462525891
0.1325 0.06862951601090725
0.12687500000000002 0.0675879992645367
0.12125000000000001 0.06649745823589118
0.11562500000000002 0.0653553940444373
0.11000000000000001 0.06415793889910379
0.10437500000000001 0.06289865394347434
0.09875000000000002 0.06157081678651151
0.09312500000000001 0.06016770503717786
0.08750000000000001 0.05868259630443601
0.081875 0.05710847204903695
0.07625000000000001 0.05543671410244952
0.07062500000000001 0.05365816664749907
0.065 0.051763673466757684
0.05937500000000001 0.049743942005099163
0.053750000000000006 0.04757939190881069
0.048125 0.04523314997664428
0.0425 0.04266668608937894
0.036875000000000005 0.03984161436258307
0.03125 0.03672297251546287
0.025625000000000002 0.033279281933334785
0.02 0.029466748864949897
0.02 0.029466748864949897
0.015 0.025493773954142533
0.01 0.020481756342030602
0.005 0.013948983034962595
0.0 0.005413741039286992
0.0 0.0
0.005 -0.015531161370920473
0.01 -0.0206407878785861
0.015 -0.024636966504680006
0.02 -0.029074629985060947
0.02 -0.029074629985060947
0.025625000000000002 -0.03353964498717835
0.03125 -0.03706031089387019
0.036875000000000005 -0.03995994319706427
0.0425 -0.04258425443523077
0.048125 -0.04509727069369113
0.053750000000000006 -0.04748446409126508
0.05937500000000001 -0.049723784353270795
0.065 -0.05179563221530654
0.07062500000000001 -0.05370598900764812
0.07625000000000001 -0.0554760543758448
0.081875 -0.05712722964416833
0.08750000000000001 -0.0586809132941874
0.09312500000000001 -0.060154685286286265
0.09875000000000002 -0.061554764595613536
0.10437500000000001 -0.06288526687531895
0.11000000000000001 -0.06415030777855225
0.11562500000000002 -0.06535400295846316
0.12125000000000001 -0.06650039772965774
0.12687500000000002 -0.06759289958342611
0.1325 -0.06863457641523305
0.138125 -0.06962849296244855
0.14375000000000002 -0.0705777139624427
0.149375 -0.07148530415258544
0.155 -0.07235425362359506
0.16062500000000002 -0.07318664430640469
0.16625 -0.07398395245411496
0.171875 -0.07474764329870759
0.17750000000000002 -0.0754791820721641
0.183125 -0.07618003400646617
0.18875 -0.07685166433359542
0.19437500000000002 -0.0774954703019359
0.2 -0.07811249368933275
0.2 -0.07811249368933275
0.22608695652173916 -0.08065070845156364
0.2521739130434783 -0.08271991322035684
0.27826086956521745 -0.08437218144056315
0.30434782608695654 -0.08564430249494467
0.3304347826086957 -0.08657046081566809
0.35652173913043483 -0.08717715905843498
0.3826086956521739 -0.08748030838345285
0.4086956521739131 -0.08749046597978728
0.4347826086956522 -0.0872135098120893
0.46086956521739136 -0.08665055582935888
0.4869565217391305 -0.08579935151752927
0.5130434782608697 -0.08465696192498051
0.5391304347826088 -0.08321762886894517
0.5652173913043479 -0.08145629787567454
0.5913043478260871 -0.07933999932878603
0.6173913043478262 -0.07684238439291594
0.6434782608695653 -0.07392609753378591
0.6695652173913045 -0.07050259035870435
0.6956521739130436 -0.06640544787465073
0.7217391304347827 -0.06134044500113163
0.7478260869565219 -0.05525451297530365
0.7739130434782611 -0.048384875816457375
0.8 -0.04119121832875071
0.8 -0.04119121832875071
0.805625 -0.03964503410270656
0.81125 -0.03810655464020165
0.816875 -0.03657760913604401
0.8225 -0.03506002678504164
0.828125 -0.033555636782002525
0.83375 -0.032066268321734724
0.839375 -0.03059364301183254
0.845 -0.02913879743969847
0.8506250000000001 -0.0277024995151551
0.8562500000000001 -0.02628551651551523
0.8618750000000001 -0.024888615718091575
0.8675 -0.023512564400196865
0.873125 -0.022158129839143854
0.87875 -0.020826105078537452
0.884375 -0.01951741752434461
0.89 -0.018233038237526318
0.895625 -0.01697393830219167
0.90125 -0.01574108880244976
0.906875 -0.01453546082240968
0.9125 -0.013358010597633285
0.918125 -0.012209471401387194
0.92375 -0.011090404468243815
0.9293750000000001 -0.010001366584067537
0.935 -0.0089429145347228
0.940625 -0.007915605649470399
0.94625 -0.006920515701280347
0.951875 -0.005960204068318406
0.9575 -0.005037493820916865
0.963125 -0.004155208029408027
0.96875 -0.0033165535202762516
0.974375 -0.0025300752714674268
0.98 -0.0018082302961392991
0.98 -0.0018082302961392991
0.985 -0.0012309996964102027
0.99 -0.0007258683859695787
0.995 -0.00030964310971454964
1.0 0.0
