1.0 0.0
0.995 0.00042219917438545513
0.99 0.000888114871593782
0.985 0.0013915968791555953
0.98 0.0019270615184277303
0.98 0.0019270615184277303
0.974375 0.0025616262923509265
0.96875 0.003223706602875958
0.963125 0.003908752207230097
0.9575 0.004614848196887536
0.951875 0.005340229808608103
0.94625 0.006083146202706078
0.940625 0.006842060098927671
0.935 0.007615601327783879
0.9293750000000001 0.008402404178086118
0.92375 0.009201102938645827
0.918125 0.010010384244318294
0.9125 0.010829318304511412
0.906875 0.011657145966785085
0.90125 0.012493108856519981
0.895625 0.01333644859909678
0.89 0.014186407008940218
0.884375 0.01504229718485777
0.87875 0.015903610316984305
0.873125 0.016769864950722104
0.8675 0.017640579631473443
0.8618750000000001 0.0185152729046406
0.8562500000000001 0.019393463315625865
0.8506250000000001 0.02027467502391037
0.845 0.02115847863068706
0.839375 0.022044467660676057
0.83375 0.022932235800435644
0.828125 0.023821376736524107
0.8225 0.024711484155499713
0.816875 0.025602151743920724
0.81125 0.02649297833449904
0.805625 0.027383612031300773
0.8 0.02827372834132325
0.8 0.02827372834132325
0.7739130434782611 0.032385662957687085
0.7478260869565219 0.036448364596928115
0.7217391304347827 0.040436320236350555
0.6956521739130436 0.04432813435075064
0.6695652173913045 0.04810762455755629
0.6434782608695653 0.05175589324431644
0.6173913043478262 0.05525002582672684
0.5913043478260871 0.0585725175437959
0.5652173913043479 0.06171066480834702
0.5391304347826088 0.06464850850793628
0.5130434782608697 0.06736819066981622
0.4869565217391305 0.06985603182477958
0.46086956521739136 0.07209948226511947
0.4347826086956522 0.0740777103205769
0.4086956521739131 0.0757665631974212
0.3826086956521739 0.07714312637047382
0.35652173913043483 0.07818058005071386
0.3304347826086957 0.07883803520997136
0.30434782608695654 0.07906932408487868
0.27826086956521745 0.0788242905893519
0.2521739130434783 0.07806061675912207
0.22608695652173916 0.07673579644745908
0.2 0.0747673683650449
0.2 0.0747673683650449
0.19437500000000002 0.0742494589692269
0.18875 0.07369640828527005
0.183125 0.07310733131657265
0.17750000000000002 0.07248134306653295
0.171875 0.07181755852969285
0.16625 0.0711148184073184
0.16062500000000002 0.0703709691937014
0.155 0.06958363219808601
0.149375 0.06875042872971657
0.14375000000000002 0.06786898009783726
0.138125 0.06693690761169231
0.1325 0.06595177932795462
0.12687500000000002 0.06491091659419047
0.12125000000000001 0.06381156936435844
0.11562500000000002 0.06265098758518493
0.11000000000000001 0.06142642120339623
0.10437500000000001 0.06013505075007298
0.09875000000000002 0.05877227650323197
0.09312500000000001 0.05733161002960985
0.08750000000000001 0.05580647176486908
0.081875 0.05419028214467219
0.07625000000000001 0.052476272796012094
0.07062500000000001 0.05065533255430809
0.065 0.048716765453344794
0.05937500000000001 0.04664984561496289
0.053750000000000006 0.044443308203889045
0.048125 0.042073362056995724
0.0425 0.03950361685591398
0.036875000000000005 0.036697128683447794
0.03125 0.03361602111497071
0.025625000000000002 0.03021916101507948
0.02 0.02646191880652441
0.02 0.02646191880652441
0.015 0.0226293677815797
0.01 0.017908653076874836
0.005 0.011866843661710105
0.0 0.004071008505385805
0.0 0.0012312611326908585
0.005 -0.010430464031751586
0.01 -0.010418741445748135
0.015 -0.011444820671840474
0.02 -0.013882700893074742
0.02 -0.013882700893074742
0.025625000000000002 -0.01632565464688546
0.03125 -0.01773392752440105
0.036875000000000005 -0.018528004853178487
0.0425 -0.019161270623631568
0.048125 -0.019892654889008692
0.053750000000000006 -0.02068182246140185
0.05937500000000001 -0.021462943219760965
0.065 -0.02217032406402077
0.07062500000000001 -0.022763459972132173
0.07625000000000001 -0.023256256916533914
0.081875 -0.023669713822514052
0.08750000000000001 -0.024024829615360677
0.09312500000000001 -0.02434255474464084
0.09875000000000002 -0.024637037864754747
0.10437500000000001 -0.024908681392657162
0.11000000000000001 -0.025156230899816043
0.11562500000000002 -0.025378431957699354
0.12125000000000001 -0.025574030137775046
0.12687500000000002 -0.02574182305119495
0.1325 -0.02588215009106078
0.138125 -0.02599711251522101
0.14375000000000002 -0.026088907883585564
0.149375 -0.02615973375606437
0.155 -0.026211787692567358
0.16062500000000002 -0.02624726725300445
0.16625 -0.02626816126406218
0.171875 -0.02627532802804025
0.17750000000000002 -0.026269244878870068
0.183125 -0.026250388859889923
0.18875 -0.026219237014438065
0.19437500000000002 -0.026176266385852763
0.2 -0.026121954017472287
0.2 -0.026121954017472287
0.22608695652173916 -0.025736458035764666
0.2521739130434783 -0.025170832981723804
0.27826086956521745 -0.02446689029045758
0.30434782608695654 -0.02364101996599583
0.3304347826086957 -0.022712788289360297
0.35652173913043483 -0.02170936748029175
0.3826086956521739 -0.020644904604157903
0.4086956521739131 -0.01952008929918893
0.4347826086956522 -0.01834461809630601
0.46086956521739136 -0.017137531640985235
0.4869565217391305 -0.01590999734990705
0.5130434782608697 -0.01466395990670836
0.5391304347826088 -0.013404954989340393
0.5652173913043479 -0.012144080294937389
0.5913043478260871 -0.01089068209636944
0.6173913043478262 -0.009650448306879056
0.6434782608695653 -0.00842993616417821
0.6695652173913045 -0.007238186084487097
0.6956521739130436 -0.006084269391797849
0.7217391304347827 -0.004976675841974381
0.7478260869565219 -0.003923495650558071
0.7739130434782611 -0.002932335100592897
0.8 -0.002015775945845245
0.8 -0.002015775945845245
0.805625 -0.001829758395677862
0.81125 -0.0016482950996080613
0.816875 -0.0014715456296153652
0.8225 -0.0012996227149855541
0.828125 -0.0011326359323377616
0.83375 -0.0009706948582911216
0.839375 -0.0008139090694647674
0.845 -0.0006623881424778327
0.8506250000000001 -0.0005162416539494483
0.8562500000000001 -0.0003756076944325789
0.8618750000000001 -0.00024075434966593605
0.8675 -0.00011198673066286159
0.873125 1.0390048870474874e-05
0.87875 0.00012607087522790376
0.884375 0.0002347506347032553
0.89 0.00033612387704648694
0.895625 0.0004298498537846467
0.90125 0.0005155220012099877
0.906875 0.0005927265626252916
0.9125 0.0006610497813333406
0.918125 0.0007200779006369174
0.92375 0.0007693970994349766
0.9293750000000001 0.0008085912971435589
0.935 0.0008372416119807024
0.940625 0.00085492898784654
0.94625 0.0008612343686412048
0.951875 0.0008556904754259535
0.9575 0.0008367323922835533
0.963125 0.0008017039110320073
0.96875 0.0007479018696065567
0.974375 0.0006727070021658426
0.98 0.0005747914256548406
0.98 0.0005747914256548406
0.985 0.0004684256798436115
0.99 0.00034319922062650673
0.995 0.0001914416817831514
1.0 0.0
