1.0 0.0
0.995 0.0009996721560095948
0.99 0.0022880841168216176
0.985 0.003646515206428578
0.98 0.005006659933981791
0.98 0.005006659933981791
0.974375 0.006493223120102527
0.96875 0.00791292762673701
0.963125 0.009252129630838967
0.9575 0.01052219199060279
0.951875 0.01174464022097951
0.94625 0.01293867403109749
0.940625 0.014113205434144814
0.935 0.015274338174385312
0.9293750000000001 0.016428041409711533
0.92375 0.01757775647502681
0.918125 0.01872467637265185
0.9125 0.019869915722291402
0.906875 0.021014564771347267
0.90125 0.0221593332227207
0.895625 0.023304629504431743
0.89 0.024450853797767902
0.884375 0.025598406058438824
0.87875 0.02674757934569437
0.873125 0.027898389272735694
0.8675 0.029050807024598627
0.8618750000000001 0.030204803786319054
0.8562500000000001 0.03136035083615591
0.8506250000000001 0.03251742891448198
0.845 0.03367603623385963
0.839375 0.0348361728935485
0.83375 0.035997838992808215
0.828125 0.03716103463089843
0.8225 0.0383257357051158
0.816875 0.039491821562715225
0.81125 0.040659147477722174
0.805625 0.041827568724162094
0.8 0.042996940576060405
0.8 0.042996940576060405
0.7739130434782611 0.048427114251566615
0.7478260869565219 0.05385049440612487
0.7217391304347827 0.05924357126122605
0.6956521739130436 0.06458008440340203
0.6695652173913045 0.0698257747409021
0.6434782608695653 0.07494178856872524
0.6173913043478262 0.07984472578263285
0.5913043478260871 0.08442820581628088
0.5652173913043479 0.08863227834693688
0.5391304347826088 0.0924628567542873
0.5130434782608697 0.09591036571950125
0.4869565217391305 0.09890424816863148
0.46086956521739136 0.10140377949738329
0.4347826086956522 0.10341157046778847
0.4086956521739131 0.10492910204662197
0.3826086956521739 0.1058965556368164
0.35652173913043483 0.1063083797621495
0.3304347826086957 0.10616831648853417
0.30434782608695654 0.1054504845695133
0.27826086956521745 0.1041113554586443
0.2521739130434783 0.10214261044404002
0.22608695652173916 0.0994994577203386
0.2 0.09611030434479576
0.2 0.09611030434479576
0.19437500000000002 0.09527456356460165
0.18875 0.0943990550134382
0.183125 0.09348251311704509
0.17750000000000002 0.09252366011738306
0.171875 0.09152083810568937
0.16625 0.09047194350336261
0.16062500000000002 0.08937484734024985
0.155 0.08822742064619812
0.149375 0.08702753622586666
0.14375000000000002 0.08577308382508683
0.138125 0.08446196258901344
0.1325 0.08309207176311122
0.12687500000000002 0.08166129642094659
0.12125000000000001 0.08016664914104757
0.11562500000000002 0.07860377722390376
0.11000000000000001 0.07696820900469471
0.10437500000000001 0.07525545826334083
0.09875000000000002 0.07345968555700476
0.09312500000000001 0.07157261830467343
0.08750000000000001 0.06958572979587117
0.081875 0.06749057803993563
0.07625000000000001 0.06528001587313555
0.07062500000000001 0.06294790697216936
0.065 0.06048805409671367
0.05937500000000001 0.05788676231109337
0.053750000000000006 0.05511720853179486
0.048125 0.05215118224010228
0.0425 0.04895757149187096
0.036875000000000005 0.045501172788846855
0.03125 0.04173923555195208
0.025625000000000002 0.03758380540696081
0.02 0.032918960568211544
0.02 0.032918960568211544
0.015 0.028176588106308763
0.01 0.02255272720596203
0.005 0.015105958585165818
0.0 0.00470703733604665
0.0 0.059082911234288
0.005 0.05641547494469062
0.01 0.01648517329041968
0.015 -0.058792535395426865
0.02 -0.03151817192877072
0.02 -0.03151817192877072
0.025625000000000002 -0.005424292986734344
0.03125 -0.013912486025755821
0.036875000000000005 -0.028177724841879363
0.0425 -0.032204355740814525
0.048125 -0.030306493557981474
0.053750000000000006 -0.02836235204604225
0.05937500000000001 -0.028960057718576376
0.065 -0.031039846383516586
0.07062500000000001 -0.033352397303965386
0.07625000000000001 -0.03496864693624557
0.081875 -0.035971371696372316
0.08750000000000001 -0.036642693811907455
0.09312500000000001 -0.037264025198804326
0.09875000000000002 -0.038013249528416095
0.10437500000000001 -0.0388569563737539
0.11000000000000001 -0.039735968025392594
0.11562500000000002 -0.04059110677390704
0.12125000000000001 -0.04137359484138952
0.12687500000000002 -0.04208441022063396
0.1325 -0.04273939346522007
0.138125 -0.04335438776990689
0.14375000000000002 -0.04394519900173813
0.149375 -0.044522139980003546
0.155 -0.045084284983775605
0.16062500000000002 -0.04562933374483137
0.16625 -0.04615498599494787
0.171875 -0.046658943080263034
0.17750000000000002 -0.0471397788426478
0.183125 -0.047598378410943706
0.18875 -0.04803600529361203
0.19437500000000002 -0.04845392299911407
0.2 -0.04885339503591109
0.2 -0.04885339503591109
0.22608695652173916 -0.05048465788334566
0.2521739130434783 -0.05175980923180594
0.27826086956521745 -0.052709649582809985
0.30434782608695654 -0.05336256658103926
0.3304347826086957 -0.05372291118474381
0.35652173913043483 -0.05379241632757806
0.3826086956521739 -0.053596953953498686
0.4086956521739131 -0.0531564156997731
0.4347826086956522 -0.0524468602992662
0.46086956521739136 -0.05147506120570589
0.4869565217391305 -0.05026318383175726
0.5130434782608697 -0.048824758636773505
0.5391304347826088 -0.04714968173728237
0.5652173913043479 -0.045238959097645776
0.5913043478260871 -0.04313399200550455
0.6173913043478262 -0.04089073334897915
0.6434782608695653 -0.038548371988421495
0.6695652173913045 -0.036111487840324336
0.6956521739130436 -0.03360540423550516
0.7217391304347827 -0.031052988620538666
0.7478260869565219 -0.028461112663355888
0.7739130434782611 -0.02585086068239809
0.8 -0.023232748717809785
0.8 -0.023232748717809785
0.805625 -0.02266711351446885
0.81125 -0.02210122856756514
0.816875 -0.021535187873586256
0.8225 -0.020969085429019818
0.828125 -0.020403014065051923
0.83375 -0.019837025934833486
0.839375 -0.019271122878328495
0.845 -0.01870530361582965
0.8506250000000001 -0.01813956686762966
0.8562500000000001 -0.017573911354121417
0.8618750000000001 -0.01700834052984366
0.8675 -0.016442875238390223
0.873125 -0.015877540314879448
0.87875 -0.015312360594429666
0.884375 -0.014747360875087597
0.89 -0.014182338623683968
0.895625 -0.013616326235719591
0.90125 -0.013048195331523857
0.906875 -0.012476817531426166
0.9125 -0.011901069178958671
0.918125 -0.011319912376027443
0.92375 -0.010732383922386969
0.9293750000000001 -0.010137523115659195
0.935 -0.009534194791635902
0.940625 -0.008918119998570551
0.94625 -0.008282294163010347
0.951875 -0.007619619440146579
0.9575 -0.006919448586562439
0.963125 -0.006160710447406412
0.96875 -0.005320511252591463
0.974375 -0.004388380677114038
0.98 -0.0033795177227830043
0.98 -0.0033795177227830043
0.985 -0.0024362320345142057
0.99 -0.0014832263264508885
0.995 -0.000588411325958617
1.0 0.0
