1.0 0.0
0.995 0.0001889796082821401
0.99 0.0005017045950514681
0.985 0.0008715312074419856
0.98 0.0012773765546776879
0.98 0.0012773765546776879
0.974375 0.0017546005247888769
0.96875 0.0022435061695309576
0.963125 0.0027384075700514765
0.9575 0.00323422081038439
0.951875 0.0037254208634915475
0.94625 0.004206458693010435
0.940625 0.004677629345601879
0.935 0.005143974727573945
0.9293750000000001 0.005608801901131961
0.92375 0.006072491740293366
0.918125 0.006535287291499503
0.9125 0.006998156064480238
0.906875 0.007462342752673398
0.90125 0.0079285926400086
0.895625 0.008396385926956318
0.89 0.008865008092774428
0.884375 0.009334038863781799
0.87875 0.009803636816203276
0.873125 0.010274028020064952
0.8675 0.010745407405370538
0.8618750000000001 0.01121788656135944
0.8562500000000001 0.011691563282446435
0.8506250000000001 0.012166553458967423
0.845 0.012643092779701047
0.839375 0.013121465619232801
0.83375 0.013601947217306811
0.828125 0.014084341550635324
0.8225 0.014567767354456083
0.816875 0.015051289403825292
0.81125 0.015534055097944163
0.805625 0.01601602745660098
0.8 0.0164976341931727
0.8 0.0164976341931727
0.7739130434782611 0.01873438559921911
0.7478260869565219 0.020970144239235426
0.7217391304347827 0.023186975697990254
0.6956521739130436 0.02535546427579286
0.6695652173913045 0.027464792398813373
0.6434782608695653 0.029511069294560995
0.6173913043478262 0.031495817211721865
0.5913043478260871 0.033408096129164
0.5652173913043479 0.03523227093794636
0.5391304347826088 0.03697559244732026
0.5130434782608697 0.0386288964371727
0.4869565217391305 0.040175504803439864
0.46086956521739136 0.04160667359086858
0.4347826086956522 0.042917326064317564
0.4086956521739131 0.04409493049255969
0.3826086956521739 0.04513281934857159
0.35652173913043483 0.04600351823654622
0.3304347826086957 0.04670787268414503
0.30434782608695654 0.04721642822871438
0.27826086956521745 0.04747729170181572
0.2521739130434783 0.04748063525912887
0.22608695652173916 0.04718882965880214
0.2 0.04655036114977462
0.2 0.04655036114977462
0.19437500000000002 0.04635635282169553
0.18875 0.04614142942240555
0.183125 0.04590543022430831
0.17750000000000002 0.04564771206688997
0.171875 0.045367399449510515
0.16625 0.045063615964697906
0.16062500000000002 0.0447355182106841
0.155 0.04438231286415656
0.149375 0.04400321061753591
0.14375000000000002 0.04359678282318624
0.138125 0.043159516171700094
0.1325 0.04268747316479834
0.12687500000000002 0.04217721516268323
0.12125000000000001 0.04162752374570837
0.11562500000000002 0.04103779791908721
0.11000000000000001 0.04040706106710511
0.10437500000000001 0.03973298939346987
0.09875000000000002 0.03901294808765589
0.09312500000000001 0.038243473468655115
0.08750000000000001 0.03741962227716565
0.081875 0.03653603296153867
0.07625000000000001 0.03558470218053868
0.07062500000000001 0.03455611139504439
0.065 0.0334407744804168
0.05937500000000001 0.03222928364652536
0.053750000000000006 0.030912473231913325
0.048125 0.02948176371494937
0.0425 0.027922809356296065
0.036875000000000005 0.02620629807098088
0.03125 0.024283690772365155
0.025625000000000002 0.022082462942651357
0.02 0.01952776114415305
0.02 0.01952776114415305
0.015 0.016890438820859974
0.01 0.01374564202370848
0.005 0.00957391108635372
0.0 0.0016358280319591293
0.0 0.0
0.005 -0.009445875641851047
0.01 -0.013750572366856118
0.015 -0.016882029524101262
0.02 -0.019537091472425824
0.02 -0.019537091472425824
0.025625000000000002 -0.022078060741784977
0.03125 -0.024284588097799854
0.036875000000000005 -0.026206984862774698
0.0425 -0.027922342036792305
0.048125 -0.02948168611615713
0.053750000000000006 -0.030912619080025273
0.05937500000000001 -0.03222930393520078
0.065 -0.03344072937014893
0.07062500000000001 -0.03455609803645881
0.07625000000000001 -0.03558471506463092
0.081875 -0.0365360412585228
0.08750000000000001 -0.037419620059827276
0.09312500000000001 -0.03824346962309157
0.09875000000000002 -0.03901294725107993
0.10437500000000001 -0.03973299051506644
0.11000000000000001 -0.040407061989696146
0.11562500000000002 -0.041037797945813574
0.12125000000000001 -0.04162752339205472
0.12687500000000002 -0.042177214923779835
0.1325 -0.04268747317170058
0.138125 -0.043159516275295504
0.14375000000000002 -0.04359678289596432
0.149375 -0.044003210621392494
0.155 -0.04438231283536549
0.16062500000000002 -0.044735518186041615
0.16625 -0.04506361595887193
0.171875 -0.04536739945635193
0.17750000000000002 -0.045647712075198854
0.183125 -0.04590543022822505
0.18875 -0.04614142942158095
0.19437500000000002 -0.046356352819221694
0.2 -0.046550361147888686
0.2 -0.046550361147888686
0.22608695652173916 -0.04718882965895804
0.2521739130434783 -0.04748063525915262
0.27826086956521745 -0.04747729170180183
0.30434782608695654 -0.04721642822871874
0.3304347826086957 -0.04670787268414386
0.35652173913043483 -0.04600351823654652
0.3826086956521739 -0.04513281934857151
0.4086956521739131 -0.04409493049255971
0.4347826086956522 -0.042917326064317564
0.46086956521739136 -0.04160667359086858
0.4869565217391305 -0.040175504803439864
0.5130434782608697 -0.0386288964371727
0.5391304347826088 -0.03697559244732026
0.5652173913043479 -0.03523227093794636
0.5913043478260871 -0.033408096129164
0.6173913043478262 -0.031495817211721865
0.6434782608695653 -0.029511069294560995
0.6695652173913045 -0.027464792398813373
0.6956521739130436 -0.02535546427579286
0.7217391304347827 -0.023186975697990254
0.7478260869565219 -0.020970144239235426
0.7739130434782611 -0.01873438559921911
0.8 -0.0164976341931727
0.8 -0.0164976341931727
0.805625 -0.01601602745660098
0.81125 -0.015534055097944163
0.816875 -0.015051289403825292
0.8225 -0.014567767354456083
0.828125 -0.014084341550635324
0.83375 -0.013601947217306811
0.839375 -0.013121465619232801
0.845 -0.012643092779701047
0.8506250000000001 -0.012166553458967423
0.8562500000000001 -0.011691563282446435
0.8618750000000001 -0.01121788656135944
0.8675 -0.010745407405370538
0.873125 -0.010274028020064952
0.87875 -0.009803636816203276
0.884375 -0.009334038863781799
0.89 -0.008865008092774428
0.895625 -0.008396385926956318
0.90125 -0.0079285926400086
0.906875 -0.007462342752673398
0.9125 -0.006998156064480238
0.918125 -0.006535287291499503
0.92375 -0.006072491740293366
0.9293750000000001 -0.005608801901131961
0.935 -0.005143974727573945
0.940625 -0.004677629345601879
0.94625 -0.004206458693010435
0.951875 -0.0037254208634915475
0.9575 -0.00323422081038439
0.963125 -0.0027384075700514765
0.96875 -0.0022435061695309576
0.974375 -0.0017546005247888769
0.98 -0.0012773765546776879
0.98 -0.0012773765546776879
0.985 -0.0008715312074419856
0.99 -0.0005017045950514681
0.995 -0.0001889796082821401
1.0 0.0
