1.0 0.001729
0.995 0.002120427975901312
0.99 0.002510876614229172
0.985 0.0029066477357977856
0.98 0.003304712603590464
0.98 0.003304712603590464
0.974375 0.0037300397723146186
0.96875 0.004166581957910899
0.963125 0.004750513463035801
0.9575 0.00547520229336084
0.951875 0.006192664092965884
0.94625 0.006872187109324971
0.940625 0.007551190031032137
0.935 0.008231389826342512
0.9293750000000001 0.008904700712600565
0.92375 0.009572911430213
0.918125 0.010238317194627299
0.9125 0.010900555903912888
0.906875 0.011559547384165085
0.90125 0.012215840678743588
0.895625 0.012870017321126989
0.89 0.013522578921077368
0.884375 0.014173517922326682
0.87875 0.014822626962663883
0.873125 0.015469698397939831
0.8675 0.01611455236476088
0.8618750000000001 0.016757065754158373
0.8562500000000001 0.017397122386449825
0.8506250000000001 0.018034607683849277
0.845 0.018669429551228797
0.839375 0.01930151247058079
0.83375 0.019930781310199975
0.828125 0.020557153467476642
0.8225 0.02118051656754087
0.816875 0.021800750820193324
0.81125 0.022417737079528967
0.805625 0.02303138345707156
0.8 0.023641634807385004
0.8 0.023641634807385004
0.7739130434782611 0.026424873808740566
0.7478260869565219 0.02911878019242214
0.7217391304347827 0.031709983348353336
0.6956521739130436 0.03418603617751922
0.6695652173913045 0.03653419631607498
0.6434782608695653 0.038753612340035645
0.6173913043478262 0.04084159479892778
0.5913043478260871 0.04279730219559929
0.5652173913043479 0.04461849912225982
0.5391304347826088 0.04630576748089455
0.5130434782608697 0.047859822375835415
0.4869565217391305 0.049279995505255796
0.46086956521739136 0.05056511018248153
0.4347826086956522 0.051713704012996076
0.4086956521739131 0.05272476338814102
0.3826086956521739 0.05359597136516625
0.35652173913043483 0.05432086381077089
0.3304347826086957 0.05488874309250604
0.30434782608695654 0.05528924396378932
0.27826086956521745 0.05550934444901349
0.2521739130434783 0.05551827683178443
0.22608695652173916 0.055223777203114936
0.2 0.05452252918626578
0.2 0.05452252918626578
0.19437500000000002 0.05430659251775545
0.18875 0.054066992484383264
0.183125 0.053803761417078086
0.17750000000000002 0.05351692342276233
0.171875 0.05320646471269807
0.16625 0.05287225134257555
0.16062500000000002 0.052514129184289736
0.155 0.05213211698922757
0.149375 0.05172647914463785
0.14375000000000002 0.05129735740439566
0.138125 0.050843177175317805
0.1325 0.050361220807251694
0.12687500000000002 0.04984843355959595
0.12125000000000001 0.049300260048774344
0.11562500000000002 0.04871170229776539
0.11000000000000001 0.04807803863559514
0.10437500000000001 0.04739511173088644
0.09875000000000002 0.04665878441175143
0.09312500000000001 0.04586390040014789
0.08750000000000001 0.04500403831254287
0.081875 0.04406978557977571
0.07625000000000001 0.043050520925661216
0.07062500000000001 0.0419381238248156
0.065 0.040722752251116504
0.05937500000000001 0.03938683673833952
0.053750000000000006 0.037905042161119944
0.048125 0.036240878134299624
0.0425 0.034353812826814996
0.036875000000000005 0.03219587531860757
0.03125 0.029699569224658745
0.025625000000000002 0.026780166917039504
0.02 0.02335669673814552
0.02 0.02335669673814552
0.015 0.019760003328306325
0.01 0.015524998614377455
0.005 0.010311371720298808
0.0 0.0009941206573911142
0.0 0.0
0.005 -0.008520167971712199
0.01 -0.01299549024178877
0.015 -0.016237911573378
0.02 -0.01878506627083955
0.02 -0.01878506627083955
0.025625000000000002 -0.021142412235305174
0.03125 -0.023191987439681427
0.036875000000000005 -0.02502442292396713
0.0425 -0.026639470630379056
0.048125 -0.02802652055126823
0.053750000000000006 -0.029207173957732237
0.05937500000000001 -0.030214875949441347
0.065 -0.03108460845562855
0.07062500000000001 -0.03184227963388192
0.07625000000000001 -0.03250765896262255
0.081875 -0.03309578183107819
0.08750000000000001 -0.03362069568546346
0.09312500000000001 -0.03409813854888386
0.09875000000000002 -0.03454089075255856
0.10437500000000001 -0.03495585872652155
0.11000000000000001 -0.035346516639640044
0.11562500000000002 -0.035713333302681345
0.12125000000000001 -0.03605668537152954
0.12687500000000002 -0.036377371294476185
0.1325 -0.036676396078138704
0.138125 -0.03695472320206398
0.14375000000000002 -0.0372131711693214
0.149375 -0.03745252915812645
0.155 -0.037673654705087246
0.16062500000000002 -0.03787750798975035
0.16625 -0.03806504762891715
0.171875 -0.03823710081191571
0.17750000000000002 -0.03839440222889818
0.183125 -0.03853771027261516
0.18875 -0.03866791280251427
0.19437500000000002 -0.038785937592007755
0.2 -0.03889255138346213
0.2 -0.03889255138346213
0.22608695652173916 -0.03924871422867943
0.2521739130434783 -0.039405212438992004
0.27826086956521745 -0.039393135049414205
0.30434782608695654 -0.039241717585953406
0.3304347826086957 -0.0389632355207151
0.35652173913043483 -0.03856515179810115
0.3826086956521739 -0.03805617271872844
0.4086956521739131 -0.03744381788562115
0.4347826086956522 -0.03672999832665402
0.46086956521739136 -0.03591766127805368
0.4869565217391305 -0.03500641708287655
0.5130434782608697 -0.03399918080742175
0.5391304347826088 -0.03289450884039721
0.5652173913043479 -0.03169018610085956
0.5913043478260871 -0.030385445452412847
0.6173913043478262 -0.02897830022437941
0.6434782608695653 -0.02746971237112366
0.6695652173913045 -0.025866529725457492
0.6956521739130436 -0.024169608836020106
0.7217391304347827 -0.022384405892937536
0.7478260869565219 -0.020521965383701546
0.7739130434782611 -0.018591674502682422
0.8 -0.016605835209929802
0.8 -0.016605835209929802
0.805625 -0.01617135801815623
0.81125 -0.015734932350658735
0.816875 -0.015296692989256185
0.8225 -0.014856706354354399
0.828125 -0.014414988153180795
0.83375 -0.013971552894235942
0.839375 -0.01352643981156075
0.845 -0.013079787411282639
0.8506250000000001 -0.012631759110377574
0.8562500000000001 -0.012182516664865618
0.8618750000000001 -0.0117321505553175
0.8675 -0.011280654595240228
0.873125 -0.01082801571058191
0.87875 -0.01037424145559462
0.884375 -0.009919508340971241
0.89 -0.009464075579988143
0.895625 -0.009008202479997623
0.90125 -0.008551948811911028
0.906875 -0.008094865867382402
0.9125 -0.007636425122151895
0.918125 -0.007176122356764036
0.92375 -0.006713924048795023
0.9293750000000001 -0.006249929569990331
0.935 -0.005781524980249364
0.940625 -0.005306841371295532
0.94625 -0.004835226263814898
0.951875 -0.004365237186348853
0.9575 -0.0038558111304382607
0.963125 -0.0033398516866806924
0.96875 -0.0029776217037668063
0.974375 -0.0027710696952988117
0.98 -0.0025634581484398995
0.98 -0.0025634581484398995
0.985 -0.0023490496022187148
0.99 -0.002137414088694064
0.995 -0.001933505576933882
1.0 -0.001729
