1.0 0.005
0.995 0.005926332599917656
0.99 0.0071017172911236074
0.985 0.008364168395252568
0.98 0.009660369153879363
0.98 0.009660369153879363
0.974375 0.01111940044345976
0.96875 0.0125571902253049
0.963125 0.013957276496320429
0.9575 0.015322967541762562
0.951875 0.0166628668845313
0.94625 0.017984623211399427
0.940625 0.01929339412679207
0.935 0.02059393611954708
0.9293750000000001 0.021890662444084007
0.92375 0.023185276246519507
0.918125 0.024478194664827337
0.9125 0.025769827075455717
0.906875 0.027060513753780543
0.90125 0.028350237545134837
0.895625 0.029638866071499705
0.89 0.030926266898744698
0.884375 0.03221232105826121
0.87875 0.03349711685111732
0.873125 0.03478090514676364
0.8675 0.03606394117420541
0.8618750000000001 0.03734648016244782
0.8562500000000001 0.03862871334390667
0.8506250000000001 0.039910436697384796
0.845 0.04119129546241598
0.839375 0.04247093458040549
0.83375 0.043748998992758664
0.828125 0.045025157778430025
0.8225 0.04629928564589603
0.816875 0.047571361321165566
0.81125 0.04884136433591568
0.805625 0.05010927422182342
0.8 0.051375068093808374
0.8 0.051375068093808374
0.7739130434782611 0.05720936847282579
0.7478260869565219 0.06295468023391791
0.7217391304347827 0.06857031586595692
0.6956521739130436 0.07402521546900653
0.6695652173913045 0.07925236108538956
0.6434782608695653 0.08412309819548873
0.6173913043478262 0.08860516337427755
0.5913043478260871 0.09270706041978327
0.5652173913043479 0.09641363101946332
0.5391304347826088 0.09965634828748775
0.5130434782608697 0.1024456251849714
0.4869565217391305 0.10479729584484554
0.46086956521739136 0.10668848522361382
0.4347826086956522 0.10808656668000229
0.4086956521739131 0.109002495223845
0.3826086956521739 0.10943819537587425
0.35652173913043483 0.10934259638386859
0.3304347826086957 0.10867909295296571
0.30434782608695654 0.10743462756039857
0.27826086956521745 0.10556273910246249
0.2521739130434783 0.10298548516031346
0.22608695652173916 0.09968048683080448
0.2 0.09555379051365767
0.2 0.09555379051365767
0.19437500000000002 0.09454428301626304
0.18875 0.09348951348604768
0.183125 0.09238878588128183
0.17750000000000002 0.09124181465829205
0.171875 0.09004832412537171
0.16625 0.08880803859081397
0.16062500000000002 0.08752051401759049
0.155 0.08618407979446471
0.149375 0.08479652236933226
0.14375000000000002 0.08335562577171521
0.138125 0.08185917112225764
0.1325 0.08030469650457375
0.12687500000000002 0.0786893175160819
0.12125000000000001 0.07701010747848659
0.11562500000000002 0.07526413958938685
0.11000000000000001 0.07344828804490841
0.10437500000000001 0.07155882406992524
0.09875000000000002 0.06959190512042704
0.09312500000000001 0.06754367864909093
0.08750000000000001 0.06540886168968149
0.081875 0.06317926620407051
0.07625000000000001 0.06084635194679771
0.07062500000000001 0.05840139349319385
0.065 0.055833971044759984
0.05937500000000001 0.05313275607137428
0.053750000000000006 0.0502857592030864
0.048125 0.04727172986802386
0.0425 0.044062534272052825
0.036875000000000005 0.04062795128111318
0.03125 0.03692666599056519
0.025625000000000002 0.03290887833187937
0.02 0.028442452297295688
0.02 0.028442452297295688
0.015 0.02393419320668876
0.01 0.018823517645090073
0.005 0.012531087179651759
0.0 0.0018335105222502604
0.0 -0.002084657330569821
0.005 -0.010221475271644052
0.01 -0.014907969773525617
0.015 -0.018548880120596824
0.02 -0.021746677820065244
0.02 -0.021746677820065244
0.025625000000000002 -0.024774172126472344
0.03125 -0.0273022540697061
0.036875000000000005 -0.02945872270519453
0.0425 -0.03132421178371799
0.048125 -0.03296619665405556
0.053750000000000006 -0.03443793094099073
0.05937500000000001 -0.0357759568071025
0.065 -0.03701558416868753
0.07062500000000001 -0.038179604428742256
0.07625000000000001 -0.039273443759372875
0.081875 -0.040301249763644464
0.08750000000000001 -0.04126727141243372
0.09312500000000001 -0.04217646153556989
0.09875000000000002 -0.04303407153677558
0.10437500000000001 -0.043845353901694036
0.11000000000000001 -0.04461522863215456
0.11562500000000002 -0.0453462808881506
0.12125000000000001 -0.046040095401817985
0.12687500000000002 -0.046698253093287186
0.1325 -0.047322331963381245
0.138125 -0.04791379286527033
0.14375000000000002 -0.048473942321547885
0.149375 -0.049004076321318035
0.155 -0.04950549085368488
0.16062500000000002 -0.049979431945828844
0.16625 -0.05042638741730242
0.171875 -0.05084625593341494
0.17750000000000002 -0.05123892068417325
0.183125 -0.051604264859584095
0.18875 -0.05194216498367458
0.19437500000000002 -0.05225231153464054
0.2 -0.05253418871199594
0.2 -0.05253418871199594
0.22608695652173916 -0.0534577790364575
0.2521739130434783 -0.05376824057885229
0.27826086956521745 -0.0535175776293553
0.30434782608695654 -0.052679462588463184
0.3304347826086957 -0.051288290591723296
0.35652173913043483 -0.0494713155237042
0.3826086956521739 -0.04743303342445274
0.4086956521739131 -0.04541238205753543
0.4347826086956522 -0.04353177679487528
0.46086956521739136 -0.04178594147921176
0.4869565217391305 -0.040067818074434686
0.5130434782608697 -0.03832157521607673
0.5391304347826088 -0.0365607776485927
0.5652173913043479 -0.03478615668880789
0.5913043478260871 -0.03299520596766005
0.6173913043478262 -0.031189453238554113
0.6434782608695653 -0.029382301027293587
0.6695652173913045 -0.027583899042702316
0.6956521739130436 -0.025791426185812878
0.7217391304347827 -0.024024094017026744
0.7478260869565219 -0.02229584599155433
0.7739130434782611 -0.020579947846171173
0.8 -0.018785691844063774
0.8 -0.018785691844063774
0.805625 -0.01837865851844166
0.81125 -0.017962577551805733
0.816875 -0.017536605810583257
0.8225 -0.017100019623028224
0.828125 -0.016653398144912734
0.83375 -0.016198121990048546
0.839375 -0.01573558347915079
0.845 -0.015267174932934611
0.8506250000000001 -0.014794290090676857
0.8562500000000001 -0.014318616727062994
0.8618750000000001 -0.013842495388594143
0.8675 -0.013368354443032597
0.873125 -0.012898622258140646
0.87875 -0.012435727028413557
0.884375 -0.011981581038353522
0.89 -0.011536445047237052
0.895625 -0.011100250029824366
0.90125 -0.010672926960875672
0.906875 -0.010254415094669733
0.9125 -0.009845030570629222
0.918125 -0.009445613559848581
0.92375 -0.00905704294820035
0.9293750000000001 -0.008680195585031634
0.935 -0.00831519142667209
0.940625 -0.00796026425494489
0.94625 -0.0076133589366702125
0.951875 -0.007272324549047339
0.9575 -0.0069327364758354024
0.963125 -0.006587856518492426
0.96875 -0.0062311136851892985
0.974375 -0.005865736037666149
0.98 -0.00550727130305081
0.98 -0.00550727130305081
0.985 -0.005211817399331344
0.99 -0.004976325170438313
0.995 -0.004857248677876994
1.0 -0.005
