1.0 5.886129935568205e-06
0.995 0.001600018902279945
0.99 0.003407606060788041
0.985 0.0053825857851022355
0.98 0.00747889625486491
0.98 0.00747889625486491
0.974375 0.009924921420339948
0.96875 0.012409826462046828
0.963125 0.014911662774751176
0.9575 0.017416534875178667
0.951875 0.019910712440713667
0.94625 0.022381558543744313
0.940625 0.024816880609830432
0.935 0.027204579427892263
0.9293750000000001 0.029535348391635394
0.92375 0.03180310943940133
0.918125 0.034001964352704125
0.9125 0.03612806459266962
0.906875 0.03818632571877531
0.90125 0.04018400527274839
0.895625 0.04212831417432703
0.89 0.044024882883795274
0.884375 0.045877414201174
0.87875 0.047689493980648326
0.873125 0.04946472380866112
0.8675 0.0512068483587136
0.8618750000000001 0.05291968867337211
0.8562500000000001 0.054607066511350645
0.8506250000000001 0.05627253271069234
0.845 0.05791823675366157
0.839375 0.059545876372835406
0.83375 0.06115714908079769
0.828125 0.06275330425429476
0.8225 0.06433378914093513
0.816875 0.06589759804679443
0.81125 0.06744372528422383
0.805625 0.06897146187938226
0.8 0.07048118872192284
0.8 0.07048118872192284
0.7739130434782611 0.07726442131430512
0.7478260869565219 0.08371222383922257
0.7217391304347827 0.08982908483288471
0.6956521739130436 0.09561616586282944
0.6695652173913045 0.10105591401309119
0.6434782608695653 0.10614321924277678
0.6173913043478262 0.11087495232399783
0.5913043478260871 0.11521734998619647
0.5652173913043479 0.11919932525222005
0.5391304347826088 0.1228272883361933
0.5130434782608697 0.12613276708086674
0.4869565217391305 0.1290571277661784
0.46086956521739136 0.13156359584862296
0.4347826086956522 0.13355117524689777
0.4086956521739131 0.1350060639566966
0.3826086956521739 0.13585892121217846
0.35652173913043483 0.1359479938786928
0.3304347826086957 0.1350930830617028
0.30434782608695654 0.13321243250521986
0.27826086956521745 0.13031204357137408
0.2521739130434783 0.1264560132995091
0.22608695652173916 0.12174285884781286
0.2 0.11622979637374636
0.2 0.11622979637374636
0.19437500000000002 0.11494043013530533
0.18875 0.11361431048791241
0.183125 0.11225055536236211
0.17750000000000002 0.1108471478231588
0.171875 0.10940134740853834
0.16625 0.10791040198050499
0.16062500000000002 0.10637163762744004
0.155 0.10478271941540747
0.149375 0.10314140420702339
0.14375000000000002 0.10144545431234328
0.138125 0.09969289604196187
0.1325 0.09788213240524127
0.12687500000000002 0.09601159529377112
0.12125000000000001 0.09407907668354983
0.11562500000000002 0.09207878777290186
0.11000000000000001 0.09000369492435302
0.10437500000000001 0.0878467823975693
0.09875000000000002 0.085601355892699
0.09312500000000001 0.08326098774200609
0.08750000000000001 0.08081916211072385
0.081875 0.07826690592344623
0.07625000000000001 0.07559264520251371
0.07062500000000001 0.07278434730354205
0.065 0.06982587993820845
0.05937500000000001 0.06669835376924273
0.053750000000000006 0.06338092352215235
0.048125 0.05984767183886527
0.0425 0.05606496695914259
0.036875000000000005 0.05196959711704749
0.03125 0.04748811914670783
0.025625000000000002 0.04253835161641499
0.02 0.036995414949190966
0.02 0.036995414949190966
0.015 0.03131935070605579
0.01 0.024688449644827436
0.005 0.01625360278185448
0.0 -0.0015888075359022195
0.0 -0.0021927520541298287
0.005 -0.01387651708413779
0.01 -0.018722106317872526
0.015 -0.022369499237726576
0.02 -0.02535677580046646
0.02 -0.02535677580046646
0.025625000000000002 -0.028168207838818373
0.03125 -0.03054546444481343
0.036875000000000005 -0.03261635316730592
0.0425 -0.034447877773962236
0.048125 -0.036110634545483335
0.053750000000000006 -0.03765079196217239
0.05937500000000001 -0.03909512533758584
0.065 -0.040457952303759856
0.07062500000000001 -0.04174689417293141
0.07625000000000001 -0.042969919628042634
0.081875 -0.04413561371607855
0.08750000000000001 -0.04525253799163935
0.09312500000000001 -0.0463274261538873
0.09875000000000002 -0.047365095050134955
0.10437500000000001 -0.04837026962510544
0.11000000000000001 -0.049347020792656064
0.11562500000000002 -0.05029769574400908
0.12125000000000001 -0.05122436103280651
0.12687500000000002 -0.05212908161765186
0.1325 -0.053013870990495024
0.138125 -0.05388068131542919
0.14375000000000002 -0.054731461170250045
0.149375 -0.05556812384627755
0.155 -0.05639173072063847
0.16062500000000002 -0.05720246823223702
0.16625 -0.05800048292766921
0.171875 -0.05878593734958771
0.17750000000000002 -0.05955955805600081
0.183125 -0.06032277247688033
0.18875 -0.0610770518151587
0.19437500000000002 -0.06182387179369781
0.2 -0.06256520239472674
0.2 -0.06256520239472674
0.22608695652173916 -0.06601374066024572
0.2521739130434783 -0.06953569463147158
0.27826086956521745 -0.07293782872082671
0.30434782608695654 -0.07579973650074226
0.3304347826086957 -0.0775554799817717
0.35652173913043483 -0.07796575051171784
0.3826086956521739 -0.07697659000532
0.4086956521739131 -0.07471881494091234
0.4347826086956522 -0.07135184281664336
0.46086956521739136 -0.06700650899549247
0.4869565217391305 -0.061738096644085645
0.5130434782608697 -0.05566904220250241
0.5391304347826088 -0.04903391095637866
0.5652173913043479 -0.042136549739565765
0.5913043478260871 -0.03532001171977489
0.6173913043478262 -0.028751971856449773
0.6434782608695653 -0.022503693116023408
0.6695652173913045 -0.016650680892016358
0.6956521739130436 -0.011261546054264281
0.7217391304347827 -0.006366047620940075
0.7478260869565219 -0.002042180671786414
0.7739130434782611 0.0016879001726798327
0.8 0.004761245090529086
0.8 0.004761245090529086
0.805625 0.0053367884209912985
0.81125 0.005876970718516741
0.816875 0.006380140952631625
0.8225 0.0068453803694479565
0.828125 0.007271813833982561
0.83375 0.007658546931519384
0.839375 0.00800436976110356
0.845 0.008307814962315946
0.8506250000000001 0.008567407650858956
0.8562500000000001 0.008781702046262769
0.8618750000000001 0.008949486883197109
0.8675 0.009069664117727767
0.873125 0.009141136436428303
0.87875 0.00916262489808231
0.884375 0.00913217448799396
0.89 0.00904767291843969
0.895625 0.008907016773555142
0.90125 0.008708641826734625
0.906875 0.008451823573577674
0.9125 0.008135910210898574
0.918125 0.007760214339516406
0.92375 0.007323682789550368
0.9293750000000001 0.00682504738103351
0.935 0.006263037492863335
0.940625 0.0056365261266522046
0.94625 0.004944758102411614
0.951875 0.004187037615903021
0.9575 0.0033627679667102366
0.963125 0.002472361378452551
0.96875 0.00151681889285477
0.974375 0.000496999580595991
0.98 -0.0005909642595475432
0.98 -0.0005909642595475432
0.985 -0.0016228788307706401
0.99 -0.002722962437789941
0.995 -0.0038980764814466433
1.0 -0.005155082362581946
