1.0 0.0018727
0.995 0.0016596194830433486
0.99 0.0015539936297789823
0.985 0.0015461069176941496
0.98 0.0016260330234114996
0.98 0.0016260330234114996
0.974375 0.0018075302003629711
0.96875 0.002072323039553569
0.963125 0.0024098145966173186
0.9575 0.002810031087581538
0.951875 0.003263114623927063
0.94625 0.003761077665214914
0.940625 0.004297445475773117
0.935 0.004865786713506107
0.9293750000000001 0.005460073961723856
0.92375 0.006075729249637279
0.918125 0.006708499602428309
0.9125 0.00735416496093668
0.906875 0.008009294216275172
0.90125 0.00867126334410319
0.895625 0.009337484863179785
0.89 0.010005538792141609
0.884375 0.010673792367388819
0.87875 0.011340843886788948
0.873125 0.012005302532309931
0.8675 0.012666196376675223
0.8618750000000001 0.013323095893186618
0.8562500000000001 0.01397560762885636
0.8506250000000001 0.014623403043380109
0.845 0.015266555261635806
0.839375 0.015905290859263035
0.83375 0.016539837176749072
0.828125 0.01717045393645745
0.8225 0.017797454096482167
0.816875 0.018421155569543796
0.81125 0.019041860242490643
0.805625 0.01965973790283907
0.8 0.020274893329295027
0.8 0.020274893329295027
0.7739130434782611 0.023089925659877275
0.7478260869565219 0.025805621886972576
0.7217391304347827 0.028346378327911086
0.6956521739130436 0.030641326444057794
0.6695652173913045 0.03266636447667099
0.6434782608695653 0.03444086944795898
0.6173913043478262 0.03600459486476022
0.5913043478260871 0.03739173162683043
0.5652173913043479 0.038620772572515186
0.5391304347826088 0.03969921303118107
0.5130434782608697 0.040630230839067416
0.4869565217391305 0.04141360272034807
0.46086956521739136 0.0420513839620389
0.4347826086956522 0.04254747033720922
0.4086956521739131 0.04290444025597279
0.3826086956521739 0.04312965319548481
0.35652173913043483 0.04322673051051962
0.3304347826086957 0.04319738693316921
0.30434782608695654 0.04304223140671801
0.27826086956521745 0.04275992195831338
0.2521739130434783 0.04234466162364346
0.22608695652173916 0.04178153233682441
0.2 0.041034934010535304
0.2 0.041034934010535304
0.19437500000000002 0.04084271183348869
0.18875 0.04063759254732178
0.183125 0.04041900021934621
0.17750000000000002 0.040186204522363024
0.171875 0.03993839936244549
0.16625 0.03967486307788719
0.16062500000000002 0.03939512035984535
0.155 0.039098725072585015
0.149375 0.038784781840311554
0.14375000000000002 0.038451882968896026
0.138125 0.03809849825434913
0.1325 0.03772237724458969
0.12687500000000002 0.03732093743472649
0.12125000000000001 0.03689109781020836
0.11562500000000002 0.036428432716678436
0.11000000000000001 0.03592825455584435
0.10437500000000001 0.03538491703449247
0.09875000000000002 0.03479174613122152
0.09312500000000001 0.034141682083148904
0.08750000000000001 0.03342530081178672
0.081875 0.032632540547932
0.07625000000000001 0.031754676367722355
0.07062500000000001 0.030783678633406242
0.065 0.029712355880767812
0.05937500000000001 0.02853593836645799
0.053750000000000006 0.027252374041202124
0.048125 0.025862506326169623
0.0425 0.024361439778739495
0.036875000000000005 0.02273230875593172
0.03125 0.020943988039366628
0.025625000000000002 0.018949829453550594
0.02 0.016686116626408676
0.02 0.016686116626408676
0.015 0.014368319637757143
0.01 0.01162305198005262
0.005 0.008110530264981246
0.0 0.0009371128497969494
0.0 0.0
0.005 -0.005246148246405112
0.01 -0.0069128895158491
0.015 -0.00812417355327107
0.02 -0.009119574389948374
0.02 -0.009119574389948374
0.025625000000000002 -0.010094130344953954
0.03125 -0.010963537513088635
0.036875000000000005 -0.011758038408846328
0.0425 -0.012492438882348997
0.048125 -0.01317520194394294
0.053750000000000006 -0.01381106905357563
0.05937500000000001 -0.014403524118494417
0.065 -0.014957481671595954
0.07062500000000001 -0.015477115125837541
0.07625000000000001 -0.01596600592198235
0.081875 -0.016427296566524214
0.08750000000000001 -0.016864619219339815
0.09312500000000001 -0.01728153618902042
0.09875000000000002 -0.01768003514154726
0.10437500000000001 -0.018061690034500415
0.11000000000000001 -0.018428153328412064
0.11562500000000002 -0.018781073434551824
0.12125000000000001 -0.019121789615638093
0.12687500000000002 -0.019451352751576015
0.1325 -0.01977073390425073
0.138125 -0.020080493550198045
0.14375000000000002 -0.020381040619741178
0.149375 -0.020672809987809328
0.155 -0.02095629346705189
0.16062500000000002 -0.02123197364771594
0.16625 -0.021500026550179664
0.171875 -0.021760359370816783
0.17750000000000002 -0.022012929206514962
0.183125 -0.02225802058916237
0.18875 -0.02249602962158397
0.19437500000000002 -0.022727157853228243
0.2 -0.0229512105810975
0.2 -0.0229512105810975
0.22608695652173916 -0.02389728527383788
0.2521739130434783 -0.024702539347596048
0.27826086956521745 -0.025376463809908087
0.30434782608695654 -0.025928050930264217
0.3304347826086957 -0.02636009833222664
0.35652173913043483 -0.02667483872496413
0.3826086956521739 -0.026870663722289728
0.4086956521739131 -0.026943434797233982
0.4347826086956522 -0.02688794864099316
0.46086956521739136 -0.02669598872277291
0.4869565217391305 -0.02635981944216157
0.5130434782608697 -0.0258702034191438
0.5391304347826088 -0.02522819751122911
0.5652173913043479 -0.02444342848399138
0.5913043478260871 -0.023531644551545758
0.6173913043478262 -0.022506502765010573
0.6434782608695653 -0.021370193381723933
0.6695652173913045 -0.020118764750526548
0.6956521739130436 -0.018749622764990155
0.7217391304347827 -0.017267430262807762
0.7478260869565219 -0.015690713678998654
0.7739130434782611 -0.014049080191375374
0.8 -0.012373499281015374
0.8 -0.012373499281015374
0.805625 -0.01201045257960684
0.81125 -0.011647117050910554
0.816875 -0.01128356487484832
0.8225 -0.010919819586190477
0.828125 -0.010555805871690128
0.83375 -0.010191436426172224
0.839375 -0.009826615899154775
0.845 -0.009461162496144622
0.8506250000000001 -0.009094841841060122
0.8562500000000001 -0.00872741871355246
0.8618750000000001 -0.008358607571061437
0.8675 -0.007987991150076212
0.873125 -0.007615130899803037
0.87875 -0.007239599778647238
0.884375 -0.006861143796140709
0.89 -0.00647964260753779
0.895625 -0.006094979346353786
0.90125 -0.005707154197055869
0.906875 -0.00531656613231933
0.9125 -0.004923698976786922
0.918125 -0.004529071072517513
0.92375 -0.004133963107222222
0.9293750000000001 -0.0037404009852230265
0.935 -0.0033504417018951414
0.940625 -0.0029664501926947736
0.94625 -0.002592164771605596
0.951875 -0.002231706479885409
0.9575 -0.001889280585835741
0.963125 -0.0015720293148939982
0.96875 -0.0012907259837398087
0.974375 -0.001056368908330077
0.98 -0.0008789705078021954
0.98 -0.0008789705078021954
0.985 -0.0007725892457567495
0.99 -0.0007111923966807143
0.995 -0.0006712913413196103
1.0 -0.0006242
