1.0 0.0
0.995 0.0008200962820063716
0.99 0.0016395952248831485
0.985 0.002458897469837786
0.98 0.003278248537497594
0.98 0.003278248537497594
0.974375 0.004199362286397281
0.96875 0.005118648747507429
0.963125 0.006035085748637512
0.9575 0.006948049741692002
0.951875 0.007856980799707532
0.94625 0.008761339573726405
0.940625 0.009660698531281924
0.935 0.010554667938013663
0.9293750000000001 0.01144285825270111
0.92375 0.012324888818850112
0.918125 0.013200392245209528
0.9125 0.014069002224458298
0.906875 0.01493037658321877
0.90125 0.015784433538978952
0.895625 0.016631250198336847
0.89 0.017470905935469253
0.884375 0.018303452439424613
0.87875 0.019128828210466138
0.873125 0.01994694282612162
0.8675 0.020757707272650413
0.8618750000000001 0.021561159503202986
0.8562500000000001 0.022357563567348224
0.8506250000000001 0.02314720684321444
0.845 0.023930365150890198
0.839375 0.024707110225923166
0.83375 0.02547733907323456
0.828125 0.02624094305490394
0.8225 0.026997842712689502
0.816875 0.027748155364128172
0.81125 0.028492079640603813
0.805625 0.02922981437044328
0.8 0.02996145868330869
0.8 0.02996145868330869
0.7739130434782611 0.03326868293671156
0.7478260869565219 0.03643072224156953
0.7217391304347827 0.03943606463114518
0.6956521739130436 0.04227009940387895
0.6695652173913045 0.044915146788542304
0.6434782608695653 0.0473653407865066
0.6173913043478262 0.0496192367420185
0.5913043478260871 0.05167640421331531
0.5652173913043479 0.05354478510019222
0.5391304347826088 0.05522202191802212
0.5130434782608697 0.05670294598391039
0.4869565217391305 0.05796656383472724
0.46086956521739136 0.058987940473238396
0.4347826086956522 0.05973548193325538
0.4086956521739131 0.06018459595679584
0.3826086956521739 0.06032988074454976
0.35652173913043483 0.060177857450856985
0.3304347826086957 0.05972704246256325
0.30434782608695654 0.058970761282393015
0.27826086956521745 0.057901728400624124
0.2521739130434783 0.056500923687496804
0.22608695652173916 0.05474874634052516
0.2 0.05260189446104426
0.2 0.05260189446104426
0.19437500000000002 0.05208109804302206
0.18875 0.051537883196323
0.183125 0.050971131893199205
0.17750000000000002 0.050379752325982866
0.171875 0.04976295710247112
0.16625 0.049120155041100795
0.16062500000000002 0.04845075823627643
0.155 0.04775418395369121
0.149375 0.04702986230674224
0.14375000000000002 0.04627722537020325
0.138125 0.04549565183919972
0.1325 0.044683972240677355
0.12687500000000002 0.04384069502782098
0.12125000000000001 0.04296432311938983
0.11562500000000002 0.04205325538520142
0.11000000000000001 0.041105717631142666
0.10437500000000001 0.04011991930690335
0.09875000000000002 0.03909365559042599
0.09312500000000001 0.03802311846321325
0.08750000000000001 0.03690411214493261
0.081875 0.03573225733693726
0.07625000000000001 0.0345020721069418
0.07062500000000001 0.03320766463381263
0.065 0.03184289724076582
0.05937500000000001 0.030400455507012095
0.053750000000000006 0.02887262907342936
0.048125 0.02724853433313537
0.0425 0.025512007167152018
0.036875000000000005 0.023645898971181623
0.03125 0.02163132700664999
0.025625000000000002 0.019437378699282755
0.02 0.017006452197822278
0.02 0.017006452197822278
0.015 0.014583255827403243
0.01 0.011778958534711772
0.005 0.008282815994758991
0.0 0.0014096736711078509
0.0 0.00042857397923971353
0.005 -0.006468320973449207
0.01 -0.009381995107083539
0.015 -0.011636793736106715
0.02 -0.013553598005230611
0.02 -0.013553598005230611
0.025625000000000002 -0.015443025668413187
0.03125 -0.017117865152634935
0.036875000000000005 -0.018620075717707157
0.0425 -0.019979498286356114
0.048125 -0.021214012920244725
0.053750000000000006 -0.02233890619947336
0.05937500000000001 -0.023367451170890455
0.065 -0.024312099805883662
0.07062500000000001 -0.025182679172137994
0.07625000000000001 -0.025988354890511878
0.081875 -0.026737204424248005
0.08750000000000001 -0.027435260483236218
0.09312500000000001 -0.02808832784921659
0.09875000000000002 -0.028701777608596667
0.10437500000000001 -0.02928003838971532
0.11000000000000001 -0.029827415112530856
0.11562500000000002 -0.030347892740119065
0.12125000000000001 -0.030843827813595324
0.12687500000000002 -0.03131706010965503
0.1325 -0.03176941673080656
0.138125 -0.03220239070739855
0.14375000000000002 -0.03261711232498898
0.149375 -0.033014693658608145
0.155 -0.03339620701475083
0.16062500000000002 -0.03376252197006233
0.16625 -0.03411444366552093
0.171875 -0.03445277328564971
0.17750000000000002 -0.03477802655695478
0.183125 -0.03509024554004247
0.18875 -0.03538942767108959
0.19437500000000002 -0.035675597523310495
0.2 -0.035949102159646605
0.2 -0.035949102159646605
0.22608695652173916 -0.03706689622856309
0.2521739130434783 -0.03795756346550197
0.27826086956521745 -0.03864752001709656
0.30434782608695654 -0.03915678902871184
0.3304347826086957 -0.039494305801163095
0.35652173913043483 -0.03966316640113461
0.3826086956521739 -0.039663782115820626
0.4086956521739131 -0.03949999256624239
0.4347826086956522 -0.03917415782148961
0.46086956521739136 -0.03868730016393199
0.4869565217391305 -0.03804657808376395
0.5130434782608697 -0.03725894632053043
0.5391304347826088 -0.03633724070566891
0.5652173913043479 -0.03529010782982574
0.5913043478260871 -0.0341350107011499
0.6173913043478262 -0.032871110571292564
0.6434782608695653 -0.03150245234809012
0.6695652173913045 -0.0300225122258423
0.6956521739130436 -0.028417894221015656
0.7217391304347827 -0.026683868675056604
0.7478260869565219 -0.024808746146558258
0.7739130434782611 -0.022797421736294433
0.8 -0.020655391597751628
0.8 -0.020655391597751628
0.805625 -0.020176765444009634
0.81125 -0.019692006891732436
0.816875 -0.019201342745961164
0.8225 -0.018705033761534207
0.828125 -0.0182033336544347
0.83375 -0.017696278182448726
0.839375 -0.017183648529224705
0.845 -0.016665211460964283
0.8506250000000001 -0.01614074538763231
0.8562500000000001 -0.01561015955210432
0.8618750000000001 -0.015073445505084377
0.8675 -0.014530596077717367
0.873125 -0.01398157710168057
0.87875 -0.013426217068818285
0.884375 -0.012864300910311866
0.89 -0.012295613727223792
0.895625 -0.011719996096764954
0.90125 -0.011137421164460945
0.906875 -0.01054788146032029
0.9125 -0.00995137067036066
0.918125 -0.009347916729732246
0.92375 -0.00873758671163534
0.9293750000000001 -0.008120449828523486
0.935 -0.00749661935825791
0.940625 -0.006866580234063649
0.94625 -0.006231003831885236
0.951875 -0.005590562839165594
0.9575 -0.004945905297377248
0.963125 -0.004297621030571146
0.96875 -0.0036462914595654632
0.974375 -0.0029925062594347855
0.98 -0.0023368995453412833
0.98 -0.0023368995453412833
0.985 -0.0017531334703786473
0.99 -0.0011688585012716913
0.995 -0.0005843839307222291
1.0 0.0
