1.0 0.002886
0.995 0.0029022992980790867
0.99 0.0031380999301963575
0.985 0.0035407713812263524
0.98 0.004069604448313379
0.98 0.004069604448313379
0.974375 0.004771157805037199
0.96875 0.005549683846397023
0.963125 0.006371240172183444
0.9575 0.007213076515158807
0.951875 0.008059311238669317
0.94625 0.008894951239658642
0.940625 0.009711987976395624
0.935 0.01050606000220143
0.9293750000000001 0.011272853434158672
0.92375 0.012010555713285444
0.918125 0.012722560870532165
0.9125 0.013412912854433032
0.906875 0.014085656437372215
0.90125 0.014745170821981714
0.895625 0.01539668139608903
0.89 0.016045545344302376
0.884375 0.016697119851229954
0.87875 0.017356630840210264
0.873125 0.018027187289473362
0.8675 0.018710186634554826
0.8618750000000001 0.019406977280517858
0.8562500000000001 0.02011890763242568
0.8506250000000001 0.020847209883100418
0.845 0.021590949144695677
0.839375 0.02234727198786625
0.83375 0.023113258710201787
0.828125 0.02388598960929196
0.8225 0.024662545176466027
0.816875 0.025440231585109135
0.81125 0.026217016075194843
0.805625 0.026990986296210488
0.8 0.02776022989764345
0.8 0.02776022989764345
0.7739130434782611 0.031217872447847683
0.7478260869565219 0.0344513357911597
0.7217391304347827 0.037456725704740505
0.6956521739130436 0.040264091442135504
0.6695652173913045 0.04291980078164023
0.6434782608695653 0.045462963470266245
0.6173913043478262 0.04791440486034764
0.5913043478260871 0.050269511927590174
0.5652173913043479 0.05250569348300338
0.5391304347826088 0.054592546555513335
0.5130434782608697 0.05650480029430649
0.4869565217391305 0.05822889241171106
0.46086956521739136 0.05976088929194865
0.4347826086956522 0.061100175292206224
0.4086956521739131 0.0622211731217877
0.3826086956521739 0.06307454172615184
0.35652173913043483 0.06359442543592495
0.3304347826086957 0.0637246128294545
0.30434782608695654 0.06342507009163015
0.27826086956521745 0.0626719273098031
0.2521739130434783 0.0614505511822953
0.22608695652173916 0.05975522226443475
0.2 0.05758129449881208
0.2 0.05758129449881208
0.19437500000000002 0.05704852035824581
0.18875 0.05649206404823706
0.183125 0.05591134602974471
0.17750000000000002 0.05530578676372757
0.171875 0.0546747794557192
0.16625 0.054017242486770714
0.16062500000000002 0.05333169109884767
0.155 0.05261662773606186
0.149375 0.05187055484252505
0.14375000000000002 0.05109195371483114
0.138125 0.05027878404677575
0.1325 0.04942846358438975
0.12687500000000002 0.048538384855325085
0.12125000000000001 0.04760594038723365
0.11562500000000002 0.04662846199696179
0.11000000000000001 0.045602796548490726
0.10437500000000001 0.04452555850106234
0.09875000000000002 0.04339336085367627
0.09312500000000001 0.042202832412623174
0.08750000000000001 0.04095102567291873
0.081875 0.039635453182514345
0.07625000000000001 0.03825365058495633
0.07062500000000001 0.0368030788357079
0.065 0.03528004102524305
0.05937500000000001 0.0336799278402093
0.053750000000000006 0.03199810690053262
0.048125 0.03023051835336152
0.0425 0.028374511131568372
0.036875000000000005 0.026427500079481688
0.03125 0.02436231294698049
0.025625000000000002 0.022099834939771044
0.02 0.01956333095687852
0.02 0.01956333095687852
0.015 0.01707463988736147
0.01 0.014303956934806341
0.005 0.01023092710873839
0.0 0.003232448767106178
0.0 0.000533
0.005 -0.009774462169465458
0.01 -0.012962084827112993
0.015 -0.01698467723537183
0.02 -0.019723357360511097
0.02 -0.019723357360511097
0.025625000000000002 -0.022076256389903754
0.03125 -0.02444146412275504
0.036875000000000005 -0.026768085427018577
0.0425 -0.028914108409461584
0.048125 -0.030870705761546706
0.053750000000000006 -0.03269209333165696
0.05937500000000001 -0.03442728052828368
0.065 -0.03608831572913678
0.07062500000000001 -0.03767222643548178
0.07625000000000001 -0.03917610217755471
0.081875 -0.04060092344499206
0.08750000000000001 -0.04195260845953258
0.09312500000000001 -0.043237393951332546
0.09875000000000002 -0.044461426307455386
0.10437500000000001 -0.04562905232481511
0.11000000000000001 -0.04674296145614442
0.11562500000000002 -0.04780578132075894
0.12125000000000001 -0.048820138936616075
0.12687500000000002 -0.049788565612556665
0.1325 -0.05071339294372198
0.138125 -0.051596927523277915
0.14375000000000002 -0.052441475944390394
0.149375 -0.05324932194988953
0.155 -0.05402225822453954
0.16062500000000002 -0.054761604829582686
0.16625 -0.05546866266452664
0.171875 -0.05614473262887898
0.17750000000000002 -0.056791107132948604
0.183125 -0.05740881117284322
0.18875 -0.057998554779403785
0.19437500000000002 -0.058561029904133276
0.2 -0.05909692849853465
0.2 -0.05909692849853465
0.22608695652173916 -0.06125008976880668
0.2521739130434783 -0.06287007810006419
0.27826086956521745 -0.06397427784111578
0.30434782608695654 -0.06459546024754745
0.3304347826086957 -0.06478827123148923
0.35652173913043483 -0.0646207972860346
0.3826086956521739 -0.06416460560176762
0.4086956521739131 -0.06348427138717666
0.4347826086956522 -0.0626235474026351
0.46086956521739136 -0.06159848176297537
0.4869565217391305 -0.060403985502586716
0.5130434782608697 -0.059021732256602136
0.5391304347826088 -0.05743302675030685
0.5652173913043479 -0.05562523752460785
0.5913043478260871 -0.05359659947071271
0.6173913043478262 -0.051357597465505306
0.6434782608695653 -0.04892813531800834
0.6695652173913045 -0.04633557157483255
0.6956521739130436 -0.04361055241217112
0.7217391304347827 -0.04078534553973258
0.7478260869565219 -0.0378915444645373
0.7739130434782611 -0.034953510093313496
0.8 -0.03196930061890292
0.8 -0.03196930061890292
0.805625 -0.031316806747646996
0.81125 -0.030659554008120968
0.816875 -0.02999674633992283
0.8225 -0.02932758768265062
0.828125 -0.028651463020516594
0.83375 -0.02796875130026724
0.839375 -0.027280170798320402
0.845 -0.026586440082395735
0.8506250000000001 -0.025888277720212932
0.8562500000000001 -0.025186426692236745
0.8618750000000001 -0.024482336704423138
0.8675 -0.023778255741603492
0.873125 -0.02307647459724959
0.87875 -0.022379284064833208
0.884375 -0.021688979981411227
0.89 -0.021008034244168056
0.895625 -0.020339136512676898
0.90125 -0.01968498994887697
0.906875 -0.01904829771470749
0.9125 -0.018431424298040153
0.918125 -0.017834559771100916
0.92375 -0.017257034831161925
0.9293750000000001 -0.0166981780584738
0.935 -0.01615625289837504
0.940625 -0.015620989836258498
0.94625 -0.015078019995510488
0.951875 -0.014512887138845269
0.9575 -0.013904074990826543
0.963125 -0.01321654657839072
0.96875 -0.01241358917552885
0.974375 -0.0114482451079774
0.98 -0.01025686300660097
0.98 -0.01025686300660097
0.985 -0.008951743050906532
0.99 -0.00734515729177903
0.995 -0.005361210633289429
1.0 -0.0029087586491191096
