1.0 0.0
0.995 0.0013614331801455228
0.99 0.002715575458659077
0.985 0.004061808070366445
0.98 0.005399512250093412
0.98 0.005399512250093412
0.974375 0.006893464875781229
0.96875 0.008374959564812413
0.963125 0.009843115301929148
0.9575 0.01129705107187361
0.951875 0.012735885859387987
0.94625 0.014158738649214452
0.940625 0.015564728426095187
0.935 0.016952974174772373
0.9293750000000001 0.018322594879988194
0.92375 0.01967270952648486
0.918125 0.021002437099004484
0.9125 0.022310896582289283
0.906875 0.02359720696108145
0.90125 0.024860487220123142
0.895625 0.026099970576416654
0.89 0.027315960974894082
0.884375 0.028509347863217904
0.87875 0.029681026647062205
0.873125 0.030831892732101074
0.8675 0.031962841524008585
0.8618750000000001 0.0330747684284588
0.8562500000000001 0.034168568851125826
0.8506250000000001 0.035245138197683726
0.845 0.03630537187380661
0.839375 0.037350165285168505
0.83375 0.038380413837443526
0.828125 0.03939701293630574
0.8225 0.04040085798742925
0.816875 0.0413928443964881
0.81125 0.04237386756915638
0.805625 0.043344822911108194
0.8 0.0443066058280176
0.8 0.0443066058280176
0.7739130434782611 0.04865666867013141
0.7478260869565219 0.052816013255955696
0.7217391304347827 0.05676999123623803
0.6956521739130436 0.06050395582045273
0.6695652173913045 0.0640041343545233
0.6434782608695653 0.06725905778259327
0.6173913043478262 0.07025763205655636
0.5913043478260871 0.07298913546801326
0.5652173913043479 0.0754709561331088
0.5391304347826088 0.07776773999262633
0.5130434782608697 0.07994866197727662
0.4869565217391305 0.08208029203943253
0.46086956521739136 0.08415847335378422
0.4347826086956522 0.08610173670951819
0.4086956521739131 0.08782468752234311
0.3826086956521739 0.08924486958962399
0.35652173913043483 0.09031904208256292
0.3304347826086957 0.09103189286830933
0.30434782608695654 0.09136870902358336
0.27826086956521745 0.09129322692762792
0.2521739130434783 0.09060712765893718
0.22608695652173916 0.08903835548965762
0.2 0.08631448257116212
0.2 0.08631448257116212
0.19437500000000002 0.08555003780631434
0.18875 0.08472211070417003
0.183125 0.08383472083530047
0.17750000000000002 0.08289189319468379
0.171875 0.08189765277729831
0.16625 0.0808560245781222
0.16062500000000002 0.07977103359213378
0.155 0.0786467048143112
0.149375 0.07748706323963275
0.14375000000000002 0.07629466452622381
0.138125 0.07506543690449076
0.1325 0.07379344089743425
0.12687500000000002 0.07247273692176599
0.12125000000000001 0.0710973853941977
0.11562500000000002 0.06966144673144116
0.11000000000000001 0.06815898135020809
0.10437500000000001 0.06658404966721022
0.09875000000000002 0.06493070923304946
0.09312500000000001 0.06318854006493424
0.08750000000000001 0.061333590659360115
0.081875 0.05933936328189509
0.07625000000000001 0.05717936019810712
0.07062500000000001 0.05482953364707628
0.065 0.05229422513157385
0.05937500000000001 0.04959604836969085
0.053750000000000006 0.046757919670781606
0.048125 0.04380246680576891
0.0425 0.04071605991683405
0.036875000000000005 0.03741391646939353
0.03125 0.03380297542384646
0.025625000000000002 0.02979017574059191
0.02 0.025282456380028972
0.02 0.025282456380028972
0.015 0.02078487481510581
0.01 0.01575735615112171
0.005 0.01013454064558605
0.0 0.0038510685560081926
0.0 0.0
0.005 -0.006775211867989847
0.01 -0.011081105439727143
0.015 -0.013510417363882522
0.02 -0.014655884289126613
0.02 -0.014655884289126613
0.025625000000000002 -0.0151478870495563
0.03125 -0.015433771834137234
0.036875000000000005 -0.015634314528110392
0.0425 -0.015763511830909856
0.048125 -0.01583536044196971
0.053750000000000006 -0.015864287043993903
0.05937500000000001 -0.01587030765411376
0.065 -0.015877346226806227
0.07062500000000001 -0.01590940686265218
0.07625000000000001 -0.01599042580587039
0.081875 -0.016128373357413277
0.08750000000000001 -0.016294788393216048
0.09312500000000001 -0.016456152462990287
0.09875000000000002 -0.01657894711644755
0.10437500000000001 -0.01663255326634667
0.11000000000000001 -0.016611945656832636
0.11562500000000002 -0.016525430712671665
0.12125000000000001 -0.016381429704350393
0.12687500000000002 -0.01618836390235545
0.1325 -0.015954654577173474
0.138125 -0.015688722999291096
0.14375000000000002 -0.015398990439194954
0.149375 -0.015093878167371675
0.155 -0.014780863577015376
0.16062500000000002 -0.014461626610202208
0.16625 -0.01413564748621213
0.171875 -0.013802402215357987
0.17750000000000002 -0.013461366807952619
0.183125 -0.013112017274308883
0.18875 -0.012753829624739617
0.19437500000000002 -0.012386279869557669
0.2 -0.012008844019075884
0.2 -0.012008844019075884
0.22608695652173916 -0.0101461660704037
0.2521739130434783 -0.008202127858639158
0.27826086956521745 -0.006320245773977995
0.30434782608695654 -0.0046439585464613
0.3304347826086957 -0.003289571859290587
0.35652173913043483 -0.002306515680473031
0.3826086956521739 -0.0017340996633523021
0.4086956521739131 -0.0016109172173162033
0.4347826086956522 -0.0019323489362087407
0.46086956521739136 -0.002626658237169572
0.4869565217391305 -0.0036163189381923887
0.5130434782608697 -0.004821983816430561
0.5391304347826088 -0.006122042332110713
0.5652173913043479 -0.007352408782549719
0.5913043478260871 -0.00834713405469546
0.6173913043478262 -0.008954377997210007
0.6434782608695653 -0.00918838778556893
0.6695652173913045 -0.009171555198543692
0.6956521739130436 -0.009028119498258054
0.7217391304347827 -0.008869387321706421
0.7478260869565219 -0.008719645241647714
0.7739130434782611 -0.008567291836637046
0.8 -0.00840061337723609
0.8 -0.00840061337723609
0.805625 -0.008361472567963745
0.81125 -0.008319829245177426
0.816875 -0.008274372451476547
0.8225 -0.008223791228645755
0.828125 -0.008166774618469694
0.83375 -0.008102011662733005
0.839375 -0.008028191403220327
0.845 -0.007944002881716303
0.8506250000000001 -0.007848135140005576
0.8562500000000001 -0.007739277219872794
0.8618750000000001 -0.0076161181631025894
0.8675 -0.007477347011479613
0.873125 -0.007321652806788501
0.87875 -0.007147724590813897
0.884375 -0.0069542514053404485
0.89 -0.006739922292152792
0.895625 -0.00650342629303557
0.90125 -0.006243458272386529
0.906875 -0.005959806555022239
0.9125 -0.005654633293778259
0.918125 -0.005330411875614058
0.92375 -0.0049896156874891014
0.9293750000000001 -0.004634718116362853
0.935 -0.004268192549194795
0.940625 -0.0038925123729443905
0.94625 -0.003510150974571106
0.951875 -0.003123581741034414
0.9575 -0.00273527805929378
0.963125 -0.002347713316308674
0.96875 -0.0019633608990385657
0.974375 -0.0015846941944429231
0.98 -0.001214186589481215
0.98 -0.001214186589481215
0.985 -0.0008936956297311843
0.99 -0.0005833427857576263
0.995 -0.00028486519627555893
1.0 0.0
