1.0 0.0
0.995 0.0010627399415100935
0.99 0.0021264235002683906
0.985 0.003190833989568753
0.98 0.00425575472270504
0.98 0.00425575472270504
0.974375 0.0054541306479763746
0.96875 0.00665256958186358
0.963125 0.007850762999740146
0.9575 0.009048402376979554
0.951875 0.010245179188955292
0.94625 0.011440784911040842
0.940625 0.012634911018609698
0.935 0.013827248987035337
0.9293750000000001 0.015017490291691252
0.92375 0.016205326407950946
0.918125 0.017390448811187866
0.9125 0.018572548976775512
0.906875 0.019751318380087368
0.90125 0.020926448496496934
0.895625 0.02209765004984485
0.89 0.023264822035399427
0.884375 0.024427969942030458
0.87875 0.025587100467697195
0.873125 0.02674222031035895
0.8675 0.02789333616797498
0.8618750000000001 0.02904045473850456
0.8562500000000001 0.03018358271990697
0.8506250000000001 0.03132272681014148
0.845 0.0324578937071674
0.839375 0.03358909010894395
0.83375 0.034716322713430434
0.828125 0.035839598218586136
0.8225 0.03695892332237033
0.816875 0.03807430472274227
0.81125 0.03918574911766126
0.805625 0.040293263205086555
0.8 0.04139685368297745
0.8 0.04139685368297745
0.7739130434782611 0.046462872791995374
0.7478260869565219 0.05143909992968053
0.7217391304347827 0.056319822100969696
0.6956521739130436 0.061099325732928776
0.6695652173913045 0.06577152253428657
0.6434782608695653 0.07032930003358209
0.6173913043478262 0.07476537237404071
0.5913043478260871 0.07907240792316454
0.5652173913043479 0.08323905034142526
0.5391304347826088 0.0872468319225665
0.5130434782608697 0.09107655842390419
0.4869565217391305 0.0947094407596326
0.46086956521739136 0.0981391555353805
0.4347826086956522 0.10137389358131176
0.4086956521739131 0.1044226635665424
0.3826086956521739 0.10728938804960503
0.35652173913043483 0.10990210689258975
0.3304347826086957 0.11213055792166333
0.30434782608695654 0.1138429857224643
0.27826086956521745 0.11490048861801765
0.2521739130434783 0.1151044014320793
0.22608695652173916 0.11422628982337446
0.2 0.11203750182730084
0.2 0.11203750182730084
0.19437500000000002 0.11137167353360017
0.18875 0.11063248166950321
0.183125 0.1098183606218296
0.17750000000000002 0.10892774890315868
0.171875 0.10795908502606973
0.16625 0.10691080750314205
0.16062500000000002 0.10578135484695493
0.155 0.10456916557008772
0.149375 0.1032726781851197
0.14375000000000002 0.10189019357770458
0.138125 0.10041903516531905
0.1325 0.09885610332070031
0.12687500000000002 0.09719829672337017
0.12125000000000001 0.09544251405285054
0.11562500000000002 0.09358565398866325
0.11000000000000001 0.09162461521033016
0.10437500000000001 0.08955629639737313
0.09875000000000002 0.08737759622931406
0.09312500000000001 0.0850802821709818
0.08750000000000001 0.08263364785815298
0.081875 0.08000083583232086
0.07625000000000001 0.07714498847967458
0.07062500000000001 0.07403008942234167
0.065 0.07063511077973034
0.05937500000000001 0.06695192916881726
0.053750000000000006 0.06297284271205762
0.048125 0.058690154491405744
0.0425 0.0540980108313637
0.036875000000000005 0.049195151409817034
0.03125 0.04398101949209885
0.025625000000000002 0.038455058343542244
0.02 0.03261671122948032
0.02 0.03261671122948032
0.015 0.02716436933222598
0.01 0.021464373054383635
0.005 0.015516331383402603
0.0 0.009319853306732132
0.0 0.0
0.005 -0.007043039824890798
0.01 -0.01177975066564673
0.015 -0.014777513486556423
0.02 -0.01660370925190848
0.02 -0.01660370925190848
0.025625000000000002 -0.017964216856615922
0.03125 -0.01920085257722848
0.036875000000000005 -0.020395402259397614
0.0425 -0.021512800390679068
0.048125 -0.022517981458628628
0.053750000000000006 -0.023378349118584253
0.05937500000000001 -0.024098123341236594
0.065 -0.024709799155226662
0.07062500000000001 -0.02524659510752311
0.07625000000000001 -0.02574171032267172
0.081875 -0.026219285577517844
0.08750000000000001 -0.026680010899190337
0.09312500000000001 -0.02712083146019292
0.09875000000000002 -0.027538692433029324
0.10437500000000001 -0.02793072209166202
0.11000000000000001 -0.02829595374632773
0.11562500000000002 -0.02863455133226201
0.12125000000000001 -0.028946693661845033
0.12687500000000002 -0.02923255954745698
0.1325 -0.029492327801478042
0.138125 -0.029726177236288398
0.14375000000000002 -0.029934286664268214
0.149375 -0.030116834897797692
0.155 -0.030274217581454488
0.16062500000000002 -0.030408423769189202
0.16625 -0.030522153134127268
0.171875 -0.03061810862595884
0.17750000000000002 -0.03069899319437406
0.183125 -0.030767509789063098
0.18875 -0.03082636135971608
0.19437500000000002 -0.03087825085602318
0.2 -0.030925881227674524
0.2 -0.030925881227674524
0.22608695652173916 -0.031121104057807023
0.2521739130434783 -0.03125201692927757
0.27826086956521745 -0.031281909751159354
0.30434782608695654 -0.031174116371879862
0.3304347826086957 -0.030912793932687126
0.35652173913043483 -0.030536075974620134
0.3826086956521739 -0.03009072732464195
0.4086956521739131 -0.029623098080410446
0.4347826086956522 -0.02915092624174724
0.46086956521739136 -0.02864531303743557
0.4869565217391305 -0.028073068059090694
0.5130434782608697 -0.027401835418706017
0.5391304347826088 -0.026620102126712633
0.5652173913043479 -0.02573815753031097
0.5913043478260871 -0.024767317506585316
0.6173913043478262 -0.023718305441089403
0.6434782608695653 -0.022594559147546954
0.6695652173913045 -0.021394619984793885
0.6956521739130436 -0.02011693842429916
0.7217391304347827 -0.018759735588864918
0.7478260869565219 -0.017319647701056932
0.7739130434782611 -0.01579264154265316
0.8 -0.014174681521683061
0.8 -0.014174681521683061
0.805625 -0.013813544385501012
0.81125 -0.013448253535555493
0.816875 -0.013079084629711026
0.8225 -0.01270631332943391
0.828125 -0.012330215296190439
0.83375 -0.011951066191446907
0.839375 -0.011569141676669606
0.845 -0.011184717413324845
0.8506250000000001 -0.0107980690628789
0.8562500000000001 -0.010409472286798086
0.8618750000000001 -0.01001920274654869
0.8675 -0.00962753610359701
0.873125 -0.00923474801940934
0.87875 -0.008841114155451973
0.884375 -0.00844691017319121
0.89 -0.008052411734093342
0.895625 -0.007657894499624668
0.90125 -0.007263633250704444
0.906875 -0.0068697004118818995
0.9125 -0.006475708969102105
0.918125 -0.006081208491419967
0.92375 -0.005685748547890394
0.9293750000000001 -0.005288878707568286
0.935 -0.004890148539508563
0.940625 -0.004489107612766126
0.94625 -0.00408530549639588
0.951875 -0.0036782917594527344
0.9575 -0.0032676159709915946
0.963125 -0.002852827700067368
0.96875 -0.0024334765157349608
0.974375 -0.002009111987049281
0.98 -0.0015792836830652345
0.98 -0.0015792836830652345
0.985 -0.001192263072043875
0.99 -0.0008002531558920352
0.995 -0.0004029375825604864
1.0 0.0
