1.0 0.0015
0.995 0.0017315
0.99 0.0021627
0.985 0.0026312206932019517
0.98 0.003124
0.98 0.003124
0.974375 0.003729508062703473
0.96875 0.004382545244071946
0.963125 0.005076723606072
0.9575 0.005821379465124567
0.951875 0.006627081025339199
0.94625 0.007490967042401685
0.940625 0.008398560158187423
0.935 0.009335
0.9293750000000001 0.010287206043846007
0.92375 0.01124921716054404
0.918125 0.012216852069615628
0.9125 0.013185929490582362
0.906875 0.01415243911899168
0.90125 0.015115440012007412
0.895625 0.016076646142523063
0.89 0.017037859023157402
0.884375 0.018000880166529183
0.87875 0.018967505505511042
0.873125 0.01993862496169992
0.8675 0.020913228553139974
0.8618750000000001 0.0218900670662606
0.8562500000000001 0.022867891287491206
0.8506250000000001 0.023845452003261196
0.845 0.0248215
0.839375 0.025794699850385114
0.83375 0.026763371272086667
0.828125 0.027725747769022903
0.8225 0.028680062845112077
0.816875 0.029624550004272415
0.81125 0.030557442750422197
0.805625 0.03147727231499598
0.8 0.032384934389354046
0.8 0.032384934389354046
0.7739130434782611 0.036493948779841266
0.7478260869565219 0.04056078601666734
0.7217391304347827 0.04459377827918304
0.6956521739130436 0.04850478973271598
0.6695652173913045 0.052170071355097596
0.6434782608695653 0.05558144940524429
0.6173913043478262 0.058741326825086454
0.5913043478260871 0.061564290532393366
0.5652173913043479 0.06403293069237916
0.5391304347826088 0.06624850888453827
0.5130434782608697 0.06822871082627469
0.4869565217391305 0.06988009460313738
0.46086956521739136 0.07123452383503857
0.4347826086956522 0.07244593391100947
0.4086956521739131 0.0735054017722072
0.3826086956521739 0.07427978421197208
0.35652173913043483 0.07476460234042069
0.3304347826086957 0.07503430074600752
0.30434782608695654 0.07510761672375396
0.27826086956521745 0.07497529687513987
0.2521739130434783 0.07463732641751931
0.22608695652173916 0.07408007102430517
0.2 0.07320000000000002
0.2 0.07320000000000002
0.19437500000000002 0.07295493497675269
0.18875 0.07268628796287419
0.183125 0.07239163921218958
0.17750000000000002 0.07206856897852403
0.171875 0.07171465751570265
0.16625 0.07132748507755059
0.16062500000000002 0.070904631917893
0.155 0.07044367829055494
0.149375 0.06994220389177917
0.14375000000000002 0.06939723306573539
0.138125 0.06880419268300945
0.1325 0.0681582241319972
0.12687500000000002 0.06745446880109435
0.12125000000000001 0.06668806807869669
0.11562500000000002 0.06585416335319996
0.11000000000000001 0.06494783601987136
0.10437500000000001 0.06396357160533749
0.09875000000000002 0.06289551450586339
0.09312500000000001 0.061737805095347674
0.08750000000000001 0.06048458092154949
0.081875 0.059124795641835204
0.07625000000000001 0.05763148945238798
0.07062500000000001 0.05597465910634278
0.065 0.05412540415755107
0.05937500000000001 0.052069955970224846
0.053750000000000006 0.04980553151578702
0.048125 0.047335199310171286
0.0425 0.04468764832653458
0.036875000000000005 0.041873261538569254
0.03125 0.03873574291485675
0.025625000000000002 0.0351196328195613
0.02 0.03102555374254752
0.02 0.03102555374254752
0.015 0.026870814817148637
0.01 0.021937404563986247
0.005 0.015515788325451764
0.0 0.0015167616353700581
0.0 0.0
0.005 -0.007598324816507868
0.01 -0.010515693795744324
0.015 -0.01240605257354019
0.02 -0.01359434804115449
0.02 -0.01359434804115449
0.025625000000000002 -0.014705928687959217
0.03125 -0.015616721468279351
0.036875000000000005 -0.016402627561447728
0.0425 -0.017145134147217737
0.048125 -0.017856263488074467
0.053750000000000006 -0.018535693559123535
0.05937500000000001 -0.019177215095282685
0.065 -0.01977625908103547
0.07062500000000001 -0.020330308584572757
0.07625000000000001 -0.02083760873674262
0.081875 -0.02130367255733358
0.08750000000000001 -0.02173859187686164
0.09312500000000001 -0.022152526112322157
0.09875000000000002 -0.02255301151352359
0.10437500000000001 -0.02294041825924487
0.11000000000000001 -0.023313904015783444
0.11562500000000002 -0.02367262644943671
0.12125000000000001 -0.024015780120815813
0.12687500000000002 -0.02434345412864824
0.1325 -0.024656658418805235
0.138125 -0.024956445094663226
0.14375000000000002 -0.025243866259598624
0.149375 -0.02551997401698784
0.155 -0.02578575103265626
0.16062500000000002 -0.026041791420508047
0.16625 -0.02628855421671138
0.171875 -0.026526498321814227
0.17750000000000002 -0.026756082636364552
0.183125 -0.026977766060910322
0.18875 -0.027192007495999513
0.19437500000000002 -0.02739926584218008
0.2 -0.0276
0.2 -0.0276
0.22608695652173916 -0.02844887392283864
0.2521739130434783 -0.029152772271264175
0.27826086956521745 -0.029711868458699876
0.30434782608695654 -0.030172124548311877
0.3304347826086957 -0.030564933630157557
0.35652173913043483 -0.030864199289833045
0.3826086956521739 -0.031045898304686636
0.4086956521739131 -0.03110709400966811
0.4347826086956522 -0.03106159654443903
0.46086956521739136 -0.030944722645157297
0.4869565217391305 -0.030767636036531994
0.5130434782608697 -0.030509835603937874
0.5391304347826088 -0.030165942583507785
0.5652173913043479 -0.029746877387296738
0.5913043478260871 -0.02925072135967324
0.6173913043478262 -0.028664188089843043
0.6434782608695653 -0.027968542252092676
0.6695652173913045 -0.027145778776198337
0.6956521739130436 -0.02621290381571618
0.7217391304347827 -0.025179284465369177
0.7478260869565219 -0.024004974352088405
0.7739130434782611 -0.022702272795481183
0.8 -0.02129209112225366
0.8 -0.02129209112225366
0.805625 -0.02096943322002228
0.81125 -0.020638810238738883
0.816875 -0.020300111361713696
0.8225 -0.019954289252873274
0.828125 -0.01960243048724964
0.83375 -0.01924562163987486
0.839375 -0.018884949285780963
0.845 -0.0185215
0.8506250000000001 -0.018155479260888487
0.8562500000000001 -0.017783568160100863
0.8618750000000001 -0.017401566692616034
0.8675 -0.0170052748534129
0.873125 -0.016590492637470363
0.87875 -0.01615302003976734
0.884375 -0.015689274849138152
0.89 -0.015200581182295201
0.895625 -0.014690602847549129
0.90125 -0.014163018062396704
0.906875 -0.013621505044334702
0.9125 -0.01306974325678713
0.918125 -0.012511449949814821
0.92375 -0.01195038605880218
0.9293750000000001 -0.011390314952585223
0.935 -0.010835
0.940625 -0.010284110891907628
0.94625 -0.009720942607269668
0.951875 -0.009124696447072771
0.9575 -0.008474813697367271
0.963125 -0.007758013941212672
0.96875 -0.006969431237963488
0.974375 -0.006110084006951639
0.98 -0.005224
0.98 -0.005224
0.985 -0.004438497099371595
0.99 -0.0035626999999999994
0.995 -0.0025315000000000003
1.0 -0.0015
