1.0 0.005
0.995 0.005176232945429838
0.99 0.005258475947213922
0.985 0.005268547842113723
0.98 0.005228267466890712
0.98 0.005228267466890712
0.974375 0.005149932355546618
0.96875 0.005066550891040347
0.963125 0.0050091893468076675
0.9575 0.005008913996284346
0.951875 0.005096791112906152
0.94625 0.00530388697010885
0.940625 0.00566126784132821
0.935 0.006200000000000001
0.9293750000000001 0.0069386667058601425
0.92375 0.007845919163845203
0.918125 0.008877925565191843
0.9125 0.009990854101136782
0.906875 0.011141912230340046
0.90125 0.01230696434024511
0.895625 0.013478012562844772
0.89 0.014647591135052576
0.884375 0.015808234293782066
0.87875 0.016952496528282415
0.873125 0.018076220800800843
0.8675 0.01918214599386685
0.8618750000000001 0.0202738793089001
0.8562500000000001 0.02135502794732026
0.8506250000000001 0.022429199110547
0.845 0.0235
0.839375 0.024570169518960464
0.83375 0.025638973378155943
0.828125 0.026704808990175518
0.8225 0.02776607376760831
0.816875 0.0288211651230434
0.81125 0.029868480469069897
0.805625 0.0309067327514932
0.8 0.031937140783410874
0.8 0.031937140783410874
0.7739130434782611 0.03668323220757205
0.7478260869565219 0.041489573500390606
0.7217391304347827 0.046130209779563565
0.6956521739130436 0.0504728298249434
0.6695652173913045 0.05476542471555852
0.6434782608695653 0.05907861068274183
0.6173913043478262 0.06338459045931992
0.5913043478260871 0.06764821171920905
0.5652173913043479 0.07172388389362101
0.5391304347826088 0.07546786443897557
0.5130434782608697 0.0788822137769996
0.4869565217391305 0.08193542185022314
0.46086956521739136 0.08459406212716751
0.4347826086956522 0.08691239757076452
0.4086956521739131 0.08877861229822104
0.3826086956521739 0.0900430275470885
0.35652173913043483 0.0909162740222224
0.3304347826086957 0.09139689332195546
0.30434782608695654 0.09125484450783672
0.27826086956521745 0.09046704007761443
0.2521739130434783 0.08900638232154369
0.22608695652173916 0.08680740689696666
0.2 0.0838
0.2 0.0838
0.19437500000000002 0.08300648104053854
0.18875 0.08216661141266894
0.183125 0.0812939671393096
0.17750000000000002 0.0804018261179188
0.171875 0.0794944246597358
0.16625 0.07856554605205586
0.16062500000000002 0.0776083913058849
0.155 0.07661542657582528
0.149375 0.07557500597820509
0.14375000000000002 0.07447405410400464
0.138125 0.0732996924919281
0.1325 0.07205094566009015
0.12687500000000002 0.07074528774469209
0.12125000000000001 0.06940177994585647
0.11562500000000002 0.06803548769152706
0.11000000000000001 0.06662974322184802
0.10437500000000001 0.06515274610040263
0.09875000000000002 0.06357416167341128
0.09312500000000001 0.06188916582000701
0.08750000000000001 0.060113752849190204
0.081875 0.058263685307206325
0.07625000000000001 0.05633964334784913
0.07062500000000001 0.05432926125871401
0.065 0.05221961237696479
0.05937500000000001 0.049997049387580615
0.053750000000000006 0.047658852646466854
0.048125 0.04523346730269667
0.0425 0.04269506622631971
0.036875000000000005 0.0399281790597453
0.03125 0.03687016417339371
0.025625000000000002 0.033507447776003486
0.02 0.0298
0.02 0.0298
0.015 0.026122926184490053
0.01 0.021799999999999996
0.005 0.0165
0.0 0.009891704737960258
0.0 0.0
0.005 -0.00575
0.01 -0.0081
0.015 -0.009627728768482443
0.02 -0.0109
0.02 -0.0109
0.025625000000000002 -0.012099604831586865
0.03125 -0.013111417139044082
0.036875000000000005 -0.013992980001785183
0.0425 -0.014807540541587033
0.048125 -0.015593126116783136
0.053750000000000006 -0.016352905247134494
0.05937500000000001 -0.017033188008226962
0.065 -0.017577810583694873
0.07062500000000001 -0.018115315632643885
0.07625000000000001 -0.01877102221908621
0.081875 -0.01947567365939227
0.08750000000000001 -0.020127253698657633
0.09312500000000001 -0.020685140558698516
0.09875000000000002 -0.02117969092900823
0.10437500000000001 -0.021644703627136216
0.11000000000000001 -0.022096468863185333
0.11562500000000002 -0.022529822111749257
0.12125000000000001 -0.02293830311613388
0.12687500000000002 -0.02331795100623343
0.1325 -0.023670046119845644
0.138125 -0.023996528755969006
0.14375000000000002 -0.024299610048729724
0.149375 -0.02458464959061364
0.155 -0.024859038237564406
0.16062500000000002 -0.025130196346631863
0.16625 -0.025401208403216753
0.171875 -0.02566268673180147
0.17750000000000002 -0.025903014775056826
0.183125 -0.02611126074071331
0.18875 -0.026288785738852363
0.19437500000000002 -0.0264475839114018
0.2 -0.026599999999999995
0.2 -0.026599999999999995
0.22608695652173916 -0.02732936313762242
0.2521739130434783 -0.02794561321416283
0.27826086956521745 -0.028357602045210095
0.30434782608695654 -0.028661150121436132
0.3304347826086957 -0.028903291851820764
0.35652173913043483 -0.029023616962582533
0.3826086956521739 -0.028907724783772834
0.4086956521739131 -0.02852492429278431
0.4347826086956522 -0.027934450510775352
0.46086956521739136 -0.02714796761821981
0.4869565217391305 -0.026135658597719748
0.5130434782608697 -0.02487227955568545
0.5391304347826088 -0.02354123132757239
0.5652173913043479 -0.02224400310570524
0.5913043478260871 -0.020878308836102293
0.6173913043478262 -0.01952826746931608
0.6434782608695653 -0.01823555910321538
0.6695652173913045 -0.016849662065267924
0.6956521739130436 -0.015538191269532719
0.7217391304347827 -0.014295467334274314
0.7478260869565219 -0.012475718652024305
0.7739130434782611 -0.010482669582654775
0.8 -0.008982633967930823
0.8 -0.008982633967930823
0.805625 -0.008684880424140813
0.81125 -0.008381895212102449
0.816875 -0.008069493219068975
0.8225 -0.007748293578253599
0.828125 -0.007419520362797663
0.83375 -0.007084397645842521
0.839375 -0.006744149500529517
0.845 -0.006400000000000001
0.8506250000000001 -0.006053188384631154
0.8562500000000001 -0.005705014563743545
0.8618750000000001 -0.005356793613893558
0.8675 -0.005009840611637588
0.873125 -0.004665470633532028
0.87875 -0.0043249987561332715
0.884375 -0.003989073904966749
0.89 -0.003653054639935885
0.895625 -0.0033097766924040997
0.90125 -0.0029520602566845246
0.906875 -0.0025727255270902943
0.9125 -0.002165092213662584
0.918125 -0.0017376294018820627
0.92375 -0.0013163204474438345
0.9293750000000001 -0.0009281243226993299
0.935 -0.0005999999999999998
0.940625 -0.0003524237462080379
0.94625 -0.0001799410062287003
0.951875 -7.061451947800927e-05
0.9575 -1.2507025371985824e-05
0.963125 6.318736673348167e-06
0.96875 -2.1999727580286252e-06
0.974375 -2.61258930821377e-05
0.98 -5.352176371500064e-05
0.98 -5.352176371500064e-05
0.985 -7.113645258774121e-05
0.99 -7.367700135413547e-05
0.995 -5.2759490372212116e-05
1.0 0.0
